-3.024759769439697266e+00
2.978137254714965820e+00
-1.192079037427902222e-01
-5.534429550170898438e-01
-5.131910741329193115e-02
-5.124000906944274902e-01
-3.080378770828247070e-01
-9.887179732322692871e-01
-8.766999095678329468e-02
1.052643299102783203e+00
4.535794556140899658e-01
-7.199870347976684570e-01
-4.016138613224029541e-01
2.172131240367889404e-01
2.853175997734069824e-01
-6.631760001182556152e-01
-6.606227159500122070e-02
2.374893724918365479e-01
9.448057413101196289e-01
1.880708932876586914e-01
-1.096271425485610962e-01
-5.136504769325256348e-01
7.233665883541107178e-02
8.018918633460998535e-01
4.136030077934265137e-01
-2.616083920001983643e-01
3.575586974620819092e-01
8.079240918159484863e-01
-6.593053042888641357e-02
-2.188702344894409180e+00
2.660343647003173828e-01
1.695381045341491699e+00
-2.465047597885131836e+00
1.932081818580627441e+00
6.810196042060852051e-01
-1.135149002075195312e+00
2.409879446029663086e+00
-3.230695962905883789e+00
1.620546877384185791e-01
1.065738081932067871e+00
-1.957184433937072754e+00
2.581976890563964844e+00
-1.217365384101867676e+00
-7.504960298538208008e-01
3.518385410308837891e+00
-1.949368834495544434e+00
-4.547588527202606201e-01
-9.129424691200256348e-01
-7.910465002059936523e-01
-1.723407953977584839e-01
2.677130103111267090e-01
-1.379368901252746582e-01
8.858010172843933105e-01
9.181307554244995117e-01
-5.289910733699798584e-02
-9.632766842842102051e-01
-7.721111178398132324e-02
-3.940481543540954590e-01
-2.317354083061218262e-03
-1.701475232839584351e-01
4.738925993442535400e-01
1.160389423370361328e+00
-2.792795002460479736e-01
-2.071365356445312500e+00
8.119851946830749512e-01
-8.922573328018188477e-01
-4.181702136993408203e-01
-3.975619971752166748e-01
2.850081026554107666e-01
1.301141023635864258e+00
-5.184803903102874756e-02
-8.837134838104248047e-01
-2.602878808975219727e-01
4.260547161102294922e-01
1.493688225746154785e-01
-5.465215444564819336e-01
-5.148883461952209473e-01
7.265272140502929688e-01
-2.403689548373222351e-02
-1.438057422637939453e-02
-7.889757156372070312e-01
-2.327844649553298950e-01
2.238336950540542603e-01
-3.710396587848663330e-01
-4.746091663837432861e-01
5.233366787433624268e-02
2.449932396411895752e-01
-4.874590635299682617e-01
-1.160342216491699219e+00
-2.326873838901519775e-01
4.009339511394500732e-01
6.130006909370422363e-02
-3.276965320110321045e-01
2.908423244953155518e-01
7.747244834899902344e-01
-6.397666335105895996e-01
-1.576766729354858398e+00
-1.533078074455261230e+00
-7.665120363235473633e-01
-3.662291765213012695e-01
-2.064300328493118286e-01
-7.872557044029235840e-01
8.338567614555358887e-02
1.008894562721252441e+00
-1.573440432548522949e-01
-1.360578894615173340e+00
-1.393929481506347656e+00
-2.015070617198944092e-01
1.718856953084468842e-02
-9.432375431060791016e-02
1.025579869747161865e-01
7.142578959465026855e-01
9.094660282135009766e-01
-1.240107640624046326e-01
-1.117258906364440918e+00
-1.242572546005249023e+00
-4.050523638725280762e-01
-3.642696142196655273e-01
-1.058771967887878418e+00
-1.582049727439880371e-01
9.849142432212829590e-01
1.045134902000427246e+00
-1.950772255659103394e-01
-5.485304594039916992e-01
2.120697498321533203e-01
1.948631256818771362e-01
-6.248109340667724609e-01
-8.059250563383102417e-02
1.088497281074523926e+00
8.301886320114135742e-01
-7.743638753890991211e-01
-9.848670363426208496e-01
2.633942663669586182e-02
2.930227518081665039e-01
-2.593064904212951660e-01
-1.064870357513427734e+00
-6.325831264257431030e-02
9.121337532997131348e-01
6.045222282409667969e-01
5.621771514415740967e-02
-6.460965871810913086e-01
2.554094493389129639e-01
3.665102422237396240e-01
7.356603145599365234e-01
1.749307662248611450e-01
-1.546826213598251343e-01
5.800715684890747070e-01
7.519792318344116211e-01
-6.170138716697692871e-01
-1.763461470603942871e+00
-2.069344520568847656e-01
1.664054155349731445e+00
-1.568885326385498047e+00
-1.662375807762145996e+00
2.148339748382568359e+00
1.244228839874267578e+00
-1.012314081192016602e+00
-1.489084124565124512e+00
6.660006046295166016e-01
1.906281560659408569e-01
-4.316533505916595459e-01
3.639742359519004822e-02
2.209491968154907227e+00
-1.136259913444519043e+00
7.184664011001586914e-01
2.062226295471191406e+00
-4.096050262451171875e+00
-8.000065684318542480e-01
7.010186910629272461e-01
-1.627839446067810059e+00
-9.781765937805175781e-01
1.038659691810607910e+00
-9.453267604112625122e-02
9.140551090240478516e-01
1.114242196083068848e+00
-2.641115784645080566e-01
-9.129207134246826172e-01
-3.869932591915130615e-01
2.828124463558197021e-01
-1.546475291252136230e-01
-3.175951838493347168e-01
8.296893537044525146e-02
1.441340923309326172e+00
5.945538282394409180e-01
-2.111071586608886719e+00
-2.046699970960617065e-01
7.125940322875976562e-01
-5.600083470344543457e-01
-2.803791284561157227e+00
1.218748092651367188e+00
3.483771383762359619e-01
-1.093598961830139160e+00
1.462430715560913086e+00
-4.863163828849792480e-01
-1.335310220718383789e+00
6.315028071403503418e-01
5.906317234039306641e-01
-3.436373174190521240e-01
-7.270752191543579102e-01
5.827946588397026062e-02
5.354799032211303711e-01
-1.228217333555221558e-01
-7.772523760795593262e-01
-8.500580787658691406e-01
-2.857797741889953613e-01
3.855352997779846191e-01
4.172430559992790222e-02
-5.676956176757812500e-01
-1.408826559782028198e-01
2.280127108097076416e-01
4.070355370640754700e-02
-7.824637889862060547e-01
-6.816560029983520508e-01
3.791504204273223877e-01
3.800837695598602295e-01
-2.872151136398315430e-01
8.006937801837921143e-03
7.516621947288513184e-01
1.924441605806350708e-01
-1.421607971191406250e+00
-1.519253969192504883e+00
-1.407413840293884277e+00
-4.029668867588043213e-01
-1.979514956474304199e-01
-1.898842751979827881e-01
-8.192718029022216797e-01
-7.757173478603363037e-02
9.305244088172912598e-01
-7.874310016632080078e-03
-1.287622332572937012e+00
-4.345923364162445068e-01
2.013791799545288086e-01
1.594859212636947632e-01
2.326388210058212280e-01
3.244905769824981689e-01
1.042321205139160156e+00
1.001367330551147461e+00
1.233104348182678223e+00
3.604403734207153320e-01
-4.476058185100555420e-01
-8.858029842376708984e-01
-1.219169139862060547e+00
-1.124967575073242188e+00
-1.191639542579650879e+00
-5.292267203330993652e-01
-4.093708693981170654e-01
-3.658015727996826172e-01
-5.125967860221862793e-01
-8.070388436317443848e-01
-4.283485710620880127e-01
-5.482646077871322632e-02
6.887616515159606934e-01
1.567306280136108398e+00
1.098665356636047363e+00
4.864725768566131592e-01
-2.947678975760936737e-02
-5.064300894737243652e-01
-1.980981528759002686e-01
-6.475881338119506836e-01
2.081183046102523804e-01
-3.442122042179107666e-02
3.203419446945190430e-01
-1.528710126876831055e-01
-5.325089097023010254e-01
-7.993403077125549316e-01
-3.361220359802246094e-01
-8.835375308990478516e-03
3.219757676124572754e-01
1.083809494972229004e+00
1.246942758560180664e+00
7.688758969306945801e-01
-4.166972637176513672e-02
-8.861976861953735352e-01
-1.257686376571655273e+00
-8.467372655868530273e-01
-2.054429054260253906e-01
1.896899193525314331e-01
4.012055993080139160e-01
2.990639507770538330e-01
-1.230140477418899536e-01
-4.489661455154418945e-01
-1.019279479980468750e+00
-6.895982623100280762e-01
-1.331027597188949585e-01
3.866454064846038818e-01
6.751414537429809570e-01
5.293531417846679688e-01
1.686457395553588867e-01
-5.850687250494956970e-02
-5.032517910003662109e-01
-2.158318459987640381e-01
2.540132105350494385e-01
7.712754011154174805e-01
1.132057189941406250e+00
8.638470172882080078e-01
1.990590542554855347e-01
7.692260202020406723e-03
-5.817643404006958008e-01
-2.402655631303787231e-01
5.956523418426513672e-01
9.668960571289062500e-01
8.049685359001159668e-01
1.943875849246978760e-02
-2.040716886520385742e+00
-3.162469625473022461e+00
-1.543364524841308594e+00
3.681907951831817627e-01
1.153842568397521973e+00
1.411532998085021973e+00
9.602882862091064453e-01
5.632953345775604248e-02
-1.687320351600646973e+00
-2.554730653762817383e+00
-8.149326443672180176e-01
2.166677236557006836e+00
2.635159730911254883e+00
6.030862033367156982e-02
-1.972454309463500977e+00
-2.211480379104614258e+00
9.272001683712005615e-02
1.541741013526916504e+00
-9.472665190696716309e-01
-1.908674478530883789e+00
3.708925247192382812e-01
3.064544200897216797e+00
-7.768694162368774414e-01
-2.117476224899291992e+00
7.111706137657165527e-01
3.234319210052490234e+00
1.593662142753601074e+00
-2.037475109100341797e+00
-1.587989211082458496e+00
-5.652436614036560059e-01
1.244697719812393188e-01
-1.305616736412048340e+00
-5.031701922416687012e-01
1.543989032506942749e-02
5.427854880690574646e-02
-1.583108305931091309e-02
-8.045766502618789673e-02
5.908725857734680176e-01
1.410920739173889160e+00
1.786643117666244507e-01
-1.214079037308692932e-01
-9.207208156585693359e-01
-6.119863390922546387e-01
-5.098287463188171387e-01
1.352481544017791748e-01
-4.067973047494888306e-02
-9.807071089744567871e-02
-2.230816483497619629e-01
1.149009242653846741e-01
9.624499082565307617e-01
1.458943367004394531e+00
6.787236928939819336e-01
-3.745239078998565674e-01
-1.596798181533813477e+00
-1.598433375358581543e+00
4.331325590610504150e-01
6.716071963310241699e-01
4.166157543659210205e-02
-3.903416872024536133e+00
2.036037147045135498e-01
8.014010787010192871e-01
1.962099522352218628e-01
-1.030870974063873291e-01
1.478157639503479004e+00
6.153389215469360352e-01
-2.807371377944946289e+00
-9.587106108665466309e-01
7.253765463829040527e-01
1.083267331123352051e+00
6.509396433830261230e-01
-3.406841158866882324e-01
-6.698078513145446777e-01
-3.393887877464294434e-01
2.856810092926025391e-01
5.592410564422607422e-01
1.476074308156967163e-01
-7.518174648284912109e-01
-7.703775167465209961e-01
-8.044297695159912109e-01
-5.081663131713867188e-01
-2.909244596958160400e-01
2.432616353034973145e-01
-1.167319267988204956e-01
-6.495895385742187500e-01
-5.641126036643981934e-01
5.786328762769699097e-02
3.619358241558074951e-01
1.479879021644592285e-01
-5.276629328727722168e-01
-1.151586055755615234e+00
-1.069132089614868164e+00
-5.984703302383422852e-01
5.039959549903869629e-01
4.173873662948608398e-01
4.950801134109497070e-01
1.631290614604949951e-01
-2.479698061943054199e-01
-7.340234518051147461e-02
4.417723715305328369e-01
9.061733484268188477e-01
2.972450852394104004e-02
-1.257011055946350098e+00
-1.600900292396545410e+00
-1.646412491798400879e+00
-1.502305626869201660e+00
-5.473545789718627930e-01
-4.156495034694671631e-01
-2.373140305280685425e-01
-3.600372970104217529e-01
-5.877287387847900391e-01
-4.026815891265869141e-01
1.899143755435943604e-01
1.047054767608642578e+00
8.189679980278015137e-01
-3.580586612224578857e-02
-1.023095607757568359e+00
-1.600549459457397461e+00
-1.017024040222167969e+00
-3.685252070426940918e-01
-1.942177414894104004e-01
1.074032485485076904e-02
-8.189751207828521729e-02
8.829231560230255127e-02
3.304116129875183105e-01
7.803760170936584473e-01
1.025524020195007324e+00
6.695420742034912109e-01
-1.706271767616271973e-01
-1.161839008331298828e+00
-1.537236809730529785e+00
-1.364679217338562012e+00
-7.009758353233337402e-01
-5.345529913902282715e-01
-6.787046194076538086e-01
-4.937815666198730469e-01
-6.293062567710876465e-01
-5.772021412849426270e-01
-1.757469177246093750e-01
2.950143218040466309e-01
1.133197903633117676e+00
1.309933185577392578e+00
6.904910206794738770e-01
-1.566915065050125122e-01
-6.494117975234985352e-01
-7.900684475898742676e-01
1.392880231142044067e-01
4.059269130229949951e-01
-3.667056560516357422e-02
-4.783131480216979980e-01
-5.274255275726318359e-01
-2.343996316194534302e-01
3.177220225334167480e-01
1.281343102455139160e+00
9.705201983451843262e-01
3.209025263786315918e-01
-1.190291762351989746e+00
-9.725097417831420898e-01
-6.054580807685852051e-01
3.522690832614898682e-01
2.908080816268920898e-01
-1.825245469808578491e-01
-8.076750636100769043e-01
-7.349536418914794922e-01
-3.289199769496917725e-01
3.870391845703125000e-01
6.996052861213684082e-01
4.311695396900177002e-01
1.167720928788185120e-01
-1.558128893375396729e-01
-7.182325124740600586e-01
-3.030369579792022705e-01
6.103003621101379395e-01
1.290968537330627441e+00
9.655016660690307617e-01
1.071762591600418091e-01
-6.890633106231689453e-01
-8.651067018508911133e-01
1.736672669649124146e-01
1.913416385650634766e+00
-1.019272565841674805e+00
-3.404170751571655273e+00
2.784501910209655762e-01
7.601252794265747070e-01
-1.174833327531814575e-01
-3.400271758437156677e-02
-1.190346956253051758e+00
-1.511885762214660645e+00
-4.063615500926971436e-01
2.462216854095458984e+00
2.070874929428100586e+00
-1.970284342765808105e+00
-2.128026008605957031e+00
3.492782413959503174e-01
7.449091076850891113e-01
-1.684835553169250488e+00
-9.192677736282348633e-01
2.898549795150756836e+00
9.440371394157409668e-01
-2.240077257156372070e+00
4.489333331584930420e-01
2.417398929595947266e+00
1.909687876701354980e+00
-8.562473654747009277e-01
-3.604486703872680664e+00
-4.778282642364501953e-01
4.804039597511291504e-01
-2.924908697605133057e-01
-8.106130957603454590e-01
-1.318952918052673340e+00
-9.617323279380798340e-01
3.950502276420593262e-01
1.839366197586059570e+00
5.938189029693603516e-01
-5.134861469268798828e-01
4.509841799736022949e-01
1.558846235275268555e+00
-3.102135658264160156e-01
-2.358927488327026367e+00
-1.668382763862609863e+00
4.182180166244506836e-01
1.839625597000122070e+00
-3.582127690315246582e-01
-1.800732374191284180e+00
-7.407708466053009033e-02
1.963039517402648926e+00
2.233267307281494141e+00
3.612636923789978027e-01
-1.742658019065856934e+00
-1.601140379905700684e+00
4.247510135173797607e-01
7.653698325157165527e-01
-2.554264366626739502e-01
-1.453202009201049805e+00
-1.502721428871154785e+00
1.255246996879577637e-01
-9.905333071947097778e-02
-6.470252275466918945e-01
-1.286408156156539917e-01
7.705875635147094727e-01
1.427234053611755371e+00
7.307692170143127441e-01
-3.033856153488159180e-01
-2.560338258743286133e+00
-4.415584206581115723e-01
1.283119082450866699e+00
1.119296312332153320e+00
-2.465928196907043457e-01
-7.210454940795898438e-01
-5.055139660835266113e-01
-7.549333572387695312e-02
5.536355972290039062e-01
2.547253072261810303e-01
-4.916528612375259399e-02
-5.496406555175781250e-01
-7.628181576728820801e-01
-8.546054363250732422e-01
-2.600916028022766113e-01
2.663290798664093018e-01
-3.595387935638427734e-02
-3.600507676601409912e-01
-7.467542886734008789e-01
-2.735472321510314941e-01
-6.539672613143920898e-04
1.580702066421508789e-01
-1.810291111469268799e-01
-7.979152202606201172e-01
-1.083138108253479004e+00
-7.716844677925109863e-01
6.317057460546493530e-02
3.789152801036834717e-01
4.288268685340881348e-01
8.733332902193069458e-02
-5.808976292610168457e-01
-1.520928442478179932e-01
3.284279704093933105e-01
8.343902826309204102e-01
2.440471947193145752e-01
-9.415413737297058105e-01
-1.762245416641235352e+00
-1.592119097709655762e+00
-1.549687981605529785e+00
-7.321631312370300293e-01
-5.966726541519165039e-01
-2.101519554853439331e-01
-1.842193007469177246e-01
-5.128826498985290527e-01
-4.508255422115325928e-01
-5.081056803464889526e-02
8.029099106788635254e-01
7.338988780975341797e-01
1.236014217138290405e-01
-1.015220999717712402e+00
-1.313357114791870117e+00
-1.333433628082275391e+00
-6.431823968887329102e-01
-2.655332982540130615e-01
-3.342632055282592773e-01
1.325524747371673584e-01
1.154489740729331970e-01
3.317360281944274902e-01
8.690881729125976562e-01
1.136055231094360352e+00
8.381702899932861328e-01
-3.933930397033691406e-01
-8.212347030639648438e-01
-1.178708791732788086e+00
-1.504881620407104492e+00
-3.086317479610443115e-01
-2.179298102855682373e-01
-5.644176006317138672e-01
-3.971081674098968506e-01
-5.088384151458740234e-01
-2.479664981365203857e-01
5.645521879196166992e-01
1.421897768974304199e+00
8.513054251670837402e-01
1.723101586103439331e-01
-5.424761772155761719e-01
-6.983360052108764648e-01
-3.977172076702117920e-01
5.413631796836853027e-01
2.184485048055648804e-01
3.560954034328460693e-01
-4.554373025894165039e-01
-8.674658536911010742e-01
-6.936973333358764648e-02
1.907738298177719116e-01
9.590680599212646484e-01
1.105019211769104004e+00
2.191694229841232300e-01
-4.740943014621734619e-01
-1.063039183616638184e+00
-8.983486890792846680e-01
1.821878552436828613e-02
1.060609966516494751e-01
3.528327941894531250e-01
-1.286351382732391357e-01
-1.175588726997375488e+00
-7.312100529670715332e-01
1.154802739620208740e-02
6.344193816184997559e-01
8.239791989326477051e-01
1.568649113178253174e-01
-2.888374030590057373e-01
-8.692730665206909180e-01
-1.097180008888244629e+00
7.039654850959777832e-01
1.229515314102172852e+00
1.288475155830383301e+00
4.211672246456146240e-01
-1.548102498054504395e-01
-8.779750466346740723e-01
-6.297971010208129883e-01
9.642822742462158203e-01
1.889662504196166992e+00
-1.993904411792755127e-01
-3.521536350250244141e+00
-6.436776518821716309e-01
1.484455943107604980e+00
1.034462451934814453e+00
-1.353802233934402466e-01
-1.030879139900207520e+00
-1.749811649322509766e+00
-4.101638495922088623e-01
2.339272022247314453e+00
1.889956712722778320e+00
-8.431234955787658691e-01
-1.943195343017578125e+00
6.578832268714904785e-01
1.465638637542724609e+00
-1.704701066017150879e+00
-3.331594467163085938e+00
1.208765983581542969e+00
2.216839551925659180e+00
-1.447058171033859253e-01
-1.813651919364929199e+00
2.474525570869445801e-02
2.886966943740844727e+00
8.696144819259643555e-01
-1.742013931274414062e+00
-5.378983616828918457e-01
-4.396500438451766968e-02
-2.073978781700134277e-01
-1.590258598327636719e+00
-2.296339273452758789e+00
-3.846704661846160889e-01
1.880918979644775391e+00
2.690506577491760254e-01
-2.285093307495117188e+00
1.663237065076828003e-01
2.061675548553466797e+00
2.096949100494384766e+00
-2.685813307762145996e-01
-2.579827070236206055e+00
-1.268470525741577148e+00
1.092940449714660645e+00
7.031576633453369141e-01
-1.994828879833221436e-02
-1.512124300003051758e+00
-8.463767170906066895e-01
-8.310843259096145630e-05
5.703547596931457520e-01
5.329257249832153320e-01
2.602569162845611572e-01
5.780854821205139160e-01
1.769253969192504883e+00
1.019754335284233093e-01
-2.537204980850219727e+00
-3.042612314224243164e+00
8.981638550758361816e-01
9.083923101425170898e-01
-1.399508267641067505e-01
-1.155667304992675781e+00
-2.229953765869140625e+00
-6.550174951553344727e-01
2.163616418838500977e+00
9.567533135414123535e-01
-1.034858465194702148e+00
-3.818581998348236084e-02
1.934317708015441895e+00
9.891772270202636719e-02
-3.030852317810058594e+00
2.209182530641555786e-01
1.762550830841064453e+00
9.324575662612915039e-01
-3.355957269668579102e-01
-8.706248998641967773e-01
-5.515415668487548828e-01
4.094873741269111633e-02
3.459688723087310791e-01
5.442038774490356445e-01
4.034177958965301514e-02
-8.743570446968078613e-01
-6.949636340141296387e-01
-8.028314113616943359e-01
-6.517624855041503906e-01
2.123986184597015381e-02
-2.069836705923080444e-01
2.929300963878631592e-01
-6.386895477771759033e-02
-4.913612008094787598e-01
-7.305453419685363770e-01
-2.491001635789871216e-01
1.644721329212188721e-01
1.563564389944076538e-01
-2.986457757651805878e-02
-5.974901318550109863e-01
-1.219821095466613770e+00
-5.903221964836120605e-01
-1.498710066080093384e-01
6.031543016433715820e-02
2.107617408037185669e-01
1.348117887973785400e-01
-1.545410752296447754e-01
-1.844635605812072754e-01
1.940469443798065186e-01
6.228325963020324707e-01
-4.202263057231903076e-02
-1.580044865608215332e+00
-1.609682440757751465e+00
-1.593894839286804199e+00
-1.318948984146118164e+00
-8.835430145263671875e-01
-2.942131757736206055e-01
-2.846659719944000244e-01
-4.001079797744750977e-01
-7.528007626533508301e-01
-8.976043462753295898e-01
-5.206625908613204956e-02
6.714333891868591309e-01
8.859755396842956543e-01
1.373898237943649292e-01
-5.150907635688781738e-01
-1.375162005424499512e+00
-1.530534029006958008e+00
-1.188960433006286621e+00
-3.647681772708892822e-01
-1.910973638296127319e-01
-1.712380051612854004e-01
7.728406786918640137e-02
1.734902411699295044e-01
3.250397741794586182e-01
3.022026121616363525e-01
9.039728045463562012e-01
8.724144697189331055e-01
2.677381224930286407e-02
-1.155268788337707520e+00
-1.337812185287475586e+00
-9.382675886154174805e-01
-6.141852736473083496e-01
-5.181248188018798828e-01
-5.858087539672851562e-01
-6.418559551239013672e-01
-7.719969749450683594e-01
9.110712260007858276e-02
1.235657572746276855e+00
1.126362323760986328e+00
2.951231896877288818e-01
-2.835520207881927490e-01
-6.505634188652038574e-01
-3.932945728302001953e-01
1.332448124885559082e-01
1.268744617700576782e-01
-2.694458700716495514e-02
-5.813312530517578125e-01
-6.838308572769165039e-01
-2.413192987442016602e-01
3.563706576824188232e-01
8.042528629302978516e-01
5.587758421897888184e-01
-2.901156842708587646e-01
-1.388700127601623535e+00
-1.158760547637939453e+00
-7.496893405914306641e-01
-2.034246474504470825e-01
9.012659639120101929e-02
-1.682031899690628052e-01
-1.104303479194641113e+00
-6.378219127655029297e-01
6.898738443851470947e-03
4.572755098342895508e-01
4.470383524894714355e-01
-1.707546710968017578e-01
-4.371767640113830566e-01
-9.258614778518676758e-01
-7.128210067749023438e-01
5.622003674507141113e-01
7.280496954917907715e-01
5.720008611679077148e-01
-1.904115378856658936e-01
-6.435115933418273926e-01
-6.062874197959899902e-01
2.382135093212127686e-01
6.130416393280029297e-01
3.017041459679603577e-02
-7.861623167991638184e-01
-3.228593587875366211e+00
-1.081228613853454590e+00
1.816572904586791992e+00
1.931893825531005859e+00
-2.056549787521362305e+00
-8.473829627037048340e-01
8.620898127555847168e-01
9.135292172431945801e-01
1.054042816162109375e+00
8.313369750976562500e-01
-1.873186081647872925e-01
-1.485919833183288574e+00
-2.045269250869750977e+00
-2.231353759765625000e+00
-5.966405272483825684e-01
1.328533053398132324e+00
1.496366977691650391e+00
-7.132304310798645020e-01
-1.862583994865417480e+00
-2.125130891799926758e-01
2.338178396224975586e+00
1.369152426719665527e+00
-1.892816305160522461e+00
1.667506575584411621e+00
1.575952768325805664e-02
-3.602607250213623047e+00
-2.085534811019897461e+00
1.340263634920120239e-01
2.813004255294799805e-01
-5.184376835823059082e-01
-1.030929803848266602e+00
-8.003097772598266602e-01
1.844150125980377197e-01
5.156801342964172363e-01
4.448382854461669922e-01
7.052660584449768066e-01
4.901876151561737061e-01
4.952905327081680298e-02
-1.139478206634521484e+00
-1.161257743835449219e+00
-7.775093317031860352e-01
-3.588095605373382568e-01
-7.479128241539001465e-02
-1.385650634765625000e-01
-1.062647998332977295e-02
-5.374691486358642578e-01
1.831683963537216187e-01
9.857020974159240723e-01
1.405151486396789551e+00
4.796225726604461670e-01
-6.180331707000732422e-01
-2.712416410446166992e+00
-1.402696847915649414e+00
3.732896447181701660e-01
1.000251293182373047e+00
8.384187817573547363e-01
-2.163655608892440796e-01
-2.069506645202636719e+00
-3.244971752166748047e+00
1.608794331550598145e+00
1.725430727005004883e+00
-3.115912675857543945e-01
-1.814400315284729004e+00
1.993214011192321777e+00
1.165890574455261230e+00
-2.198338985443115234e+00
-1.165004134178161621e+00
7.441197633743286133e-01
1.184852957725524902e+00
4.016108810901641846e-01
-7.598943710327148438e-01
-8.772475719451904297e-01
-3.326803147792816162e-01
3.125955760478973389e-01
6.623961925506591797e-01
3.938509523868560791e-02
-6.603096127510070801e-01
-7.681481838226318359e-01
-8.889122605323791504e-01
-8.110341429710388184e-01
-3.278715908527374268e-01
-1.268992871046066284e-01
1.134072467684745789e-01
-4.379813671112060547e-01
-7.332738041877746582e-01
-3.920284211635589600e-01
5.502032488584518433e-02
2.033454924821853638e-01
-1.159278377890586853e-01
-5.267168879508972168e-01
-1.134570240974426270e+00
-1.292304277420043945e+00
-2.806661427021026611e-01
9.267507493495941162e-02
4.465106427669525146e-01
2.229130864143371582e-01
-5.668354630470275879e-01
6.177343893796205521e-04
4.426518380641937256e-01
5.617086887359619141e-01
-4.335914552211761475e-01
-1.585348129272460938e+00
-1.548524618148803711e+00
-1.449403882026672363e+00
-9.963118433952331543e-01
-5.315267443656921387e-01
-1.828089803457260132e-01
-1.265163719654083252e-01
-4.495168924331665039e-01
-6.413381695747375488e-01
-6.450771093368530273e-01
-6.230254098773002625e-02
7.738621234893798828e-01
5.793757438659667969e-01
-3.593209385871887207e-02
-1.266784429550170898e+00
-1.380860090255737305e+00
-1.479665994644165039e+00
-5.890557169914245605e-01
-1.502084136009216309e-01
-1.298242211341857910e-01
2.220060676336288452e-01
-2.252095937728881836e-02
1.213515102863311768e-01
5.713955760002136230e-01
8.176976442337036133e-01
8.243402838706970215e-01
-1.363715976476669312e-01
-9.669405817985534668e-01
-1.446475505828857422e+00
-1.272154450416564941e+00
-3.286550045013427734e-01
-9.238006472587585449e-01
-4.463684856891632080e-01
-7.675455212593078613e-01
-7.534028887748718262e-01
-1.321515291929244995e-01
7.759377956390380859e-01
1.343202590942382812e+00
3.640347123146057129e-01
-1.200328245759010315e-01
-9.246062040328979492e-01
-5.950300097465515137e-01
3.023650348186492920e-01
2.105280458927154541e-01
-2.369771003723144531e-01
-8.007354140281677246e-01
-5.311167240142822266e-01
-1.143965870141983032e-02
1.030640244483947754e+00
9.851787090301513672e-01
5.170991420745849609e-01
-1.035973668098449707e+00
-1.313041210174560547e+00
-7.582911252975463867e-01
1.036853939294815063e-01
1.072872579097747803e-01
1.067319214344024658e-01
-8.538821339607238770e-01
-9.787030816078186035e-01
-4.528971910476684570e-01
4.427169635891914368e-02
4.308264255523681641e-01
5.942432880401611328e-01
1.627565175294876099e-01
-2.687281072139739990e-01
-7.200140357017517090e-01
-4.304407835006713867e-01
4.996031522750854492e-01
1.054033398628234863e+00
5.497975349426269531e-01
9.204871952533721924e-03
-4.739357531070709229e-01
-2.966591715812683105e-01
6.190845966339111328e-01
6.882522702217102051e-01
1.646475121378898621e-02
-2.508244752883911133e+00
-2.566413402557373047e+00
4.313342571258544922e-01
2.391534805297851562e+00
1.137263774871826172e+00
-2.601791620254516602e+00
-1.401535868644714355e+00
8.031094670295715332e-01
1.764122605323791504e+00
1.184654355049133301e+00
-2.792911827564239502e-01
-1.361433863639831543e+00
-2.003344058990478516e+00
-4.018438756465911865e-01
1.128799557685852051e+00
8.799270987510681152e-01
-3.404812812805175781e-01
-9.505045413970947266e-01
7.755503058433532715e-02
1.399714946746826172e+00
1.454471707344055176e+00
8.672635555267333984e-01
4.356881082057952881e-01
1.095196455717086792e-01
2.087904065847396851e-01
-8.119009137153625488e-01
-3.413075685501098633e+00
-1.229681372642517090e+00
1.215714573860168457e+00
6.476868987083435059e-01
-1.813971996307373047e+00
-1.195909857749938965e+00
1.109604477882385254e+00
1.236721992492675781e+00
1.525515764951705933e-01
-5.149337053298950195e-01
6.416072249412536621e-01
2.631965279579162598e-02
-1.345255494117736816e+00
6.130315363407135010e-02
5.781401395797729492e-01
-2.960799634456634521e-01
-4.972142279148101807e-01
3.911635577678680420e-01
1.384989261627197266e+00
1.173958539962768555e+00
-1.426727175712585449e-01
-2.470923900604248047e+00
1.704690307378768921e-01
8.197277784347534180e-01
1.951783448457717896e-01
-1.594615697860717773e+00
-3.430562019348144531e+00
1.515135526657104492e+00
6.148982644081115723e-01
-1.761643409729003906e+00
1.720085144042968750e+00
9.563232660293579102e-01
-1.610246777534484863e+00
-3.612636327743530273e-01
1.681487441062927246e+00
4.881807267665863037e-01
-5.033043622970581055e-01
-7.108260393142700195e-01
-7.250611484050750732e-02
4.531928002834320068e-01
4.542170166969299316e-01
-5.223276615142822266e-01
-7.173289060592651367e-01
-5.311044454574584961e-01
-3.175379037857055664e-01
-2.776560187339782715e-02
-9.827031195163726807e-02
-6.740022897720336914e-01
-6.690497994422912598e-01
-7.196778804063796997e-02
9.884435683488845825e-02
-6.738933324813842773e-01
-1.257294774055480957e+00
-9.519805312156677246e-01
-4.146417081356048584e-01
4.307158291339874268e-01
3.981114625930786133e-01
-1.162860095500946045e-01
-1.359186470508575439e-01
2.672608792781829834e-01
6.761202812194824219e-01
1.025636196136474609e-01
-1.170033574104309082e+00
-1.822126626968383789e+00
-1.506318092346191406e+00
-5.805426239967346191e-01
-4.301721751689910889e-01
-5.568391084671020508e-02
-3.968703448772430420e-01
-1.129917263984680176e+00
-3.403851985931396484e-01
1.887841373682022095e-01
7.604017257690429688e-01
-6.810652613639831543e-01
-1.531372666358947754e+00
-1.282953500747680664e+00
-4.566239714622497559e-01
-5.998981744050979614e-02
-3.194480016827583313e-02
1.312226429581642151e-02
1.925172209739685059e-01
5.912505388259887695e-01
9.217451810836791992e-01
6.891081929206848145e-01
-7.956737279891967773e-01
-1.080280184745788574e+00
-1.320361256599426270e+00
-7.132847905158996582e-01
-3.787266612052917480e-01
-5.112074017524719238e-01
-7.639673948287963867e-01
-3.421421051025390625e-01
2.176985293626785278e-01
1.216019988059997559e+00
3.518331944942474365e-01
-4.476035535335540771e-01
-8.799160122871398926e-01
-9.351926296949386597e-02
3.831125199794769287e-01
-1.194016635417938232e-02
-6.478124260902404785e-01
-2.168350368738174438e-01
4.132262468338012695e-01
1.153186321258544922e+00
1.258248686790466309e-01
-7.339282035827636719e-01
-9.015846848487854004e-01
-1.531548649072647095e-01
3.437779843807220459e-01
-1.501527428627014160e-02
-5.324999094009399414e-01
-1.578977942466735840e+00
-3.481197357177734375e-01
7.557215690612792969e-01
2.731446623802185059e-01
2.031759321689605713e-01
-3.057597577571868896e-01
-5.363434553146362305e-01
-2.871758043766021729e-01
3.063402473926544189e-01
9.772904515266418457e-01
3.850342929363250732e-01
-3.294956982135772705e-01
-1.619066148996353149e-01
6.480118036270141602e-01
5.193308591842651367e-01
-3.424460887908935547e-01
-1.925926685333251953e+00
-2.200901985168457031e+00
2.523933649063110352e+00
7.759231328964233398e-01
-2.675670623779296875e+00
3.905338048934936523e-01
2.188179492950439453e+00
9.219564795494079590e-01
-1.525569081306457520e+00
-2.216510295867919922e+00
1.152087569236755371e+00
7.418002933263778687e-02
-2.315268278121948242e+00
2.349424600601196289e+00
1.462856888771057129e+00
-1.566955685615539551e+00
-1.737168192863464355e+00
3.814216375350952148e+00
1.370731115341186523e+00
-1.912487268447875977e+00
-1.686283826828002930e+00
1.648127883672714233e-01
-3.462638556957244873e-01
-1.804738640785217285e+00
-2.194601148366928101e-01
5.545812249183654785e-01
1.339410662651062012e+00
-5.952605605125427246e-01
1.948177516460418701e-01
2.046257019042968750e+00
8.614536523818969727e-01
-2.571809768676757812e+00
-2.258065938949584961e+00
6.233727335929870605e-01
1.852168560028076172e+00
-1.433587789535522461e+00
-1.098887562751770020e+00
5.324466228485107422e-01
1.023003816604614258e+00
3.452798128128051758e-01
1.470857501029968262e+00
-5.459902882575988770e-01
-2.975759029388427734e+00
1.064106702804565430e+00
5.748457908630371094e-01
-2.819401025772094727e+00
-5.750207304954528809e-01
4.985202848911285400e-01
2.074213474988937378e-01
2.333501279354095459e-01
9.587488770484924316e-01
1.406856775283813477e-01
-1.254198431968688965e+00
-1.384119868278503418e+00
2.846296429634094238e-01
6.691393256187438965e-01
2.804777920246124268e-01
-4.881479144096374512e-01
-7.687671184539794922e-01
-6.129384040832519531e-03
5.514388084411621094e-01
5.657896399497985840e-04
-7.423852682113647461e-01
-8.868561983108520508e-01
-8.511391878128051758e-01
-3.238399326801300049e-01
-2.353730499744415283e-01
-8.337786793708801270e-02
-7.264841347932815552e-02
-6.313904523849487305e-01
-1.937970966100692749e-01
1.154386475682258606e-01
1.698909699916839600e-01
-7.606759667396545410e-01
-1.169243812561035156e+00
-3.889246582984924316e-01
3.222876787185668945e-01
4.780652821063995361e-01
2.527129352092742920e-01
-2.182624787092208862e-01
-5.178404971957206726e-02
7.069277763366699219e-01
1.955353766679763794e-01
-1.090361118316650391e+00
-1.695134162902832031e+00
-1.461480736732482910e+00
-1.071379423141479492e+00
-2.244635671377182007e-01
-2.957935333251953125e-01
-7.456986308097839355e-01
-6.720165610313415527e-01
-7.390092313289642334e-02
7.867943048477172852e-01
8.516957759857177734e-01
-9.402669072151184082e-01
-1.346891164779663086e+00
-1.329287886619567871e+00
-4.975275695323944092e-01
-3.349336385726928711e-01
1.118245720863342285e-01
2.238868474960327148e-01
2.675891816616058350e-01
8.617613315582275391e-01
8.795474767684936523e-01
2.121219635009765625e-01
-6.153954863548278809e-01
-1.442949175834655762e+00
-9.552348852157592773e-01
-5.352883338928222656e-01
-5.031324625015258789e-01
-3.267045915126800537e-01
-6.971359848976135254e-01
-1.857648491859436035e-01
9.303984642028808594e-01
9.954407215118408203e-01
-4.243564605712890625e-02
-2.893310785293579102e-01
-5.017663240432739258e-01
-2.241212129592895508e-02
2.367018610239028931e-01
-3.294321894645690918e-01
-4.562830626964569092e-01
-2.264233231544494629e-01
1.039959192276000977e+00
1.179082632064819336e+00
2.902470231056213379e-01
-9.575256109237670898e-01
-1.049333691596984863e+00
-3.206192255020141602e-01
2.312873005867004395e-01
3.392385840415954590e-01
-6.769081354141235352e-01
-1.025279879570007324e+00
-1.790149360895156860e-01
5.221381783485412598e-01
4.641618430614471436e-01
1.974605321884155273e-01
-4.137019813060760498e-01
-1.078189373016357422e+00
2.924302816390991211e-01
1.564344882965087891e+00
6.853205561637878418e-01
-1.465509235858917236e-01
-5.562347769737243652e-01
1.718476265668869019e-01
1.308727264404296875e+00
-5.302395224571228027e-01
-3.480036497116088867e+00
2.459417283535003662e-01
1.730842351913452148e+00
6.675093770027160645e-01
-2.398599624633789062e+00
-3.813342154026031494e-01
2.823579072952270508e+00
2.895505428314208984e-01
-1.299687147140502930e+00
1.864082068204879761e-01
1.350466251373291016e+00
-1.826848268508911133e+00
-9.267179965972900391e-01
2.841017484664916992e+00
-8.770528435707092285e-02
-1.409569859504699707e+00
-2.260904759168624878e-01
2.752939939498901367e+00
1.782746195793151855e+00
-9.774082899093627930e-01
-1.846894383430480957e+00
-8.532826900482177734e-01
-3.190739154815673828e-01
-4.617095887660980225e-01
-1.324775099754333496e+00
-5.459738969802856445e-01
4.704288765788078308e-02
7.718771696090698242e-02
8.988653868436813354e-02
4.749542176723480225e-01
1.030732393264770508e+00
4.352636933326721191e-01
-2.792828381061553955e-01
-1.086304545402526855e+00
-1.069810867309570312e+00
-2.932836711406707764e-01
-1.254163384437561035e-01
7.499301433563232422e-02
-4.630346596240997314e-01
1.478806138038635254e-02
1.927587091922760010e-01
1.332159399986267090e+00
9.568009376525878906e-01
2.051628381013870239e-01
-1.136719226837158203e+00
-1.814714431762695312e+00
-1.579424738883972168e-02
9.666005373001098633e-01
-3.367055952548980713e-01
-1.790098309516906738e+00
-3.334580421447753906e+00
1.324501872062683105e+00
1.108789801597595215e+00
-4.141264855861663818e-01
-1.999607235193252563e-01
1.135971546173095703e+00
1.322444230318069458e-01
-2.152992963790893555e+00
6.338643431663513184e-01
1.725384950637817383e+00
-1.747108995914459229e-01
-7.359306216239929199e-01
-1.696188896894454956e-01
2.306212633848190308e-01
6.121584177017211914e-01
1.548236310482025146e-01
-5.835909843444824219e-01
-5.936368107795715332e-01
-9.177531003952026367e-01
-1.391609609127044678e-01
-2.593900263309478760e-01
1.690431684255599976e-02
-5.987680554389953613e-01
-4.759492278099060059e-01
-1.755670756101608276e-01
-1.006022095680236816e-03
-2.856374084949493408e-01
-7.805224061012268066e-01
-1.386291265487670898e+00
-3.089936971664428711e-01
3.799528181552886963e-01
2.505297064781188965e-01
8.289217948913574219e-02
-4.185360372066497803e-01
1.743882000446319580e-01
6.057511568069458008e-01
1.618874222040176392e-01
-1.408541321754455566e+00
-1.353073120117187500e+00
-1.701623558998107910e+00
-7.530323863029479980e-01
-4.051530063152313232e-01
6.814120709896087646e-02
-1.332334131002426147e-01
-5.720772147178649902e-01
-2.602152824401855469e-01
5.573874711990356445e-01
6.197351813316345215e-01
-5.232586860656738281e-01
-1.555255889892578125e+00
-1.710514903068542480e+00
-8.682586550712585449e-01
-4.378657639026641846e-01
-4.417127370834350586e-01
1.582707762718200684e-01
1.698768287897109985e-01
4.069703221321105957e-01
9.339959621429443359e-01
8.268157839775085449e-01
-9.248872995376586914e-01
-1.211085915565490723e+00
-1.129489660263061523e+00
-4.500581920146942139e-01
-3.907864391803741455e-01
-2.491570562124252319e-01
-5.743631124496459961e-01
-4.407950341701507568e-01
5.229638814926147461e-01
1.414908289909362793e+00
3.575821816921234131e-01
-6.049010753631591797e-01
-8.979355692863464355e-01
-1.607297211885452271e-01
-3.253183364868164062e-01
-5.471543669700622559e-01
-1.076117515563964844e+00
-2.933297157287597656e-01
4.795127213001251221e-01
1.255871653556823730e+00
3.544158339500427246e-01
-9.447388052940368652e-01
-1.208763360977172852e+00
-2.595969438552856445e-01
-5.950622260570526123e-02
1.947215944528579712e-02
-5.210592150688171387e-01
-1.036125421524047852e+00
-2.598339021205902100e-01
5.222331881523132324e-01
3.283248245716094971e-01
-1.820783317089080811e-01
-8.801175355911254883e-01
-1.371131539344787598e+00
4.611930251121520996e-01
1.664983749389648438e+00
9.823276400566101074e-01
-1.127984642982482910e+00
-2.272253513336181641e+00
2.319869279861450195e+00
1.089153528213500977e+00
-2.818293094635009766e+00
-8.194659352302551270e-01
2.219513177871704102e+00
-1.458885669708251953e+00
-7.425807118415832520e-01
2.129062891006469727e+00
9.311918020248413086e-01
-2.041933536529541016e+00
1.304519772529602051e+00
2.815606355667114258e+00
-2.449440956115722656e+00
-1.640101194381713867e+00
7.013704776763916016e-01
-1.338880062103271484e-01
-2.176806926727294922e+00
1.405672669410705566e+00
2.638409137725830078e+00
-1.213913083076477051e+00
-1.245271801948547363e+00
2.876589059829711914e+00
1.750658869743347168e+00
-2.701023101806640625e+00
-2.363678961992263794e-01
6.035878062248229980e-01
-8.644824028015136719e-01
-1.753650426864624023e+00
4.582523703575134277e-01
1.712283015251159668e+00
-1.800657659769058228e-01
-4.063054323196411133e-01
1.352624893188476562e+00
1.151165246963500977e+00
-3.654091656208038330e-01
-1.400987386703491211e+00
-1.072417855262756348e+00
-7.174078226089477539e-01
-1.923973262310028076e-01
-3.772280514240264893e-01
-5.451946854591369629e-01
-2.956857979297637939e-01
9.976367652416229248e-02
1.339756488800048828e+00
1.083464026451110840e+00
-7.103953957557678223e-01
-2.768671989440917969e+00
1.319074511528015137e+00
7.851830124855041504e-01
-4.548666626214981079e-02
-3.298394680023193359e+00
-9.605601429939270020e-02
1.835259318351745605e+00
-3.891721367835998535e-01
5.190262794494628906e-01
2.041929244995117188e+00
-1.749475359916687012e+00
-1.522992014884948730e+00
9.590970277786254883e-01
8.838393092155456543e-01
-2.297710925340652466e-01
-1.008095741271972656e+00
-7.044100165367126465e-01
1.227604746818542480e-01
3.171340227127075195e-01
1.808540970087051392e-01
-5.516378283500671387e-01
-9.040756821632385254e-01
-6.693986058235168457e-01
-1.807696521282196045e-01
5.229352414608001709e-02
1.420473158359527588e-01
-3.338808119297027588e-01
-3.297234475612640381e-01
2.113504856824874878e-01
1.819342076778411865e-01
-8.139310479164123535e-01
-1.045850992202758789e+00
-1.340727925300598145e+00
-5.162486433982849121e-01
4.242424368858337402e-01
-1.450009196996688843e-01
-1.330237686634063721e-01
-5.881955623626708984e-01
-1.582756638526916504e-03
6.384285688400268555e-01
3.421863019466400146e-01
-9.158933162689208984e-01
-1.699239611625671387e+00
-1.364109277725219727e+00
-5.900958180427551270e-01
-5.521231144666671753e-02
1.794259995222091675e-01
-1.293079107999801636e-01
-6.098410487174987793e-01
-3.219271600246429443e-01
7.099142670631408691e-01
5.991342067718505859e-01
-3.230488002300262451e-01
-1.587544798851013184e+00
-1.254176139831542969e+00
-1.343759894371032715e+00
-5.928665399551391602e-01
-3.717360198497772217e-01
-1.371627449989318848e-01
-3.598509132862091064e-01
2.242456376552581787e-02
2.743749916553497314e-01
1.062602877616882324e+00
4.122726917266845703e-01
-2.670211195945739746e-01
-8.088639378547668457e-01
-1.256814122200012207e+00
-3.860301971435546875e-01
-2.953344583511352539e-01
-3.745185434818267822e-01
-4.554133415222167969e-01
-3.769785165786743164e-01
2.856496274471282959e-01
1.382840514183044434e+00
4.394997358322143555e-01
-5.595523715019226074e-01
-9.300061464309692383e-01
3.295512124896049500e-02
-1.976679861545562744e-01
-6.065669655799865723e-01
-1.043114185333251953e+00
-4.753005206584930420e-01
-2.528991550207138062e-02
7.796927690505981445e-01
9.543398022651672363e-01
-2.741866707801818848e-01
-9.677876234054565430e-01
-8.013209700584411621e-01
2.847912013530731201e-01
2.116200923919677734e-01
-7.539637386798858643e-02
-1.286205649375915527e+00
-1.779573857784271240e-01
4.736195802688598633e-01
8.395823240280151367e-01
2.327044904232025146e-01
-3.237351477146148682e-01
-6.777245402336120605e-01
-2.498013973236083984e-01
3.182744383811950684e-01
3.739072978496551514e-01
3.569059669971466064e-01
-3.855831921100616455e-01
-5.714113116264343262e-01
2.626363933086395264e-01
1.123408913612365723e+00
-1.410259723663330078e+00
-3.253316402435302734e+00
1.272265911102294922e+00
1.295775175094604492e+00
-9.519169479608535767e-02
-1.584390521049499512e+00
5.689606666564941406e-01
2.071278333663940430e+00
-1.707489043474197388e-01
-1.811096310615539551e+00
1.762636184692382812e+00
-4.834751188755035400e-01
-3.327504158020019531e+00
2.389570772647857666e-01
1.825758695602416992e+00
-5.421420931816101074e-01
-2.320708990097045898e+00
6.490605473518371582e-01
2.121046781539916992e+00
1.168532490730285645e+00
-2.268342494964599609e+00
-7.024042606353759766e-01
3.316847980022430420e-02
-1.537306785583496094e+00
-2.520044147968292236e-02
3.798761665821075439e-01
1.464209407567977905e-01
2.069800645112991333e-01
8.245634436607360840e-01
8.282510638236999512e-01
-4.206782951951026917e-02
-6.932989954948425293e-01
-1.152328968048095703e+00
-7.896690964698791504e-01
-4.625343382358551025e-01
-6.882101297378540039e-02
-4.663116335868835449e-01
-4.485750794410705566e-01
1.933360397815704346e-01
1.272182583808898926e+00
6.754536628723144531e-01
-1.745477318763732910e-01
-1.732999324798583984e+00
-1.165880560874938965e-01
1.269542455673217773e+00
1.563817262649536133e-01
-1.704312682151794434e+00
-1.517356991767883301e+00
1.791218519210815430e+00
3.457677066326141357e-01
-1.614149808883666992e+00
1.523953795433044434e+00
6.136285662651062012e-01
-3.459673404693603516e+00
6.618154048919677734e-01
1.414904117584228516e+00
-3.923524022102355957e-01
-9.281718134880065918e-01
-4.288593828678131104e-01
2.929019033908843994e-01
5.355740785598754883e-01
-2.647619843482971191e-01
-6.902651786804199219e-01
-8.517862558364868164e-01
-6.216875314712524414e-01
-2.487029880285263062e-01
2.247981876134872437e-01
5.174246430397033691e-01
1.226588487625122070e-01
-3.544600903987884521e-01
8.136917650699615479e-02
2.302496880292892456e-01
-6.904475390911102295e-02
-6.906571984291076660e-01
-1.191601395606994629e+00
-1.127447605133056641e+00
-4.262481629848480225e-02
-2.705762386322021484e-01
-4.115563929080963135e-01
-4.548330008983612061e-01
-1.743188202381134033e-01
1.841225475072860718e-01
5.351458787918090820e-01
-1.385586112737655640e-01
-1.382653117179870605e+00
-1.436531186103820801e+00
-9.948516488075256348e-01
-1.576029956340789795e-01
5.393463373184204102e-02
-4.623021185398101807e-02
-3.112754821777343750e-01
-3.381311893463134766e-01
6.315003633499145508e-01
8.945760130882263184e-01
1.613911390304565430e-01
-1.516736388206481934e+00
-1.650073170661926270e+00
-1.438467979431152344e+00
-6.638260483741760254e-01
-8.221704363822937012e-01
-2.206716686487197876e-02
-2.685357928276062012e-01
5.531926453113555908e-02
1.102765083312988281e+00
1.026903033256530762e+00
-2.470715343952178955e-01
-6.665941476821899414e-01
-1.147248148918151855e+00
-8.796837925910949707e-01
-2.123221755027770996e-01
-8.441844582557678223e-02
-4.720785915851593018e-01
-2.987866997718811035e-01
-1.279781311750411987e-01
5.143484473228454590e-01
1.640806794166564941e+00
8.606145381927490234e-01
-2.517140507698059082e-01
-6.935160160064697266e-01
-6.706928610801696777e-01
-4.263935983180999756e-02
1.212782710790634155e-01
-2.299866080284118652e-01
-7.377172708511352539e-01
-4.715737998485565186e-01
1.745423823595046997e-01
1.153904557228088379e+00
5.472155809402465820e-01
-3.829164206981658936e-01
-8.532968163490295410e-01
-2.779547274112701416e-01
2.402722537517547607e-01
2.079753428697586060e-01
1.294727325439453125e-01
-7.340202927589416504e-01
-4.781523346900939941e-01
2.409070134162902832e-01
5.183331370353698730e-01
4.248084127902984619e-01
-3.127105832099914551e-01
-5.928694009780883789e-01
-1.101168036460876465e+00
-2.822715342044830322e-01
6.733515262603759766e-01
5.412536263465881348e-01
-1.088094636797904968e-01
-9.632827043533325195e-01
-6.675356626510620117e-01
1.499420404434204102e-01
1.153491377830505371e+00
1.228654384613037109e+00
-2.855935573577880859e+00
-1.353854179382324219e+00
1.082728505134582520e+00
1.810350418090820312e+00
1.973338723182678223e-01
-1.468843579292297363e+00
-6.720135360956192017e-02
2.412002325057983398e+00
1.901648640632629395e-01
-1.832212448120117188e+00
-1.826719760894775391e+00
4.354643821716308594e-01
9.454776048660278320e-01
-2.426345109939575195e+00
-9.693152308464050293e-01
1.822104096412658691e+00
6.554081439971923828e-01
-1.921409249305725098e+00
1.881321787834167480e+00
2.206090927124023438e+00
-1.834848165512084961e+00
-1.312810540199279785e+00
-3.109237253665924072e-01
3.089361786842346191e-01
1.232649385929107666e-01
-9.890795350074768066e-01
-1.524374932050704956e-01
1.604986071586608887e+00
3.261338472366333008e-01
-6.428199354559183121e-03
1.268420219421386719e+00
1.058799266815185547e+00
-1.730854868888854980e+00
-2.622528314590454102e+00
-5.567210912704467773e-02
7.324037551879882812e-01
-8.808092474937438965e-01
-2.429163694381713867e+00
-3.466744422912597656e-01
1.550026774406433105e+00
5.107659101486206055e-01
5.451747775077819824e-02
-3.944424092769622803e-01
-2.260778844356536865e-01
-7.714772820472717285e-01
4.170005321502685547e-01
-2.224145233631134033e-01
3.135934472084045410e-02
-7.710309028625488281e-01
-5.570913553237915039e-01
6.318004336208105087e-03
6.565610170364379883e-01
4.830904603004455566e-01
-4.506434202194213867e-01
-1.067702889442443848e+00
-1.075967311859130859e+00
-5.946124792098999023e-01
1.803715825080871582e-01
-2.088729739189147949e-01
-6.993979215621948242e-01
-1.110341310501098633e+00
-6.714113354682922363e-01
1.290689408779144287e-01
4.449948966503143311e-01
1.610124111175537109e-01
-4.362859725952148438e-01
-6.600063443183898926e-01
-1.817523539066314697e-01
3.040114939212799072e-01
4.821806550025939941e-01
4.159855544567108154e-01
-1.347251385450363159e-01
-5.238820314407348633e-01
6.670003756880760193e-03
1.257921159267425537e-01
-7.284281253814697266e-01
-1.788483738899230957e+00
-1.481545090675354004e+00
-6.022297739982604980e-01
-2.234857827425003052e-01
-4.795262515544891357e-01
-6.043127179145812988e-01
-1.430893093347549438e-01
5.883492231369018555e-01
3.434436321258544922e-01
-6.791459918022155762e-01
-1.396941542625427246e+00
-1.239518761634826660e+00
-4.185888767242431641e-01
-5.108821392059326172e-02
3.813777863979339600e-01
9.315448999404907227e-02
-1.268896311521530151e-01
-3.015421330928802490e-01
7.928117513656616211e-01
9.148315787315368652e-01
-1.267682909965515137e-01
-1.288204431533813477e+00
-1.693768143653869629e+00
-1.724627017974853516e+00
-9.322559237480163574e-01
-5.896618366241455078e-01
-2.643725275993347168e-01
-7.384296655654907227e-01
-2.909517586231231689e-01
-3.084880299866199493e-02
9.642066359519958496e-01
9.799330830574035645e-01
-3.579278290271759033e-02
-9.978293776512145996e-01
-4.598000943660736084e-01
1.549490690231323242e-01
3.060986995697021484e-01
4.050894081592559814e-02
-3.630136847496032715e-01
1.579471826553344727e-01
1.358702421188354492e+00
9.921751022338867188e-01
-1.803122311830520630e-01
-7.457419633865356445e-01
-8.137421607971191406e-01
-3.612567484378814697e-01
-3.087623417377471924e-01
-8.417460918426513672e-01
-1.067370176315307617e+00
-5.534573793411254883e-01
2.264572679996490479e-02
1.004023551940917969e+00
9.289305806159973145e-01
-5.533354282379150391e-01
-4.547865390777587891e-01
1.647510528564453125e-01
1.113227248191833496e+00
7.342555522918701172e-01
-6.375634670257568359e-02
-3.567773401737213135e-01
2.710172832012176514e-01
1.016601443290710449e+00
5.502043962478637695e-01
-2.631204724311828613e-01
-1.388273239135742188e+00
-2.249103307723999023e+00
5.895135998725891113e-01
1.067947149276733398e+00
1.217641681432723999e-01
-2.875440359115600586e+00
-4.643146097660064697e-01
2.116112470626831055e+00
1.214287638664245605e+00
-1.080099940299987793e+00
-2.298577785491943359e+00
5.881600975990295410e-01
1.332234263420104980e+00
6.227020621299743652e-01
-2.038756757974624634e-02
-6.708778142929077148e-01
2.164874672889709473e-01
2.153034210205078125e+00
1.484004855155944824e+00
-9.855039715766906738e-01
-1.934039592742919922e+00
-1.957776308059692383e+00
9.873408675193786621e-01
-6.706359982490539551e-01
-2.570653200149536133e+00
1.219233751296997070e+00
1.233238577842712402e+00
-2.990006446838378906e+00
2.246637195348739624e-01
1.967731595039367676e+00
7.904019355773925781e-01
-6.752583384513854980e-01
-2.311293601989746094e+00
-1.529205083847045898e+00
9.550209641456604004e-01
8.729217648506164551e-01
1.042487919330596924e-01
-1.253861188888549805e+00
1.297799944877624512e-01
2.197805166244506836e+00
7.934324741363525391e-01
-3.646240234375000000e-01
-1.311099529266357422e+00
-1.238325595855712891e+00
-1.158598542213439941e+00
-9.776030778884887695e-01
-2.427661418914794922e-01
-3.247357904911041260e-01
-8.993358016014099121e-01
-6.868182420730590820e-01
3.800721168518066406e-01
1.146673798561096191e+00
4.797008335590362549e-01
-6.438562870025634766e-01
-1.047204852104187012e+00
1.505948305130004883e-01
5.256200432777404785e-01
4.148241877555847168e-02
-1.639613509178161621e+00
-3.475553989410400391e-01
1.127512931823730469e+00
9.085198044776916504e-01
8.282324671745300293e-01
-8.978769928216934204e-02
-2.185802459716796875e+00
-1.423973441123962402e+00
-1.255518943071365356e-01
2.453733384609222412e-01
-3.412387371063232422e-01
-1.111595392227172852e+00
-3.604824542999267578e-01
1.699682921171188354e-01
2.920718491077423096e-01
-1.512853056192398071e-01
-4.074532389640808105e-01
-6.516947746276855469e-01
-7.183126211166381836e-01
3.322920948266983032e-02
1.202893182635307312e-01
2.739536464214324951e-01
3.493157923221588135e-01
3.177608847618103027e-01
1.112834215164184570e-01
-6.800556182861328125e-02
-9.704773873090744019e-02
-3.760996162891387939e-01
-2.392844110727310181e-01
-1.168901622295379639e-01
1.249249204993247986e-01
1.595555990934371948e-01
1.208652704954147339e-01
-2.334476411342620850e-01
-9.337092041969299316e-01
-1.361004710197448730e+00
-1.505180358886718750e+00
-1.357343316078186035e+00
-1.285403132438659668e+00
-9.359633326530456543e-01
-1.463311016559600830e-01
-2.846761941909790039e-01
-1.596920341253280640e-01
-1.076890379190444946e-01
-6.078273653984069824e-01
-5.663391947746276855e-01
-6.830990910530090332e-01
-3.898051977157592773e-01
-1.682593226432800293e-01
2.253469526767730713e-01
5.240186452865600586e-01
1.965608149766921997e-01
9.282439202070236206e-02
-6.450157165527343750e-01
-1.113394737243652344e+00
-1.629055976867675781e+00
-1.875716090202331543e+00
-1.710291266441345215e+00
-1.093816995620727539e+00
-9.467207789421081543e-01
-4.255090951919555664e-01
-2.302840799093246460e-01
-8.237090706825256348e-02
-4.785782098770141602e-02
4.020687937736511230e-02
-5.532516539096832275e-02
-3.223645687103271484e-01
-6.978911161422729492e-01
-2.083928734064102173e-01
-7.144549489021301270e-02
2.804622650146484375e-01
6.494913697242736816e-01
8.901889920234680176e-01
7.237278223037719727e-01
7.923977822065353394e-02
-7.413958907127380371e-01
-1.278760910034179688e+00
-2.006133079528808594e+00
-1.449859857559204102e+00
-1.799394965171813965e+00
-1.088859677314758301e+00
-5.470009446144104004e-01
-6.042119860649108887e-01
-8.922142386436462402e-01
-4.401864111423492432e-01
-4.798203408718109131e-01
-7.275595068931579590e-01
-7.023800611495971680e-01
-1.781484037637710571e-01
-6.154574081301689148e-02
1.248437538743019104e-01
1.049563407897949219e+00
9.560248255729675293e-01
7.670976519584655762e-01
5.543361306190490723e-01
3.021686971187591553e-01
-3.112773299217224121e-01
-2.914572358131408691e-01
-9.021695852279663086e-01
-8.571380972862243652e-01
-6.755490303039550781e-01
-1.095536828041076660e+00
-4.197834432125091553e-01
-1.222963184118270874e-01
-2.073666155338287354e-01
-5.291092395782470703e-02
1.290400326251983643e-01
-2.075636088848114014e-01
-4.750837683677673340e-01
-8.551179617643356323e-02
9.693844616413116455e-02
4.640216529369354248e-01
1.136448025703430176e+00
1.337273001670837402e+00
1.307728767395019531e+00
6.722611784934997559e-01
1.789890229701995850e-03
7.470199465751647949e-02
-7.375823259353637695e-01
-7.371250391006469727e-01
-6.379877328872680664e-01
-4.513559639453887939e-01
-1.680164933204650879e-01
-4.046720266342163086e-01
-3.936122655868530273e-01
-5.042937994003295898e-01
-9.974688291549682617e-03
-1.567905545234680176e-01
-4.494651556015014648e-01
-7.246733903884887695e-01
-7.186037302017211914e-01
-6.701740622520446777e-01
-2.228372693061828613e-01
1.307937800884246826e-01
8.567147254943847656e-01
9.714004993438720703e-01
1.076042771339416504e+00
6.599417328834533691e-01
1.486312448978424072e-01
-1.448284834623336792e-01
-8.209046125411987305e-01
-8.081282973289489746e-01
-2.557094395160675049e-01
2.444234341382980347e-01
4.011780023574829102e-01
1.064724102616310120e-01
6.716631054878234863e-01
6.211014986038208008e-01
4.008670151233673096e-01
-2.006691396236419678e-01
-8.815449476242065430e-01
-7.458286881446838379e-01
-7.395197749137878418e-01
-7.835124433040618896e-02
2.750628888607025146e-01
5.424540638923645020e-01
5.999722480773925781e-01
3.700073361396789551e-01
4.319490119814872742e-02
4.344130307435989380e-02
-1.576641201972961426e-01
-3.192060291767120361e-01
-9.026922583580017090e-01
-1.407820463180541992e+00
-1.404576539993286133e+00
-8.546809554100036621e-01
3.756404519081115723e-01
9.560391306877136230e-01
1.645429849624633789e+00
1.513385415077209473e+00
1.135993719100952148e+00
5.508272647857666016e-01
-1.711531758308410645e+00
-2.543224096298217773e+00
-2.155138969421386719e+00
1.588241159915924072e-01
1.629078030586242676e+00
2.203586339950561523e+00
1.705144643783569336e+00
-1.730766534805297852e+00
-2.774791955947875977e+00
-2.761104822158813477e+00
-1.973901242017745972e-01
1.039975285530090332e+00
8.968005776405334473e-01
8.558753132820129395e-01
-2.576303184032440186e-01
-7.422679662704467773e-01
-1.123669624328613281e+00
-2.291917055845260620e-01
1.410487413406372070e+00
1.573483943939208984e+00
1.028366804122924805e+00
4.506515264511108398e-01
-7.284455001354217529e-02
-1.609692573547363281e-01
-6.834290623664855957e-01
-9.322236776351928711e-01
-5.083855986595153809e-01
2.400052547454833984e-01
6.470422148704528809e-01
3.605124652385711670e-01
-1.194434404373168945e+00
-3.244999885559082031e+00
-3.334492206573486328e+00
-3.615812063217163086e+00
-2.169438600540161133e-01
2.397159099578857422e+00
2.706209182739257812e+00
6.165009737014770508e-01
-1.665883183479309082e+00
-2.604911804199218750e+00
-1.921010732650756836e+00
-8.217296004295349121e-01
4.125728309154510498e-01
1.735653400421142578e+00
1.781785964965820312e+00
9.333279132843017578e-01
4.793565273284912109e-01
-1.203821748495101929e-01
-6.330237984657287598e-01
-8.960838317871093750e-01
-7.550228834152221680e-01
2.746909856796264648e-01
2.054670304059982300e-01
-7.725379467010498047e-01
-2.341569185256958008e+00
-3.110214948654174805e+00
-7.609121799468994141e-01
5.339348912239074707e-01
2.068236351013183594e+00
1.721465110778808594e+00
-2.903541624546051025e-01
-2.220434188842773438e+00
-1.880145668983459473e+00
-6.111699938774108887e-01
3.164507150650024414e-01
1.825184345245361328e+00
2.780719041824340820e+00
2.206629276275634766e+00
1.024737834930419922e+00
-1.411597281694412231e-01
-1.228858828544616699e+00
-2.190869808197021484e+00
-2.958175897598266602e+00
-1.421462893486022949e+00
-7.817453145980834961e-01
-1.643078029155731201e-01
4.179623126983642578e-01
-5.714021921157836914e-01
-9.836314916610717773e-01
-1.784222364425659180e+00
-8.235944509506225586e-01
-2.331218123435974121e-02
1.554767340421676636e-01
-5.414858460426330566e-01
-4.999802112579345703e-01
-1.022801280021667480e+00
-4.976709187030792236e-01
1.498812884092330933e-01
1.197670102119445801e+00
1.505753993988037109e+00
1.249060869216918945e+00
1.007409453392028809e+00
2.914667725563049316e-01
-4.846542775630950928e-01
-1.117688298225402832e+00
-1.631271719932556152e+00
-1.916837811470031738e+00
-1.461591944098472595e-02
1.076698899269104004e+00
2.017965078353881836e+00
8.217800855636596680e-01
-1.210411787033081055e+00
-1.715834379196166992e+00
-2.261067628860473633e+00
-1.303676605224609375e+00
3.274299204349517822e-01
6.007747650146484375e-01
7.213152647018432617e-01
3.744242489337921143e-01
1.727497875690460205e-01
1.983422338962554932e-01
8.752144873142242432e-02
1.623212099075317383e-01
2.790363729000091553e-01
1.350982785224914551e-01
-3.141908347606658936e-01
-8.072975873947143555e-01
-5.963349938392639160e-01
-6.591008901596069336e-01
-1.018617153167724609e+00
-4.599857926368713379e-01
-2.276161015033721924e-01
7.785613834857940674e-02
2.314144372940063477e-02
-8.236157149076461792e-02
-1.535900682210922241e-01
-8.614888787269592285e-01
-8.565607070922851562e-01
-8.894782066345214844e-01
-7.565262317657470703e-01
-2.421346455812454224e-01
9.725849330425262451e-02
2.624917030334472656e-01
4.249749779701232910e-01
3.932687342166900635e-01
-1.026051789522171021e-01
-1.444828808307647705e-01
-2.235555052757263184e-01
-4.888702630996704102e-01
-7.614257931709289551e-01
-7.515690326690673828e-01
-7.796673774719238281e-01
-3.582206070423126221e-01
-7.186934351921081543e-02
2.111236602067947388e-01
1.730479300022125244e-01
9.168668091297149658e-02
4.891450330615043640e-02
-3.280171751976013184e-01
-8.259367942810058594e-02
-6.054062843322753906e-01
-4.064527451992034912e-01
-1.693912446498870850e-01
1.177991330623626709e-01
2.195370197296142578e-01
1.669178307056427002e-01
-7.208954542875289917e-03
-5.654834508895874023e-01
-8.909087181091308594e-01
-1.308530688285827637e+00
-1.552896380424499512e+00
-1.460446357727050781e+00
-8.827939033508300781e-01
-3.176333010196685791e-01
-2.006521970033645630e-01
2.873097360134124756e-01
-1.866263598203659058e-01
-1.073655486106872559e-02
-2.027407288551330566e-02
-1.878939718008041382e-01
-5.270381569862365723e-01
-5.291874408721923828e-01
-3.991056382656097412e-01
9.896191209554672241e-02
3.952272236347198486e-01
4.416282474994659424e-01
2.949852347373962402e-01
1.807982176542282104e-01
-3.842461705207824707e-01
-1.093987226486206055e+00
-1.450160980224609375e+00
-1.778302907943725586e+00
-1.759042739868164062e+00
-1.424283146858215332e+00
-1.292398095130920410e+00
-9.550493359565734863e-01
-5.408326983451843262e-01
-3.737287819385528564e-01
1.972618699073791504e-02
1.438995301723480225e-01
3.142847120761871338e-02
-4.682734012603759766e-01
-7.164928913116455078e-01
-4.434739649295806885e-01
-3.621781468391418457e-01
4.118589684367179871e-02
7.840202003717422485e-02
8.632072210311889648e-01
9.557775855064392090e-01
5.529756546020507812e-01
8.478225767612457275e-02
-5.384951233863830566e-01
-1.378148913383483887e+00
-1.539051294326782227e+00
-1.165183544158935547e+00
-1.406768918037414551e+00
-8.264091014862060547e-01
-3.465211391448974609e-01
-4.209814369678497314e-01
-4.219476878643035889e-01
-2.073380053043365479e-01
-1.018330454826354980e-02
-1.695894747972488403e-01
-6.630241870880126953e-02
1.398212015628814697e-01
2.061146348714828491e-01
2.877411544322967529e-01
6.645877361297607422e-01
1.036201715469360352e+00
1.033969044685363770e+00
4.878706634044647217e-01
-1.218275725841522217e-02
-2.786046564579010010e-01
-7.879594564437866211e-01
-1.337364435195922852e+00
-1.240167856216430664e+00
-1.309585094451904297e+00
-1.283020615577697754e+00
-5.476930141448974609e-01
-3.125410974025726318e-01
-3.634958267211914062e-01
-3.467447161674499512e-01
-4.490403532981872559e-01
-6.318097710609436035e-01
-7.250695824623107910e-01
-5.321455597877502441e-01
-8.591742813587188721e-02
-2.456539683043956757e-02
6.715013980865478516e-01
1.333708286285400391e+00
1.088102102279663086e+00
8.944956064224243164e-01
1.146617233753204346e-01
-2.396491467952728271e-01
-9.049696326255798340e-01
-1.133360147476196289e+00
-6.288521885871887207e-01
-4.324788451194763184e-01
1.000701636075973511e-01
1.192149072885513306e-01
2.738999426364898682e-01
1.866611242294311523e-01
-5.103354156017303467e-02
-3.314805626869201660e-01
-6.622557044029235840e-01
-6.615433096885681152e-01
-5.974254608154296875e-01
-3.728027939796447754e-01
-1.755686849355697632e-01
2.985184490680694580e-01
9.849895834922790527e-01
1.032793045043945312e+00
8.598809838294982910e-01
1.415061056613922119e-01
-3.471842110157012939e-01
-8.168320655822753906e-01
-7.929705381393432617e-01
-7.911388874053955078e-01
-4.032618701457977295e-01
1.352260559797286987e-01
3.012679815292358398e-01
2.579269707202911377e-01
2.830811738967895508e-01
3.089284896850585938e-02
-5.216181874275207520e-01
-5.255641341209411621e-01
-6.390618085861206055e-01
-7.255495190620422363e-01
-3.581671118736267090e-01
4.683338105678558350e-03
3.581903576850891113e-01
5.570431351661682129e-01
5.044029951095581055e-01
2.670432329177856445e-01
1.511907875537872314e-01
-3.057791590690612793e-01
-5.234504938125610352e-01
-9.128782153129577637e-01
-9.102888703346252441e-01
-8.095746636390686035e-01
-2.523598670959472656e-01
2.881678044795989990e-01
8.118913769721984863e-01
9.352123737335205078e-01
8.651992082595825195e-01
4.974128901958465576e-01
1.880870908498764038e-01
6.415794789791107178e-02
-6.756900548934936523e-01
-9.135829210281372070e-01
-8.921911716461181641e-01
-7.570643424987792969e-01
2.196599245071411133e-01
1.356866359710693359e+00
1.403700590133666992e+00
-8.727566599845886230e-01
-2.905491352081298828e+00
-3.391947984695434570e+00
-2.894383907318115234e+00
-4.404145479202270508e-02
1.477273702621459961e+00
1.064806461334228516e+00
1.108791232109069824e+00
-1.178714632987976074e-02
-8.293959498405456543e-01
-1.563643336296081543e+00
-2.025355100631713867e+00
-1.278180241584777832e+00
9.109554290771484375e-01
2.195597410202026367e+00
1.954050898551940918e+00
1.071434617042541504e+00
-1.169332504272460938e+00
-2.038285017013549805e+00
-8.604502081871032715e-01
7.751801013946533203e-01
2.016363620758056641e+00
-1.736600100994110107e-01
-2.526304006576538086e+00
-3.631903171539306641e+00
-1.710691690444946289e+00
5.087713003158569336e-01
1.490289688110351562e+00
1.679302096366882324e+00
1.448959469795227051e+00
9.903917908668518066e-01
-1.477730751037597656e+00
-2.663968086242675781e+00
-6.490151286125183105e-01
1.389567613601684570e+00
2.499486923217773438e+00
2.475270748138427734e+00
1.112783551216125488e+00
-4.401769489049911499e-02
-9.177268743515014648e-01
-1.698416590690612793e+00
-2.103851079940795898e+00
-5.432586669921875000e-01
-1.690469086170196533e-01
5.142972469329833984e-01
2.560478746891021729e-01
-4.261085987091064453e-01
-2.136101722717285156e+00
-3.214033603668212891e+00
-2.022679090499877930e+00
-1.267959326505661011e-01
1.793900728225708008e+00
8.620390892028808594e-01
2.693018317222595215e-01
-4.381008148193359375e-01
-5.465626716613769531e-01
-4.422089755535125732e-01
-3.036603033542633057e-01
1.503924429416656494e-01
8.062568902969360352e-01
1.542859911918640137e+00
1.737257719039916992e+00
1.473183989524841309e+00
6.236029863357543945e-01
-1.933922052383422852e+00
-3.387905836105346680e+00
-1.989279985427856445e+00
-1.190797090530395508e+00
3.442007303237915039e-02
5.496788620948791504e-01
3.671642541885375977e-01
1.191979795694351196e-01
-8.307895660400390625e-01
-9.677259325981140137e-01
-6.889235973358154297e-01
-9.774795174598693848e-01
-9.758836627006530762e-01
-2.242465019226074219e-01
-1.029666662216186523e-01
1.496980488300323486e-01
1.674009859561920166e-01
7.185197472572326660e-01
1.187927484512329102e+00
1.408007264137268066e+00
6.910603642463684082e-01
3.942613601684570312e-01
-1.014599561691284180e+00
-2.163537263870239258e+00
-2.893623828887939453e+00
-1.286037445068359375e+00
4.480893015861511230e-01
1.008363008499145508e+00
3.517414927482604980e-01
-1.290284097194671631e-01
-5.611349940299987793e-01
-1.615511178970336914e+00
-2.333795070648193359e+00
-2.963401317596435547e+00
-2.926884174346923828e+00
2.504767477512359619e-01
1.544600367546081543e+00
1.204736351966857910e+00
3.698795735836029053e-01
-4.975309669971466064e-01
-1.251625418663024902e+00
3.367169201374053955e-01
1.458767294883728027e+00
1.418309926986694336e+00
4.600264728069305420e-01
-2.000539064407348633e+00
-3.577756881713867188e+00
-9.048050642013549805e-01
3.044082224369049072e-02
1.355656623840332031e+00
9.974770545959472656e-01
-2.802382111549377441e-01
-5.217800736427307129e-01
-8.842427134513854980e-01
-1.142280220985412598e+00
-9.560836553573608398e-01
-7.824281454086303711e-01
-5.405834913253784180e-01
-3.097569346427917480e-01
1.074398979544639587e-01
3.211004137992858887e-01
2.052823007106781006e-01
3.238191455602645874e-02
-2.984500825405120850e-01
-6.390763521194458008e-01
-8.240060806274414062e-01
-2.514477670192718506e-01
-6.368573307991027832e-01
-3.924598693847656250e-01
3.163566440343856812e-02
3.101581707596778870e-02
3.469781279563903809e-01
4.395278990268707275e-01
4.012287855148315430e-01
2.077236175537109375e-01
-1.615274399518966675e-01
-6.924590468406677246e-01
-7.095201015472412109e-01
-6.264606714248657227e-01
-8.611544966697692871e-02
-1.567003577947616577e-01
4.019610211253166199e-02
-4.461510106921195984e-02
-1.566563546657562256e-01
-8.131767511367797852e-01
-1.287622928619384766e+00
-1.765459656715393066e+00
-1.706343889236450195e+00
-1.589998245239257812e+00
-8.349482417106628418e-01
-1.088378548622131348e+00
-3.958862721920013428e-01
9.575068950653076172e-03
1.201446354389190674e-02
1.243709307163953781e-02
-3.556734621524810791e-01
-3.611212968826293945e-01
-6.809387803077697754e-01
-7.206265330314636230e-01
-4.597810506820678711e-01
-6.436830759048461914e-02
1.115654483437538147e-01
3.915830254554748535e-01
3.009130060672760010e-01
-6.889145076274871826e-02
-9.627022743225097656e-01
-1.193119049072265625e+00
-1.594643235206604004e+00
-1.597911715507507324e+00
-1.689576864242553711e+00
-1.891077876091003418e+00
-1.302459478378295898e+00
-8.190352916717529297e-01
-6.486206650733947754e-01
-3.230865299701690674e-01
-4.125860333442687988e-02
-4.054078087210655212e-02
-1.984992772340774536e-01
-3.376887142658233643e-01
-6.282611489295959473e-01
-5.843634605407714844e-01
-5.835058093070983887e-01
-2.621097564697265625e-01
-7.067630439996719360e-02
3.222441375255584717e-01
7.242953181266784668e-01
5.523152947425842285e-01
6.233984231948852539e-02
-5.851355195045471191e-01
-1.229284405708312988e+00
-1.882981181144714355e+00
-1.729374051094055176e+00
-1.970562219619750977e+00
-1.543149590492248535e+00
-1.258537650108337402e+00
-1.053459644317626953e+00
-1.001750826835632324e+00
-6.409924626350402832e-01
-4.976927340030670166e-01
-3.785435259342193604e-01
-3.966088593006134033e-01
-6.525872349739074707e-01
-2.193307578563690186e-01
-4.910935461521148682e-02
-5.448156222701072693e-02
8.020870387554168701e-02
4.942961633205413818e-01
6.809324622154235840e-01
7.292259335517883301e-01
5.726884007453918457e-01
-5.967110767960548401e-02
-9.492887854576110840e-01
-8.599569201469421387e-01
-1.292506575584411621e+00
-1.339712262153625488e+00
-1.477412343025207520e+00
-1.639932751655578613e+00
-1.000776171684265137e+00
-9.737924337387084961e-01
-4.880291223526000977e-01
-3.488097786903381348e-01
-3.488963246345520020e-01
-9.018988013267517090e-01
-1.000796437263488770e+00
-1.176308274269104004e+00
-9.384914636611938477e-01
-2.716421186923980713e-01
-8.357391506433486938e-02
6.122804284095764160e-01
9.008487462997436523e-01
7.865192890167236328e-01
6.387047767639160156e-01
-2.700313329696655273e-01
-5.913696289062500000e-01
-9.388758540153503418e-01
-1.238484382629394531e+00
-1.585457444190979004e+00
-1.084108114242553711e+00
-7.851592302322387695e-01
1.371099054813385010e-02
-3.181283771991729736e-01
-4.958179295063018799e-01
-5.032900571823120117e-01
-7.666177153587341309e-01
-9.063442349433898926e-01
-9.907911419868469238e-01
-6.873281598091125488e-01
-6.914238333702087402e-01
-3.474138379096984863e-01
1.879214793443679810e-01
4.573947191238403320e-01
7.028654217720031738e-01
5.055571794509887695e-01
1.177715137600898743e-01
-3.723428249359130859e-01
-1.027768492698669434e+00
-1.380866050720214844e+00
-1.329113483428955078e+00
-1.141079187393188477e+00
-5.629005432128906250e-01
-6.429071426391601562e-01
-1.589362323284149170e-01
-1.616622209548950195e-01
-1.601244211196899414e-01
-1.099915623664855957e+00
-7.075610756874084473e-01
-9.954910278320312500e-01
-1.115817666053771973e+00
-9.281451106071472168e-01
-7.577098608016967773e-01
-4.372342228889465332e-01
-2.197109609842300415e-01
5.889611691236495972e-02
5.425943806767463684e-02
5.191034451127052307e-02
-1.545999050140380859e-01
-3.697896301746368408e-01
-7.687143087387084961e-01
-1.063866376876831055e+00
-1.189588189125061035e+00
-1.372041106224060059e+00
-8.978670239448547363e-01
-8.361240625381469727e-01
-2.445928901433944702e-01
-8.927634917199611664e-03
3.422342538833618164e-01
3.425001800060272217e-01
1.491222232580184937e-01
-4.153218865394592285e-02
-7.358472347259521484e-01
-1.097818613052368164e+00
-1.036150217056274414e+00
-1.034747123718261719e+00
-3.481471836566925049e-01
1.332288682460784912e-01
3.099843263626098633e-01
1.491069048643112183e-01
3.935584798455238342e-02
-6.267240047454833984e-01
-1.060464620590209961e+00
-1.429561972618103027e+00
-2.147162199020385742e+00
-2.808154821395874023e+00
-2.822666883468627930e+00
-6.346070170402526855e-01
2.740738391876220703e+00
2.320362806320190430e+00
-8.758920431137084961e-01
-1.658157944679260254e+00
-1.822896242141723633e+00
-1.664114832878112793e+00
-1.887444019317626953e+00
-1.599366664886474609e+00
3.615085184574127197e-01
1.749951004981994629e+00
2.389625549316406250e+00
1.380649566650390625e+00
-5.332776308059692383e-01
-1.978623509407043457e+00
-2.804837703704833984e+00
-2.625082254409790039e+00
-3.317784667015075684e-01
6.758446693420410156e-01
6.739968061447143555e-02
-2.426800966262817383e+00
-3.456686019897460938e+00
-4.114884734153747559e-01
1.107010960578918457e+00
1.677087545394897461e+00
8.940235972404479980e-01
-2.804519534111022949e-01
-1.684826135635375977e+00
-2.368297576904296875e+00
-2.332079887390136719e+00
-8.765343427658081055e-01
1.638469576835632324e+00
2.926937341690063477e+00
1.965612173080444336e+00
-1.236016526818275452e-01
-1.722832560539245605e+00
-2.644645690917968750e+00
-2.616671085357666016e+00
-1.242463588714599609e+00
-1.415013194084167480e+00
-7.212045788764953613e-01
-8.050478696823120117e-01
-8.869248628616333008e-01
-1.297511339187622070e+00
-1.275661230087280273e+00
-1.281332373619079590e+00
-6.926906704902648926e-01
-3.751904964447021484e-01
-5.665791630744934082e-01
-3.195489645004272461e-01
-4.795062541961669922e-01
-4.382160007953643799e-01
-2.687041759490966797e-01
-3.007673025131225586e-01
-1.613842695951461792e-02
2.378928512334823608e-01
2.572599053382873535e-01
3.397553861141204834e-01
-2.049061208963394165e-01
-5.369040369987487793e-01
-1.320043921470642090e+00
-2.091557741165161133e+00
-1.943421363830566406e+00
-1.618390083312988281e+00
-1.254322767257690430e+00
-1.066619992256164551e+00
-1.151678800582885742e+00
-5.193598866462707520e-01
-8.475655317306518555e-01
-9.206163287162780762e-01
-1.263619184494018555e+00
-1.030116081237792969e+00
-1.105396509170532227e+00
-7.738145589828491211e-01
-2.568445503711700439e-01
1.357202827930450439e-01
5.821650624275207520e-01
3.594510853290557861e-01
1.087819263339042664e-01
-3.564491271972656250e-01
-6.710935235023498535e-01
-1.363479018211364746e+00
-1.634692430496215820e+00
-2.456915855407714844e+00
-1.869746088981628418e+00
-6.701236963272094727e-01
1.696031838655471802e-01
-1.471423953771591187e-01
1.127150189131498337e-02
-6.958144307136535645e-01
-2.148475646972656250e+00
-2.747245073318481445e+00
-2.025012493133544922e+00
-2.660898864269256592e-01
5.147936940193176270e-02
-2.689262330532073975e-01
-7.597565650939941406e-01
-4.169502854347229004e-02
3.422333300113677979e-01
6.892997026443481445e-01
3.859809041023254395e-02
-2.878868281841278076e-01
-1.090653777122497559e+00
-1.768909215927124023e+00
-1.629390478134155273e+00
-1.524284482002258301e+00
-8.830313682556152344e-01
-5.177502632141113281e-01
-1.812588423490524292e-01
-3.423987627029418945e-01
-5.024378299713134766e-01
-5.508769154548645020e-01
-8.329395055770874023e-01
-1.158015370368957520e+00
-4.525236189365386963e-01
-2.220306694507598877e-01
-1.385287195444107056e-01
-3.104698061943054199e-01
-6.764067411422729492e-01
-1.159114003181457520e+00
-1.353717684745788574e+00
-1.360921502113342285e+00
-1.361186742782592773e+00
-1.401077747344970703e+00
-1.333169102668762207e+00
-9.727027416229248047e-01
-9.447481632232666016e-01
-5.348398685455322266e-01
-4.797137081623077393e-01
-6.995123624801635742e-01
-6.800538897514343262e-01
-1.178450226783752441e+00
-1.483089685440063477e+00
-1.233781337738037109e+00
-1.001480340957641602e+00
-9.187967181205749512e-01
-5.125565528869628906e-01
-3.594994246959686279e-01
-5.849881172180175781e-01
-1.174423575401306152e+00
-1.991260170936584473e+00
-2.052818059921264648e+00
-2.023785352706909180e+00
-1.910392761230468750e+00
-1.899314284324645996e+00
-1.530372142791748047e+00
-9.459192156791687012e-01
-3.558328151702880859e-01
-5.085436701774597168e-01
-2.031157612800598145e-01
-8.329853415489196777e-01
-1.347727656364440918e+00
-1.054665446281433105e+00
-1.045737981796264648e+00
-9.409782290458679199e-01
-7.688834667205810547e-01
-3.869967758655548096e-01
-2.193326056003570557e-01
-3.369597494602203369e-01
-7.133846879005432129e-01
-1.515272259712219238e+00
-1.796259641647338867e+00
-1.968511462211608887e+00
-2.341079473495483398e+00
-2.448097229003906250e+00
-2.234122514724731445e+00
-1.855991840362548828e+00
-1.513822674751281738e+00
-1.602908015251159668e+00
-7.880166172981262207e-01
-6.782740950584411621e-01
-5.490496158599853516e-01
-1.069091558456420898e+00
-1.419371604919433594e+00
-1.153859138488769531e+00
-1.171867132186889648e+00
-8.349276781082153320e-01
-5.715437531471252441e-01
-2.267403900623321533e-01
-2.841541916131973267e-02
-2.691661119461059570e-01
-1.338109612464904785e+00
-1.991590619087219238e+00
-2.615268230438232422e+00
-2.293522357940673828e+00
-1.993055820465087891e+00
-1.275987267494201660e+00
-1.144664049148559570e+00
-1.166061639785766602e+00
-1.106723904609680176e+00
-1.020320653915405273e+00
-6.813151836395263672e-01
-7.041568160057067871e-01
-4.123113155364990234e-01
-2.380349785089492798e-01
-4.211506620049476624e-02
-6.670163273811340332e-01
-1.821475505828857422e+00
-2.214170932769775391e+00
-2.243083000183105469e+00
-1.889813542366027832e+00
-1.769500374794006348e+00
-1.515122890472412109e+00
-1.182030200958251953e+00
-1.354523777961730957e+00
-1.749077558517456055e+00
-1.438959956169128418e+00
-5.824966430664062500e-01
8.694998919963836670e-03
-1.622166298329830170e-02
-6.056866049766540527e-01
-1.595900416374206543e+00
-1.872152209281921387e+00
-1.710778832435607910e+00
-1.188994050025939941e+00
-1.152250647544860840e+00
-1.154567718505859375e+00
-1.555644869804382324e+00
-1.947046756744384766e+00
-1.689701199531555176e+00
-1.671385169029235840e+00
-1.230665564537048340e+00
-3.254967927932739258e-01
-8.033375442028045654e-02
-6.154904961585998535e-01
-1.317516803741455078e+00
-1.898712515830993652e+00
-2.231543064117431641e+00
-2.001575231552124023e+00
-7.093003392219543457e-01
-9.498982429504394531e-01
-1.062208175659179688e+00
-1.817631006240844727e+00
-1.998829960823059082e+00
-1.478371977806091309e+00
-1.074551582336425781e+00
-6.360332369804382324e-01
-9.669075608253479004e-01
-9.464482665061950684e-01
-1.822908639907836914e+00
-1.566473245620727539e+00
-1.804111123085021973e+00
-1.583559274673461914e+00
-9.921586513519287109e-01
-8.199424147605895996e-01
-9.232572317123413086e-01
-1.680176138877868652e+00
-1.659175157546997070e+00
-1.301359295845031738e+00
-7.225878238677978516e-01
-8.327555060386657715e-01
-1.321574807167053223e+00
-2.241584539413452148e+00
-2.825386285781860352e+00
-2.612527370452880859e+00
-9.589573740959167480e-01
-1.490461677312850952e-01
-3.754346668720245361e-01
-2.714402437210083008e+00
-3.718426227569580078e+00
1.229584962129592896e-01
1.388839483261108398e+00
2.547068595886230469e-01
-3.554491519927978516e+00
-1.896631836891174316e+00
-1.619496345520019531e-01
-5.423244476318359375e+00
1.719277799129486084e-01
-1.046772301197052002e-01
-2.040464401245117188e+00
-3.087795257568359375e+00
-1.590533375740051270e+00
1.246821165084838867e+00
-7.167798876762390137e-01
-2.855849504470825195e+00
-1.490140438079833984e+00
-8.444558978080749512e-01
-1.182049393653869629e+00
-5.187173366546630859e+00
-1.835996985435485840e+00
4.837116599082946777e-02
-2.415366888046264648e+00
-3.890653610229492188e+00
-1.491356253623962402e+00
2.905825376510620117e-01
-4.430676102638244629e-01
-2.297646760940551758e+00
-1.159698486328125000e+00
-4.202197492122650146e-02
-2.831896781921386719e+00
-2.967407703399658203e+00
-2.206322193145751953e+00
-1.932284712791442871e+00
-1.977621555328369141e+00
-1.980526208877563477e+00
-2.101914644241333008e+00
-1.734755754470825195e+00
-1.198840975761413574e+00
-6.716126799583435059e-01
-5.029780268669128418e-01
-1.494405269622802734e+00
-2.778711318969726562e+00
-2.715808153152465820e+00
-1.883809924125671387e+00
-1.843536376953125000e+00
-1.931970953941345215e+00
-2.153536796569824219e+00
-2.307749986648559570e+00
-2.406674385070800781e+00
-2.071894407272338867e+00
-1.574447989463806152e+00
-1.156598687171936035e+00
-7.427306175231933594e-01
-1.493133902549743652e+00
-2.566895008087158203e+00
-2.675398826599121094e+00
-1.786611557006835938e+00
-1.143670558929443359e+00
-2.020095586776733398e+00
-1.811848282814025879e+00
-2.305417060852050781e+00
-2.714555978775024414e+00
-2.214909315109252930e+00
-1.567345499992370605e+00
-1.818681597709655762e+00
-1.837329506874084473e+00
-2.294823408126831055e+00
-2.356373310089111328e+00
-2.997561931610107422e+00
-1.900510907173156738e+00
-2.091595888137817383e+00
-1.818106532096862793e+00
-2.206310510635375977e+00
-2.646952629089355469e+00
-2.454285144805908203e+00
-2.185122728347778320e+00
-1.684896826744079590e+00
-1.871825695037841797e+00
-2.633749723434448242e+00
-2.714908123016357422e+00
-3.372981548309326172e+00
-2.813794851303100586e+00
-1.949658036231994629e+00
-1.934084296226501465e+00
-2.386750698089599609e+00
-2.669219017028808594e+00
-2.264662981033325195e+00
-2.052647590637207031e+00
-1.809319138526916504e+00
-1.813483595848083496e+00
-2.420353651046752930e+00
-3.134824514389038086e+00
-3.673174142837524414e+00
-3.426433563232421875e+00
-3.512709140777587891e+00
-3.058960914611816406e+00
-2.437550067901611328e+00
-2.436308383941650391e+00
-2.419455528259277344e+00
-2.755613088607788086e+00
-2.246201515197753906e+00
-2.218236207962036133e+00
-1.839130043983459473e+00
-1.394227623939514160e+00
-2.256756544113159180e+00
-3.180073976516723633e+00
-3.583234071731567383e+00
-3.783597469329833984e+00
-3.355325937271118164e+00
-2.809391260147094727e+00
-2.775815725326538086e+00
-2.816321849822998047e+00
-2.337179899215698242e+00
-2.288923025131225586e+00
-2.324632644653320312e+00
-1.655782103538513184e+00
-1.728716254234313965e+00
-1.876703381538391113e+00
-2.948635816574096680e+00
-3.325767755508422852e+00
-3.619474887847900391e+00
-3.257225990295410156e+00
-2.614467859268188477e+00
-3.223566055297851562e+00
-2.491834163665771484e+00
-2.950001239776611328e+00
-3.075809717178344727e+00
-2.883926153182983398e+00
-2.239275932312011719e+00
-1.426803588867187500e+00
-1.778769254684448242e+00
-2.794527530670166016e+00
-2.950325727462768555e+00
-3.285650253295898438e+00
-2.948072910308837891e+00
-3.088613271713256836e+00
-2.892718553543090820e+00
-3.045071601867675781e+00
-3.325877428054809570e+00
-3.376081466674804688e+00
-3.288097620010375977e+00
-2.326925992965698242e+00
-1.726630687713623047e+00
-1.724549770355224609e+00
-2.304744482040405273e+00
-3.112238168716430664e+00
-3.866575002670288086e+00
-3.186355829238891602e+00
-2.694817543029785156e+00
-2.740396738052368164e+00
-2.668121576309204102e+00
-3.323617935180664062e+00
-3.921864032745361328e+00
-3.193894386291503906e+00
-2.906783580780029297e+00
-2.651129961013793945e+00
-2.415018081665039062e+00
-2.776366233825683594e+00
-3.589419364929199219e+00
-3.255353450775146484e+00
-3.687826395034790039e+00
-2.726363658905029297e+00
-2.728499889373779297e+00
-2.414052486419677734e+00
-2.667224884033203125e+00
-2.978117227554321289e+00
-3.337217092514038086e+00
-2.722265481948852539e+00
-2.648912429809570312e+00
-3.172871828079223633e+00
-3.907995939254760742e+00
-4.258707046508789062e+00
-4.031381607055664062e+00
-3.125947952270507812e+00
-2.581994295120239258e+00
-2.853706836700439453e+00
-3.142985343933105469e+00
-3.994799137115478516e+00
-3.589884996414184570e+00
-1.511233329772949219e+00
-1.063028931617736816e+00
-4.600769042968750000e+00
-5.543615341186523438e+00
-2.037903308868408203e+00
-2.105593204498291016e+00
-6.060645580291748047e+00
-4.623138904571533203e+00
-1.402637004852294922e+00
-1.282199740409851074e+00
-5.363152503967285156e+00
-5.565880775451660156e+00
-1.302352190017700195e+00
-2.295626878738403320e+00
-5.005781173706054688e+00
-1.529129862785339355e+00
-1.017575740814208984e+00
-1.975121617317199707e+00
-7.054183959960937500e+00
-3.338278293609619141e+00
-2.913966655731201172e+00
-5.773652076721191406e+00
-3.555904626846313477e+00
-2.183434247970581055e+00
-3.852861166000366211e+00
-3.293614625930786133e+00
-2.704554557800292969e+00
-3.346410989761352539e+00
-2.758372306823730469e+00
-2.747650384902954102e+00
-3.984497070312500000e+00
-3.852180480957031250e+00
-4.623845100402832031e+00
-4.306951999664306641e+00
-4.028895378112792969e+00
-4.031655788421630859e+00
-4.112315654754638672e+00
-4.100143432617187500e+00
-4.401690483093261719e+00
-4.054625034332275391e+00
-3.322811841964721680e+00
-2.457538843154907227e+00
-2.848000526428222656e+00
-3.632782459259033203e+00
-4.637973308563232422e+00
-4.295979022979736328e+00
-4.451133251190185547e+00
-3.865378618240356445e+00
-3.713427305221557617e+00
-4.255266666412353516e+00
-4.132506370544433594e+00
-4.743918418884277344e+00
-4.540652751922607422e+00
-3.592009782791137695e+00
-3.334783077239990234e+00
-2.598737716674804688e+00
-3.291723251342773438e+00
-4.625550270080566406e+00
-4.731000423431396484e+00
-4.422921657562255859e+00
-3.566293478012084961e+00
-3.603832721710205078e+00
-3.811273813247680664e+00
-3.963155746459960938e+00
-4.550916671752929688e+00
-4.560074329376220703e+00
-4.113666534423828125e+00
-3.410157680511474609e+00
-3.666120290756225586e+00
-4.069522857666015625e+00
-4.473999977111816406e+00
-4.285921573638916016e+00
-4.564913272857666016e+00
-4.665984153747558594e+00
-4.242923259735107422e+00
-3.749578952789306641e+00
-4.066672325134277344e+00
-4.398056507110595703e+00
-4.751869678497314453e+00
-4.183310508728027344e+00
-4.004911422729492188e+00
-4.117988586425781250e+00
-4.039288997650146484e+00
-4.787260055541992188e+00
-5.103428363800048828e+00
-5.466809749603271484e+00
-4.508664608001708984e+00
-3.991008758544921875e+00
-4.330736637115478516e+00
-3.950440883636474609e+00
-4.658834934234619141e+00
-4.517360210418701172e+00
-4.536239147186279297e+00
-4.009618282318115234e+00
-3.962221860885620117e+00
-4.558574199676513672e+00
-5.437146663665771484e+00
-5.849357128143310547e+00
-5.985999584197998047e+00
-5.989890098571777344e+00
-5.433816909790039062e+00
-5.139433383941650391e+00
-4.360217571258544922e+00
-4.018907070159912109e+00
-4.873951911926269531e+00
-4.667163372039794922e+00
-4.797834396362304688e+00
-4.068783760070800781e+00
-3.911692380905151367e+00
-4.607456207275390625e+00
-5.605938434600830078e+00
-6.181859016418457031e+00
-5.941028594970703125e+00
-5.888951778411865234e+00
-5.595861434936523438e+00
-5.221893310546875000e+00
-5.209453105926513672e+00
-5.326518058776855469e+00
-5.148363590240478516e+00
-5.073051929473876953e+00
-4.865301609039306641e+00
-4.936273574829101562e+00
-3.866266489028930664e+00
-4.172370910644531250e+00
-4.326496124267578125e+00
-4.851491928100585938e+00
-5.469706535339355469e+00
-5.772881984710693359e+00
-5.762179851531982422e+00
-5.423596382141113281e+00
-5.442112922668457031e+00
-5.502550601959228516e+00
-4.739168643951416016e+00
-5.796512603759765625e+00
-5.435131549835205078e+00
-5.059111118316650391e+00
-4.197613239288330078e+00
-3.956008434295654297e+00
-4.735734939575195312e+00
-5.089274406433105469e+00
-5.599490165710449219e+00
-5.322882652282714844e+00
-6.193096160888671875e+00
-5.323472023010253906e+00
-5.340759754180908203e+00
-5.336941242218017578e+00
-5.351416110992431641e+00
-6.183110237121582031e+00
-5.468972206115722656e+00
-5.503162860870361328e+00
-5.007104396820068359e+00
-4.460292339324951172e+00
-4.854296684265136719e+00
-4.994195938110351562e+00
-6.098783969879150391e+00
-5.740787029266357422e+00
-6.084895610809326172e+00
-5.507320404052734375e+00
-5.105035305023193359e+00
-5.309796333312988281e+00
-5.663374900817871094e+00
-6.677610874176025391e+00
-6.075228214263916016e+00
-5.777533054351806641e+00
-6.236496925354003906e+00
-5.316048622131347656e+00
-5.368874073028564453e+00
-5.279901027679443359e+00
-5.772964954376220703e+00
-5.194287776947021484e+00
-6.332090377807617188e+00
-6.269274711608886719e+00
-4.574414730072021484e+00
-4.078562259674072266e+00
-5.322463989257812500e+00
-7.618097305297851562e+00
-6.886747837066650391e+00
-3.890883207321166992e+00
-5.706592082977294922e+00
-7.287932872772216797e+00
-5.590182304382324219e+00
-4.073001861572265625e+00
-9.632015228271484375e+00
-6.966607570648193359e+00
-4.380733966827392578e+00
-8.597499847412109375e+00
-8.301781654357910156e+00
-4.426386833190917969e+00
-4.439923763275146484e+00
-6.470566272735595703e+00
-8.069643020629882812e+00
-4.262665271759033203e+00
-3.637357711791992188e+00
-5.720488071441650391e+00
-7.294983863830566406e+00
-4.950598239898681641e+00
-5.583512783050537109e+00
-8.847624778747558594e+00
-6.611215114593505859e+00
-4.236021995544433594e+00
-7.097977638244628906e+00
-8.916777610778808594e+00
-3.605546236038208008e+00
-4.007431983947753906e+00
-7.763344287872314453e+00
-8.463861465454101562e+00
-4.481074333190917969e+00
-4.325794219970703125e+00
-8.384366989135742188e+00
-4.783816337585449219e+00
-4.692230224609375000e+00
-8.806298255920410156e+00
-6.860344886779785156e+00
-4.913779735565185547e+00
-9.797819137573242188e+00
-6.237884521484375000e+00
-5.705001354217529297e+00
-7.343134880065917969e+00
-7.902724742889404297e+00
-5.978847026824951172e+00
-5.489413738250732422e+00
-7.036891937255859375e+00
-6.086540222167968750e+00
-5.329913616180419922e+00
-6.111567497253417969e+00
-5.995193481445312500e+00
-6.229440689086914062e+00
-6.801857471466064453e+00
-7.303051471710205078e+00
-8.088521003723144531e+00
-7.994892120361328125e+00
-7.600148677825927734e+00
-7.284742832183837891e+00
-7.224885940551757812e+00
-7.238846302032470703e+00
-7.451142787933349609e+00
-7.338283538818359375e+00
-7.068779468536376953e+00
-7.183060169219970703e+00
-6.459994316101074219e+00
-5.746846675872802734e+00
-5.813158988952636719e+00
-6.140735149383544922e+00
-6.731363773345947266e+00
-7.058695316314697266e+00
-7.342465400695800781e+00
-7.505949497222900391e+00
-7.622648239135742188e+00
-7.340943813323974609e+00
-7.419744968414306641e+00
-7.278961658477783203e+00
-7.802187442779541016e+00
-8.134737014770507812e+00
-8.036026954650878906e+00
-8.141750335693359375e+00
-7.639790534973144531e+00
-7.054473876953125000e+00
-7.454789638519287109e+00
-6.620494365692138672e+00
-6.601162910461425781e+00
-7.052571296691894531e+00
-7.364793300628662109e+00
-7.615759372711181641e+00
-7.500129222869873047e+00
-8.378122329711914062e+00
-6.655354022979736328e+00
-6.738932609558105469e+00
-6.461342334747314453e+00
-7.076831340789794922e+00
-7.850933551788330078e+00
-8.040653228759765625e+00
-7.650955677032470703e+00
-7.295836925506591797e+00
-7.049728870391845703e+00
-7.071185588836669922e+00
-7.405039310455322266e+00
-8.095918655395507812e+00
-8.007885932922363281e+00
-7.966237545013427734e+00
-8.087671279907226562e+00
-8.674853324890136719e+00
-8.277582168579101562e+00
-8.186676979064941406e+00
-8.246179580688476562e+00
-7.758316040039062500e+00
-7.462473869323730469e+00
-7.646391391754150391e+00
-7.620953083038330078e+00
-7.762555122375488281e+00
-7.564371585845947266e+00
-7.885342597961425781e+00
-7.426669597625732422e+00
-7.327485084533691406e+00
-6.891027927398681641e+00
-7.638380050659179688e+00
-8.167962074279785156e+00
-8.075713157653808594e+00
-8.816125869750976562e+00
-8.094842910766601562e+00
-7.732287406921386719e+00
-7.336936950683593750e+00
-8.005351066589355469e+00
-8.417673110961914062e+00
-8.096015930175781250e+00
-8.226961135864257812e+00
-8.050529479980468750e+00
-7.643597126007080078e+00
-7.672640800476074219e+00
-7.853950500488281250e+00
-8.329591751098632812e+00
-9.521502494812011719e+00
-9.648753166198730469e+00
-9.473715782165527344e+00
-9.343362808227539062e+00
-9.013885498046875000e+00
-8.954152107238769531e+00
-8.685927391052246094e+00
-7.775561332702636719e+00
-7.634373664855957031e+00
-8.042107582092285156e+00
-8.522891044616699219e+00
-8.128118515014648438e+00
-8.015126228332519531e+00
-7.506638050079345703e+00
-7.090680599212646484e+00
-8.273945808410644531e+00
