-4.525293827056884766e+00
-2.384287834167480469e+00
-3.070718288421630859e+00
-3.122093915939331055e+00
-2.999591112136840820e+00
-2.814942359924316406e+00
-1.681937932968139648e+00
-4.439868628978729248e-01
-9.837991595268249512e-01
-1.912292599678039551e+00
-2.209916114807128906e+00
-1.941933751106262207e+00
-1.056280493736267090e+00
-1.221171855926513672e+00
-2.320160627365112305e+00
-2.166066884994506836e+00
-1.430457830429077148e+00
-1.535758852958679199e+00
-1.691802740097045898e-01
-7.680560350418090820e-01
-2.542183160781860352e+00
-2.124910593032836914e+00
-1.322529077529907227e+00
-2.597160339355468750e-01
-5.205753445625305176e-02
-1.067011833190917969e+00
-2.406601428985595703e+00
-2.804627895355224609e+00
-1.822757720947265625e+00
-1.810835123062133789e+00
-1.890524387359619141e+00
-2.499701976776123047e+00
-1.760287761688232422e+00
-2.170167684555053711e+00
-1.532990813255310059e+00
-1.203557610511779785e+00
-1.115513324737548828e+00
-2.332325935363769531e+00
-1.675173759460449219e+00
-2.748381853103637695e+00
-2.522691011428833008e+00
-2.094111680984497070e+00
-2.007836103439331055e+00
-1.828172206878662109e+00
-3.061684846878051758e+00
-2.851769208908081055e+00
-2.705628156661987305e+00
-1.552627921104431152e+00
-1.194139838218688965e+00
-1.372867465019226074e+00
-2.500558853149414062e+00
-3.104306697845458984e+00
-2.838642835617065430e+00
-2.223519802093505859e+00
-2.004432439804077148e+00
-2.583326816558837891e+00
-2.351392030715942383e+00
-2.364043951034545898e+00
-7.123419046401977539e-01
-9.605848193168640137e-01
-1.603512883186340332e+00
-2.921833276748657227e+00
-2.491429328918457031e+00
-2.230077028274536133e+00
-1.817034363746643066e+00
-2.059069633483886719e+00
-2.183598041534423828e+00
-1.955272674560546875e+00
-2.490869283676147461e+00
-1.869848489761352539e+00
-1.753866910934448242e+00
-2.306297779083251953e+00
-1.515968203544616699e+00
-1.668294191360473633e+00
-1.414977788925170898e+00
-2.181718111038208008e+00
-2.431039571762084961e+00
-2.909694194793701172e+00
-2.840276479721069336e+00
-2.713309049606323242e+00
-2.329505443572998047e+00
-1.718951821327209473e+00
-2.417112588882446289e+00
-2.526669263839721680e+00
-2.782063484191894531e+00
-3.123209714889526367e+00
-3.211673259735107422e+00
-2.175598859786987305e+00
-1.915975093841552734e+00
-1.534516215324401855e+00
-1.822037696838378906e+00
-3.444196224212646484e+00
-4.217096328735351562e+00
-3.198238611221313477e+00
-2.903264284133911133e+00
-2.397034883499145508e+00
-1.608497500419616699e+00
-2.309166669845581055e+00
-3.196807622909545898e+00
-3.358872413635253906e+00
-3.388140201568603516e+00
-3.341400861740112305e+00
-2.722367286682128906e+00
-1.183619618415832520e+00
-2.546516418457031250e+00
-2.825663566589355469e+00
-3.263129472732543945e+00
-3.391864538192749023e+00
-2.219347238540649414e+00
-2.480618476867675781e+00
-2.133754253387451172e+00
-2.217923402786254883e+00
-2.545266389846801758e+00
-2.765288829803466797e+00
-2.793486118316650391e+00
-3.218988895416259766e+00
-2.417243242263793945e+00
-2.669418334960937500e+00
-2.578571796417236328e+00
-1.308444142341613770e+00
-1.606512665748596191e+00
-2.323858737945556641e+00
-2.475491523742675781e+00
-3.546648502349853516e+00
-2.877682447433471680e+00
-2.587054491043090820e+00
-1.759336709976196289e+00
-2.207066059112548828e+00
-3.091410875320434570e+00
-3.343509912490844727e+00
-2.433562278747558594e+00
-3.029722452163696289e+00
-1.773929119110107422e+00
-8.555098772048950195e-01
-1.829939484596252441e+00
-3.173722743988037109e+00
-2.909823179244995117e+00
-2.036228418350219727e+00
-1.775445580482482910e+00
-1.116168260574340820e+00
-2.566757202148437500e+00
-3.355304241180419922e+00
-2.243075132369995117e+00
-1.941110730171203613e+00
-8.296803236007690430e-01
-1.872217535972595215e+00
-2.451315879821777344e+00
-2.859534978866577148e+00
-2.858667850494384766e+00
-2.156272649765014648e+00
-1.428277254104614258e+00
-2.557965040206909180e+00
-2.773882389068603516e+00
-2.454431533813476562e+00
-3.174370288848876953e+00
-1.955789566040039062e+00
-2.078877449035644531e+00
-1.614163994789123535e+00
-1.068654417991638184e+00
-2.117394685745239258e+00
-1.245566010475158691e+00
-1.800925970077514648e+00
-1.436761736869812012e+00
-1.362616539001464844e+00
-9.629182219505310059e-01
-1.975913405418395996e+00
-2.395441770553588867e+00
-2.784327030181884766e+00
-2.327215671539306641e+00
-5.423850417137145996e-01
-7.219143509864807129e-01
-6.968287229537963867e-01
-3.432120561599731445e+00
-1.089925289154052734e+00
-2.978834629058837891e+00
-3.449774980545043945e-01
-8.860384225845336914e-01
-3.752252817153930664e+00
-1.619109034538269043e+00
-6.185631155967712402e-01
-9.934258460998535156e-01
3.457209467887878418e-01
-2.465412616729736328e+00
-1.897478342056274414e+00
-1.943207144737243652e+00
-1.405795216560363770e+00
-1.894327998161315918e+00
-2.220464944839477539e+00
-1.884841799736022949e+00
-1.709971070289611816e+00
-2.317619800567626953e+00
-1.216810941696166992e+00
-1.091935276985168457e+00
-1.546121478080749512e+00
-2.115676879882812500e+00
-1.994136929512023926e+00
-2.686989784240722656e+00
-2.616225242614746094e+00
-1.829601407051086426e+00
-1.496339082717895508e+00
-1.918029069900512695e+00
-3.531430721282958984e+00
-2.334285020828247070e+00
-2.418479681015014648e+00
-1.321941852569580078e+00
-8.333066701889038086e-01
-2.693100690841674805e+00
-3.804153680801391602e+00
-3.540427207946777344e+00
-4.411322593688964844e+00
-3.880136489868164062e+00
-1.579299211502075195e+00
-1.908898591995239258e+00
-2.231062412261962891e+00
-2.610471725463867188e+00
-1.668725490570068359e+00
-2.064702510833740234e+00
-2.206977844238281250e+00
-2.544090747833251953e+00
-3.086877107620239258e+00
-2.835189819335937500e+00
-2.990318536758422852e+00
-3.321794509887695312e+00
-4.365326404571533203e+00
-3.203969478607177734e+00
-2.202848672866821289e+00
-1.092927932739257812e+00
-2.060180187225341797e+00
-1.077915906906127930e+00
3.673295676708221436e-02
-7.770650982856750488e-01
9.595625996589660645e-01
-1.955929040908813477e+00
-4.281644821166992188e+00
-2.838356494903564453e+00
-3.546350479125976562e+00
-2.215846538543701172e+00
-2.763098001480102539e+00
-3.879873752593994141e+00
-3.206298112869262695e+00
2.487934678792953491e-01
-1.081235885620117188e+00
-3.915995657444000244e-01
-2.358434915542602539e+00
-3.703468561172485352e+00
-2.948248624801635742e+00
-2.641512155532836914e+00
-1.448902726173400879e+00
-9.774837493896484375e-01
-1.865749239921569824e+00
-2.789486646652221680e+00
-2.634978532791137695e+00
-2.375613927841186523e+00
-1.531084656715393066e+00
-2.284218788146972656e+00
-4.034883975982666016e+00
-2.903031349182128906e+00
-2.826074361801147461e+00
-1.654556870460510254e+00
-2.440308809280395508e+00
-2.936070919036865234e+00
-2.993304491043090820e+00
-3.734559297561645508e+00
-3.365149736404418945e+00
-3.474429845809936523e+00
-2.459148168563842773e+00
-2.297464132308959961e+00
-2.893002033233642578e+00
-1.508788347244262695e+00
-1.341727495193481445e+00
-1.223712682723999023e+00
-2.093672275543212891e+00
-2.682617425918579102e+00
-3.290169477462768555e+00
-3.128773927688598633e+00
-3.365874290466308594e+00
-2.092698574066162109e+00
-2.372266530990600586e+00
-1.861146807670593262e+00
-3.491001605987548828e+00
-2.349683046340942383e+00
-2.888671636581420898e+00
-1.333927392959594727e+00
-1.658146619796752930e+00
-1.908846974372863770e+00
-2.793477058410644531e+00
-3.308207511901855469e+00
-3.365857601165771484e+00
-2.684597015380859375e+00
-1.985912322998046875e+00
-6.962857842445373535e-01
-2.201626300811767578e+00
-1.423919200897216797e+00
-2.961844682693481445e+00
-1.728996515274047852e+00
-8.064281940460205078e-01
-1.879441738128662109e+00
-2.585880041122436523e+00
-2.444635391235351562e+00
-2.911640882492065430e+00
-2.060160398483276367e+00
-1.317189693450927734e+00
-1.318261384963989258e+00
-2.431218147277832031e+00
-1.694514989852905273e+00
-1.708601355552673340e+00
-2.521978855133056641e+00
-1.599038720130920410e+00
-1.788113713264465332e+00
-2.168548583984375000e+00
-3.142641067504882812e+00
-2.592205286026000977e+00
-2.287096261978149414e+00
-1.689618229866027832e+00
-1.319691538810729980e+00
-1.504408001899719238e+00
-1.872046351432800293e+00
-3.115848541259765625e+00
-2.436159372329711914e+00
-1.618568181991577148e+00
-1.126869440078735352e+00
-1.336160898208618164e+00
-2.738422393798828125e+00
-2.849284887313842773e+00
-3.043558359146118164e+00
-3.127186536788940430e+00
-2.466209650039672852e+00
-2.667651653289794922e+00
-1.759300231933593750e+00
-1.423362135887145996e+00
-6.434766054153442383e-01
-1.851105928421020508e+00
-1.405063748359680176e+00
-1.522950172424316406e+00
-1.746666669845581055e+00
-2.164610624313354492e+00
-2.723639011383056641e+00
-2.775537967681884766e+00
-2.604662656784057617e+00
-2.305517911911010742e+00
-2.649866819381713867e+00
-2.277724266052246094e+00
-1.780187487602233887e+00
-1.247078657150268555e+00
-4.982118010520935059e-01
-5.567891001701354980e-01
5.409973859786987305e-02
-8.654401302337646484e-01
-1.000458598136901855e+00
-1.946833848953247070e+00
-2.030345678329467773e+00
-2.282735347747802734e+00
-1.729057073593139648e+00
-2.454997777938842773e+00
-1.799548625946044922e+00
-2.212395191192626953e+00
-1.867006301879882812e+00
-2.114312648773193359e+00
-1.959132790565490723e+00
-2.536329030990600586e+00
-2.495550394058227539e+00
-1.959449291229248047e+00
-1.736700057983398438e+00
-2.433096885681152344e+00
-2.824161291122436523e+00
-1.659093499183654785e+00
-2.116309404373168945e+00
-1.699193835258483887e+00
-1.589746117591857910e+00
-2.116177797317504883e+00
-1.404015183448791504e+00
-1.702298045158386230e+00
-1.703857183456420898e+00
-8.780592083930969238e-01
-1.886656641960144043e+00
-1.937847375869750977e+00
-1.634099245071411133e+00
-2.369454145431518555e+00
-2.164930820465087891e+00
-2.559077978134155273e+00
-3.201858758926391602e+00
-3.335768699645996094e+00
-3.115339279174804688e+00
-3.295635700225830078e+00
-2.956871271133422852e+00
-3.111126422882080078e+00
-2.472061634063720703e+00
-1.932323932647705078e+00
-2.189174413681030273e+00
-2.403967380523681641e+00
-1.883398771286010742e+00
-3.279880523681640625e+00
-3.316211938858032227e+00
-2.177896261215209961e+00
-2.013402700424194336e+00
-1.243919849395751953e+00
-8.471218347549438477e-01
-1.184724688529968262e+00
-1.218734145164489746e+00
-2.584246397018432617e+00
-3.123188495635986328e+00
-3.280410051345825195e+00
-3.826376676559448242e+00
-3.629675865173339844e+00
-3.028155326843261719e+00
-2.958105087280273438e+00
-2.301090955734252930e+00
-2.146347522735595703e+00
-2.522500991821289062e+00
-2.343917846679687500e+00
-3.196773529052734375e+00
-2.565287113189697266e+00
-1.559174656867980957e+00
-7.578353881835937500e-01
-2.233880519866943359e+00
-2.790293931961059570e+00
-3.077787637710571289e+00
-2.826730012893676758e+00
-2.484862565994262695e+00
-2.493483066558837891e+00
-2.444866180419921875e+00
-2.024529933929443359e+00
-1.832075357437133789e+00
-2.702378511428833008e+00
-1.509549260139465332e+00
-1.719767451286315918e+00
-2.015626668930053711e+00
-2.540681600570678711e+00
-4.159234046936035156e+00
-4.795930862426757812e+00
-4.309792518615722656e+00
-3.307938337326049805e+00
-2.081055164337158203e+00
4.126012325286865234e-02
-1.846408724784851074e+00
-2.633500099182128906e+00
-3.530036926269531250e+00
-2.959869146347045898e+00
-1.011655569076538086e+00
-2.103884696960449219e+00
-1.960052132606506348e+00
-2.605303525924682617e+00
-3.634284496307373047e+00
-3.354921102523803711e+00
-2.247565031051635742e+00
-1.646633625030517578e+00
-4.084475994110107422e+00
-3.180310487747192383e+00
-3.630305290222167969e+00
-3.645890474319458008e+00
-2.222748279571533203e+00
-2.181176424026489258e+00
-3.005238533020019531e+00
-3.344823122024536133e+00
-4.809620380401611328e+00
-4.475609302520751953e+00
-3.915529012680053711e+00
-3.233539819717407227e+00
-3.645110845565795898e+00
-3.804583072662353516e+00
-4.049133300781250000e+00
-4.077746391296386719e+00
-3.504907608032226562e+00
-4.350169181823730469e+00
-4.599695205688476562e+00
-4.632727622985839844e+00
-4.608275890350341797e+00
-4.168783664703369141e+00
-3.763772964477539062e+00
-4.432943820953369141e+00
-4.028173446655273438e+00
-4.612837791442871094e+00
-4.190428733825683594e+00
-4.445239067077636719e+00
-4.145536422729492188e+00
-3.826426029205322266e+00
-4.027299880981445312e+00
-3.382536172866821289e+00
-2.797504663467407227e+00
-3.335946083068847656e+00
-3.426655054092407227e+00
-3.793880462646484375e+00
-4.361829757690429688e+00
-3.898980140686035156e+00
-3.279153823852539062e+00
-1.965002298355102539e+00
-1.795103311538696289e+00
-3.365348815917968750e+00
-3.587533473968505859e+00
-3.893501281738281250e+00
-2.057806491851806641e+00
-1.629932045936584473e+00
-9.271737337112426758e-01
-2.241177558898925781e+00
-1.583777546882629395e+00
-3.189948320388793945e+00
-2.220475196838378906e+00
-2.458182096481323242e+00
-2.806828975677490234e+00
-1.992736577987670898e+00
-2.015063762664794922e+00
-2.639779090881347656e+00
-2.946776390075683594e+00
-3.111819505691528320e+00
-3.285768747329711914e+00
-3.494219779968261719e+00
-3.254011154174804688e+00
-2.924880266189575195e+00
-1.770618796348571777e+00
-2.208040952682495117e+00
-1.797876477241516113e+00
-2.145195722579956055e+00
-1.147528290748596191e+00
-2.328150749206542969e+00
-1.824273109436035156e+00
-1.852640986442565918e+00
-2.654102563858032227e+00
-2.204269170761108398e+00
-2.973170042037963867e+00
-2.928004264831542969e+00
-2.780171871185302734e+00
-2.397461414337158203e+00
-2.338558912277221680e+00
-2.143040657043457031e+00
-2.465967178344726562e+00
-2.590665817260742188e+00
-2.525232076644897461e+00
-2.366418838500976562e+00
-3.062669277191162109e+00
-3.118513107299804688e+00
-3.078200817108154297e+00
-2.077934503555297852e+00
-1.795513987541198730e+00
-1.714660048484802246e+00
-1.657222509384155273e+00
-1.456008791923522949e+00
-1.067013859748840332e+00
-1.161956667900085449e+00
-1.586023569107055664e+00
-1.749739289283752441e+00
-1.594040513038635254e+00
-2.048788785934448242e+00
-2.602289438247680664e+00
-2.411168575286865234e+00
-2.859577417373657227e+00
-2.927677869796752930e+00
-2.325889348983764648e+00
-1.752724528312683105e+00
-2.424433469772338867e+00
-1.526992440223693848e+00
-1.518167018890380859e+00
-2.198256731033325195e+00
-2.052368879318237305e+00
-2.291359901428222656e+00
-3.248089313507080078e+00
-3.101345300674438477e+00
-3.962596654891967773e+00
-3.309551715850830078e+00
-3.026585340499877930e+00
-2.314721584320068359e+00
-1.711256980895996094e+00
-1.038533926010131836e+00
-1.399237155914306641e+00
-1.686610102653503418e+00
-1.658756971359252930e+00
-2.422755718231201172e+00
-2.647795438766479492e+00
-3.059720516204833984e+00
-2.924021005630493164e+00
-2.624201059341430664e+00
-2.261593818664550781e+00
-2.022911310195922852e+00
-1.522596478462219238e+00
-1.318518519401550293e+00
-1.119499564170837402e+00
-1.261186242103576660e+00
-1.777699351310729980e+00
-1.713930487632751465e+00
-2.266631364822387695e+00
-3.605687856674194336e+00
-3.006150960922241211e+00
-2.642285585403442383e+00
-2.407673358917236328e+00
-2.664408683776855469e+00
-2.368299245834350586e+00
-2.331666231155395508e+00
-2.934645891189575195e+00
-2.498224258422851562e+00
-2.608623266220092773e+00
-2.519353866577148438e+00
-2.883661031723022461e+00
-2.853687524795532227e+00
-2.026330947875976562e+00
-2.693818569183349609e+00
-2.627173185348510742e+00
-2.304772615432739258e+00
-2.412989139556884766e+00
-2.375549316406250000e+00
-2.599588394165039062e+00
-1.342529654502868652e+00
-1.154791831970214844e+00
-1.561802744865417480e+00
-1.759300231933593750e+00
-1.131762027740478516e+00
-2.002226114273071289e+00
-2.580434083938598633e+00
-1.939758658409118652e+00
-3.519356489181518555e+00
-3.100047349929809570e+00
-2.978776931762695312e+00
-3.166806459426879883e+00
-3.069990634918212891e+00
-2.415132522583007812e+00
-2.457234621047973633e+00
-2.220319032669067383e+00
-2.247184038162231445e+00
-2.687408208847045898e+00
-1.965426564216613770e+00
-2.642569541931152344e+00
-2.558922052383422852e+00
-3.003778457641601562e+00
-1.874865412712097168e+00
-2.886214494705200195e+00
-2.405277967453002930e+00
-1.541760921478271484e+00
-1.677992463111877441e+00
-1.008738636970520020e+00
-1.709234476089477539e+00
-1.552380442619323730e+00
-2.668161630630493164e+00
-2.666661262512207031e+00
-3.100787162780761719e+00
-3.304188013076782227e+00
-3.815090656280517578e+00
-3.101436614990234375e+00
-3.494229793548583984e+00
-2.988557815551757812e+00
-2.686764240264892578e+00
-2.422721385955810547e+00
-2.307484149932861328e+00
-2.604878187179565430e+00
-2.179688930511474609e+00
-3.531256914138793945e+00
-2.837552309036254883e+00
-2.781623840332031250e+00
-3.799703121185302734e+00
-3.359107017517089844e+00
-2.925890922546386719e+00
-1.875370502471923828e+00
-2.524651288986206055e+00
-2.250004291534423828e+00
-1.173092961311340332e+00
-1.123257040977478027e+00
-1.827149152755737305e+00
-2.330853700637817383e+00
-2.591286659240722656e+00
-2.628757715225219727e+00
-3.200775623321533203e+00
-3.154826879501342773e+00
-2.888033628463745117e+00
-2.619667291641235352e+00
-2.275768518447875977e+00
-2.059357643127441406e+00
-2.316748142242431641e+00
-2.801780223846435547e+00
-1.833690643310546875e+00
-3.029640674591064453e+00
-2.889009237289428711e+00
-2.847260236740112305e+00
-3.065446853637695312e+00
-2.806541442871093750e+00
-2.544271230697631836e+00
-2.850395441055297852e+00
-3.321197271347045898e+00
-3.230346918106079102e+00
-3.553876638412475586e+00
-2.790409326553344727e+00
-2.061484336853027344e+00
-2.257340192794799805e+00
-2.585844278335571289e+00
-2.401682615280151367e+00
-2.212764263153076172e+00
-2.433533430099487305e+00
-2.607543706893920898e+00
-2.975718259811401367e+00
-2.784698486328125000e+00
-3.743101596832275391e+00
-3.957965373992919922e+00
-3.524247169494628906e+00
-3.968738555908203125e+00
-3.731419324874877930e+00
-3.036591529846191406e+00
-3.182786226272583008e+00
-3.601571083068847656e+00
-3.169470548629760742e+00
-2.836699724197387695e+00
-2.463600397109985352e+00
-2.179270029067993164e+00
-2.744653940200805664e+00
-3.170528888702392578e+00
-2.911390304565429688e+00
-3.721776485443115234e+00
-3.632155179977416992e+00
-3.883856773376464844e+00
-4.090467453002929688e+00
-3.640047550201416016e+00
-3.715539455413818359e+00
-3.781914472579956055e+00
-3.355344295501708984e+00
-2.950306653976440430e+00
-2.327692508697509766e+00
-2.256728410720825195e+00
-1.385749816894531250e+00
-2.018918752670288086e+00
-1.904279589653015137e+00
-2.247958898544311523e+00
-1.949339389801025391e+00
-3.270684719085693359e+00
-2.186488628387451172e+00
-3.255255937576293945e+00
-2.739681720733642578e+00
-2.345475435256958008e+00
-2.939766645431518555e+00
-2.576350927352905273e+00
-2.880613803863525391e+00
-2.763319253921508789e+00
-2.718711376190185547e+00
-2.371681451797485352e+00
-2.786417484283447266e+00
-2.108991622924804688e+00
-3.306835412979125977e+00
-4.088518619537353516e+00
-3.608513355255126953e+00
-3.776401519775390625e+00
-4.262248516082763672e+00
-4.561785697937011719e+00
-4.460639476776123047e+00
-3.986589670181274414e+00
-3.037472486495971680e+00
-3.375445842742919922e+00
-2.823495149612426758e+00
-1.512702345848083496e+00
-1.717856168746948242e+00
-1.352359533309936523e+00
-2.756537675857543945e+00
-2.999100923538208008e+00
-2.032462596893310547e+00
-2.202669382095336914e+00
-3.221732378005981445e+00
-3.509064197540283203e+00
-3.421648979187011719e+00
-3.169419527053833008e+00
-3.251331329345703125e+00
-3.228754758834838867e+00
-3.171318769454956055e+00
-3.250560045242309570e+00
-2.886447668075561523e+00
-3.130862951278686523e+00
-3.071995496749877930e+00
-3.645637750625610352e+00
-3.493431091308593750e+00
-3.152743101119995117e+00
-3.738137245178222656e+00
-3.983252763748168945e+00
-3.559090375900268555e+00
-3.281866073608398438e+00
-3.672003746032714844e+00
-3.962052822113037109e+00
-4.639228343963623047e+00
-3.532040834426879883e+00
-3.858713388442993164e+00
-3.364091157913208008e+00
-3.443670988082885742e+00
-3.181573867797851562e+00
-2.831840276718139648e+00
-1.834298014640808105e+00
-2.157170534133911133e+00
-1.403945922851562500e+00
-2.802244663238525391e+00
-1.241539955139160156e+00
-1.252351045608520508e+00
-1.891033768653869629e+00
-2.417186260223388672e+00
-2.481199264526367188e+00
-3.225239276885986328e+00
-3.684756278991699219e+00
-3.644823074340820312e+00
-3.631492376327514648e+00
-3.612481594085693359e+00
-3.714820146560668945e+00
-3.387167692184448242e+00
-3.572127342224121094e+00
-2.812175750732421875e+00
-2.699613094329833984e+00
-3.364778041839599609e+00
-3.697881698608398438e+00
-3.035703897476196289e+00
-2.906697273254394531e+00
-3.266713857650756836e+00
-3.731586694717407227e+00
-3.208966016769409180e+00
-3.707638502120971680e+00
-2.813241958618164062e+00
-3.069741487503051758e+00
-3.317410945892333984e+00
-2.002022743225097656e+00
-1.642784953117370605e+00
-1.498773813247680664e+00
-1.246256351470947266e+00
-2.316521406173706055e+00
-2.133900165557861328e+00
-2.970982313156127930e+00
-3.550653457641601562e+00
-3.465270757675170898e+00
-3.580630302429199219e+00
-3.642495393753051758e+00
-3.476782798767089844e+00
-3.100262880325317383e+00
-3.093183517456054688e+00
-2.115337371826171875e+00
-1.903792142868041992e+00
-1.167206406593322754e+00
-2.175515651702880859e+00
-2.015476465225219727e+00
-2.390275239944458008e+00
-3.138586521148681641e+00
-2.290302276611328125e+00
-2.611966133117675781e+00
-3.418700456619262695e+00
-3.122221231460571289e+00
-3.081299304962158203e+00
-2.073387145996093750e+00
-2.431411743164062500e+00
-1.628842711448669434e+00
-9.836310744285583496e-01
-1.430128693580627441e+00
-1.481134295463562012e+00
-1.766884088516235352e+00
-2.024224519729614258e+00
-2.463936805725097656e+00
-2.955639123916625977e+00
-2.843471050262451172e+00
-2.164077520370483398e+00
-2.113638877868652344e+00
-2.401207447052001953e+00
-1.941292643547058105e+00
-2.461515188217163086e+00
-2.100013971328735352e+00
-2.080804347991943359e+00
-2.533918619155883789e+00
-2.091089010238647461e+00
-2.373473882675170898e+00
-1.844200015068054199e+00
-2.773612022399902344e+00
-2.268765926361083984e+00
-2.587753295898437500e+00
-2.933029413223266602e+00
-2.807280302047729492e+00
-2.928190946578979492e+00
-2.364968299865722656e+00
-1.845750808715820312e+00
-1.714257717132568359e+00
-2.426211595535278320e+00
-2.105303764343261719e+00
-2.767810583114624023e+00
-2.604919910430908203e+00
-2.466616630554199219e+00
-2.993263244628906250e+00
-3.321251392364501953e+00
-2.180973529815673828e+00
-2.400884151458740234e+00
-1.977435946464538574e+00
-1.715581417083740234e+00
-2.461688041687011719e+00
-2.309641838073730469e+00
-2.187950134277343750e+00
-3.049367904663085938e+00
-3.219273328781127930e+00
-3.571602582931518555e+00
-3.517015457153320312e+00
-3.155624866485595703e+00
-2.416257619857788086e+00
-1.367406129837036133e+00
-1.375063538551330566e+00
-2.114910364151000977e+00
-1.733503460884094238e+00
-2.278327941894531250e+00
-3.110306262969970703e+00
-2.419509410858154297e+00
-2.393586158752441406e+00
-1.891992807388305664e+00
-1.661777138710021973e+00
-2.256239175796508789e+00
-9.170989990234375000e-01
-1.038327932357788086e+00
-1.179018020629882812e+00
-2.154235601425170898e+00
-2.544738292694091797e+00
-3.095802783966064453e+00
-3.536940813064575195e+00
-3.652574300765991211e+00
-1.884923100471496582e+00
-2.482335329055786133e+00
-2.369765520095825195e+00
-1.615023016929626465e+00
-1.605747103691101074e+00
-2.067323923110961914e+00
-1.937267780303955078e+00
-3.253421068191528320e+00
-2.985494136810302734e+00
-2.873919963836669922e+00
-2.579305171966552734e+00
-2.916925191879272461e+00
-1.747038722038269043e+00
-1.947334766387939453e+00
-2.119892597198486328e+00
-2.530770301818847656e+00
-2.476054668426513672e+00
-2.782200574874877930e+00
-2.833072185516357422e+00
-3.267305612564086914e+00
-3.284558534622192383e+00
-3.799675464630126953e+00
-3.469819068908691406e+00
-2.788166761398315430e+00
-2.946464538574218750e+00
-2.479103326797485352e+00
-2.758187770843505859e+00
-3.619089126586914062e+00
-3.238746881484985352e+00
-1.936188817024230957e+00
-1.392048954963684082e+00
-1.467058539390563965e+00
-2.575836181640625000e+00
-2.374494314193725586e+00
-2.336341381072998047e+00
-1.975583791732788086e+00
-3.042950868606567383e+00
-2.775290250778198242e+00
-2.957221984863281250e+00
-3.483342170715332031e+00
-3.710647106170654297e+00
-3.490320682525634766e+00
-3.087905168533325195e+00
-2.976579189300537109e+00
-2.621208190917968750e+00
-2.504630804061889648e+00
-1.832687735557556152e+00
-1.256915211677551270e+00
-2.134425163269042969e+00
-2.556777238845825195e+00
-2.748739480972290039e+00
-2.643151283264160156e+00
-3.624878168106079102e+00
-3.926010131835937500e+00
-2.390559434890747070e+00
-3.518164396286010742e+00
-3.095413923263549805e+00
-3.341670989990234375e+00
-2.767246007919311523e+00
-2.729321479797363281e+00
-2.089035749435424805e+00
-1.990771770477294922e+00
-2.231404781341552734e+00
-2.369137287139892578e+00
-2.613920450210571289e+00
-2.427679538726806641e+00
-2.828342914581298828e+00
-3.346479654312133789e+00
-3.375122308731079102e+00
-3.289428234100341797e+00
-3.429587364196777344e+00
-3.988188982009887695e+00
-3.642407894134521484e+00
-3.115656852722167969e+00
-2.499624013900756836e+00
-2.089522600173950195e+00
-2.513151645660400391e+00
-2.704747438430786133e+00
-2.066519260406494141e+00
-2.860068798065185547e+00
-3.012469291687011719e+00
-3.367057800292968750e+00
-2.572159528732299805e+00
-2.739138364791870117e+00
-3.588514566421508789e+00
-3.963101387023925781e+00
-3.329066038131713867e+00
-3.452667951583862305e+00
-2.998739004135131836e+00
-2.454419136047363281e+00
-2.501336574554443359e+00
-2.532969236373901367e+00
-1.797237277030944824e+00
-1.942469835281372070e+00
-2.467063188552856445e+00
-2.706936597824096680e+00
-2.620021820068359375e+00
-3.218849420547485352e+00
-3.679600238800048828e+00
-3.657225131988525391e+00
-3.356818437576293945e+00
-3.300890922546386719e+00
-2.691098213195800781e+00
-3.571959495544433594e+00
-2.730183362960815430e+00
-2.113381624221801758e+00
-2.091863632202148438e+00
-2.555618047714233398e+00
-2.896758079528808594e+00
-2.288372039794921875e+00
-3.371299982070922852e+00
-2.285042285919189453e+00
-2.148468971252441406e+00
-1.692165374755859375e+00
-2.740723609924316406e+00
-3.683506011962890625e+00
-3.279267311096191406e+00
-3.161053895950317383e+00
-3.627767086029052734e+00
-3.684267520904541016e+00
-3.394565105438232422e+00
-2.804179430007934570e+00
-2.812967061996459961e+00
-2.573825836181640625e+00
-2.691866397857666016e+00
-2.345815181732177734e+00
-3.049731969833374023e+00
-3.308240413665771484e+00
-3.028148174285888672e+00
-3.359300851821899414e+00
-3.802820205688476562e+00
-3.868363142013549805e+00
-3.362123012542724609e+00
-3.328519582748413086e+00
-3.030057191848754883e+00
-3.316728115081787109e+00
-3.193639516830444336e+00
-1.599053859710693359e+00
-2.272014617919921875e+00
-2.934336900711059570e+00
-2.744818925857543945e+00
-3.523041486740112305e+00
-2.943130016326904297e+00
-3.928131580352783203e+00
-4.089038372039794922e+00
-4.367853641510009766e+00
-4.168827533721923828e+00
-4.206438541412353516e+00
-3.751047372817993164e+00
-4.041208267211914062e+00
-3.634555578231811523e+00
-2.667981863021850586e+00
-2.620294809341430664e+00
-2.194879531860351562e+00
-2.287470579147338867e+00
-3.000114917755126953e+00
-2.883814334869384766e+00
-3.853782415390014648e+00
-3.098843097686767578e+00
-3.676698684692382812e+00
-3.620706796646118164e+00
-4.588754177093505859e+00
-3.753573656082153320e+00
-4.394354820251464844e+00
-3.164477348327636719e+00
-2.744385719299316406e+00
-2.740248918533325195e+00
-2.856434822082519531e+00
-2.610996007919311523e+00
-2.268587589263916016e+00
-2.913823843002319336e+00
-3.343533754348754883e+00
-3.636633634567260742e+00
-3.842165946960449219e+00
-3.877297401428222656e+00
-4.349331378936767578e+00
-4.366269111633300781e+00
-4.605431079864501953e+00
-4.438339710235595703e+00
-3.576876401901245117e+00
-3.009255886077880859e+00
-3.679171085357666016e+00
-2.676609516143798828e+00
-3.082540512084960938e+00
-1.878319978713989258e+00
-2.876515388488769531e+00
-3.402516841888427734e+00
-2.515881538391113281e+00
-2.350648403167724609e+00
-3.622010946273803711e+00
-4.335287570953369141e+00
-4.335769176483154297e+00
-3.748442411422729492e+00
-3.211567401885986328e+00
-3.357967376708984375e+00
-2.916035890579223633e+00
-2.728478908538818359e+00
-3.150649785995483398e+00
-3.787386894226074219e+00
-3.361161470413208008e+00
-3.205544471740722656e+00
-3.587243556976318359e+00
-3.608027696609497070e+00
-4.258243560791015625e+00
-3.759800195693969727e+00
-3.543760061264038086e+00
-3.622452974319458008e+00
-3.588729619979858398e+00
-3.566081762313842773e+00
-2.775928974151611328e+00
-3.056014537811279297e+00
-4.287926197052001953e+00
-3.605833768844604492e+00
-3.187826871871948242e+00
-2.240173578262329102e+00
-2.394351720809936523e+00
-2.449839591979980469e+00
-2.807887554168701172e+00
-2.700996637344360352e+00
-2.635771274566650391e+00
-3.270022630691528320e+00
-3.551040887832641602e+00
-3.198198080062866211e+00
-3.445088863372802734e+00
-4.043431758880615234e+00
-3.888503313064575195e+00
-3.964510440826416016e+00
-4.186064243316650391e+00
-4.252733230590820312e+00
-3.586588382720947266e+00
-3.156910419464111328e+00
-3.106167554855346680e+00
-3.051711559295654297e+00
-3.402735471725463867e+00
-2.771715402603149414e+00
-3.690995216369628906e+00
-3.464349985122680664e+00
-3.610746383666992188e+00
-3.142461538314819336e+00
-4.455271244049072266e+00
-2.876096010208129883e+00
-3.172412633895874023e+00
-3.697659492492675781e+00
-3.041096687316894531e+00
-3.136667490005493164e+00
-1.501785874366760254e+00
-1.878131985664367676e+00
-2.657121181488037109e+00
-3.304140090942382812e+00
-3.322412490844726562e+00
-3.710019350051879883e+00
-4.617897510528564453e+00
-4.456715583801269531e+00
-4.552137374877929688e+00
-4.493965625762939453e+00
-4.510288238525390625e+00
-4.161555290222167969e+00
-3.076931476593017578e+00
-3.142501354217529297e+00
-3.660828590393066406e+00
-3.407126188278198242e+00
-2.157039880752563477e+00
-3.319217920303344727e+00
-3.677634716033935547e+00
-3.358070135116577148e+00
-3.041777133941650391e+00
-4.040598392486572266e+00
-4.393800735473632812e+00
-3.249575376510620117e+00
-1.919549345970153809e+00
-2.656668901443481445e+00
-3.977918624877929688e+00
-3.035480260848999023e+00
-2.630125045776367188e+00
-3.736886739730834961e+00
-3.615905046463012695e+00
-2.927650690078735352e+00
-3.481756925582885742e+00
-2.936117172241210938e+00
-3.015303850173950195e+00
-2.403719425201416016e+00
-2.537956476211547852e+00
-3.387337446212768555e+00
-3.186905622482299805e+00
-2.177892208099365234e+00
-2.696555852890014648e+00
-3.540590047836303711e+00
-3.585964918136596680e+00
-2.102356672286987305e+00
-1.750608801841735840e+00
-2.450427293777465820e+00
-3.480574369430541992e+00
-1.649241328239440918e+00
-2.236683368682861328e+00
-3.033172845840454102e+00
-3.892222642898559570e+00
-2.785530805587768555e+00
-2.266072034835815430e+00
-2.662202358245849609e+00
-2.561723470687866211e+00
-3.253273248672485352e+00
-2.597875595092773438e+00
-3.107038736343383789e+00
-3.785732269287109375e+00
-3.660429000854492188e+00
-3.371195554733276367e+00
-2.835922002792358398e+00
-2.649926662445068359e+00
-2.653185129165649414e+00
-2.929976940155029297e+00
-3.044047117233276367e+00
-3.733495950698852539e+00
-2.339390039443969727e+00
-2.520947694778442383e+00
-3.837265491485595703e+00
-2.766747713088989258e+00
-1.358982443809509277e+00
-2.557535886764526367e+00
-4.154958724975585938e+00
-4.387807846069335938e+00
-2.591698646545410156e+00
-2.196872949600219727e+00
-2.405130147933959961e+00
-2.717625141143798828e+00
-3.469953536987304688e+00
-2.690472602844238281e+00
-2.376464366912841797e+00
-2.914016246795654297e+00
-4.098935127258300781e+00
-4.870000839233398438e+00
-3.475021839141845703e+00
-1.886069536209106445e+00
-2.739030599594116211e+00
-2.368284463882446289e+00
-2.375227212905883789e+00
-3.111969470977783203e+00
-3.789654970169067383e+00
-4.182790279388427734e+00
-3.150010824203491211e+00
-3.191795587539672852e+00
-4.590303897857666016e+00
-5.811820983886718750e+00
-4.386102199554443359e+00
-3.996629476547241211e+00
-3.347456455230712891e+00
-3.440767288208007812e+00
-2.937079668045043945e+00
-4.253107070922851562e+00
-6.460726737976074219e+00
-5.424723148345947266e+00
-4.055953979492187500e+00
-2.667470932006835938e+00
-3.556285142898559570e+00
-3.033518552780151367e+00
-3.312915325164794922e+00
-4.434605121612548828e+00
-3.520957708358764648e+00
-2.844478607177734375e+00
-4.250779151916503906e+00
-5.236624717712402344e+00
-6.203732013702392578e+00
-4.647533893585205078e+00
-4.394329071044921875e+00
-4.400071144104003906e+00
-3.943976640701293945e+00
-4.946775436401367188e+00
-5.159368515014648438e+00
-4.873623847961425781e+00
-5.439872741699218750e+00
-4.868692398071289062e+00
-5.052694797515869141e+00
-5.252242088317871094e+00
-5.455102920532226562e+00
-5.738053321838378906e+00
-5.528563022613525391e+00
-6.285150051116943359e+00
-5.878500938415527344e+00
-5.777214050292968750e+00
-5.421398639678955078e+00
-5.531596183776855469e+00
-5.085394859313964844e+00
-5.017143726348876953e+00
-5.669008255004882812e+00
-6.235601425170898438e+00
-6.456964492797851562e+00
-6.761326789855957031e+00
-6.688359737396240234e+00
-6.893413066864013672e+00
-6.572385311126708984e+00
-6.379689693450927734e+00
-6.362651824951171875e+00
-6.816144943237304688e+00
-6.390976428985595703e+00
-7.085604190826416016e+00
-6.530879020690917969e+00
-6.558697223663330078e+00
-7.073870182037353516e+00
-5.707936286926269531e+00
-5.530126094818115234e+00
-5.586281776428222656e+00
-6.018976688385009766e+00
-7.456244945526123047e+00
-7.395517826080322266e+00
-7.027925491333007812e+00
-7.211606979370117188e+00
-6.650973320007324219e+00
-6.637804985046386719e+00
-6.443665027618408203e+00
-6.754941463470458984e+00
-6.311927318572998047e+00
-7.289186477661132812e+00
-6.919613361358642578e+00
-7.049118518829345703e+00
-6.388811588287353516e+00
-5.891499519348144531e+00
-5.411936283111572266e+00
-5.420398712158203125e+00
-5.932673931121826172e+00
-7.182814598083496094e+00
-7.337748050689697266e+00
-7.559813022613525391e+00
-7.619810581207275391e+00
-7.342580318450927734e+00
-7.244862556457519531e+00
-7.730376720428466797e+00
-7.905889034271240234e+00
-7.752840518951416016e+00
-7.444360256195068359e+00
-6.468581676483154297e+00
-7.297451496124267578e+00
-6.918146133422851562e+00
-6.871307849884033203e+00
-6.866653919219970703e+00
-6.811680793762207031e+00
-6.939157009124755859e+00
-7.109897613525390625e+00
-6.823738574981689453e+00
-6.758542060852050781e+00
-6.416033267974853516e+00
-7.306519508361816406e+00
-7.324746131896972656e+00
-7.491847038269042969e+00
-7.491920948028564453e+00
-7.630003452301025391e+00
-7.513732910156250000e+00
-7.146255970001220703e+00
-7.354745864868164062e+00
-8.031106948852539062e+00
-7.818161010742187500e+00
-6.980763435363769531e+00
-7.484175205230712891e+00
-6.538775920867919922e+00
-6.218430042266845703e+00
-6.637607574462890625e+00
-6.712738037109375000e+00
-7.229246139526367188e+00
-8.067651748657226562e+00
-7.946617126464843750e+00
-7.834428787231445312e+00
-7.456648826599121094e+00
-7.343341350555419922e+00
-6.626349449157714844e+00
-6.490053653717041016e+00
-6.382025241851806641e+00
-6.982571601867675781e+00
-5.672327041625976562e+00
-7.075129985809326172e+00
-7.828506946563720703e+00
-7.568061351776123047e+00
-7.875862121582031250e+00
-8.504672050476074219e+00
-7.927726745605468750e+00
-7.111021041870117188e+00
-7.201195240020751953e+00
-7.878762722015380859e+00
-7.290631294250488281e+00
-7.702433586120605469e+00
-5.601825237274169922e+00
-6.655215740203857422e+00
-6.225244998931884766e+00
-6.645498752593994141e+00
-5.340114593505859375e+00
-5.884653091430664062e+00
-6.104634284973144531e+00
-7.371173381805419922e+00
-7.515387535095214844e+00
-7.650941371917724609e+00
-7.467381954193115234e+00
-7.397970676422119141e+00
-8.009742736816406250e+00
-7.614926815032958984e+00
-6.792706012725830078e+00
-7.490856170654296875e+00
-8.168020248413085938e+00
-5.900448799133300781e+00
-6.828783512115478516e+00
-6.867151737213134766e+00
-6.392513275146484375e+00
-5.986236572265625000e+00
-5.718083858489990234e+00
-6.584965705871582031e+00
-6.533923625946044922e+00
-7.407622814178466797e+00
-8.075113296508789062e+00
-7.170013904571533203e+00
-7.582738876342773438e+00
-6.968484878540039062e+00
-7.571234703063964844e+00
-7.285476207733154297e+00
-7.647422313690185547e+00
-7.248753070831298828e+00
-7.390076637268066406e+00
-7.287065505981445312e+00
-7.174765586853027344e+00
-7.304638385772705078e+00
-7.488817691802978516e+00
-7.820447444915771484e+00
-8.145545005798339844e+00
-7.466905593872070312e+00
-8.260829925537109375e+00
-7.941858768463134766e+00
-7.603882789611816406e+00
-8.215740203857421875e+00
-7.960562705993652344e+00
-8.029369354248046875e+00
-8.361437797546386719e+00
-8.388873100280761719e+00
-7.897330760955810547e+00
-7.272121906280517578e+00
-7.387723445892333984e+00
-7.112366676330566406e+00
-7.185328483581542969e+00
-6.621358394622802734e+00
-7.464397907257080078e+00
-6.635447502136230469e+00
-6.443647861480712891e+00
-7.782224655151367188e+00
-7.147194385528564453e+00
-7.524352550506591797e+00
-8.067223548889160156e+00
-7.523134231567382812e+00
-7.779294967651367188e+00
-8.247799873352050781e+00
-8.270334243774414062e+00
-7.961571216583251953e+00
-8.027994155883789062e+00
-7.801585674285888672e+00
-8.014334678649902344e+00
-7.714323043823242188e+00
-7.508903503417968750e+00
-7.835308551788330078e+00
-7.067464828491210938e+00
-7.187419891357421875e+00
-7.597147464752197266e+00
-7.946438789367675781e+00
-7.919997692108154297e+00
-8.326834678649902344e+00
-8.195859909057617188e+00
-8.931091308593750000e+00
-8.232181549072265625e+00
-7.588415622711181641e+00
-7.546474456787109375e+00
-7.687071323394775391e+00
-7.314185619354248047e+00
-6.797500133514404297e+00
-6.704089641571044922e+00
-6.288724899291992188e+00
-6.599134922027587891e+00
-6.838555335998535156e+00
-6.770780563354492188e+00
-7.733009338378906250e+00
-8.341371536254882812e+00
-8.252220153808593750e+00
-8.194370269775390625e+00
-9.298937797546386719e+00
-8.629142761230468750e+00
-8.757972717285156250e+00
-8.013320922851562500e+00
-7.539090633392333984e+00
-7.649012565612792969e+00
-7.461439609527587891e+00
-7.107778072357177734e+00
-7.334525585174560547e+00
-6.592528820037841797e+00
-7.044636726379394531e+00
-7.141478061676025391e+00
-7.487292289733886719e+00
-7.332474708557128906e+00
-8.273092269897460938e+00
-8.572805404663085938e+00
-8.357357025146484375e+00
-7.706561088562011719e+00
-8.598598480224609375e+00
-7.216780185699462891e+00
-7.722808361053466797e+00
-6.662894725799560547e+00
-7.339865207672119141e+00
-6.517336845397949219e+00
-6.068538188934326172e+00
-6.355522155761718750e+00
-5.777599334716796875e+00
-6.845611572265625000e+00
-6.489937305450439453e+00
-6.989495277404785156e+00
-7.360347747802734375e+00
-7.797583580017089844e+00
-7.879554271697998047e+00
-8.335096359252929688e+00
-8.062626838684082031e+00
-7.806050300598144531e+00
-8.101058959960937500e+00
-7.755033493041992188e+00
-7.228228092193603516e+00
-6.921991348266601562e+00
-6.409778594970703125e+00
-7.124532699584960938e+00
-6.425217151641845703e+00
-7.064664840698242188e+00
-7.033698081970214844e+00
-6.416643619537353516e+00
-7.362433433532714844e+00
-7.151109695434570312e+00
-6.532534122467041016e+00
-6.823313236236572266e+00
-6.882771968841552734e+00
-6.772425651550292969e+00
-6.775958538055419922e+00
-7.051317691802978516e+00
-6.850625514984130859e+00
-6.997436046600341797e+00
-6.093454360961914062e+00
-6.030910968780517578e+00
-6.447696685791015625e+00
-5.997482299804687500e+00
-6.783279895782470703e+00
-6.902821540832519531e+00
-6.724991798400878906e+00
-7.182069778442382812e+00
-6.487594127655029297e+00
-7.391866207122802734e+00
-7.303289413452148438e+00
-8.100112915039062500e+00
-7.383490562438964844e+00
-6.497637271881103516e+00
-7.548898696899414062e+00
-7.285365581512451172e+00
-6.029753684997558594e+00
-6.485684871673583984e+00
-6.008807659149169922e+00
-6.368995189666748047e+00
-6.248966217041015625e+00
-7.296441555023193359e+00
-6.573763847351074219e+00
-7.551757812500000000e+00
-8.735251426696777344e+00
-7.911642074584960938e+00
-7.651813507080078125e+00
-8.037382125854492188e+00
-7.816031455993652344e+00
-7.897001266479492188e+00
-7.796055316925048828e+00
-7.235556125640869141e+00
-6.507328033447265625e+00
-6.153920650482177734e+00
-6.080401420593261719e+00
-6.571730613708496094e+00
-7.146904945373535156e+00
-6.221885204315185547e+00
-8.108031272888183594e+00
-8.677331924438476562e+00
-7.193583011627197266e+00
-8.091758728027343750e+00
-7.557349681854248047e+00
-7.371967792510986328e+00
-8.227058410644531250e+00
-8.035050392150878906e+00
-6.466331481933593750e+00
-7.202738761901855469e+00
-6.503309249877929688e+00
-6.861930847167968750e+00
-6.881464481353759766e+00
-6.697343826293945312e+00
-7.193447589874267578e+00
-7.514622688293457031e+00
-7.370435714721679688e+00
-8.044729232788085938e+00
-8.011339187622070312e+00
-8.613511085510253906e+00
-7.980011463165283203e+00
-7.479103088378906250e+00
-7.197227478027343750e+00
-7.403690814971923828e+00
-7.271080017089843750e+00
-6.391086101531982422e+00
-6.018393039703369141e+00
-6.460466384887695312e+00
-7.271855831146240234e+00
-6.777970790863037109e+00
-7.274034023284912109e+00
-8.006729125976562500e+00
-8.259371757507324219e+00
-7.585930824279785156e+00
-7.802063465118408203e+00
-7.664968967437744141e+00
-7.804360389709472656e+00
-7.600822448730468750e+00
-7.418400764465332031e+00
-7.470714569091796875e+00
-6.767987251281738281e+00
-7.460639953613281250e+00
-7.377489566802978516e+00
-7.585463047027587891e+00
-7.255351066589355469e+00
-7.336750030517578125e+00
-8.304719924926757812e+00
-7.770318031311035156e+00
-7.951287269592285156e+00
-7.784230709075927734e+00
-7.813360214233398438e+00
-8.108940124511718750e+00
-8.809670448303222656e+00
-8.508129119873046875e+00
-7.519997596740722656e+00
-8.155326843261718750e+00
-8.255542755126953125e+00
-8.633111953735351562e+00
-7.524013519287109375e+00
-7.420855998992919922e+00
-6.887431621551513672e+00
-7.907065391540527344e+00
-7.145828723907470703e+00
-6.744055747985839844e+00
-6.858017444610595703e+00
-7.851491451263427734e+00
-7.506289482116699219e+00
-7.756050109863281250e+00
-8.414599418640136719e+00
-8.250858306884765625e+00
-8.381217956542968750e+00
-8.641090393066406250e+00
-8.722207069396972656e+00
-8.898303985595703125e+00
-8.446872711181640625e+00
-8.593041419982910156e+00
-8.616109848022460938e+00
-8.375248908996582031e+00
-8.255678176879882812e+00
-7.991552352905273438e+00
-7.831577777862548828e+00
-8.037978172302246094e+00
-8.433013916015625000e+00
-8.307313919067382812e+00
-8.529983520507812500e+00
-8.132797241210937500e+00
-9.384007453918457031e+00
-8.606575965881347656e+00
-8.915915489196777344e+00
-8.528503417968750000e+00
-9.341398239135742188e+00
-8.863320350646972656e+00
-9.194002151489257812e+00
-8.059244155883789062e+00
-9.142521858215332031e+00
-8.495957374572753906e+00
-7.555735588073730469e+00
-7.360393524169921875e+00
-7.313083648681640625e+00
-7.385999679565429688e+00
-7.471931934356689453e+00
-8.146045684814453125e+00
-8.358681678771972656e+00
-8.940311431884765625e+00
-9.226124763488769531e+00
-9.085775375366210938e+00
-9.559994697570800781e+00
-9.627563476562500000e+00
-9.620975494384765625e+00
-9.288442611694335938e+00
-9.224253654479980469e+00
-9.152243614196777344e+00
-8.481155395507812500e+00
-8.148321151733398438e+00
-7.904830932617187500e+00
-7.735975265502929688e+00
-8.411593437194824219e+00
-8.500767707824707031e+00
-7.522737503051757812e+00
-8.352206230163574219e+00
-8.151448249816894531e+00
-8.547888755798339844e+00
-7.948133468627929688e+00
-8.660055160522460938e+00
-8.899639129638671875e+00
-9.444227218627929688e+00
-8.905920982360839844e+00
-7.860004901885986328e+00
-8.280919075012207031e+00
-8.095739364624023438e+00
-7.101455211639404297e+00
-7.660382270812988281e+00
-7.654751777648925781e+00
-7.260345935821533203e+00
-8.211932182312011719e+00
-8.691239356994628906e+00
-8.511595726013183594e+00
-9.198042869567871094e+00
-9.240671157836914062e+00
-9.606029510498046875e+00
-9.367570877075195312e+00
-9.157992362976074219e+00
-9.084656715393066406e+00
-9.013091087341308594e+00
-9.159822463989257812e+00
-9.568401336669921875e+00
-9.243570327758789062e+00
-9.129636764526367188e+00
-9.148085594177246094e+00
-8.621904373168945312e+00
-8.281801223754882812e+00
-8.502171516418457031e+00
-8.857813835144042969e+00
-9.804189682006835938e+00
-9.580340385437011719e+00
-8.852048873901367188e+00
-9.601464271545410156e+00
-8.925606727600097656e+00
-8.817887306213378906e+00
-9.589132308959960938e+00
-9.014904022216796875e+00
-8.949971199035644531e+00
-9.235075950622558594e+00
-9.424096107482910156e+00
-8.962350845336914062e+00
-9.376064300537109375e+00
-9.345868110656738281e+00
-8.252932548522949219e+00
-8.134378433227539062e+00
-8.373345375061035156e+00
-8.756060600280761719e+00
-8.852565765380859375e+00
-8.513349533081054688e+00
-8.346632957458496094e+00
-7.797516345977783203e+00
-7.534844875335693359e+00
-7.400735378265380859e+00
-7.404123306274414062e+00
-7.035128593444824219e+00
-7.173763275146484375e+00
-7.210224628448486328e+00
-7.414103984832763672e+00
-8.373998641967773438e+00
-7.846434116363525391e+00
-7.807738780975341797e+00
-6.598414421081542969e+00
-7.747316360473632812e+00
-7.731515884399414062e+00
-7.836087703704833984e+00
-6.748085975646972656e+00
-7.316567420959472656e+00
-7.116004943847656250e+00
-6.500273704528808594e+00
-5.781381130218505859e+00
-5.773211956024169922e+00
-6.112741947174072266e+00
-6.897641181945800781e+00
-6.972864627838134766e+00
-7.156947135925292969e+00
-7.939373016357421875e+00
-7.579208850860595703e+00
-7.980775833129882812e+00
-8.215885162353515625e+00
-7.922073841094970703e+00
-8.075587272644042969e+00
-7.776067256927490234e+00
-7.492413520812988281e+00
-6.738875865936279297e+00
-7.690368175506591797e+00
-6.719388961791992188e+00
-7.119060516357421875e+00
-7.326299667358398438e+00
-7.350915431976318359e+00
-7.492733001708984375e+00
-8.415040969848632812e+00
-7.847029685974121094e+00
-7.726604461669921875e+00
-8.172968864440917969e+00
-6.201170921325683594e+00
-6.539110183715820312e+00
-6.559361457824707031e+00
-6.064441680908203125e+00
-5.744626998901367188e+00
-6.323905467987060547e+00
-7.248445987701416016e+00
-7.383572101593017578e+00
-7.389485359191894531e+00
-8.417357444763183594e+00
-6.739112377166748047e+00
-6.765389442443847656e+00
-6.887508869171142578e+00
-5.965646743774414062e+00
-4.978986740112304688e+00
-5.476395606994628906e+00
-6.527415275573730469e+00
-5.739500045776367188e+00
-6.995452404022216797e+00
-7.089030265808105469e+00
-6.786191940307617188e+00
-6.576888084411621094e+00
-6.960579872131347656e+00
-7.045027256011962891e+00
-6.697349071502685547e+00
-7.213283538818359375e+00
-7.313645839691162109e+00
-7.097884178161621094e+00
-7.364870548248291016e+00
-7.407144069671630859e+00
-7.289871215820312500e+00
-7.053153991699218750e+00
-7.235979080200195312e+00
-7.647510051727294922e+00
-7.506880760192871094e+00
-8.020048141479492188e+00
-7.010240077972412109e+00
-6.944128036499023438e+00
-7.582066535949707031e+00
-6.493553161621093750e+00
-7.078548431396484375e+00
-6.612608909606933594e+00
-7.062910556793212891e+00
-6.800390720367431641e+00
-7.033837318420410156e+00
-7.727836608886718750e+00
-7.095297336578369141e+00
-8.044059753417968750e+00
-7.528317451477050781e+00
-7.522861003875732422e+00
-7.634853363037109375e+00
-7.593489646911621094e+00
-7.001644134521484375e+00
-6.453238487243652344e+00
-6.185033798217773438e+00
-6.653360366821289062e+00
-7.189104080200195312e+00
-6.080156803131103516e+00
-6.894259452819824219e+00
-6.947230339050292969e+00
-6.457945346832275391e+00
-6.300421714782714844e+00
-6.174572944641113281e+00
-6.518948078155517578e+00
-5.374625205993652344e+00
-5.993124961853027344e+00
-7.003579616546630859e+00
-7.000229835510253906e+00
-7.435951709747314453e+00
-7.651983737945556641e+00
-7.529619693756103516e+00
-7.819267272949218750e+00
-7.800292015075683594e+00
-8.003147125244140625e+00
-7.228142261505126953e+00
-7.379934787750244141e+00
-6.862585067749023438e+00
-6.284031867980957031e+00
-6.419411182403564453e+00
-6.801630496978759766e+00
-7.369922637939453125e+00
-7.560507297515869141e+00
-7.519305706024169922e+00
-7.329484939575195312e+00
-7.309764385223388672e+00
-7.703464508056640625e+00
-7.311870574951171875e+00
-6.138247966766357422e+00
-6.286375522613525391e+00
-6.388361930847167969e+00
-6.587264060974121094e+00
-6.678916931152343750e+00
-6.957488059997558594e+00
-7.550707817077636719e+00
-7.743608951568603516e+00
-8.028814315795898438e+00
-7.538166046142578125e+00
-7.239478111267089844e+00
-7.590854167938232422e+00
-6.955246448516845703e+00
-7.316504478454589844e+00
-7.112419128417968750e+00
-6.235321998596191406e+00
-6.266921520233154297e+00
-6.373992919921875000e+00
-7.146058559417724609e+00
-6.811051368713378906e+00
-7.624653816223144531e+00
-6.170351982116699219e+00
-6.441445350646972656e+00
-7.627322196960449219e+00
-7.077210426330566406e+00
-7.022952556610107422e+00
-7.117531299591064453e+00
-7.092290878295898438e+00
-6.237031459808349609e+00
-6.854851245880126953e+00
-6.384146690368652344e+00
-6.584492683410644531e+00
-7.103452205657958984e+00
-6.859520435333251953e+00
-7.018742084503173828e+00
-7.369365215301513672e+00
-7.514101505279541016e+00
-7.703919887542724609e+00
-7.331239223480224609e+00
-7.200410842895507812e+00
-7.148442268371582031e+00
-7.594020366668701172e+00
-7.098862171173095703e+00
-6.221194744110107422e+00
-5.978200912475585938e+00
-7.147403240203857422e+00
-7.067782402038574219e+00
-7.505609035491943359e+00
-7.557778358459472656e+00
-7.922125816345214844e+00
-8.705436706542968750e+00
-7.677253723144531250e+00
-7.895291805267333984e+00
-7.602012157440185547e+00
-6.866004943847656250e+00
-7.001535892486572266e+00
-6.026164531707763672e+00
-6.817246437072753906e+00
-6.394055366516113281e+00
-7.381844997406005859e+00
-6.994999885559082031e+00
-7.143212795257568359e+00
-7.952064037322998047e+00
-8.613489151000976562e+00
-7.612190246582031250e+00
-8.664319992065429688e+00
-7.183319568634033203e+00
-7.614350795745849609e+00
-7.462316036224365234e+00
-6.639405250549316406e+00
-7.266597270965576172e+00
-6.570264816284179688e+00
-6.443666458129882812e+00
-7.083666324615478516e+00
-7.804548740386962891e+00
-7.888432979583740234e+00
-7.718391895294189453e+00
-8.027918815612792969e+00
-8.438042640686035156e+00
-7.818689823150634766e+00
-7.304872035980224609e+00
-7.219393253326416016e+00
-7.199226379394531250e+00
-7.276696681976318359e+00
-6.199248790740966797e+00
-6.318190097808837891e+00
-6.140080928802490234e+00
-7.697441577911376953e+00
-6.647172927856445312e+00
-8.096936225891113281e+00
-7.598113059997558594e+00
-8.293604850769042969e+00
-7.719435691833496094e+00
-7.276538848876953125e+00
-7.976232051849365234e+00
-7.898074626922607422e+00
-7.407044410705566406e+00
-7.801608085632324219e+00
-7.966733932495117188e+00
-7.651295661926269531e+00
-7.542022228240966797e+00
-7.682548522949218750e+00
-7.911876201629638672e+00
-7.567748069763183594e+00
-7.408560276031494141e+00
-7.453563213348388672e+00
-7.688698768615722656e+00
-7.299638271331787109e+00
-7.952889919281005859e+00
-7.610816478729248047e+00
-7.703558444976806641e+00
-8.199900627136230469e+00
-6.825862407684326172e+00
-7.579914093017578125e+00
-7.906646251678466797e+00
-7.529959678649902344e+00
-6.823625087738037109e+00
-7.507113456726074219e+00
-7.783370971679687500e+00
-7.773833751678466797e+00
-8.090033531188964844e+00
-8.662153244018554688e+00
-8.276135444641113281e+00
-8.824294090270996094e+00
-8.799114227294921875e+00
-9.030624389648437500e+00
-8.530548095703125000e+00
-8.503719329833984375e+00
-8.353474617004394531e+00
-8.437557220458984375e+00
-7.804122924804687500e+00
-8.463161468505859375e+00
-7.549975395202636719e+00
-7.969410419464111328e+00
-8.382916450500488281e+00
-7.845215320587158203e+00
-8.175827026367187500e+00
-7.949105262756347656e+00
-7.942337512969970703e+00
-8.654949188232421875e+00
-8.343534469604492188e+00
-8.689499855041503906e+00
-9.017460823059082031e+00
-9.151658058166503906e+00
-8.421573638916015625e+00
-9.072440147399902344e+00
-9.138911247253417969e+00
-7.130228042602539062e+00
-6.788889408111572266e+00
-6.812259674072265625e+00
-7.011111736297607422e+00
-7.304249286651611328e+00
-8.091716766357421875e+00
-6.846555709838867188e+00
-8.233075141906738281e+00
-8.466856956481933594e+00
-9.309517860412597656e+00
-9.163248062133789062e+00
-9.431174278259277344e+00
-8.977344512939453125e+00
-9.050813674926757812e+00
-9.068821907043457031e+00
-8.993406295776367188e+00
-9.122539520263671875e+00
-8.945461273193359375e+00
-8.637967109680175781e+00
-8.349185943603515625e+00
-8.212036132812500000e+00
-7.680188179016113281e+00
-7.442889213562011719e+00
-8.260655403137207031e+00
-8.389440536499023438e+00
-7.897346019744873047e+00
-8.580654144287109375e+00
-8.111344337463378906e+00
-8.144698143005371094e+00
-9.019659042358398438e+00
-9.262665748596191406e+00
-9.014756202697753906e+00
-8.420894622802734375e+00
-8.534597396850585938e+00
-8.478404045104980469e+00
-8.332027435302734375e+00
-7.366847991943359375e+00
-6.869885444641113281e+00
-7.782228946685791016e+00
-8.163809776306152344e+00
-8.109762191772460938e+00
-8.163281440734863281e+00
-8.970639228820800781e+00
-9.470701217651367188e+00
-9.078706741333007812e+00
-9.279054641723632812e+00
-8.360442161560058594e+00
-9.239402770996093750e+00
-9.167397499084472656e+00
-8.823453903198242188e+00
-7.839267253875732422e+00
-8.527117729187011719e+00
-7.709782600402832031e+00
-8.210640907287597656e+00
-7.749780654907226562e+00
-8.341037750244140625e+00
-8.468465805053710938e+00
-9.009633064270019531e+00
-8.624783515930175781e+00
-7.888845443725585938e+00
-8.739932060241699219e+00
-8.762492179870605469e+00
-8.713692665100097656e+00
-8.954096794128417969e+00
-8.797082901000976562e+00
-8.827573776245117188e+00
-8.733282089233398438e+00
-9.125045776367187500e+00
-8.841284751892089844e+00
-8.375663757324218750e+00
-8.019795417785644531e+00
-8.112087249755859375e+00
-8.182944297790527344e+00
-7.835852622985839844e+00
-7.651099681854248047e+00
-8.971722602844238281e+00
-8.486921310424804688e+00
-9.084212303161621094e+00
-8.814588546752929688e+00
-8.301815986633300781e+00
-9.315714836120605469e+00
-9.580311775207519531e+00
-8.753614425659179688e+00
-8.295203208923339844e+00
-8.175458908081054688e+00
-8.984872817993164062e+00
-8.367907524108886719e+00
-8.430823326110839844e+00
-7.213930130004882812e+00
-8.013553619384765625e+00
-8.577743530273437500e+00
-8.288840293884277344e+00
-8.961810111999511719e+00
-8.607858657836914062e+00
-9.481033325195312500e+00
-9.630442619323730469e+00
-8.984712600708007812e+00
-8.909054756164550781e+00
-8.630116462707519531e+00
-8.109073638916015625e+00
-7.699089527130126953e+00
-7.157098770141601562e+00
-7.726715087890625000e+00
-7.677901744842529297e+00
-6.641198158264160156e+00
-8.303437232971191406e+00
-8.394905090332031250e+00
-8.240172386169433594e+00
-8.322088241577148438e+00
-8.459470748901367188e+00
-8.556287765502929688e+00
-8.505461692810058594e+00
-7.196356296539306641e+00
-7.273655891418457031e+00
-7.559540748596191406e+00
-7.201074123382568359e+00
-7.159121990203857422e+00
-7.131817340850830078e+00
-7.646687030792236328e+00
-8.428819656372070312e+00
-7.773674488067626953e+00
-8.715060234069824219e+00
-8.649658203125000000e+00
-8.350376129150390625e+00
-8.428241729736328125e+00
-7.851867675781250000e+00
-7.761252403259277344e+00
-7.688848972320556641e+00
-6.851634502410888672e+00
-6.544409275054931641e+00
-7.780491352081298828e+00
-7.833832263946533203e+00
-7.277507305145263672e+00
-7.606489658355712891e+00
-9.035786628723144531e+00
-8.736750602722167969e+00
-7.700841426849365234e+00
-7.987817287445068359e+00
-8.016614913940429688e+00
-7.696835517883300781e+00
-7.804958343505859375e+00
-7.459990978240966797e+00
-8.266071319580078125e+00
-7.662027359008789062e+00
-7.488515377044677734e+00
-8.106228828430175781e+00
-8.307028770446777344e+00
-8.363874435424804688e+00
-8.018231391906738281e+00
-7.846014022827148438e+00
-8.538755416870117188e+00
-8.656839370727539062e+00
-8.131562232971191406e+00
-8.203790664672851562e+00
-8.640142440795898438e+00
-8.648272514343261719e+00
-7.872321128845214844e+00
-7.564342975616455078e+00
-7.423444747924804688e+00
-8.167687416076660156e+00
-7.284071922302246094e+00
-6.557723522186279297e+00
-8.241178512573242188e+00
-8.485133171081542969e+00
-7.994310379028320312e+00
-8.440414428710937500e+00
-8.564056396484375000e+00
-9.164845466613769531e+00
-9.358214378356933594e+00
-9.224235534667968750e+00
-8.799235343933105469e+00
-8.634418487548828125e+00
-8.805170059204101562e+00
-7.627502918243408203e+00
-7.823834896087646484e+00
-7.710696697235107422e+00
-7.738103866577148438e+00
-8.415780067443847656e+00
-8.142819404602050781e+00
-8.687113761901855469e+00
-8.197933197021484375e+00
-8.370135307312011719e+00
-8.955224037170410156e+00
-8.356094360351562500e+00
-8.391730308532714844e+00
-8.788010597229003906e+00
-7.735207557678222656e+00
-6.953759670257568359e+00
-7.788341999053955078e+00
-7.327798843383789062e+00
-7.396344661712646484e+00
-7.642239093780517578e+00
-8.848402023315429688e+00
-9.249869346618652344e+00
-8.951066017150878906e+00
-9.386605262756347656e+00
-9.559038162231445312e+00
-9.449846267700195312e+00
-8.606857299804687500e+00
-8.671124458312988281e+00
-8.278873443603515625e+00
-8.020392417907714844e+00
-8.097327232360839844e+00
-7.625604629516601562e+00
-7.319402217864990234e+00
-7.593711853027343750e+00
-8.863876342773437500e+00
-8.334536552429199219e+00
-8.420184135437011719e+00
-8.337164878845214844e+00
-8.438743591308593750e+00
-8.128786087036132812e+00
-7.931043148040771484e+00
-7.859493732452392578e+00
-7.444270133972167969e+00
-6.567613601684570312e+00
-7.078257083892822266e+00
-8.293389320373535156e+00
-7.461829185485839844e+00
-7.959036827087402344e+00
-8.324945449829101562e+00
-8.864217758178710938e+00
-8.558968544006347656e+00
-8.180008888244628906e+00
-8.356658935546875000e+00
-9.487380027770996094e+00
-8.718796730041503906e+00
-8.275863647460937500e+00
-8.294430732727050781e+00
-8.466717720031738281e+00
-8.266364097595214844e+00
-8.465165138244628906e+00
-8.387635231018066406e+00
-8.694703102111816406e+00
-8.277802467346191406e+00
-8.535560607910156250e+00
-8.261697769165039062e+00
-8.721935272216796875e+00
-8.397645950317382812e+00
-9.050714492797851562e+00
-8.519849777221679688e+00
-8.610467910766601562e+00
-8.667150497436523438e+00
-9.116127014160156250e+00
-8.312180519104003906e+00
-8.242807388305664062e+00
-7.992078781127929688e+00
-7.773185253143310547e+00
-7.973408222198486328e+00
-7.697280406951904297e+00
-8.183757781982421875e+00
-8.757452011108398438e+00
-8.269666671752929688e+00
-8.190657615661621094e+00
-9.196272850036621094e+00
-9.151579856872558594e+00
-8.991245269775390625e+00
-7.848959445953369141e+00
-8.095882415771484375e+00
-8.396787643432617188e+00
-6.848567962646484375e+00
-6.864304065704345703e+00
-6.338522434234619141e+00
-6.627130508422851562e+00
-7.052741050720214844e+00
-6.798027515411376953e+00
-8.146319389343261719e+00
-8.413375854492187500e+00
-8.421381950378417969e+00
-8.512604713439941406e+00
-8.416819572448730469e+00
-8.207990646362304688e+00
-8.094614028930664062e+00
-7.172905921936035156e+00
-7.464903354644775391e+00
-7.021622657775878906e+00
-7.909060001373291016e+00
-7.099193572998046875e+00
-7.716882228851318359e+00
-7.580547332763671875e+00
-8.513489723205566406e+00
-7.902070045471191406e+00
-8.098031044006347656e+00
-8.710577964782714844e+00
-8.199792861938476562e+00
-7.904997825622558594e+00
-8.019899368286132812e+00
-6.892060279846191406e+00
-7.237630844116210938e+00
-6.765799999237060547e+00
-6.512642860412597656e+00
-7.314698696136474609e+00
-7.381410598754882812e+00
-7.284372806549072266e+00
-7.943936347961425781e+00
-7.757875442504882812e+00
-6.897962093353271484e+00
-7.127538681030273438e+00
-7.518463134765625000e+00
-5.840224266052246094e+00
-5.121489048004150391e+00
-6.142764568328857422e+00
-6.368469238281250000e+00
-6.752958774566650391e+00
-7.429971218109130859e+00
-7.170080184936523438e+00
-7.132715225219726562e+00
-6.600224971771240234e+00
-6.766560554504394531e+00
-6.233416557312011719e+00
-6.875773429870605469e+00
-6.296753406524658203e+00
-6.610044002532958984e+00
-6.287722587585449219e+00
-6.810637950897216797e+00
-5.648650646209716797e+00
-6.531259536743164062e+00
-6.509449958801269531e+00
-5.304427146911621094e+00
-5.597730159759521484e+00
-6.458615779876708984e+00
-4.749546527862548828e+00
-4.636374950408935547e+00
-5.542221069335937500e+00
-5.457461357116699219e+00
-5.370404243469238281e+00
-6.061074256896972656e+00
-5.676203250885009766e+00
-7.224922180175781250e+00
-6.802890300750732422e+00
-6.012104511260986328e+00
-6.340298652648925781e+00
-5.823040008544921875e+00
-6.244249820709228516e+00
-5.611059665679931641e+00
-5.436841964721679688e+00
-5.366420745849609375e+00
-5.989921092987060547e+00
-5.610890865325927734e+00
-5.825768947601318359e+00
-4.349535942077636719e+00
-5.096102237701416016e+00
-4.408621311187744141e+00
-5.026476860046386719e+00
-5.067942619323730469e+00
-5.365883827209472656e+00
-6.444697856903076172e+00
-6.168254375457763672e+00
-6.130765438079833984e+00
-6.217284202575683594e+00
-6.141907215118408203e+00
-6.478435516357421875e+00
-5.687569141387939453e+00
-5.429329872131347656e+00
-4.254827499389648438e+00
-4.667984008789062500e+00
-4.864689350128173828e+00
-5.144911766052246094e+00
-4.949586391448974609e+00
-4.795378208160400391e+00
-4.666650772094726562e+00
-4.888749122619628906e+00
-5.022040367126464844e+00
-4.475996017456054688e+00
-4.867304325103759766e+00
-4.878622055053710938e+00
-4.829138755798339844e+00
-5.107450008392333984e+00
-5.376416206359863281e+00
-6.517834186553955078e+00
-6.598655700683593750e+00
-5.839579105377197266e+00
-5.794230461120605469e+00
-5.797945976257324219e+00
-6.203565597534179688e+00
-5.554909706115722656e+00
-5.524030208587646484e+00
-5.644831657409667969e+00
-4.907939910888671875e+00
-5.363793373107910156e+00
-4.142192363739013672e+00
-4.538147926330566406e+00
-4.877077102661132812e+00
-4.809298038482666016e+00
-4.987458705902099609e+00
-4.994084358215332031e+00
-5.113391876220703125e+00
-5.306394577026367188e+00
-5.099078655242919922e+00
-5.523769855499267578e+00
-5.630390167236328125e+00
-5.517727851867675781e+00
-5.009597301483154297e+00
-5.309700965881347656e+00
-6.255908489227294922e+00
-5.809797763824462891e+00
-5.911855697631835938e+00
-6.231131076812744141e+00
-6.823916435241699219e+00
-5.545105457305908203e+00
-6.317606449127197266e+00
-5.428465843200683594e+00
-5.232226848602294922e+00
-5.563986301422119141e+00
-6.079608917236328125e+00
-4.948600769042968750e+00
-5.005782604217529297e+00
-4.755535125732421875e+00
-5.414431095123291016e+00
-5.782626628875732422e+00
-6.403721809387207031e+00
-6.201536178588867188e+00
-6.241810798645019531e+00
-6.633492469787597656e+00
-6.152475357055664062e+00
-6.538743495941162109e+00
-5.842099189758300781e+00
-5.141076564788818359e+00
-5.150636672973632812e+00
-5.202383518218994141e+00
-5.772695541381835938e+00
-4.749789237976074219e+00
-5.686047077178955078e+00
-5.893000125885009766e+00
-7.763649463653564453e+00
-7.494022369384765625e+00
-6.659518241882324219e+00
-5.257987976074218750e+00
-6.275439262390136719e+00
-8.074726104736328125e+00
-6.630429744720458984e+00
-4.362956523895263672e+00
-4.877560138702392578e+00
-7.547915935516357422e+00
-5.495576381683349609e+00
-3.942566871643066406e+00
-6.137330055236816406e+00
-8.083119392395019531e+00
-7.501430988311767578e+00
-5.627592086791992188e+00
-6.738577365875244141e+00
-6.910148620605468750e+00
-6.607912540435791016e+00
-5.795526027679443359e+00
-4.849884510040283203e+00
-5.154171943664550781e+00
-4.871640682220458984e+00
-5.132202625274658203e+00
-6.016594886779785156e+00
-5.691921234130859375e+00
-6.077752113342285156e+00
-6.774075984954833984e+00
-6.065916538238525391e+00
-5.952621936798095703e+00
-6.253236770629882812e+00
-6.563065052032470703e+00
-6.326357841491699219e+00
-5.971016883850097656e+00
-6.568097114562988281e+00
-6.598274230957031250e+00
-6.399729728698730469e+00
-6.515535831451416016e+00
-6.587738513946533203e+00
-6.445686340332031250e+00
-6.447581768035888672e+00
-6.504155635833740234e+00
-6.626022338867187500e+00
-6.954029560089111328e+00
-6.834031581878662109e+00
-6.029119491577148438e+00
-5.954718112945556641e+00
-6.518043994903564453e+00
-6.812829971313476562e+00
-6.149996280670166016e+00
-6.201531410217285156e+00
-5.927170276641845703e+00
-5.455715656280517578e+00
-6.462197303771972656e+00
-5.369363307952880859e+00
-6.149517059326171875e+00
-6.919703006744384766e+00
-7.252636909484863281e+00
-6.771589756011962891e+00
-7.449303627014160156e+00
-7.717520236968994141e+00
-7.226556301116943359e+00
-7.286850929260253906e+00
-7.399685382843017578e+00
-7.225378513336181641e+00
-6.877543926239013672e+00
-6.424540042877197266e+00
-6.355064868927001953e+00
-6.402090072631835938e+00
-6.370218276977539062e+00
-6.734277248382568359e+00
-6.231075763702392578e+00
-6.598200321197509766e+00
-6.717219829559326172e+00
-8.063184738159179688e+00
-6.821432113647460938e+00
-7.032829761505126953e+00
-7.190944194793701172e+00
-7.146072864532470703e+00
-6.943761825561523438e+00
-6.399451255798339844e+00
-5.875065326690673828e+00
-5.160058498382568359e+00
-6.627498149871826172e+00
-6.546636104583740234e+00
-5.946604251861572266e+00
-7.047257900238037109e+00
-7.567306041717529297e+00
-7.703801631927490234e+00
-7.738065719604492188e+00
-8.125164031982421875e+00
-8.535242080688476562e+00
-8.209185600280761719e+00
-7.483108043670654297e+00
-7.572816848754882812e+00
-7.370494365692138672e+00
-6.905099391937255859e+00
-7.046180725097656250e+00
-6.642958164215087891e+00
-6.475653171539306641e+00
-6.504140853881835938e+00
-7.199495792388916016e+00
-7.455767154693603516e+00
-7.100219726562500000e+00
-7.624901771545410156e+00
-7.542148113250732422e+00
-7.574615478515625000e+00
-6.359704494476318359e+00
-5.639950752258300781e+00
-6.417385101318359375e+00
-6.863756656646728516e+00
-6.130066871643066406e+00
-5.466178894042968750e+00
-6.107153892517089844e+00
-6.818703174591064453e+00
-6.721100330352783203e+00
-7.160630226135253906e+00
-7.664959907531738281e+00
-7.512820720672607422e+00
-7.313352108001708984e+00
-7.607738494873046875e+00
-7.235263347625732422e+00
-7.489673614501953125e+00
-7.303784370422363281e+00
-7.066082477569580078e+00
-6.676162719726562500e+00
-6.859631061553955078e+00
-7.096018791198730469e+00
-7.428444862365722656e+00
-7.098017692565917969e+00
-7.239717483520507812e+00
-6.294413089752197266e+00
-6.568078041076660156e+00
-7.067846298217773438e+00
-6.347505569458007812e+00
-7.037737369537353516e+00
-7.350855827331542969e+00
-6.719117641448974609e+00
-7.550523281097412109e+00
-7.124837875366210938e+00
-7.722338676452636719e+00
-7.747965812683105469e+00
-7.393092632293701172e+00
-7.240864753723144531e+00
-7.086552619934082031e+00
-7.320597648620605469e+00
-7.036499500274658203e+00
-7.288932800292968750e+00
-7.192897319793701172e+00
-7.272561550140380859e+00
-7.772862911224365234e+00
-8.094599723815917969e+00
-7.727191448211669922e+00
-8.092311859130859375e+00
-8.718331336975097656e+00
-8.068367958068847656e+00
-7.975949287414550781e+00
-9.000350952148437500e+00
-7.713007450103759766e+00
-8.157442092895507812e+00
-7.855633735656738281e+00
-8.464321136474609375e+00
-8.089131355285644531e+00
-7.886883735656738281e+00
-7.114246845245361328e+00
-7.251027107238769531e+00
-6.848575115203857422e+00
-7.942311286926269531e+00
-6.915806293487548828e+00
-8.057201385498046875e+00
-8.255717277526855469e+00
-8.858975410461425781e+00
-8.726138114929199219e+00
-8.721949577331542969e+00
-8.847442626953125000e+00
-8.593855857849121094e+00
-8.462551116943359375e+00
-8.094186782836914062e+00
-7.841081619262695312e+00
-7.383670330047607422e+00
-6.873184680938720703e+00
-7.152309417724609375e+00
-7.690023899078369141e+00
-7.177399635314941406e+00
-7.780450344085693359e+00
-8.489158630371093750e+00
-8.335765838623046875e+00
-7.980554103851318359e+00
-8.694544792175292969e+00
-8.504961013793945312e+00
-7.806438922882080078e+00
-7.879145622253417969e+00
-8.980722427368164062e+00
-8.130770683288574219e+00
-7.991847038269042969e+00
-8.237151145935058594e+00
-7.751479148864746094e+00
-7.595066070556640625e+00
-7.832819461822509766e+00
-6.566195011138916016e+00
-6.310001850128173828e+00
-6.659773826599121094e+00
-6.620354652404785156e+00
-7.702263832092285156e+00
-7.604066848754882812e+00
-7.298482418060302734e+00
-7.403739452362060547e+00
-7.417849063873291016e+00
-7.988492965698242188e+00
-7.851543903350830078e+00
-7.491653919219970703e+00
-7.311344623565673828e+00
-6.363732814788818359e+00
-6.956836223602294922e+00
-6.075481414794921875e+00
-6.041979789733886719e+00
-4.939341068267822266e+00
-5.986137390136718750e+00
-6.628297328948974609e+00
-6.411567687988281250e+00
-6.723614215850830078e+00
-6.945179462432861328e+00
-7.833451271057128906e+00
-7.437612533569335938e+00
-7.212573528289794922e+00
-6.963368892669677734e+00
-6.770080566406250000e+00
-7.476800918579101562e+00
-5.829694271087646484e+00
-6.432517528533935547e+00
-6.650469779968261719e+00
-7.147980690002441406e+00
-6.385325431823730469e+00
-6.555718421936035156e+00
-6.642850399017333984e+00
-6.303398132324218750e+00
-6.820279121398925781e+00
-6.682586669921875000e+00
-6.574474334716796875e+00
-6.820892810821533203e+00
-6.617040157318115234e+00
-6.630031108856201172e+00
-7.097808837890625000e+00
-6.854981422424316406e+00
-6.530624389648437500e+00
-6.732817173004150391e+00
-6.538091182708740234e+00
-5.705780982971191406e+00
-5.081388950347900391e+00
-6.846640110015869141e+00
-6.275117397308349609e+00
-6.519219398498535156e+00
-6.339653491973876953e+00
-6.719848632812500000e+00
-6.844709396362304688e+00
-7.605633735656738281e+00
-7.477447986602783203e+00
-7.960964679718017578e+00
-7.727770805358886719e+00
-7.404208660125732422e+00
-7.581516265869140625e+00
-7.126991271972656250e+00
-6.894481658935546875e+00
-6.349603652954101562e+00
-6.284356594085693359e+00
-6.380561351776123047e+00
-6.930629253387451172e+00
-6.607012271881103516e+00
-5.830171108245849609e+00
-7.260539054870605469e+00
-7.280749320983886719e+00
-7.341803073883056641e+00
-7.393557548522949219e+00
-6.532998561859130859e+00
-7.855763912200927734e+00
-5.712187290191650391e+00
-5.549617290496826172e+00
-5.722285270690917969e+00
-5.493556022644042969e+00
-6.370434284210205078e+00
-6.808776855468750000e+00
-7.232027053833007812e+00
-7.516067028045654297e+00
-7.456535816192626953e+00
-7.946724891662597656e+00
-7.963881015777587891e+00
-7.359231472015380859e+00
-7.624532699584960938e+00
-6.760128021240234375e+00
-6.680118560791015625e+00
-7.322313785552978516e+00
-6.071823120117187500e+00
-5.606010437011718750e+00
-6.785750389099121094e+00
-6.621768951416015625e+00
-6.578438758850097656e+00
-6.694293022155761719e+00
-7.817679882049560547e+00
-7.658268451690673828e+00
-7.541708946228027344e+00
-7.794906616210937500e+00
-6.941607475280761719e+00
-6.858831405639648438e+00
-6.384503841400146484e+00
-6.788205623626708984e+00
-7.689707279205322266e+00
-7.169280052185058594e+00
-7.882364273071289062e+00
-8.565501213073730469e+00
-8.498767852783203125e+00
-8.537514686584472656e+00
-8.606337547302246094e+00
-8.402013778686523438e+00
-8.339976310729980469e+00
-8.571565628051757812e+00
-8.778343200683593750e+00
-8.122594833374023438e+00
-8.058660507202148438e+00
-7.853395462036132812e+00
-8.520086288452148438e+00
-9.026940345764160156e+00
-8.326883316040039062e+00
-8.529286384582519531e+00
-7.426234245300292969e+00
-8.051300048828125000e+00
-7.782744884490966797e+00
-5.889438629150390625e+00
-5.321114540100097656e+00
-4.064346790313720703e+00
-3.923416137695312500e+00
-4.355928897857666016e+00
-4.472052574157714844e+00
-5.702431678771972656e+00
-5.127313613891601562e+00
-4.815479755401611328e+00
-4.650994300842285156e+00
-4.683882236480712891e+00
-4.996164798736572266e+00
-4.923124790191650391e+00
-5.350961685180664062e+00
-4.979186058044433594e+00
-5.902534961700439453e+00
-6.639262199401855469e+00
-5.664424896240234375e+00
-5.671784400939941406e+00
-4.998808860778808594e+00
-6.031807422637939453e+00
-3.863987684249877930e+00
-4.039303779602050781e+00
-4.173143863677978516e+00
-4.141488075256347656e+00
-5.099673271179199219e+00
-6.019749641418457031e+00
-6.452042579650878906e+00
-6.314562797546386719e+00
-6.129664897918701172e+00
-6.025379657745361328e+00
-6.429951190948486328e+00
-6.284930706024169922e+00
-6.806335449218750000e+00
-7.900843620300292969e+00
-8.457142829895019531e+00
-7.766200065612792969e+00
-7.776648998260498047e+00
-8.600876808166503906e+00
-8.287530899047851562e+00
-8.982077598571777344e+00
-8.938394546508789062e+00
-8.225265502929687500e+00
-9.052053451538085938e+00
-8.469657897949218750e+00
-7.927161216735839844e+00
-8.426986694335937500e+00
-8.106374740600585938e+00
-7.005650997161865234e+00
-6.791943073272705078e+00
-6.687026023864746094e+00
-5.776703357696533203e+00
-6.400182247161865234e+00
-5.332460403442382812e+00
-5.821105480194091797e+00
-6.909252643585205078e+00
-7.059899806976318359e+00
-7.446803092956542969e+00
-7.470596790313720703e+00
-8.111806869506835938e+00
-8.416178703308105469e+00
-7.999764919281005859e+00
-8.283157348632812500e+00
-7.651037693023681641e+00
-7.984007835388183594e+00
-8.466981887817382812e+00
-8.016819000244140625e+00
-7.407289505004882812e+00
-7.799387931823730469e+00
-7.090887069702148438e+00
-7.586455821990966797e+00
-7.356286525726318359e+00
-7.731072902679443359e+00
-7.229449272155761719e+00
-7.440954685211181641e+00
-8.513436317443847656e+00
-8.412937164306640625e+00
-8.138354301452636719e+00
-8.892612457275390625e+00
-7.954833507537841797e+00
-7.654455661773681641e+00
-7.838741302490234375e+00
-8.397790908813476562e+00
-7.008519172668457031e+00
-6.791903972625732422e+00
-7.255329608917236328e+00
-6.824654579162597656e+00
-7.115871906280517578e+00
-7.356332302093505859e+00
-7.285765171051025391e+00
-6.371322154998779297e+00
-6.254629611968994141e+00
-6.201673507690429688e+00
-6.260522842407226562e+00
-6.391956806182861328e+00
-5.614146232604980469e+00
-6.020270824432373047e+00
-6.392264842987060547e+00
-5.559480667114257812e+00
-4.685125827789306641e+00
-5.590285301208496094e+00
-5.254631519317626953e+00
-4.780860424041748047e+00
-4.401599407196044922e+00
-4.333096027374267578e+00
-4.069911956787109375e+00
-3.565297365188598633e+00
-4.334642887115478516e+00
-4.104561805725097656e+00
-4.993972778320312500e+00
-4.775328636169433594e+00
-4.979492664337158203e+00
-5.158925533294677734e+00
-5.428336620330810547e+00
-4.825745105743408203e+00
-4.829544544219970703e+00
-4.972316741943359375e+00
-4.571784019470214844e+00
-3.959235668182373047e+00
-4.208050251007080078e+00
-4.264535903930664062e+00
-3.623904705047607422e+00
-4.330538749694824219e+00
-3.683238744735717773e+00
-3.707884311676025391e+00
-3.524619340896606445e+00
-4.073160648345947266e+00
-3.061987161636352539e+00
-2.982046127319335938e+00
-3.339720249176025391e+00
-3.661994934082031250e+00
-4.448389053344726562e+00
-4.796500205993652344e+00
-4.939835071563720703e+00
-5.002315998077392578e+00
-5.170419216156005859e+00
-5.036207675933837891e+00
-5.315261840820312500e+00
-4.452834606170654297e+00
-4.369765281677246094e+00
-3.537361621856689453e+00
-2.697743415832519531e+00
-3.878474235534667969e+00
-3.399247169494628906e+00
-3.329357147216796875e+00
-3.096613645553588867e+00
-2.911962509155273438e+00
-2.102264642715454102e+00
-2.360163688659667969e+00
-2.448935031890869141e+00
-2.767717838287353516e+00
-3.473959445953369141e+00
-3.700395584106445312e+00
-3.717399835586547852e+00
-3.737153768539428711e+00
-3.832034349441528320e+00
-3.975307941436767578e+00
-2.834710597991943359e+00
-2.836917638778686523e+00
-2.784025907516479492e+00
-2.431629180908203125e+00
-1.872174263000488281e+00
-1.496375560760498047e+00
-2.099595785140991211e+00
-2.020920515060424805e+00
-2.745166301727294922e+00
-2.308857440948486328e+00
-2.191159486770629883e+00
-2.375743389129638672e+00
-3.284524440765380859e+00
-2.960953950881958008e+00
-4.091285705566406250e+00
-3.529548168182373047e+00
-3.986905813217163086e+00
-3.369934558868408203e+00
-3.342643022537231445e+00
-2.156858205795288086e+00
-2.424475669860839844e+00
-2.160629749298095703e+00
-2.505666494369506836e+00
-3.147221088409423828e+00
-2.887392997741699219e+00
-3.002845048904418945e+00
-3.421311140060424805e+00
-3.276517152786254883e+00
-3.571343898773193359e+00
-3.555779457092285156e+00
-3.265146732330322266e+00
-3.183313608169555664e+00
-2.555895328521728516e+00
-3.378018856048583984e+00
-3.846300840377807617e+00
-3.044177293777465820e+00
-4.029927253723144531e+00
-3.359356164932250977e+00
-3.676042795181274414e+00
-2.171692132949829102e+00
-2.222550392150878906e+00
-2.792983055114746094e+00
-2.846861124038696289e+00
-2.487652778625488281e+00
-2.750319242477416992e+00
-2.987887144088745117e+00
-3.852528333663940430e+00
-3.035221338272094727e+00
-3.546239614486694336e+00
-3.216366052627563477e+00
-2.721023321151733398e+00
-2.928647756576538086e+00
-2.963737010955810547e+00
-4.165043830871582031e+00
-3.274498701095581055e+00
-3.117981195449829102e+00
-3.236407041549682617e+00
-3.301726102828979492e+00
-3.570719480514526367e+00
-3.126564502716064453e+00
-3.478665351867675781e+00
-2.669414520263671875e+00
-3.006264925003051758e+00
-3.040872573852539062e+00
-2.626761674880981445e+00
-2.985156536102294922e+00
-3.414537906646728516e+00
-2.624646902084350586e+00
-3.464947223663330078e+00
-2.385976314544677734e+00
-2.105222702026367188e+00
-2.070645332336425781e+00
-2.074765443801879883e+00
-2.471755743026733398e+00
-3.646939277648925781e+00
-3.488348722457885742e+00
-3.960033178329467773e+00
-4.381659984588623047e+00
-4.027334690093994141e+00
-3.730057716369628906e+00
-3.819071054458618164e+00
-3.830799818038940430e+00
-2.525130987167358398e+00
-1.921462059020996094e+00
-1.487239360809326172e+00
2.687396481633186340e-02
9.313787817955017090e-01
-4.225448369979858398e-01
1.197512745857238770e-01
4.207109808921813965e-01
1.151238322257995605e+00
7.847923040390014648e-01
-1.433971673250198364e-01
-9.283344745635986328e-01
-1.224978804588317871e+00
-2.341958522796630859e+00
-2.957465410232543945e+00
-2.284678697586059570e+00
-2.308600425720214844e+00
-2.056561946868896484e+00
-3.822300672531127930e+00
-3.890981197357177734e+00
-3.288483381271362305e+00
-3.456361532211303711e+00
-3.056931018829345703e+00
-2.449979305267333984e+00
-2.955888271331787109e+00
-3.139460086822509766e+00
-2.457292556762695312e+00
-2.117534637451171875e+00
-3.123667716979980469e+00
-3.506523847579956055e+00
-3.786570072174072266e+00
-4.578395366668701172e+00
-4.388922691345214844e+00
-4.412104129791259766e+00
-4.458588123321533203e+00
-2.987690925598144531e+00
-2.560129880905151367e+00
-3.432131767272949219e+00
-3.224858760833740234e+00
-2.146518945693969727e+00
-1.512198925018310547e+00
-2.003190994262695312e+00
-1.574961304664611816e+00
-1.814381241798400879e+00
-1.775904417037963867e+00
-1.523212909698486328e+00
-1.619349122047424316e+00
-1.536959886550903320e+00
-1.678070902824401855e+00
-1.996716380119323730e+00
-2.598775863647460938e+00
-2.934985160827636719e+00
-2.842078447341918945e+00
-3.449772119522094727e+00
-3.167541027069091797e+00
-3.666211843490600586e+00
-2.931921005249023438e+00
-2.170928001403808594e+00
-2.572029113769531250e+00
-2.227155447006225586e+00
-3.183805942535400391e+00
-3.133403778076171875e+00
-3.412199974060058594e+00
-3.747421979904174805e+00
-3.592864990234375000e+00
-4.096639633178710938e+00
-2.945045709609985352e+00
-2.255369186401367188e+00
-2.656443119049072266e+00
-2.762179613113403320e+00
-2.460894107818603516e+00
-2.622592449188232422e+00
-4.074740409851074219e+00
-3.003331422805786133e+00
-4.418334960937500000e+00
-4.256868362426757812e+00
-4.676597118377685547e+00
-3.813170671463012695e+00
-2.936749935150146484e+00
-2.212701559066772461e+00
-2.848518371582031250e+00
-2.661039829254150391e+00
-2.739918947219848633e+00
-3.560915946960449219e+00
-3.688122987747192383e+00
-3.232954025268554688e+00
-3.049076080322265625e+00
-3.297132968902587891e+00
-2.273108005523681641e+00
-2.551048040390014648e+00
-2.690423011779785156e+00
-3.047908306121826172e+00
-2.503625392913818359e+00
-2.731781721115112305e+00
-3.614367246627807617e+00
-3.323639392852783203e+00
-3.834485530853271484e+00
-2.990836858749389648e+00
-3.076628208160400391e+00
-3.436776638031005859e+00
-3.917487144470214844e+00
-2.996579885482788086e+00
-3.130990028381347656e+00
-3.823720455169677734e+00
-3.365841627120971680e+00
-2.774442195892333984e+00
-3.277222156524658203e+00
-3.111374139785766602e+00
-2.869092702865600586e+00
-3.268860340118408203e+00
-3.631759643554687500e+00
-3.225580215454101562e+00
-2.827746629714965820e+00
-2.294009685516357422e+00
-2.340290307998657227e+00
-2.478250265121459961e+00
-2.900114774703979492e+00
-2.457206964492797852e+00
-2.356213808059692383e+00
-2.936929464340209961e+00
-3.661475896835327148e+00
-3.898649215698242188e+00
-3.694984197616577148e+00
-3.146502733230590820e+00
-3.385843515396118164e+00
-2.472842931747436523e+00
-2.258704900741577148e+00
-2.143042802810668945e+00
-2.300702571868896484e+00
-1.203792095184326172e+00
-2.337218523025512695e+00
-2.491985082626342773e+00
-2.891339540481567383e+00
-1.847809314727783203e+00
-1.864963173866271973e+00
-1.910859704017639160e+00
-2.156504392623901367e+00
-1.521641731262207031e+00
-1.982709050178527832e+00
-2.305588006973266602e+00
-3.596313953399658203e+00
-3.756633758544921875e+00
-4.218412876129150391e+00
-3.784451961517333984e+00
-2.860782146453857422e+00
-1.979617238044738770e+00
-2.640021562576293945e+00
-1.979571580886840820e+00
-2.010407924652099609e+00
-3.151649951934814453e+00
-1.751789808273315430e+00
-2.256755352020263672e+00
-3.063922166824340820e+00
-2.389925718307495117e+00
-1.999628186225891113e+00
-2.503990650177001953e+00
-2.544225215911865234e+00
-1.964198946952819824e+00
-2.371258974075317383e+00
-2.221740484237670898e+00
-3.098816156387329102e+00
-3.305268287658691406e+00
-3.313354492187500000e+00
-3.667560338973999023e+00
-3.340563535690307617e+00
-3.388512134552001953e+00
-3.427434682846069336e+00
-3.584364891052246094e+00
-2.865555047988891602e+00
-2.212772607803344727e+00
-2.307662963867187500e+00
-1.975530505180358887e+00
-1.601583600044250488e+00
-2.962318897247314453e+00
-2.229860305786132812e+00
-2.482910394668579102e+00
-2.101369619369506836e+00
-2.098799228668212891e+00
-2.498122930526733398e+00
-2.981655836105346680e+00
-3.021546602249145508e+00
-3.160496950149536133e+00
-3.512942552566528320e+00
-3.033763408660888672e+00
-2.863923788070678711e+00
-3.075535774230957031e+00
-2.948982477188110352e+00
-3.036546707153320312e+00
-2.953348636627197266e+00
-3.266091585159301758e+00
-3.473968267440795898e+00
-3.358650922775268555e+00
-3.559155464172363281e+00
-3.367944240570068359e+00
-3.886785030364990234e+00
-4.111141204833984375e+00
-4.047883987426757812e+00
-3.010614633560180664e+00
-2.505601882934570312e+00
-3.073337554931640625e+00
-3.549960613250732422e+00
-2.677204132080078125e+00
-2.056375980377197266e+00
-1.819443345069885254e+00
-2.219621658325195312e+00
-2.623477935791015625e+00
-3.361316204071044922e+00
-3.436095237731933594e+00
-3.574585437774658203e+00
-3.826457500457763672e+00
-3.791460275650024414e+00
-4.114496231079101562e+00
-3.605748414993286133e+00
-3.035758972167968750e+00
-2.371028900146484375e+00
-1.509769916534423828e+00
-2.476722002029418945e+00
-2.400029659271240234e+00
-2.719647169113159180e+00
-3.229749202728271484e+00
-3.764075994491577148e+00
-3.849390745162963867e+00
-3.481117486953735352e+00
-3.533277511596679688e+00
-4.226189136505126953e+00
-3.828693389892578125e+00
-3.561755180358886719e+00
-3.422435045242309570e+00
-3.281189680099487305e+00
-3.067259311676025391e+00
-2.133409023284912109e+00
-2.165691852569580078e+00
-2.532755374908447266e+00
-3.143426418304443359e+00
-3.363686084747314453e+00
-3.611224174499511719e+00
-4.042944431304931641e+00
-4.253867149353027344e+00
-3.886803388595581055e+00
-3.166122198104858398e+00
-3.385622262954711914e+00
-3.488520860671997070e+00
-3.459695339202880859e+00
-2.868877887725830078e+00
-2.851227521896362305e+00
-1.771898508071899414e+00
-2.282495975494384766e+00
-2.279494285583496094e+00
-3.405132055282592773e+00
-3.808439016342163086e+00
-4.340384960174560547e+00
-3.455470085144042969e+00
-3.334016799926757812e+00
-2.965446949005126953e+00
-4.064116477966308594e+00
-4.009865760803222656e+00
-3.342854261398315430e+00
-3.610333442687988281e+00
-3.584804296493530273e+00
-3.772598266601562500e+00
-3.719076395034790039e+00
-3.634294271469116211e+00
