3.576278686523437500e-06
9.674310684204101562e-03
1.933956146240234375e-02
2.884960174560546875e-02
3.840756416320800781e-02
4.729747772216796875e-02
5.625247955322265625e-02
6.501245498657226562e-02
7.409405708312988281e-02
8.266210556030273438e-02
9.166431427001953125e-02
1.006057262420654297e-01
1.086783409118652344e-01
1.171195507049560547e-01
1.260268688201904297e-01
1.349310874938964844e-01
1.433975696563720703e-01
1.521379947662353516e-01
1.602449417114257812e-01
1.687495708465576172e-01
1.783967018127441406e-01
1.868848800659179688e-01
1.956832408905029297e-01
2.045254707336425781e-01
2.130589485168457031e-01
2.219374179840087891e-01
2.305450439453125000e-01
2.390658855438232422e-01
2.477078437805175781e-01
2.567582130432128906e-01
2.657260894775390625e-01
2.746524810791015625e-01
2.836015224456787109e-01
2.925810813903808594e-01
3.014364242553710938e-01
3.105208873748779297e-01
3.194246292114257812e-01
3.284308910369873047e-01
3.374185562133789062e-01
3.463134765625000000e-01
3.554210662841796875e-01
3.640675544738769531e-01
3.730216026306152344e-01
3.818652629852294922e-01
3.905224800109863281e-01
3.995170593261718750e-01
4.083178043365478516e-01
4.174342155456542969e-01
4.260241985321044922e-01
4.350795745849609375e-01
4.439783096313476562e-01
4.529776573181152344e-01
4.618198871612548828e-01
4.705302715301513672e-01
4.794204235076904297e-01
4.881277084350585938e-01
4.969537258148193359e-01
5.056035518646240234e-01
5.139191150665283203e-01
5.230693817138671875e-01
5.317208766937255859e-01
5.408072471618652344e-01
5.477600097656250000e-01
5.543763637542724609e-01
5.613236427307128906e-01
5.678365230560302734e-01
5.745453834533691406e-01
5.810441970825195312e-01
5.877153873443603516e-01
5.943264961242675781e-01
6.010091304779052734e-01
6.073350906372070312e-01
6.143455505371093750e-01
6.209917068481445312e-01
6.268115043640136719e-01
6.329646110534667969e-01
6.390256881713867188e-01
6.452889442443847656e-01
6.515603065490722656e-01
6.575541496276855469e-01
6.635296344757080078e-01
6.703577041625976562e-01
6.769855022430419922e-01
6.837129592895507812e-01
6.902322769165039062e-01
6.971197128295898438e-01
7.037749290466308594e-01
7.105498313903808594e-01
7.167766094207763672e-01
7.232270240783691406e-01
7.303667068481445312e-01
7.369415760040283203e-01
7.432260513305664062e-01
7.495250701904296875e-01
7.560198307037353516e-01
7.633187770843505859e-01
7.701313495635986328e-01
7.768414020538330078e-01
7.835278511047363281e-01
7.900903224945068359e-01
7.973265647888183594e-01
8.043050765991210938e-01
8.113417625427246094e-01
8.183028697967529297e-01
8.250901699066162109e-01
8.315856456756591797e-01
8.382215499877929688e-01
8.448071479797363281e-01
8.505332469940185547e-01
8.568921089172363281e-01
8.625514507293701172e-01
8.688828945159912109e-01
8.749647140502929688e-01
8.802320957183837891e-01
8.870656490325927734e-01
8.933022022247314453e-01
8.995108604431152344e-01
9.062936305999755859e-01
9.129955768585205078e-01
9.195845127105712891e-01
9.262645244598388672e-01
9.327704906463623047e-01
9.395244121551513672e-01
9.463188648223876953e-01
9.526946544647216797e-01
9.596982002258300781e-01
9.664158821105957031e-01
9.727973937988281250e-01
9.793510437011718750e-01
9.864115715026855469e-01
9.928162097930908203e-01
1.000203371047973633e+00
1.007663488388061523e+00
1.014551162719726562e+00
1.021286249160766602e+00
1.029178857803344727e+00
1.036542415618896484e+00
1.042899608612060547e+00
1.049282789230346680e+00
1.057017803192138672e+00
1.064236402511596680e+00
1.071292638778686523e+00
1.078355312347412109e+00
1.085225343704223633e+00
1.092317819595336914e+00
1.099351882934570312e+00
1.106351375579833984e+00
1.113004446029663086e+00
1.119617223739624023e+00
1.126323223114013672e+00
1.133012294769287109e+00
1.139579534530639648e+00
1.146230459213256836e+00
1.152754545211791992e+00
1.159217834472656250e+00
1.166328907012939453e+00
1.172797203063964844e+00
1.180039882659912109e+00
1.185893297195434570e+00
1.191738843917846680e+00
1.198418617248535156e+00
1.205294847488403320e+00
1.211993217468261719e+00
1.217950582504272461e+00
1.224006414413452148e+00
1.229901313781738281e+00
1.235913515090942383e+00
1.242419958114624023e+00
1.249418497085571289e+00
1.256291627883911133e+00
1.263493776321411133e+00
1.270428895950317383e+00
1.277273654937744141e+00
1.285289525985717773e+00
1.292270183563232422e+00
1.299427270889282227e+00
1.307345628738403320e+00
1.315166473388671875e+00
1.322551488876342773e+00
1.329424142837524414e+00
1.336171627044677734e+00
1.343186378479003906e+00
1.350426912307739258e+00
1.356909275054931641e+00
1.364269018173217773e+00
1.371545791625976562e+00
1.378541469573974609e+00
1.385562419891357422e+00
1.392416000366210938e+00
1.399320363998413086e+00
1.407285451889038086e+00
1.414345502853393555e+00
1.420929431915283203e+00
1.427653551101684570e+00
1.434413671493530273e+00
1.441475868225097656e+00
1.448663949966430664e+00
1.455291986465454102e+00
1.462464332580566406e+00
1.469295024871826172e+00
1.477274179458618164e+00
1.484408140182495117e+00
1.490909337997436523e+00
1.497800350189208984e+00
1.504402875900268555e+00
1.511445045471191406e+00
1.518423080444335938e+00
1.525274038314819336e+00
1.533309936523437500e+00
1.540728330612182617e+00
1.547292232513427734e+00
1.555475473403930664e+00
1.562293767929077148e+00
1.569264888763427734e+00
1.577184915542602539e+00
1.584415912628173828e+00
1.592565059661865234e+00
1.599454402923583984e+00
1.606037616729736328e+00
1.612427234649658203e+00
1.619489669799804688e+00
1.627578496932983398e+00
1.635181427001953125e+00
1.642339229583740234e+00
1.649164438247680664e+00
1.657546520233154297e+00
1.664164304733276367e+00
1.671288490295410156e+00
1.678408384323120117e+00
1.684911251068115234e+00
1.692198514938354492e+00
1.700272798538208008e+00
1.708275318145751953e+00
1.715216636657714844e+00
1.722156286239624023e+00
1.730548143386840820e+00
1.736895799636840820e+00
1.743497848510742188e+00
1.749543190002441406e+00
1.756275177001953125e+00
1.763541936874389648e+00
1.770148992538452148e+00
1.778724670410156250e+00
1.785479545593261719e+00
1.792305707931518555e+00
1.799034357070922852e+00
1.806199789047241211e+00
1.812889575958251953e+00
1.819535493850708008e+00
1.826262235641479492e+00
1.833003997802734375e+00
1.839596986770629883e+00
1.846218824386596680e+00
1.853015184402465820e+00
1.859338045120239258e+00
1.866304159164428711e+00
1.872807025909423828e+00
1.878955841064453125e+00
1.884160757064819336e+00
1.888899087905883789e+00
1.893668413162231445e+00
1.899289131164550781e+00
1.905523777008056641e+00
1.911292791366577148e+00
1.917562484741210938e+00
1.923140764236450195e+00
1.928883075714111328e+00
1.934292793273925781e+00
1.939146518707275391e+00
1.944696903228759766e+00
1.951797008514404297e+00
1.957960128784179688e+00
1.964046001434326172e+00
1.970702409744262695e+00
1.977500915527343750e+00
1.983950853347778320e+00
1.990300416946411133e+00
1.997300863265991211e+00
2.003244876861572266e+00
2.010144710540771484e+00
2.016523599624633789e+00
2.021684169769287109e+00
2.027420043945312500e+00
2.032616853713989258e+00
2.038201808929443359e+00
2.044247865676879883e+00
2.050566673278808594e+00
2.056699752807617188e+00
2.062678813934326172e+00
2.069324731826782227e+00
2.076299428939819336e+00
2.083211660385131836e+00
2.090199470520019531e+00
2.097309827804565430e+00
2.104307174682617188e+00
2.111174583435058594e+00
2.118301391601562500e+00
2.125011682510375977e+00
2.132309913635253906e+00
2.139217615127563477e+00
2.146274328231811523e+00
2.153005123138427734e+00
2.159469604492187500e+00
2.166304111480712891e+00
2.173286437988281250e+00
2.180290699005126953e+00
2.187311649322509766e+00
2.194318771362304688e+00
2.200987815856933594e+00
2.207414865493774414e+00
2.214258193969726562e+00
2.221215486526489258e+00
2.228312730789184570e+00
2.234779357910156250e+00
2.240404367446899414e+00
2.246479511260986328e+00
2.252926349639892578e+00
2.258767366409301758e+00
2.264904499053955078e+00
2.270951747894287109e+00
2.276838541030883789e+00
2.282256126403808594e+00
2.286736965179443359e+00
2.290779829025268555e+00
2.295710802078247070e+00
2.299023389816284180e+00
2.301754951477050781e+00
2.304270029067993164e+00
2.307003498077392578e+00
2.309627294540405273e+00
2.312261581420898438e+00
2.314636230468750000e+00
2.317214727401733398e+00
2.319628238677978516e+00
2.322128295898437500e+00
2.324687004089355469e+00
2.327127218246459961e+00
2.329637289047241211e+00
2.332375764846801758e+00
2.335301876068115234e+00
2.337981939315795898e+00
2.340662956237792969e+00
2.343148708343505859e+00
2.345628023147583008e+00
2.348288059234619141e+00
2.350628614425659180e+00
2.353008270263671875e+00
2.355368137359619141e+00
2.358138561248779297e+00
2.361240386962890625e+00
2.363636016845703125e+00
2.366503477096557617e+00
2.369343042373657227e+00
2.372370481491088867e+00
2.374981403350830078e+00
2.377823114395141602e+00
2.380384206771850586e+00
2.382996082305908203e+00
2.385759592056274414e+00
2.388346433639526367e+00
2.391222000122070312e+00
2.394280910491943359e+00
2.396989822387695312e+00
2.401047706604003906e+00
2.404555320739746094e+00
2.407662630081176758e+00
2.411007404327392578e+00
2.413784265518188477e+00
2.417119741439819336e+00
2.420732736587524414e+00
2.424232721328735352e+00
2.427393913269042969e+00
2.430394411087036133e+00
2.433520317077636719e+00
2.436793565750122070e+00
2.440084457397460938e+00
2.443531990051269531e+00
2.447094678878784180e+00
2.451026201248168945e+00
2.454576969146728516e+00
2.458198785781860352e+00
2.461444854736328125e+00
2.464687585830688477e+00
2.467800378799438477e+00
2.471286773681640625e+00
2.475044488906860352e+00
2.477780342102050781e+00
2.481023788452148438e+00
2.484909772872924805e+00
2.489071846008300781e+00
2.493618965148925781e+00
2.498074293136596680e+00
2.502200841903686523e+00
2.507116556167602539e+00
2.512308120727539062e+00
2.517799854278564453e+00
2.521684646606445312e+00
2.525552511215209961e+00
2.529336452484130859e+00
2.533810138702392578e+00
2.537559747695922852e+00
2.541752815246582031e+00
2.546095609664916992e+00
2.549824237823486328e+00
2.554251909255981445e+00
2.558502674102783203e+00
2.562088966369628906e+00
2.566581964492797852e+00
2.572932243347167969e+00
2.579234838485717773e+00
2.585342645645141602e+00
2.592263698577880859e+00
2.599210023880004883e+00
2.606212615966796875e+00
2.613229751586914062e+00
2.620301485061645508e+00
2.627292156219482422e+00
2.633985042572021484e+00
2.640273094177246094e+00
2.647188663482666016e+00
2.653778553009033203e+00
2.660916328430175781e+00
2.667919158935546875e+00
2.674105167388916016e+00
2.681263685226440430e+00
2.687790870666503906e+00
2.694404363632202148e+00
2.701302766799926758e+00
2.708271980285644531e+00
2.716282606124877930e+00
2.724642038345336914e+00
2.731313228607177734e+00
2.739320039749145508e+00
2.746335029602050781e+00
2.752657890319824219e+00
2.759269714355468750e+00
2.767710924148559570e+00
2.774656057357788086e+00
2.781401157379150391e+00
2.788405656814575195e+00
2.795156240463256836e+00
2.802323102951049805e+00
2.808809757232666016e+00
2.816272497177124023e+00
2.823144674301147461e+00
2.830163002014160156e+00
2.836127519607543945e+00
2.842653989791870117e+00
2.849253177642822266e+00
2.856262207031250000e+00
2.863547801971435547e+00
2.870527744293212891e+00
2.877037286758422852e+00
2.882738113403320312e+00
2.889158964157104492e+00
2.897532939910888672e+00
2.904129743576049805e+00
2.912514448165893555e+00
2.919476032257080078e+00
2.926660299301147461e+00
2.933274030685424805e+00
2.940262079238891602e+00
2.947264194488525391e+00
2.954264640808105469e+00
2.961227655410766602e+00
2.968297958374023438e+00
2.975192546844482422e+00
2.981968879699707031e+00
2.987949848175048828e+00
2.993778467178344727e+00
2.999417781829833984e+00
3.006312608718872070e+00
3.012155771255493164e+00
3.017399787902832031e+00
3.023179769515991211e+00
3.029361963272094727e+00
3.034891366958618164e+00
3.040650606155395508e+00
3.046160459518432617e+00
3.051670551300048828e+00
3.057964563369750977e+00
3.063971042633056641e+00
3.070391416549682617e+00
3.076891899108886719e+00
3.083835840225219727e+00
3.090514898300170898e+00
3.097379207611083984e+00
3.104233741760253906e+00
3.111260175704956055e+00
3.118638038635253906e+00
3.125318765640258789e+00
3.131959915161132812e+00
3.136828660964965820e+00
3.141080617904663086e+00
3.144842863082885742e+00
3.148571014404296875e+00
3.152091026306152344e+00
3.155538082122802734e+00
3.159191370010375977e+00
3.163020849227905273e+00
3.167595624923706055e+00
3.171101808547973633e+00
3.175711154937744141e+00
3.181167125701904297e+00
3.184549808502197266e+00
3.189139127731323242e+00
3.192668437957763672e+00
3.195565938949584961e+00
3.199545145034790039e+00
3.203202724456787109e+00
3.206566572189331055e+00
3.210124731063842773e+00
3.213804960250854492e+00
3.217595815658569336e+00
3.221220731735229492e+00
3.224441528320312500e+00
3.227447032928466797e+00
3.230560064315795898e+00
3.234493970870971680e+00
3.238515377044677734e+00
3.242668390274047852e+00
3.246113300323486328e+00
3.249264955520629883e+00
3.252073287963867188e+00
3.254714488983154297e+00
3.257331848144531250e+00
3.260375738143920898e+00
3.263510942459106445e+00
3.266789913177490234e+00
3.269776344299316406e+00
3.272653818130493164e+00
3.275254249572753906e+00
3.278241872787475586e+00
3.280956983566284180e+00
3.283708572387695312e+00
3.286622762680053711e+00
3.289246797561645508e+00
3.291641473770141602e+00
3.294252872467041016e+00
3.296998023986816406e+00
3.299245119094848633e+00
3.302413940429687500e+00
3.305258512496948242e+00
3.307991027832031250e+00
3.310632467269897461e+00
3.313214063644409180e+00
3.315750598907470703e+00
3.318369865417480469e+00
3.321255922317504883e+00
3.324000358581542969e+00
3.326630830764770508e+00
3.329353809356689453e+00
3.331990957260131836e+00
3.334618330001831055e+00
3.338054656982421875e+00
3.341614246368408203e+00
3.345015287399291992e+00
3.348420381546020508e+00
3.351265192031860352e+00
3.354020118713378906e+00
3.356633424758911133e+00
3.359649419784545898e+00
3.362579345703125000e+00
3.365259647369384766e+00
3.368126869201660156e+00
3.371586799621582031e+00
3.375106334686279297e+00
3.378585100173950195e+00
3.382074832916259766e+00
3.385311365127563477e+00
3.388127565383911133e+00
3.391526222229003906e+00
3.395009994506835938e+00
3.397753238677978516e+00
3.400657415390014648e+00
3.403504610061645508e+00
3.406769037246704102e+00
3.409756660461425781e+00
3.413000583648681641e+00
3.416056394577026367e+00
3.419059753417968750e+00
3.422046422958374023e+00
3.424782276153564453e+00
3.427721500396728516e+00
3.430771350860595703e+00
3.433783769607543945e+00
3.436641216278076172e+00
3.440076351165771484e+00
3.443332910537719727e+00
3.445999860763549805e+00
3.449013471603393555e+00
3.452076673507690430e+00
3.455130338668823242e+00
3.458483457565307617e+00
3.461380481719970703e+00
3.464292287826538086e+00
3.467189788818359375e+00
3.470543622970581055e+00
3.473985910415649414e+00
3.477052211761474609e+00
3.479750633239746094e+00
3.482635259628295898e+00
3.485255718231201172e+00
3.488123893737792969e+00
3.491457462310791016e+00
3.495028257369995117e+00
3.498575210571289062e+00
3.502075433731079102e+00
3.505250692367553711e+00
3.508022069931030273e+00
3.510755538940429688e+00
3.514057397842407227e+00
3.517663240432739258e+00
3.520509719848632812e+00
3.524082660675048828e+00
3.527037382125854492e+00
3.529650926589965820e+00
3.532564401626586914e+00
3.536051273345947266e+00
3.539043903350830078e+00
3.542381525039672852e+00
3.545517444610595703e+00
3.548771142959594727e+00
3.552081108093261719e+00
3.555416345596313477e+00
3.558519840240478516e+00
3.561259269714355469e+00
3.564492464065551758e+00
3.567802190780639648e+00
3.570750474929809570e+00
3.574040174484252930e+00
3.576780080795288086e+00
3.580072641372680664e+00
3.582769155502319336e+00
3.585665225982666016e+00
3.588269710540771484e+00
3.591123580932617188e+00
3.593770503997802734e+00
3.596644639968872070e+00
3.599274873733520508e+00
3.603047609329223633e+00
3.606675624847412109e+00
3.610528469085693359e+00
3.614302873611450195e+00
3.617642641067504883e+00
3.621016263961791992e+00
3.623758554458618164e+00
3.626629352569580078e+00
3.629254341125488281e+00
3.632133960723876953e+00
3.635771751403808594e+00
3.638759613037109375e+00
3.642032623291015625e+00
3.645254611968994141e+00
3.648111343383789062e+00
3.651577711105346680e+00
3.654769897460937500e+00
3.658118724822998047e+00
3.661269664764404297e+00
3.664028167724609375e+00
3.667163372039794922e+00
3.670581102371215820e+00
3.674023628234863281e+00
3.677531242370605469e+00
3.680727481842041016e+00
3.683758020401000977e+00
3.686762094497680664e+00
3.690046310424804688e+00
3.693073987960815430e+00
3.696578025817871094e+00
3.699644565582275391e+00
3.702645301818847656e+00
3.706048250198364258e+00
3.709535360336303711e+00
3.712379932403564453e+00
3.715584516525268555e+00
3.718819141387939453e+00
3.721984386444091797e+00
3.725011348724365234e+00
3.727736949920654297e+00
3.730777978897094727e+00
3.733642578125000000e+00
3.736267089843750000e+00
3.739025831222534180e+00
3.741784334182739258e+00
3.744625806808471680e+00
3.747260332107543945e+00
3.749995231628417969e+00
3.752633571624755859e+00
3.755258321762084961e+00
3.758000612258911133e+00
3.760631561279296875e+00
3.763245344161987305e+00
3.766003847122192383e+00
3.768632888793945312e+00
3.771246194839477539e+00
3.773996114730834961e+00
3.776631832122802734e+00
3.779247283935546875e+00
3.781996726989746094e+00
3.784611701965332031e+00
3.787343978881835938e+00
3.789998769760131836e+00
3.792632818222045898e+00
3.795248746871948242e+00
3.798022031784057617e+00
3.800614118576049805e+00
3.803251743316650391e+00
3.805996179580688477e+00
3.808627128601074219e+00
3.811224222183227539e+00
3.813996076583862305e+00
3.816631317138671875e+00
3.819245338439941406e+00
3.821982860565185547e+00
3.824627876281738281e+00
3.827252864837646484e+00
3.829996585845947266e+00
3.832625389099121094e+00
3.835226297378540039e+00
3.837997436523437500e+00
3.840585947036743164e+00
3.843246698379516602e+00
3.846226215362548828e+00
3.848996877670288086e+00
3.851629495620727539e+00
3.854253053665161133e+00
3.857000827789306641e+00
3.859623670578002930e+00
3.862248182296752930e+00
3.865252494812011719e+00
3.868025302886962891e+00
3.870610952377319336e+00
3.873249053955078125e+00
3.876013994216918945e+00
3.878610134124755859e+00
3.882030248641967773e+00
3.885323286056518555e+00
3.888092517852783203e+00
3.891272306442260742e+00
3.894003152847290039e+00
3.896612167358398438e+00
3.899256706237792969e+00
3.902010917663574219e+00
3.904627084732055664e+00
3.907263994216918945e+00
3.910011053085327148e+00
3.912614822387695312e+00
3.915361404418945312e+00
3.917996644973754883e+00
3.920623540878295898e+00
3.923247814178466797e+00
3.925997495651245117e+00
3.928611516952514648e+00
3.931250810623168945e+00
3.933998584747314453e+00
3.937109231948852539e+00
3.940281867980957031e+00
3.942986488342285156e+00
3.945749044418334961e+00
3.948681831359863281e+00
3.952037811279296875e+00
3.955341815948486328e+00
3.958008527755737305e+00
3.960639715194702148e+00
3.963535308837890625e+00
3.966626882553100586e+00
3.969234228134155273e+00
3.972065925598144531e+00
3.975006580352783203e+00
3.977622270584106445e+00
3.980256795883178711e+00
3.982996463775634766e+00
3.985620021820068359e+00
3.988249778747558594e+00
3.991007566452026367e+00
3.993621349334716797e+00
3.996513843536376953e+00
3.999374151229858398e+00
4.002241849899291992e+00
4.005000352859497070e+00
4.007617235183715820e+00
4.010984897613525391e+00
4.013681650161743164e+00
4.016757249832153320e+00
4.019368886947631836e+00
4.022079706192016602e+00
4.024721145629882812e+00
4.027232170104980469e+00
4.030217647552490234e+00
4.032994270324707031e+00
4.035479307174682617e+00
4.038204908370971680e+00
4.040761232376098633e+00
4.043350696563720703e+00
4.046229362487792969e+00
4.049373865127563477e+00
4.051858901977539062e+00
4.054355621337890625e+00
4.057267665863037109e+00
4.060013771057128906e+00
4.062678337097167969e+00
4.065361976623535156e+00
4.068290233612060547e+00
4.071286201477050781e+00
4.074203968048095703e+00
4.077118396759033203e+00
4.079625606536865234e+00
4.082334280014038086e+00
4.085203886032104492e+00
4.088069200515747070e+00
4.092105865478515625e+00
4.095520019531250000e+00
4.099069356918334961e+00
4.102260589599609375e+00
4.104989290237426758e+00
4.107766866683959961e+00
4.110663652420043945e+00
4.113647460937500000e+00
4.116248846054077148e+00
4.119010448455810547e+00
4.121759176254272461e+00
4.124621868133544922e+00
4.127252340316772461e+00
4.130004644393920898e+00
4.132615089416503906e+00
4.135338544845581055e+00
4.137998342514038086e+00
4.140610933303833008e+00
4.143249034881591797e+00
4.146000862121582031e+00
4.148738622665405273e+00
4.151247978210449219e+00
4.153998374938964844e+00
4.156610727310180664e+00
4.159248828887939453e+00
4.161995887756347656e+00
4.164605855941772461e+00
4.167620420455932617e+00
4.170262575149536133e+00
4.173254251480102539e+00
4.176025867462158203e+00
4.178766250610351562e+00
4.181642532348632812e+00
4.184628248214721680e+00
4.187250375747680664e+00
4.189993381500244141e+00
4.192616224288940430e+00
4.195251464843750000e+00
4.198015689849853516e+00
4.200793743133544922e+00
4.204590320587158203e+00
4.208084106445312500e+00
4.211017608642578125e+00
4.213639020919799805e+00
4.216421604156494141e+00
4.219770431518554688e+00
4.224599838256835938e+00
4.227740287780761719e+00
4.234528541564941406e+00
4.238029718399047852e+00
4.241330146789550781e+00
4.244298696517944336e+00
4.247434139251708984e+00
4.251199245452880859e+00
4.254712581634521484e+00
4.258610248565673828e+00
4.262060165405273438e+00
4.265316486358642578e+00
4.268585920333862305e+00
4.272678375244140625e+00
4.276582479476928711e+00
4.280055761337280273e+00
4.283801078796386719e+00
4.287188291549682617e+00
4.290587425231933594e+00
4.293453931808471680e+00
4.297471761703491211e+00
4.301064729690551758e+00
4.304571628570556641e+00
4.308450460433959961e+00
4.312588691711425781e+00
4.316673755645751953e+00
4.320065259933471680e+00
4.323839902877807617e+00
4.327154874801635742e+00
4.330513000488281250e+00
4.333857297897338867e+00
4.337090492248535156e+00
4.340803146362304688e+00
4.344148635864257812e+00
4.347267389297485352e+00
4.350706100463867188e+00
4.354243278503417969e+00
4.357580423355102539e+00
4.361067771911621094e+00
4.364603519439697266e+00
4.368076562881469727e+00
4.371549844741821289e+00
4.375036239624023438e+00
4.378281116485595703e+00
4.381039142608642578e+00
4.384118080139160156e+00
4.387435436248779297e+00
4.391063928604125977e+00
4.395326375961303711e+00
4.399240255355834961e+00
4.402717590332031250e+00
4.406035661697387695e+00
4.409650087356567383e+00
4.412667274475097656e+00
4.416101932525634766e+00
4.419834613800048828e+00
4.423341751098632812e+00
4.426827907562255859e+00
4.430727243423461914e+00
4.434092044830322266e+00
4.437603712081909180e+00
4.441080093383789062e+00
4.444497823715209961e+00
4.447391271591186523e+00
4.450006723403930664e+00
4.452606201171875000e+00
4.455363273620605469e+00
4.457992076873779297e+00
4.460723161697387695e+00
4.463361740112304688e+00
4.465994119644165039e+00
4.469180107116699219e+00
4.472659826278686523e+00
4.475653171539306641e+00
4.478351831436157227e+00
4.481051445007324219e+00
4.483902692794799805e+00
4.486635684967041016e+00
4.489264011383056641e+00
4.492075204849243164e+00
4.495240211486816406e+00
4.498244285583496094e+00
4.500968694686889648e+00
4.503328800201416016e+00
4.506206989288330078e+00
4.508991003036499023e+00
4.511452198028564453e+00
4.513963699340820312e+00
4.516692638397216797e+00
4.519360542297363281e+00
4.522413969039916992e+00
4.525235176086425781e+00
4.528010129928588867e+00
4.530967235565185547e+00
4.533736467361450195e+00
4.536579847335815430e+00
4.539197206497192383e+00
4.541519880294799805e+00
4.544291973114013672e+00
4.546991586685180664e+00
4.549608230590820312e+00
4.552432537078857422e+00
4.555770635604858398e+00
4.558117389678955078e+00
4.560667753219604492e+00
4.563370704650878906e+00
4.566299915313720703e+00
4.569218158721923828e+00
4.572092294692993164e+00
4.575201749801635742e+00
4.577453851699829102e+00
4.580087661743164062e+00
4.582706451416015625e+00
4.585246086120605469e+00
4.588346958160400391e+00
4.591219902038574219e+00
4.594207048416137695e+00
4.596991777420043945e+00
4.599500656127929688e+00
4.602366447448730469e+00
4.605346918106079102e+00
4.607993364334106445e+00
4.610488653182983398e+00
4.613207101821899414e+00
4.615992546081542969e+00
4.618723869323730469e+00
4.621195077896118164e+00
4.623578071594238281e+00
4.626362085342407227e+00
4.628986835479736328e+00
4.631748676300048828e+00
4.634233236312866211e+00
4.636967658996582031e+00
4.639743089675903320e+00
4.642193555831909180e+00
4.644726991653442383e+00
4.647096633911132812e+00
4.649613380432128906e+00
4.652406692504882812e+00
4.655205965042114258e+00
4.658206939697265625e+00
4.661234378814697266e+00
4.663966417312622070e+00
4.666469812393188477e+00
4.669763565063476562e+00
4.673063993453979492e+00
4.676545381546020508e+00
4.679773569107055664e+00
4.682640790939331055e+00
4.685239076614379883e+00
4.688061714172363281e+00
4.691300392150878906e+00
4.694250345230102539e+00
4.697365045547485352e+00
4.700496673583984375e+00
4.703242063522338867e+00
4.706379890441894531e+00
4.709295988082885742e+00
4.712009668350219727e+00
4.714990377426147461e+00
4.718390226364135742e+00
4.721991300582885742e+00
4.725422382354736328e+00
4.728569269180297852e+00
4.731248140335083008e+00
4.734248161315917969e+00
4.737265110015869141e+00
4.740553617477416992e+00
4.743756771087646484e+00
4.746630668640136719e+00
4.749242067337036133e+00
4.752455711364746094e+00
4.756107568740844727e+00
4.759535551071166992e+00
4.762558221817016602e+00
4.765989780426025391e+00
4.769260406494140625e+00
4.772031307220458984e+00
4.774761915206909180e+00
4.777638912200927734e+00
4.780253887176513672e+00
4.783229589462280273e+00
4.786243200302124023e+00
4.788987874984741211e+00
4.791623115539550781e+00
4.794251203536987305e+00
4.797093152999877930e+00
4.800033569335937500e+00
4.803005933761596680e+00
4.805881023406982422e+00
4.808768033981323242e+00
4.811618804931640625e+00
4.814258098602294922e+00
4.816989421844482422e+00
4.820059061050415039e+00
4.823543787002563477e+00
4.826746225357055664e+00
4.829759597778320312e+00
4.832992553710937500e+00
4.835730552673339844e+00
4.838622093200683594e+00
4.841366052627563477e+00
4.844035863876342773e+00
4.846740961074829102e+00
4.849648714065551758e+00
4.852258443832397461e+00
4.855014324188232422e+00
4.857616901397705078e+00
4.860265731811523438e+00
4.862977266311645508e+00
4.865615129470825195e+00
4.868754386901855469e+00
4.871754407882690430e+00
4.874714851379394531e+00
4.877780437469482422e+00
4.880602121353149414e+00
4.883775472640991211e+00
4.886619091033935547e+00
4.889235734939575195e+00
4.892058372497558594e+00
4.895250320434570312e+00
4.898437500000000000e+00
4.901235103607177734e+00
4.904066562652587891e+00
4.907242059707641602e+00
4.910239934921264648e+00
4.913188457489013672e+00
4.916087627410888672e+00
4.919229984283447266e+00
4.922373533248901367e+00
4.925371170043945312e+00
4.928059577941894531e+00
4.931242704391479492e+00
4.933990478515625000e+00
4.937381744384765625e+00
4.940060138702392578e+00
4.943248510360717773e+00
4.945989847183227539e+00
4.948987960815429688e+00
4.951725959777832031e+00
4.954617500305175781e+00
4.957306146621704102e+00
4.960700035095214844e+00
4.964669942855834961e+00
4.968052625656127930e+00
4.971432209014892578e+00
4.974251508712768555e+00
4.976979970932006836e+00
4.980285882949829102e+00
4.983083963394165039e+00
4.986264944076538086e+00
4.989394664764404297e+00
4.992058753967285156e+00
4.995373964309692383e+00
4.997979640960693359e+00
5.001001119613647461e+00
5.003733873367309570e+00
5.006639242172241211e+00
5.009259223937988281e+00
5.012436389923095703e+00
5.016119241714477539e+00
5.019298791885375977e+00
5.022222518920898438e+00
5.025231838226318359e+00
5.027609348297119141e+00
5.030362606048583984e+00
5.032702922821044922e+00
5.035199403762817383e+00
5.038643360137939453e+00
5.041647434234619141e+00
5.044246435165405273e+00
5.046991109848022461e+00
5.049758672714233398e+00
5.052739143371582031e+00
5.055612325668334961e+00
5.058245182037353516e+00
5.061234474182128906e+00
5.064094066619873047e+00
5.066976070404052734e+00
5.069754600524902344e+00
5.072622537612915039e+00
5.075231313705444336e+00
5.077988624572753906e+00
5.080757141113281250e+00
5.083606243133544922e+00
5.086240530014038086e+00
5.089243650436401367e+00
5.092055320739746094e+00
5.095546483993530273e+00
5.099001646041870117e+00
5.102443456649780273e+00
5.105490207672119141e+00
5.108363389968872070e+00
5.111507415771484375e+00
5.114738702774047852e+00
5.117758750915527344e+00
5.120707988739013672e+00
5.124078989028930664e+00
5.127255916595458984e+00
5.130504369735717773e+00
5.134055376052856445e+00
5.137252092361450195e+00
5.140024185180664062e+00
5.142759084701538086e+00
5.145688295364379883e+00
5.149245738983154297e+00
5.153038024902343750e+00
5.156444549560546875e+00
5.160567045211791992e+00
5.164152383804321289e+00
5.170253992080688477e+00
5.176106452941894531e+00
5.182122230529785156e+00
5.191638469696044922e+00
5.200472354888916016e+00
5.209252357482910156e+00
5.218012809753417969e+00
5.226392745971679688e+00
5.234866857528686523e+00
5.243647098541259766e+00
5.252516269683837891e+00
5.261719226837158203e+00
5.269908189773559570e+00
5.278684377670288086e+00
5.287574291229248047e+00
5.296259880065917969e+00
5.304893255233764648e+00
5.313414335250854492e+00
5.321836471557617188e+00
5.330611467361450195e+00
5.339369297027587891e+00
5.347578048706054688e+00
5.355746030807495117e+00
5.364295721054077148e+00
5.372653245925903320e+00
5.381513357162475586e+00
5.389878034591674805e+00
5.398329257965087891e+00
5.406818151473999023e+00
5.415507793426513672e+00
5.423769235610961914e+00
5.432785511016845703e+00
5.441772937774658203e+00
5.450607538223266602e+00
5.459219694137573242e+00
5.467628240585327148e+00
5.476758480072021484e+00
5.484939336776733398e+00
5.493825674057006836e+00
5.502601385116577148e+00
5.511389255523681641e+00
5.520515441894531250e+00
5.529440641403198242e+00
5.538423299789428711e+00
5.546957254409790039e+00
5.555195093154907227e+00
5.564013957977294922e+00
5.572974920272827148e+00
5.581943988800048828e+00
5.591945409774780273e+00
5.600773334503173828e+00
5.609378337860107422e+00
5.617738008499145508e+00
5.627579927444458008e+00
5.635702133178710938e+00
5.643565416336059570e+00
5.651430130004882812e+00
5.658581733703613281e+00
5.665656328201293945e+00
5.673249006271362305e+00
5.680661916732788086e+00
5.688205480575561523e+00
5.695704936981201172e+00
5.703328132629394531e+00
5.710861206054687500e+00
5.718276500701904297e+00
5.725662469863891602e+00
5.733420610427856445e+00
5.740985631942749023e+00
5.748785972595214844e+00
5.756490468978881836e+00
5.764333009719848633e+00
5.771451711654663086e+00
5.779352188110351562e+00
5.786862134933471680e+00
5.794733524322509766e+00
5.802285671234130859e+00
5.809928655624389648e+00
5.817665100097656250e+00
5.825477361679077148e+00
5.833369255065917969e+00
5.840975761413574219e+00
5.848881483078002930e+00
5.856558322906494141e+00
5.864335536956787109e+00
5.871995687484741211e+00
5.879713773727416992e+00
5.887350797653198242e+00
5.894938945770263672e+00
5.902658700942993164e+00
5.912580728530883789e+00
5.920313358306884766e+00
5.927852392196655273e+00
5.935345172882080078e+00
5.942852735519409180e+00
5.950196981430053711e+00
5.957590818405151367e+00
5.965249061584472656e+00
5.972869634628295898e+00
5.980438709259033203e+00
5.987420320510864258e+00
5.994203329086303711e+00
6.001231908798217773e+00
6.009260177612304688e+00
6.016232490539550781e+00
6.023322820663452148e+00
6.030895471572875977e+00
6.038906097412109375e+00
6.046267271041870117e+00
6.053933858871459961e+00
6.061661243438720703e+00
6.069473981857299805e+00
6.076933145523071289e+00
6.084443569183349609e+00
6.092439413070678711e+00
6.100428342819213867e+00
6.108306169509887695e+00
6.115548133850097656e+00
6.123278617858886719e+00
6.130883455276489258e+00
6.138434410095214844e+00
6.145779848098754883e+00
6.152909040451049805e+00
6.162220716476440430e+00
6.169470787048339844e+00
6.176298379898071289e+00
6.183149099349975586e+00
6.190211534500122070e+00
6.197278022766113281e+00
6.203926086425781250e+00
6.211335182189941406e+00
6.218453645706176758e+00
6.225399255752563477e+00
6.232075452804565430e+00
6.239150047302246094e+00
6.246309518814086914e+00
6.253405332565307617e+00
6.260742902755737305e+00
6.267742156982421875e+00
6.274593830108642578e+00
6.281684875488281250e+00
6.288692951202392578e+00
6.295703887939453125e+00
6.302840948104858398e+00
6.311335563659667969e+00
6.318624973297119141e+00
6.325726032257080078e+00
6.332301855087280273e+00
6.339227676391601562e+00
6.346700906753540039e+00
6.353329420089721680e+00
6.360308408737182617e+00
6.367123603820800781e+00
6.374474287033081055e+00
6.381597757339477539e+00
6.388710021972656250e+00
6.395710229873657227e+00
6.402821302413940430e+00
6.411332130432128906e+00
6.418151140213012695e+00
6.425345659255981445e+00
6.439749479293823242e+00
6.446215391159057617e+00
6.450874567031860352e+00
6.456937789916992188e+00
6.463917016983032227e+00
6.469128131866455078e+00
6.474193334579467773e+00
6.479368925094604492e+00
6.483841180801391602e+00
6.488200664520263672e+00
6.492594957351684570e+00
6.496795415878295898e+00
6.500675916671752930e+00
6.504877328872680664e+00
6.509293794631958008e+00
6.513552904129028320e+00
6.517843008041381836e+00
6.522289991378784180e+00
6.526153087615966797e+00
6.531084060668945312e+00
6.535615444183349609e+00
6.540211677551269531e+00
6.544536113739013672e+00
6.548708677291870117e+00
6.552684307098388672e+00
6.556796312332153320e+00
6.561051130294799805e+00
6.565140485763549805e+00
6.569892883300781250e+00
6.574082612991333008e+00
6.579212188720703125e+00
6.584136009216308594e+00
6.590212106704711914e+00
6.594816923141479492e+00
6.599154233932495117e+00
6.603563308715820312e+00
6.608021497726440430e+00
6.612283945083618164e+00
6.616217613220214844e+00
6.619422912597656250e+00
6.622204780578613281e+00
6.624592304229736328e+00
6.626949548721313477e+00
6.629593849182128906e+00
6.631988286972045898e+00
6.634547948837280273e+00
6.637213468551635742e+00
6.639592170715332031e+00
6.642052173614501953e+00
6.644963026046752930e+00
6.647589921951293945e+00
6.650210380554199219e+00
6.652957201004028320e+00
6.655984401702880859e+00
6.658343076705932617e+00
6.661521911621093750e+00
6.664394378662109375e+00
6.667243719100952148e+00
6.670476198196411133e+00
6.673349618911743164e+00
6.676430702209472656e+00
6.680175781250000000e+00
6.683344125747680664e+00
6.686351537704467773e+00
6.689361572265625000e+00
6.692376375198364258e+00
6.696015357971191406e+00
6.699354648590087891e+00
6.702240467071533203e+00
6.705236673355102539e+00
6.708255052566528320e+00
6.710961580276489258e+00
6.713741064071655273e+00
6.716738939285278320e+00
6.719604253768920898e+00
6.723137855529785156e+00
6.726502418518066406e+00
6.729977130889892578e+00
6.733227491378784180e+00
6.736347675323486328e+00
6.738962888717651367e+00
6.741587877273559570e+00
6.744410753250122070e+00
6.748182058334350586e+00
6.751226425170898438e+00
6.754419326782226562e+00
6.757980585098266602e+00
6.761022090911865234e+00
6.764012813568115234e+00
6.766725778579711914e+00
6.770053625106811523e+00
6.773231267929077148e+00
6.776389122009277344e+00
6.779605627059936523e+00
6.782981157302856445e+00
6.785741806030273438e+00
6.788995265960693359e+00
6.792365550994873047e+00
6.795233964920043945e+00
6.798620223999023438e+00
6.801213741302490234e+00
6.804461717605590820e+00
6.808064460754394531e+00
6.811400651931762695e+00
6.814979553222656250e+00
6.817695856094360352e+00
6.820692300796508789e+00
6.824140071868896484e+00
6.827240705490112305e+00
6.830576181411743164e+00
6.833735704421997070e+00
6.836978435516357422e+00
6.840494394302368164e+00
6.843598604202270508e+00
6.847022533416748047e+00
6.850244045257568359e+00
6.852976560592651367e+00
6.855601072311401367e+00
6.859027624130249023e+00
6.862241029739379883e+00
6.865225553512573242e+00
6.868409872055053711e+00
6.871369600296020508e+00
6.873963594436645508e+00
6.877346515655517578e+00
6.880032539367675781e+00
6.883031368255615234e+00
6.886440992355346680e+00
6.889982223510742188e+00
6.892996311187744141e+00
6.896237373352050781e+00
6.899244785308837891e+00
6.902235507965087891e+00
6.905373334884643555e+00
6.908349752426147461e+00
6.911461830139160156e+00
6.915147304534912109e+00
6.918555974960327148e+00
6.922037124633789062e+00
6.925507307052612305e+00
6.928989171981811523e+00
6.932367563247680664e+00
6.935635328292846680e+00
6.939354896545410156e+00
6.942235708236694336e+00
6.945222377777099609e+00
6.948020935058593750e+00
6.951618194580078125e+00
6.954992294311523438e+00
6.958287477493286133e+00
6.961606979370117188e+00
6.964224576950073242e+00
6.966968297958374023e+00
6.969614505767822266e+00
6.972514867782592773e+00
6.976001977920532227e+00
6.978709220886230469e+00
6.981763124465942383e+00
6.984376907348632812e+00
6.986953973770141602e+00
6.989509344100952148e+00
6.992204189300537109e+00
6.994675159454345703e+00
6.997212886810302734e+00
6.999683618545532227e+00
7.002198934555053711e+00
7.004954099655151367e+00
7.007573604583740234e+00
7.010226964950561523e+00
7.012954473495483398e+00
7.015585660934448242e+00
7.018206596374511719e+00
7.020672321319580078e+00
7.023199081420898438e+00
7.025564432144165039e+00
7.028216838836669922e+00
7.030583143234252930e+00
7.032923698425292969e+00
7.035377025604248047e+00
7.038682699203491211e+00
7.042194128036499023e+00
7.045611858367919922e+00
7.049013137817382812e+00
7.052473068237304688e+00
7.055358409881591797e+00
7.058374166488647461e+00
7.061408042907714844e+00
7.065041065216064453e+00
7.068330049514770508e+00
7.070962667465209961e+00
7.073721885681152344e+00
7.076610803604125977e+00
7.079346656799316406e+00
7.082234859466552734e+00
7.085233211517333984e+00
7.088240623474121094e+00
7.091230869293212891e+00
7.094234943389892578e+00
7.097232341766357422e+00
7.100015163421630859e+00
7.102617025375366211e+00
7.105233430862426758e+00
7.108344554901123047e+00
7.111236333847045898e+00
7.114242792129516602e+00
7.116975307464599609e+00
7.119590282440185547e+00
7.122235059738159180e+00
7.124963283538818359e+00
7.127607345581054688e+00
7.130218982696533203e+00
7.132961988449096680e+00
7.135604619979858398e+00
7.138218164443969727e+00
7.140964508056640625e+00
7.143603086471557617e+00
7.146217346191406250e+00
7.148964405059814453e+00
7.151600599288940430e+00
7.154308795928955078e+00
7.156963109970092773e+00
7.159580230712890625e+00
7.162222146987915039e+00
7.164985418319702148e+00
7.167604923248291016e+00
7.170201301574707031e+00
7.173228025436401367e+00
7.176034450531005859e+00
7.178671121597290039e+00
7.180924415588378906e+00
7.183308839797973633e+00
7.185923337936401367e+00
7.188577175140380859e+00
7.191209554672241211e+00
7.193462133407592773e+00
7.195927619934082031e+00
7.198550462722778320e+00
7.200925827026367188e+00
7.203552246093750000e+00
7.206573009490966797e+00
7.209346532821655273e+00
7.212008237838745117e+00
7.214995145797729492e+00
7.218221187591552734e+00
7.220951557159423828e+00
7.223321676254272461e+00
7.226219892501831055e+00
7.229219913482666016e+00
7.232005596160888672e+00
7.234966754913330078e+00
7.237999439239501953e+00
7.240950822830200195e+00
7.243710994720458984e+00
7.246468067169189453e+00
7.249965190887451172e+00
7.253028154373168945e+00
7.255701541900634766e+00
7.258342504501342773e+00
7.261334180831909180e+00
7.264332771301269531e+00
7.267215728759765625e+00
7.270088434219360352e+00
7.273361682891845703e+00
7.276201248168945312e+00
7.279207229614257812e+00
7.282272815704345703e+00
7.285202026367187500e+00
7.287986755371093750e+00
7.290710210800170898e+00
7.293718814849853516e+00
7.296714544296264648e+00
7.299654722213745117e+00
7.302654027938842773e+00
7.305327415466308594e+00
7.308278560638427734e+00
7.311256647109985352e+00
7.314334869384765625e+00
7.317207098007202148e+00
7.319984674453735352e+00
7.322716236114501953e+00
7.325223684310913086e+00
7.328060626983642578e+00
7.330585241317749023e+00
7.333225250244140625e+00
7.335941791534423828e+00
7.338456630706787109e+00
7.341332435607910156e+00
7.343960285186767578e+00
7.346700429916381836e+00
7.349344491958618164e+00
7.352203845977783203e+00
7.354965686798095703e+00
7.357731580734252930e+00
7.360324621200561523e+00
7.363193750381469727e+00
7.366204023361206055e+00
7.369234800338745117e+00
7.372202634811401367e+00
7.374935626983642578e+00
7.377933263778686523e+00
7.381375312805175781e+00
7.384394884109497070e+00
7.387437582015991211e+00
7.390198707580566406e+00
7.392711877822875977e+00
7.395715236663818359e+00
7.398293256759643555e+00
7.401257753372192383e+00
7.404334783554077148e+00
7.407215356826782227e+00
7.410351991653442383e+00
7.413200855255126953e+00
7.416281223297119141e+00
7.419266223907470703e+00
7.421956539154052734e+00
7.424709558486938477e+00
7.427304267883300781e+00
7.430194377899169922e+00
7.433197975158691406e+00
7.435938119888305664e+00
7.438586235046386719e+00
7.441358089447021484e+00
7.444329023361206055e+00
7.447217941284179688e+00
7.450268745422363281e+00
7.453199386596679688e+00
7.456383943557739258e+00
7.459198474884033203e+00
7.462198019027709961e+00
7.464957475662231445e+00
7.467690706253051758e+00
7.470273017883300781e+00
7.473238945007324219e+00
7.476310491561889648e+00
7.479199886322021484e+00
7.482374906539916992e+00
7.485198497772216797e+00
7.487702131271362305e+00
7.490296125411987305e+00
7.493199586868286133e+00
7.495962142944335938e+00
7.498698234558105469e+00
7.501218318939208984e+00
7.504207134246826172e+00
7.507385969161987305e+00
7.510214328765869141e+00
7.513274431228637695e+00
7.516208410263061523e+00
7.519275426864624023e+00
7.522264242172241211e+00
7.525340557098388672e+00
7.528240442276000977e+00
7.531198978424072266e+00
7.534214735031127930e+00
7.537399053573608398e+00
7.540364027023315430e+00
7.543335199356079102e+00
7.546234130859375000e+00
7.549360513687133789e+00
7.552369594573974609e+00
7.555197715759277344e+00
7.558201551437377930e+00
7.561214685440063477e+00
7.564334154129028320e+00
7.567216873168945312e+00
7.570198774337768555e+00
7.572930335998535156e+00
7.575579404830932617e+00
7.578543901443481445e+00
7.581999301910400391e+00
7.585354089736938477e+00
7.588396072387695312e+00
7.591331720352172852e+00
7.594390153884887695e+00
7.597955465316772461e+00
7.601446151733398438e+00
7.605026006698608398e+00
7.608393907546997070e+00
7.611492395401000977e+00
7.614723920822143555e+00
7.618000507354736328e+00
7.621490240097045898e+00
7.625027179718017578e+00
7.628348588943481445e+00
7.631208181381225586e+00
7.633953332901000977e+00
7.636213302612304688e+00
7.638717651367187500e+00
7.641264677047729492e+00
7.643545866012573242e+00
7.646203279495239258e+00
7.648551225662231445e+00
7.650929450988769531e+00
7.653582572937011719e+00
7.655989170074462891e+00
7.658548593521118164e+00
7.660876989364624023e+00
7.663203716278076172e+00
7.665466308593750000e+00
7.668291568756103516e+00
7.670461416244506836e+00
7.673192739486694336e+00
7.675463438034057617e+00
7.678065061569213867e+00
7.680541515350341797e+00
7.683203220367431641e+00
7.685926914215087891e+00
7.688318729400634766e+00
7.690547227859497070e+00
7.693073511123657227e+00
7.695546388626098633e+00
7.698206901550292969e+00
7.701205730438232422e+00
7.703542947769165039e+00
7.705877542495727539e+00
7.708457469940185547e+00
7.711074352264404297e+00
7.713464260101318359e+00
7.715932846069335938e+00
7.718210220336914062e+00
7.720546722412109375e+00
7.722954034805297852e+00
7.725210189819335938e+00
7.727542161941528320e+00
7.729927539825439453e+00
7.732211351394653320e+00
7.734673738479614258e+00
7.737205743789672852e+00
7.739548921585083008e+00
7.741877317428588867e+00
7.744189739227294922e+00
7.746663570404052734e+00
7.749199151992797852e+00
7.751464128494262695e+00
7.753927230834960938e+00
7.756292343139648438e+00
7.758669853210449219e+00
7.760928869247436523e+00
7.763210535049438477e+00
7.765927553176879883e+00
7.768296480178833008e+00
7.770877838134765625e+00
7.773209095001220703e+00
7.775545120239257812e+00
7.777928590774536133e+00
7.780966520309448242e+00
7.783586502075195312e+00
7.786230087280273438e+00
7.789232492446899414e+00
7.792337656021118164e+00
7.795217990875244141e+00
7.798229694366455078e+00
7.801231861114501953e+00
7.804352998733520508e+00
7.807481765747070312e+00
7.810590505599975586e+00
7.813246011734008789e+00
7.816528081893920898e+00
7.819729089736938477e+00
7.822988510131835938e+00
7.825713396072387695e+00
7.828968048095703125e+00
7.831727504730224609e+00
7.834606409072875977e+00
7.837359666824340820e+00
7.840339660644531250e+00
7.843204259872436523e+00
7.846479177474975586e+00
7.849986314773559570e+00
7.853405475616455078e+00
7.856709241867065430e+00
7.859732389450073242e+00
7.862711668014526367e+00
7.865597248077392578e+00
7.868223667144775391e+00
7.871312141418457031e+00
7.874318599700927734e+00
7.877312898635864258e+00
7.880348682403564453e+00
7.883218050003051758e+00
7.886381387710571289e+00
7.890417337417602539e+00
7.893953800201416016e+00
7.896713495254516602e+00
7.899600505828857422e+00
7.903007984161376953e+00
7.906314373016357422e+00
7.909313201904296875e+00
7.912225246429443359e+00
7.915408611297607422e+00
7.918734788894653320e+00
7.921601772308349609e+00
7.924384593963623047e+00
7.927341222763061523e+00
7.929979085922241211e+00
7.932726383209228516e+00
7.936064004898071289e+00
7.939473628997802734e+00
7.942958831787109375e+00
7.945718765258789062e+00
7.949038505554199219e+00
7.952702760696411133e+00
7.955724000930786133e+00
7.958713054656982422e+00
7.961954593658447266e+00
7.964590549468994141e+00
7.967198610305786133e+00
7.970312833786010742e+00
7.973238468170166016e+00
7.976351499557495117e+00
7.979240179061889648e+00
7.982353448867797852e+00
7.985361814498901367e+00
7.988062143325805664e+00
7.991401672363281250e+00
7.994717597961425781e+00
7.997728586196899414e+00
8.000699758529663086e+00
8.003728628158569336e+00
8.006721496582031250e+00
8.009730577468872070e+00
8.012712001800537109e+00
8.015712738037109375e+00
8.019038677215576172e+00
8.022336244583129883e+00
8.025314807891845703e+00
8.028333425521850586e+00
8.031313657760620117e+00
8.034383058547973633e+00
8.037469387054443359e+00
8.041146993637084961e+00
8.044342517852783203e+00
8.047339200973510742e+00
8.050343990325927734e+00
8.053217649459838867e+00
8.056356906890869141e+00
8.059522628784179688e+00
8.063116073608398438e+00
8.066368103027343750e+00
8.069220304489135742e+00
8.072341203689575195e+00
8.074968814849853516e+00
8.077600002288818359e+00
8.080720424652099609e+00
8.083590507507324219e+00
8.087000608444213867e+00
8.090498685836791992e+00
8.093205690383911133e+00
8.096334695816040039e+00
8.098980903625488281e+00
8.102393865585327148e+00
8.105408906936645508e+00
8.108727693557739258e+00
8.111598730087280273e+00
8.115176916122436523e+00
8.118344306945800781e+00
8.121335744857788086e+00
8.124359130859375000e+00
8.127349615097045898e+00
8.130314826965332031e+00
8.133315801620483398e+00
8.136347770690917969e+00
8.138968467712402344e+00
8.141709089279174805e+00
8.145055055618286133e+00
8.148396253585815430e+00
8.151316404342651367e+00
8.154314517974853516e+00
8.157357931137084961e+00
8.160375595092773438e+00
8.164005517959594727e+00
8.167542457580566406e+00
8.170722007751464844e+00
8.173725366592407227e+00
8.176994562149047852e+00
8.180011987686157227e+00
8.183345317840576172e+00
8.186341762542724609e+00
8.189558982849121094e+00
8.192342519760131836e+00
8.194982290267944336e+00
8.197727680206298828e+00
8.200698614120483398e+00
8.203233003616333008e+00
8.206319570541381836e+00
8.209212064743041992e+00
8.212354421615600586e+00
8.215210437774658203e+00
8.218402385711669922e+00
8.222029447555541992e+00
8.225469350814819336e+00
8.228701829910278320e+00
8.231711864471435547e+00
8.234711408615112305e+00
8.237976789474487305e+00
8.240898370742797852e+00
8.243747234344482422e+00
8.246540784835815430e+00
8.249192237854003906e+00
8.252221107482910156e+00
8.255069255828857422e+00
8.257904767990112305e+00
8.260569095611572266e+00
8.263203382492065430e+00
8.265931367874145508e+00
8.268329858779907227e+00
8.270930051803588867e+00
8.273561239242553711e+00
8.275965690612792969e+00
8.279010534286499023e+00
8.282197713851928711e+00
8.285331249237060547e+00
8.288029193878173828e+00
8.290742158889770508e+00
8.293589353561401367e+00
8.296215057373046875e+00
8.299312353134155273e+00
8.302312374114990234e+00
8.305309772491455078e+00
8.308687925338745117e+00
8.312015295028686523e+00
8.315329790115356445e+00
8.317996978759765625e+00
8.320744514465332031e+00
8.323583602905273438e+00
8.326233625411987305e+00
8.328967332839965820e+00
8.331575870513916016e+00
8.334312200546264648e+00
8.337223291397094727e+00
8.340326786041259766e+00
8.343232393264770508e+00
8.346312999725341797e+00
8.349205017089843750e+00
8.352354288101196289e+00
8.355305671691894531e+00
8.358313083648681641e+00
8.361452817916870117e+00
8.364341974258422852e+00
8.367251157760620117e+00
8.370360136032104492e+00
8.373361825942993164e+00
8.376966953277587891e+00
8.380684137344360352e+00
8.384140491485595703e+00
8.387461185455322266e+00
8.390980720520019531e+00
8.394475460052490234e+00
8.398017168045043945e+00
8.401404380798339844e+00
8.404968738555908203e+00
8.408044099807739258e+00
8.412030458450317383e+00
8.415550231933593750e+00
8.418587207794189453e+00
8.421192169189453125e+00
8.423704862594604492e+00
8.426205873489379883e+00
8.428956270217895508e+00
8.432045459747314453e+00
8.435203075408935547e+00
8.437931776046752930e+00
8.440667390823364258e+00
8.442933797836303711e+00
8.445455551147460938e+00
8.447972774505615234e+00
8.450456142425537109e+00
8.453202724456787109e+00
8.455989122390747070e+00
8.458321332931518555e+00
8.460937738418579102e+00
8.463411331176757812e+00
8.465905904769897461e+00
8.468677043914794922e+00
8.470932006835937500e+00
8.473559141159057617e+00
8.476253509521484375e+00
8.479332208633422852e+00
8.482188463211059570e+00
8.484706878662109375e+00
8.487288713455200195e+00
8.489932060241699219e+00
8.492565870285034180e+00
8.494932651519775391e+00
8.497321367263793945e+00
8.499545574188232422e+00
8.501931905746459961e+00
8.504698276519775391e+00
8.506930828094482422e+00
8.509533166885375977e+00
8.511969089508056641e+00
8.514424324035644531e+00
8.516938924789428711e+00
8.519707679748535156e+00
8.522185087203979492e+00
8.524668931961059570e+00
8.527068138122558594e+00
8.529452085494995117e+00
8.532004117965698242e+00
8.534541606903076172e+00
8.537193775177001953e+00
8.540095090866088867e+00
8.542943477630615234e+00
8.545457124710083008e+00
8.548001050949096680e+00
8.550452470779418945e+00
8.553383111953735352e+00
8.556390285491943359e+00
8.558932781219482422e+00
8.561572551727294922e+00
8.563993453979492188e+00
8.566285848617553711e+00
8.568939208984375000e+00
8.571582078933715820e+00
8.574192523956298828e+00
8.576955556869506836e+00
8.579713106155395508e+00
8.583163499832153320e+00
8.586513280868530273e+00
8.589334964752197266e+00
8.591977119445800781e+00
8.594711065292358398e+00
8.597728013992309570e+00
8.601003646850585938e+00
8.604344367980957031e+00
8.607213497161865234e+00
8.610318660736083984e+00
8.613530635833740234e+00
8.617121219635009766e+00
8.621027469635009766e+00
8.624343872070312500e+00
8.627215385437011719e+00
8.630336523056030273e+00
8.633223056793212891e+00
8.636338710784912109e+00
8.639212846755981445e+00
8.641957759857177734e+00
8.644592761993408203e+00
8.647208213806152344e+00
8.650348424911499023e+00
8.653349161148071289e+00
8.656305789947509766e+00
8.659212112426757812e+00
8.662346124649047852e+00
8.665354251861572266e+00
8.668198585510253906e+00
8.670958042144775391e+00
8.673726797103881836e+00
8.676994085311889648e+00
8.680340528488159180e+00
8.683309555053710938e+00
8.686661958694458008e+00
8.689960479736328125e+00
8.692589282989501953e+00
8.695304393768310547e+00
8.698728561401367188e+00
8.701707601547241211e+00
8.704591989517211914e+00
8.707232952117919922e+00
8.710609197616577148e+00
8.713962554931640625e+00
8.716575145721435547e+00
8.719308614730834961e+00
8.722611188888549805e+00
8.726023674011230469e+00
8.729220628738403320e+00
8.731981754302978516e+00
8.734723806381225586e+00
8.737704992294311523e+00
8.740570306777954102e+00
8.743319272994995117e+00
8.746225595474243164e+00
8.749346494674682617e+00
8.752207279205322266e+00
8.755319595336914062e+00
8.758317947387695312e+00
8.761207818984985352e+00
8.763997554779052734e+00
8.766704320907592773e+00
8.769705295562744141e+00
8.772724628448486328e+00
8.775583982467651367e+00
8.778345584869384766e+00
8.781538963317871094e+00
8.785018920898437500e+00
8.788466930389404297e+00
8.792021512985229492e+00
8.795350313186645508e+00
8.798225164413452148e+00
8.801307678222656250e+00
8.804378032684326172e+00
8.808061361312866211e+00
8.811480045318603516e+00
8.814962387084960938e+00
8.817712545394897461e+00
8.820980072021484375e+00
8.824393272399902344e+00
8.827980995178222656e+00
8.830703735351562500e+00
8.833705186843872070e+00
8.836758852005004883e+00
8.839697599411010742e+00
8.842704772949218750e+00
8.845716476440429688e+00
8.848702430725097656e+00
8.851569890975952148e+00
8.854346513748168945e+00
8.857311248779296875e+00
8.860332012176513672e+00
8.863345384597778320e+00
8.866333007812500000e+00
8.869206666946411133e+00
8.872371196746826172e+00
8.875208854675292969e+00
8.878345966339111328e+00
8.881319761276245117e+00
8.884347438812255859e+00
8.887293577194213867e+00
8.890344619750976562e+00
8.893347263336181641e+00
8.896071910858154297e+00
8.899346828460693359e+00
8.902345180511474609e+00
8.905333518981933594e+00
8.908214569091796875e+00
8.911346435546875000e+00
8.914328336715698242e+00
8.917215824127197266e+00
8.920004367828369141e+00
8.922703266143798828e+00
8.925704002380371094e+00
8.928706884384155273e+00
8.931693553924560547e+00
8.934710741043090820e+00
8.937704086303710938e+00
8.940577983856201172e+00
8.943600416183471680e+00
8.946348667144775391e+00
8.949200391769409180e+00
8.952356338500976562e+00
8.955289363861083984e+00
8.958350181579589844e+00
8.961331129074096680e+00
8.964207410812377930e+00
8.967225790023803711e+00
8.970346450805664062e+00
8.973209381103515625e+00
8.976002454757690430e+00
8.978707313537597656e+00
8.981580257415771484e+00
8.984296560287475586e+00
8.987214803695678711e+00
8.989947557449340820e+00
8.992582082748413086e+00
8.995200872421264648e+00
8.998174667358398438e+00
9.001180648803710938e+00
9.004003047943115234e+00
9.006565570831298828e+00
9.010386705398559570e+00
9.013706684112548828e+00
9.016965150833129883e+00
9.020041227340698242e+00
9.023345232009887695e+00
9.026329040527343750e+00
9.029345989227294922e+00
9.032347917556762695e+00
9.035212516784667969e+00
9.038192272186279297e+00
9.041224956512451172e+00
9.044262170791625977e+00
9.047345161437988281e+00
9.050344228744506836e+00
9.053345441818237305e+00
9.056541681289672852e+00
9.060016632080078125e+00
9.062708377838134766e+00
9.065708398818969727e+00
9.068702459335327148e+00
9.071708679199218750e+00
9.074564218521118164e+00
9.077601432800292969e+00
9.080414772033691406e+00
9.083584547042846680e+00
9.086345195770263672e+00
9.089225530624389648e+00
9.092326641082763672e+00
9.095215797424316406e+00
9.098345279693603516e+00
9.101333141326904297e+00
9.104242086410522461e+00
9.107532262802124023e+00
9.110718965530395508e+00
9.113715171813964844e+00
9.116710662841796875e+00
9.119574308395385742e+00
9.122345209121704102e+00
9.125350475311279297e+00
9.129036426544189453e+00
9.132514715194702148e+00
9.135988473892211914e+00
9.139345407485961914e+00
9.142214298248291016e+00
9.145358800888061523e+00
9.148970127105712891e+00
9.151721477508544922e+00
9.154654026031494141e+00
9.157939195632934570e+00
9.160712718963623047e+00
9.163695573806762695e+00
9.166700839996337891e+00
9.169708251953125000e+00
9.172572612762451172e+00
9.175201892852783203e+00
9.178345203399658203e+00
9.181200504302978516e+00
9.184326648712158203e+00
9.187344551086425781e+00
9.191036462783813477e+00
9.194387435913085938e+00
9.197710514068603516e+00
9.200570344924926758e+00
9.203334093093872070e+00
9.207044839859008789e+00
9.210348844528198242e+00
9.213308811187744141e+00
9.216204881668090820e+00
9.218959808349609375e+00
9.221692085266113281e+00
9.224715232849121094e+00
9.227579355239868164e+00
9.230351924896240234e+00
9.233200550079345703e+00
9.235994338989257812e+00
9.239278554916381836e+00
9.241939067840576172e+00
9.244568586349487305e+00
9.247082233428955078e+00
9.250326633453369141e+00
9.253327608108520508e+00
9.256351232528686523e+00
9.258949995040893555e+00
9.261713743209838867e+00
9.264586210250854492e+00
9.267363548278808594e+00
9.270340204238891602e+00
9.273205280303955078e+00
9.276347637176513672e+00
9.279222488403320312e+00
9.282194375991821289e+00
9.285318851470947266e+00
9.288023710250854492e+00
9.291329145431518555e+00
9.294201135635375977e+00
9.296951055526733398e+00
9.299696683883666992e+00
9.302705526351928711e+00
9.305592298507690430e+00
9.308305263519287109e+00
9.310958623886108398e+00
9.313709497451782227e+00
9.316713809967041016e+00
9.319579124450683594e+00
9.322702646255493164e+00
9.325721025466918945e+00
9.328710079193115234e+00
9.331709384918212891e+00
9.334590673446655273e+00
9.337337970733642578e+00
9.340434789657592773e+00
9.343321561813354492e+00
9.345958948135375977e+00
9.348937988281250000e+00
9.351690769195556641e+00
9.354590415954589844e+00
9.357315778732299805e+00
9.360198736190795898e+00
9.362946748733520508e+00
9.365579843521118164e+00
9.368343591690063477e+00
9.371324300765991211e+00
9.374083280563354492e+00
9.377332448959350586e+00
9.380217313766479492e+00
9.383506536483764648e+00
9.387079954147338867e+00
9.390326738357543945e+00
9.393200397491455078e+00
9.396450519561767578e+00
9.399335145950317383e+00
9.402308464050292969e+00
9.405204534530639648e+00
9.408338546752929688e+00
9.411193132400512695e+00
9.414214134216308594e+00
9.417355298995971680e+00
9.421008586883544922e+00
9.424390077590942383e+00
9.427400588989257812e+00
9.430324077606201172e+00
9.433202028274536133e+00
9.436007976531982422e+00
9.439416885375976562e+00
9.442928075790405273e+00
9.445571660995483398e+00
9.448311090469360352e+00
9.451333284378051758e+00
9.454457521438598633e+00
9.457292556762695312e+00
9.460190057754516602e+00
9.463188886642456055e+00
9.465950012207031250e+00
9.468700170516967773e+00
9.471334218978881836e+00
9.474396705627441406e+00
9.477900743484497070e+00
9.480698823928833008e+00
9.483702898025512695e+00
9.486565351486206055e+00
9.489442586898803711e+00
9.492232561111450195e+00
9.495286464691162109e+00
9.498086690902709961e+00
9.501231670379638672e+00
9.504382610321044922e+00
9.506952762603759766e+00
9.510062694549560547e+00
9.513433456420898438e+00
9.516752243041992188e+00
9.519582748413085938e+00
9.522305011749267578e+00
9.525366306304931641e+00
9.528321743011474609e+00
9.531202793121337891e+00
9.534211874008178711e+00
9.537304878234863281e+00
9.540099382400512695e+00
9.542446613311767578e+00
9.545066118240356445e+00
9.547699451446533203e+00
9.550191879272460938e+00
9.552913427352905273e+00
9.555301904678344727e+00
9.558074951171875000e+00
9.560443639755249023e+00
9.562937974929809570e+00
9.565527439117431641e+00
9.568171262741088867e+00
9.570657014846801758e+00
9.573049783706665039e+00
9.575433015823364258e+00
9.578191995620727539e+00
9.580726861953735352e+00
9.583565473556518555e+00
9.586225271224975586e+00
9.589312553405761719e+00
9.592116594314575195e+00
9.594564199447631836e+00
9.597068786621093750e+00
9.599556684494018555e+00
9.602066755294799805e+00
9.604537725448608398e+00
9.607046127319335938e+00
9.609800100326538086e+00
9.612566709518432617e+00
9.614809751510620117e+00
9.617912292480468750e+00
9.620744943618774414e+00
9.623439311981201172e+00
9.626171827316284180e+00
9.628685474395751953e+00
9.631275177001953125e+00
9.633911848068237305e+00
9.636684656143188477e+00
9.639046907424926758e+00
9.641318082809448242e+00
9.643993854522705078e+00
9.646445512771606445e+00
9.648923397064208984e+00
9.651441574096679688e+00
9.654050588607788086e+00
9.656298160552978516e+00
9.658526659011840820e+00
9.661197900772094727e+00
9.663532972335815430e+00
9.666065931320190430e+00
9.668525695800781250e+00
9.671066999435424805e+00
9.673689126968383789e+00
9.676560401916503906e+00
9.678911209106445312e+00
9.681399106979370117e+00
9.683908224105834961e+00
9.686526060104370117e+00
9.688912153244018555e+00
9.691188097000122070e+00
9.693653821945190430e+00
9.696149110794067383e+00
9.698441267013549805e+00
9.701173543930053711e+00
9.703443765640258789e+00
9.706284523010253906e+00
9.708933353424072266e+00
9.711438417434692383e+00
9.714051485061645508e+00
9.716649770736694336e+00
9.718911409378051758e+00
9.721320390701293945e+00
9.723951578140258789e+00
9.726406574249267578e+00
9.729226112365722656e+00
9.731687545776367188e+00
9.734046936035156250e+00
9.736183404922485352e+00
9.738523244857788086e+00
9.741067409515380859e+00
9.743434667587280273e+00
9.745911359786987305e+00
9.748171806335449219e+00
9.750321388244628906e+00
9.752911090850830078e+00
9.755461692810058594e+00
9.758321046829223633e+00
9.761181354522705078e+00
9.763999223709106445e+00
9.766934156417846680e+00
9.769702911376953125e+00
9.772574186325073242e+00
9.775200843811035156e+00
9.778203248977661133e+00
9.780695438385009766e+00
9.783578872680664062e+00
9.786322116851806641e+00
9.788948297500610352e+00
9.791578531265258789e+00
9.794582128524780273e+00
9.797182083129882812e+00
9.799687862396240234e+00
9.802197694778442383e+00
9.804946899414062500e+00
9.807560682296752930e+00
9.810204029083251953e+00
9.812962293624877930e+00
9.815580129623413086e+00
9.818202257156372070e+00
9.820962429046630859e+00
9.823697090148925781e+00
9.826573371887207031e+00
9.829209566116333008e+00
9.832025766372680664e+00
9.834962606430053711e+00
9.837568521499633789e+00
9.840294122695922852e+00
9.843205928802490234e+00
9.845948934555053711e+00
9.848689556121826172e+00
9.851198434829711914e+00
9.853950023651123047e+00
9.856568336486816406e+00
9.859189271926879883e+00
9.861952781677246094e+00
9.864573955535888672e+00
9.867199897766113281e+00
9.869948625564575195e+00
9.872681617736816406e+00
9.875201940536499023e+00
9.877948284149169922e+00
9.880692481994628906e+00
9.883318424224853516e+00
9.885948657989501953e+00
9.888567209243774414e+00
9.891188144683837891e+00
9.894073963165283203e+00
9.896948814392089844e+00
9.899562120437622070e+00
9.902181625366210938e+00
9.904678583145141602e+00
9.907581090927124023e+00
9.910177946090698242e+00
9.912948369979858398e+00
9.915566921234130859e+00
9.918199300765991211e+00
9.920922517776489258e+00
9.923563480377197266e+00
9.926183700561523438e+00
9.928996801376342773e+00
9.931559801101684570e+00
9.934177637100219727e+00
9.936948299407958984e+00
9.939561367034912109e+00
9.942566871643066406e+00
9.945183038711547852e+00
9.947694301605224609e+00
9.950575590133666992e+00
9.953200101852416992e+00
9.955982923507690430e+00
9.958563327789306641e+00
9.961187839508056641e+00
9.964049816131591797e+00
9.966927528381347656e+00
9.969571590423583984e+00
9.972303152084350586e+00
9.974950790405273438e+00
9.977573871612548828e+00
9.980319261550903320e+00
9.982923030853271484e+00
9.986342191696166992e+00
9.989289760589599609e+00
9.992316722869873047e+00
9.995189666748046875e+00
9.997952938079833984e+00
1.000068330764770508e+01
1.000331902503967285e+01
1.000632476806640625e+01
1.000922012329101562e+01
1.001227951049804688e+01
1.001520729064941406e+01
1.001832747459411621e+01
1.002117967605590820e+01
1.002400922775268555e+01
1.002658009529113770e+01
1.002919101715087891e+01
1.003219461441040039e+01
1.003533172607421875e+01
1.003819704055786133e+01
1.004096436500549316e+01
1.004359269142150879e+01
1.004660558700561523e+01
1.004920721054077148e+01
1.005204677581787109e+01
1.005456781387329102e+01
1.005777430534362793e+01
1.006091213226318359e+01
1.006400394439697266e+01
1.006668639183044434e+01
1.006956768035888672e+01
1.007222414016723633e+01
1.007495093345642090e+01
1.007762265205383301e+01
1.008031940460205078e+01
1.008318519592285156e+01
1.008596158027648926e+01
1.008856821060180664e+01
1.009120965003967285e+01
1.009395194053649902e+01
1.009668588638305664e+01
1.009968709945678711e+01
1.010257768630981445e+01
1.010532069206237793e+01
1.010819983482360840e+01
1.011119604110717773e+01
1.011395239830017090e+01
1.011695027351379395e+01
1.011957740783691406e+01
1.012220001220703125e+01
1.012518310546875000e+01
1.012798380851745605e+01
1.013072013854980469e+01
1.013357925415039062e+01
1.013632631301879883e+01
1.013919925689697266e+01
1.014195084571838379e+01
1.014458012580871582e+01
1.014728569984436035e+01
1.014992523193359375e+01
1.015267896652221680e+01
1.015518522262573242e+01
1.015827894210815430e+01
1.016119742393493652e+01
1.016398954391479492e+01
1.016657209396362305e+01
1.016918563842773438e+01
1.017198419570922852e+01
1.017457318305969238e+01
1.017782545089721680e+01
1.018070173263549805e+01
1.018357181549072266e+01
1.018619132041931152e+01
1.018919873237609863e+01
1.019232296943664551e+01
1.019495248794555664e+01
1.019757056236267090e+01
1.020018792152404785e+01
1.020292544364929199e+01
1.020545220375061035e+01
1.020820116996765137e+01
1.021121144294738770e+01
1.021395683288574219e+01
1.021693181991577148e+01
1.021999430656433105e+01
1.022295594215393066e+01
1.022558283805847168e+01
1.022843790054321289e+01
1.023156595230102539e+01
1.023432254791259766e+01
1.023722434043884277e+01
1.024018001556396484e+01
1.024292135238647461e+01
1.024542593955993652e+01
1.024827980995178223e+01
1.025091552734375000e+01
1.025339674949645996e+01
1.025597596168518066e+01
1.025856661796569824e+01
1.026105642318725586e+01
1.026327109336853027e+01
1.026588773727416992e+01
1.026829528808593750e+01
1.027031207084655762e+01
1.027265191078186035e+01
1.027491354942321777e+01
1.027743697166442871e+01
1.027996945381164551e+01
1.028240466117858887e+01
1.028491592407226562e+01
1.028727030754089355e+01
1.028988862037658691e+01
1.029230046272277832e+01
1.029455065727233887e+01
1.029721593856811523e+01
1.030023813247680664e+01
1.030255627632141113e+01
1.030505037307739258e+01
1.030727028846740723e+01
1.030988812446594238e+01
1.031290292739868164e+01
1.031568431854248047e+01
1.031868457794189453e+01
1.032105016708374023e+01
1.032343769073486328e+01
1.032591629028320312e+01
1.032831192016601562e+01
1.033064484596252441e+01
1.033305335044860840e+01
1.033543014526367188e+01
1.033767938613891602e+01
1.033995175361633301e+01
1.034227323532104492e+01
1.034464883804321289e+01
1.034691405296325684e+01
1.034917783737182617e+01
1.035143136978149414e+01
1.035419535636901855e+01
1.035697889328002930e+01
1.035967993736267090e+01
1.036267352104187012e+01
1.036505270004272461e+01
1.036731195449829102e+01
1.036993241310119629e+01
1.037251687049865723e+01
1.037488985061645508e+01
1.037769079208374023e+01
1.038018488883972168e+01
1.038291692733764648e+01
1.038555264472961426e+01
1.038815832138061523e+01
1.039040446281433105e+01
1.039306616783142090e+01
1.039620208740234375e+01
1.039921259880065918e+01
1.040191555023193359e+01
1.040443491935729980e+01
1.040688967704772949e+01
1.040957784652709961e+01
1.041233515739440918e+01
1.041491723060607910e+01
1.041793107986450195e+01
1.042055988311767578e+01
1.042306399345397949e+01
1.042552447319030762e+01
1.042820501327514648e+01
1.043052792549133301e+01
1.043315792083740234e+01
1.043530797958374023e+01
1.043806266784667969e+01
1.044120359420776367e+01
1.044398093223571777e+01
1.044670224189758301e+01
1.044958281517028809e+01
1.045242261886596680e+01
1.045532393455505371e+01
1.045796513557434082e+01
1.046057009696960449e+01
1.046332597732543945e+01
1.046592664718627930e+01
1.046857547760009766e+01
1.047118234634399414e+01
1.047392606735229492e+01
1.047694420814514160e+01
1.047943568229675293e+01
1.048219680786132812e+01
1.048516154289245605e+01
1.048796701431274414e+01
1.049057269096374512e+01
1.049319195747375488e+01
1.049634742736816406e+01
1.049919700622558594e+01
1.050192975997924805e+01
1.050457096099853516e+01
1.050719738006591797e+01
1.050993061065673828e+01
1.051295042037963867e+01
1.051605224609375000e+01
1.051918458938598633e+01
1.052192926406860352e+01
1.052468562126159668e+01
1.052799868583679199e+01
1.053055572509765625e+01
1.053393554687500000e+01
1.053700041770935059e+01
1.054020857810974121e+01
1.054294085502624512e+01
1.054613471031188965e+01
1.054923081398010254e+01
1.055227875709533691e+01
1.055539011955261230e+01
1.055895900726318359e+01
1.056220173835754395e+01
1.056546878814697266e+01
1.056900024414062500e+01
1.057252407073974609e+01
1.057558822631835938e+01
1.057871055603027344e+01
1.058156633377075195e+01
1.058461284637451172e+01
1.058705139160156250e+01
1.058931064605712891e+01
1.059205245971679688e+01
1.059504580497741699e+01
1.059804534912109375e+01
1.060094213485717773e+01
1.060356378555297852e+01
1.060620856285095215e+01
1.060904550552368164e+01
1.061205506324768066e+01
1.061504578590393066e+01
1.061804652214050293e+01
1.062093043327331543e+01
1.062358283996582031e+01
1.062656807899475098e+01
1.062957239151000977e+01
1.063256955146789551e+01
1.063519835472106934e+01
1.063792896270751953e+01
1.064067482948303223e+01
1.064318823814392090e+01
1.064592838287353516e+01
1.064856719970703125e+01
1.065119552612304688e+01
1.065392947196960449e+01
1.065655112266540527e+01
1.065919780731201172e+01
1.066193032264709473e+01
1.066456222534179688e+01
1.066718602180480957e+01
1.066992855072021484e+01
1.067255640029907227e+01
1.067516970634460449e+01
1.067793226242065430e+01
1.068055534362792969e+01
1.068318867683410645e+01
1.068592977523803711e+01
1.068855261802673340e+01
1.069118571281433105e+01
1.069392895698547363e+01
1.069656753540039062e+01
1.069918894767761230e+01
1.070192861557006836e+01
1.070455861091613770e+01
1.070719337463378906e+01
1.070992970466613770e+01
1.071255517005920410e+01
1.071518492698669434e+01
1.071792912483215332e+01
1.072056412696838379e+01
1.072317123413085938e+01
1.072592949867248535e+01
1.072855329513549805e+01
1.073117804527282715e+01
1.073392939567565918e+01
1.073655962944030762e+01
1.073919177055358887e+01
1.074192976951599121e+01
1.074467372894287109e+01
1.074719405174255371e+01
1.074992895126342773e+01
1.075255632400512695e+01
1.075519514083862305e+01
1.075792837142944336e+01
1.076055812835693359e+01
1.076319694519042969e+01
1.076592969894409180e+01
1.076855993270874023e+01
1.077119374275207520e+01
1.077392888069152832e+01
1.077655053138732910e+01
1.077918720245361328e+01
1.078192901611328125e+01
1.078455495834350586e+01
1.078706097602844238e+01
1.078993296623229980e+01
1.079257464408874512e+01
1.079518771171569824e+01
1.079792833328247070e+01
1.080055475234985352e+01
1.080317091941833496e+01
1.080593013763427734e+01
1.080856871604919434e+01
1.081129884719848633e+01
1.081391954421997070e+01
1.081652164459228516e+01
1.081891608238220215e+01
1.082151770591735840e+01
1.082405233383178711e+01
1.082630777359008789e+01
1.082891583442687988e+01
1.083130431175231934e+01
1.083391737937927246e+01
1.083651852607727051e+01
1.083904552459716797e+01
1.084130835533142090e+01
1.084392905235290527e+01
1.084630894660949707e+01
1.084892797470092773e+01
1.085139918327331543e+01
1.085367798805236816e+01
1.085606002807617188e+01
1.085839152336120605e+01
1.086089205741882324e+01
1.086328029632568359e+01
1.086566901206970215e+01
1.086806440353393555e+01
1.087043547630310059e+01
1.087289118766784668e+01
1.087517333030700684e+01
1.087757182121276855e+01
1.087991476058959961e+01
1.088252210617065430e+01
1.088491773605346680e+01
1.088730716705322266e+01
1.088966751098632812e+01
1.089222502708435059e+01
1.089442348480224609e+01
1.089668154716491699e+01
1.089904379844665527e+01
1.090141844749450684e+01
1.090366435050964355e+01
1.090604734420776367e+01
1.090826511383056641e+01
1.091030645370483398e+01
1.091264653205871582e+01
1.091505193710327148e+01
1.091731047630310059e+01
1.091991615295410156e+01
1.092238712310791016e+01
1.092489314079284668e+01
1.092726969718933105e+01
1.092956018447875977e+01
1.093193602561950684e+01
1.093429780006408691e+01
1.093689227104187012e+01
1.093930292129516602e+01
1.094166469573974609e+01
1.094404077529907227e+01
1.094617772102355957e+01
1.094840717315673828e+01
1.095080041885375977e+01
1.095304703712463379e+01
1.095517158508300781e+01
1.095741963386535645e+01
1.095967507362365723e+01
1.096215057373046875e+01
1.096451210975646973e+01
1.096705436706542969e+01
1.096942353248596191e+01
1.097191452980041504e+01
1.097430276870727539e+01
1.097655677795410156e+01
1.097889208793640137e+01
1.098130655288696289e+01
1.098367977142333984e+01
1.098629188537597656e+01
1.098918437957763672e+01
1.099205255508422852e+01
1.099493646621704102e+01
1.099769830703735352e+01
1.100054955482482910e+01
1.100319218635559082e+01
1.100604724884033203e+01
1.100919342041015625e+01
1.101204943656921387e+01
1.101504707336425781e+01
1.101795005798339844e+01
1.102068257331848145e+01
1.102356863021850586e+01
1.102620244026184082e+01
1.102893304824829102e+01
1.103156542778015137e+01
1.103457379341125488e+01
1.103814387321472168e+01
1.104118680953979492e+01
1.104421949386596680e+01
1.104704928398132324e+01
1.105006241798400879e+01
1.105304622650146484e+01
1.105603504180908203e+01
1.105893182754516602e+01
1.106156516075134277e+01
1.106418061256408691e+01
1.106717276573181152e+01
1.107003378868103027e+01
1.107294225692749023e+01
1.107556200027465820e+01
1.107822895050048828e+01
1.108120560646057129e+01
1.108398675918579102e+01
1.108669233322143555e+01
1.108966445922851562e+01
1.109217119216918945e+01
1.109467840194702148e+01
1.109716892242431641e+01
1.109997582435607910e+01
1.110267233848571777e+01
1.110554742813110352e+01
1.110817432403564453e+01
1.111092805862426758e+01
1.111355090141296387e+01
1.111617112159729004e+01
1.111892843246459961e+01
1.112155318260192871e+01
1.112417960166931152e+01
1.112693214416503906e+01
1.112955760955810547e+01
1.113217854499816895e+01
1.113492870330810547e+01
1.113767814636230469e+01
1.114055967330932617e+01
1.114316344261169434e+01
1.114593362808227539e+01
1.114856433868408203e+01
1.115118789672851562e+01
1.115390324592590332e+01
1.115655207633972168e+01
1.115931129455566406e+01
1.116239404678344727e+01
1.116569781303405762e+01
1.116899538040161133e+01
1.117198085784912109e+01
1.117519044876098633e+01
1.117819380760192871e+01
1.118105196952819824e+01
1.118419528007507324e+01
1.118733906745910645e+01
1.119038772583007812e+01
1.119356584548950195e+01
1.119695162773132324e+01
1.119955825805664062e+01
1.120218586921691895e+01
1.120523238182067871e+01
1.120860743522644043e+01
1.121197390556335449e+01
1.121457815170288086e+01
1.121757817268371582e+01
1.122057414054870605e+01
1.122355961799621582e+01
1.122619771957397461e+01
1.122908735275268555e+01
1.123214864730834961e+01
1.123530960083007812e+01
1.123831653594970703e+01
1.124158406257629395e+01
1.124492311477661133e+01
1.124756217002868652e+01
1.125018501281738281e+01
1.125320053100585938e+01
1.125600814819335938e+01
1.125857734680175781e+01
1.126169824600219727e+01
1.126455354690551758e+01
1.126722168922424316e+01
1.126993250846862793e+01
1.127267479896545410e+01
1.127601265907287598e+01
1.127918529510498047e+01
1.128193402290344238e+01
1.128457117080688477e+01
1.128735446929931641e+01
1.128994584083557129e+01
1.129256033897399902e+01
1.129518222808837891e+01
1.129791951179504395e+01
1.130057907104492188e+01
1.130319070816040039e+01
1.130593013763427734e+01
1.130905914306640625e+01
1.131258368492126465e+01
1.131604242324829102e+01
1.131938195228576660e+01
1.132292199134826660e+01
1.132556724548339844e+01
1.132892680168151855e+01
1.133157229423522949e+01
1.133468675613403320e+01
1.133756375312805176e+01
1.134036827087402344e+01
1.134361290931701660e+01
1.134709763526916504e+01
1.135042929649353027e+01
1.135318732261657715e+01
1.135600709915161133e+01
1.135905480384826660e+01
1.136193323135375977e+01
1.136501049995422363e+01
1.136849164962768555e+01
1.137224459648132324e+01
1.137517619132995605e+01
1.137817764282226562e+01
1.138118028640747070e+01
1.138436913490295410e+01
1.138770556449890137e+01
1.139101028442382812e+01
1.139420104026794434e+01
1.139718866348266602e+01
1.140017437934875488e+01
1.140322351455688477e+01
1.140646600723266602e+01
1.141000461578369141e+01
1.141318297386169434e+01
1.141598486900329590e+01
1.141894602775573730e+01
1.142155361175537109e+01
1.142417979240417480e+01
1.142703819274902344e+01
1.142994618415832520e+01
1.143257570266723633e+01
1.143556594848632812e+01
1.143859910964965820e+01
1.144172000885009766e+01
1.144779610633850098e+01
1.145105481147766113e+01
1.145662736892700195e+01
1.145993208885192871e+01
1.146324110031127930e+01
1.146621561050415039e+01
1.146893048286437988e+01
1.147155189514160156e+01
1.147453951835632324e+01
1.147757220268249512e+01
1.148022150993347168e+01
1.148337674140930176e+01
1.148671603202819824e+01
1.149012637138366699e+01
1.149369955062866211e+01
1.149734067916870117e+01
1.149991226196289062e+01
1.150272226333618164e+01
1.150592255592346191e+01
1.150854349136352539e+01
1.151105761528015137e+01
1.151367568969726562e+01
1.151620936393737793e+01
1.151924085617065430e+01
1.152278590202331543e+01
1.152647566795349121e+01
1.153062629699707031e+01
1.153452849388122559e+01
1.153797054290771484e+01
1.154187750816345215e+01
1.154638385772705078e+01
1.155111527442932129e+01
1.155521106719970703e+01
1.155843186378479004e+01
1.156117939949035645e+01
1.156400132179260254e+01
1.156717920303344727e+01
1.157004737854003906e+01
1.157303619384765625e+01
1.157556271553039551e+01
1.157855415344238281e+01
1.158155536651611328e+01
1.158417987823486328e+01
1.158706617355346680e+01
1.159019207954406738e+01
1.159315109252929688e+01
1.159605073928833008e+01
1.159904742240905762e+01
1.160204839706420898e+01
1.160493183135986328e+01
1.160755681991577148e+01
1.161056184768676758e+01
1.161328911781311035e+01
1.161593365669250488e+01
1.161854362487792969e+01
1.162115168571472168e+01
1.162366509437561035e+01
1.162655448913574219e+01
1.162918210029602051e+01
1.163193726539611816e+01
1.163454437255859375e+01
1.163738632202148438e+01
1.164095807075500488e+01
1.164356946945190430e+01
1.164617443084716797e+01
1.164994239807128906e+01
1.165398621559143066e+01
1.165716981887817383e+01
1.166022276878356934e+01
1.166304945945739746e+01
1.166605043411254883e+01
1.166939806938171387e+01
1.167313218116760254e+01
1.167620158195495605e+01
1.167893624305725098e+01
1.168157148361206055e+01
1.168457794189453125e+01
1.168773651123046875e+01
1.169105434417724609e+01
1.169418215751647949e+01
1.169731855392456055e+01
1.170060920715332031e+01
1.170398354530334473e+01
1.170692300796508789e+01
1.171035981178283691e+01
1.171357083320617676e+01
1.171631789207458496e+01
1.172041106224060059e+01
1.172394680976867676e+01
1.172728967666625977e+01
1.173048067092895508e+01
1.173394989967346191e+01
1.173709869384765625e+01
1.174037146568298340e+01
1.174318385124206543e+01
1.174594759941101074e+01
1.174854111671447754e+01
1.175117230415344238e+01
1.175395226478576660e+01
1.175654673576354980e+01
1.175919055938720703e+01
1.176193428039550781e+01
1.176456475257873535e+01
1.176718521118164062e+01
1.176993513107299805e+01
1.177255964279174805e+01
1.177518177032470703e+01
1.177793502807617188e+01
1.178056526184082031e+01
1.178317975997924805e+01
1.178593564033508301e+01
1.178854346275329590e+01
1.179117441177368164e+01
1.179393744468688965e+01
1.179655170440673828e+01
1.179917979240417480e+01
1.180193448066711426e+01
1.180454564094543457e+01
1.180715060234069824e+01
1.180993628501892090e+01
1.181254506111145020e+01
1.181517267227172852e+01
1.181793618202209473e+01
1.182054615020751953e+01
1.182317733764648438e+01
1.182593488693237305e+01
1.182856488227844238e+01
1.183117556571960449e+01
1.183393430709838867e+01
1.183654069900512695e+01
1.183917307853698730e+01
1.184193658828735352e+01
1.184454679489135742e+01
1.184718132019042969e+01
1.184993505477905273e+01
1.185254645347595215e+01
1.185517954826354980e+01
1.185793495178222656e+01
1.186054420471191406e+01
1.186317658424377441e+01
1.186593580245971680e+01
1.186854171752929688e+01
1.187117624282836914e+01
1.187393546104431152e+01
1.187654018402099609e+01
1.187916350364685059e+01
1.188194012641906738e+01
1.188454246520996094e+01
1.188718223571777344e+01
1.188993477821350098e+01
1.189255547523498535e+01
1.189516973495483398e+01
1.189793562889099121e+01
1.190055370330810547e+01
1.190316224098205566e+01
1.190568327903747559e+01
1.190854191780090332e+01
1.191117715835571289e+01
1.191391110420227051e+01
1.191655993461608887e+01
1.191917586326599121e+01
1.192193961143493652e+01
1.192456078529357910e+01
1.192717933654785156e+01
1.192991018295288086e+01
1.193255853652954102e+01
1.193517017364501953e+01
1.193793892860412598e+01
1.194056439399719238e+01
1.194318819046020508e+01
1.194591045379638672e+01
1.194844007492065430e+01
1.195118117332458496e+01
1.195393514633178711e+01
1.195655703544616699e+01
1.195917987823486328e+01
1.196193504333496094e+01
1.196455287933349609e+01
1.196717977523803711e+01
1.196993541717529297e+01
1.197255706787109375e+01
1.197517466545104980e+01
1.197792458534240723e+01
1.198054480552673340e+01
1.198318099975585938e+01
1.198593640327453613e+01
1.198860788345336914e+01
1.199118757247924805e+01
1.199393582344055176e+01
1.199655389785766602e+01
1.199917984008789062e+01
1.200191187858581543e+01
1.200455975532531738e+01
1.200717902183532715e+01
1.200993657112121582e+01
1.201256394386291504e+01
1.201517558097839355e+01
1.201791119575500488e+01
1.202056336402893066e+01
1.202316951751708984e+01
1.202591180801391602e+01
1.202854847908020020e+01
1.203118515014648438e+01
1.203391146659851074e+01
1.203654003143310547e+01
1.203917574882507324e+01
