2.861022949218750000e-06
6.925582885742187500e-03
1.509404182434082031e-02
2.279400825500488281e-02
2.971506118774414062e-02
3.705716133117675781e-02
4.428505897521972656e-02
5.104064941406250000e-02
5.765342712402343750e-02
6.414866447448730469e-02
7.093143463134765625e-02
7.751083374023437500e-02
8.412194252014160156e-02
9.062814712524414062e-02
9.733510017395019531e-02
1.040923595428466797e-01
1.101145744323730469e-01
1.161458492279052734e-01
1.226601600646972656e-01
1.284141540527343750e-01
1.348874568939208984e-01
1.410260200500488281e-01
1.471643447875976562e-01
1.564400196075439453e-01
1.632065773010253906e-01
1.701192855834960938e-01
1.769762039184570312e-01
1.831800937652587891e-01
1.893820762634277344e-01
1.960136890411376953e-01
2.025718688964843750e-01
2.100603580474853516e-01
2.166943550109863281e-01
2.235684394836425781e-01
2.295672893524169922e-01
2.362790107727050781e-01
2.435667514801025391e-01
2.503321170806884766e-01
2.569079399108886719e-01
2.632212638854980469e-01
2.710204124450683594e-01
2.770948410034179688e-01
2.832732200622558594e-01
2.895522117614746094e-01
2.952926158905029297e-01
3.012909889221191406e-01
3.075802326202392578e-01
3.140864372253417969e-01
3.209183216094970703e-01
3.271303176879882812e-01
3.335349559783935547e-01
3.405270576477050781e-01
3.470423221588134766e-01
3.533596992492675781e-01
3.602542877197265625e-01
3.663105964660644531e-01
3.724021911621093750e-01
3.785524368286132812e-01
3.853328227996826172e-01
3.931782245635986328e-01
3.993823528289794922e-01
4.062495231628417969e-01
4.122805595397949219e-01
4.185769557952880859e-01
4.257328510284423828e-01
4.324958324432373047e-01
4.392504692077636719e-01
4.454140663146972656e-01
4.513313770294189453e-01
4.571940898895263672e-01
4.636354446411132812e-01
4.703006744384765625e-01
4.755811691284179688e-01
4.814851284027099609e-01
4.875805377960205078e-01
4.940619468688964844e-01
4.999010562896728516e-01
5.069921016693115234e-01
5.134603977203369141e-01
5.199232101440429688e-01
5.263485908508300781e-01
5.321373939514160156e-01
5.384628772735595703e-01
5.443933010101318359e-01
5.502185821533203125e-01
5.564575195312500000e-01
5.628714561462402344e-01
5.688850879669189453e-01
5.745215415954589844e-01
5.812442302703857422e-01
5.872085094451904297e-01
5.914678573608398438e-01
5.958070755004882812e-01
5.998120307922363281e-01
6.038651466369628906e-01
6.075561046600341797e-01
6.117184162139892578e-01
6.152269840240478516e-01
6.187715530395507812e-01
6.236014366149902344e-01
6.269857883453369141e-01
6.309618949890136719e-01
6.351218223571777344e-01
6.386644840240478516e-01
6.428647041320800781e-01
6.465218067169189453e-01
6.505689620971679688e-01
6.544201374053955078e-01
6.575264930725097656e-01
6.615056991577148438e-01
6.650164127349853516e-01
6.692211627960205078e-01
6.730227470397949219e-01
6.768498420715332031e-01
6.799855232238769531e-01
6.837472915649414062e-01
6.884963512420654297e-01
6.922600269317626953e-01
6.964261531829833984e-01
7.003023624420166016e-01
7.044808864593505859e-01
7.082810401916503906e-01
7.124867439270019531e-01
7.157824039459228516e-01
7.192778587341308594e-01
7.230472564697265625e-01
7.264823913574218750e-01
7.305314540863037109e-01
7.345213890075683594e-01
7.378160953521728516e-01
7.410104274749755859e-01
7.442107200622558594e-01
7.467975616455078125e-01
7.506716251373291016e-01
7.544505596160888672e-01
7.578539848327636719e-01
7.614150047302246094e-01
7.648401260375976562e-01
7.684895992279052734e-01
7.717170715332031250e-01
7.750904560089111328e-01
7.792913913726806641e-01
7.832634449005126953e-01
7.869675159454345703e-01
7.905054092407226562e-01
7.937333583831787109e-01
7.967016696929931641e-01
8.009355068206787109e-01
8.051640987396240234e-01
8.090081214904785156e-01
8.124938011169433594e-01
8.160784244537353516e-01
8.198051452636718750e-01
8.235094547271728516e-01
8.274950981140136719e-01
8.310718536376953125e-01
8.347976207733154297e-01
8.388462066650390625e-01
8.428690433502197266e-01
8.478546142578125000e-01
8.525035381317138672e-01
8.564028739929199219e-01
8.597519397735595703e-01
8.637013435363769531e-01
8.675129413604736328e-01
8.711321353912353516e-01
8.744237422943115234e-01
8.783912658691406250e-01
8.823523521423339844e-01
8.868072032928466797e-01
8.909833431243896484e-01
8.948416709899902344e-01
8.985254764556884766e-01
9.028625488281250000e-01
9.069471359252929688e-01
9.114894866943359375e-01
9.154522418975830078e-01
9.194669723510742188e-01
9.230978488922119141e-01
9.268238544464111328e-01
9.305038452148437500e-01
9.339797496795654297e-01
9.374587535858154297e-01
9.408123493194580078e-01
9.442579746246337891e-01
9.477317333221435547e-01
9.511396884918212891e-01
9.547150135040283203e-01
9.585416316986083984e-01
9.623386859893798828e-01
9.659895896911621094e-01
9.703485965728759766e-01
9.744563102722167969e-01
9.782919883728027344e-01
9.820899963378906250e-01
9.860563278198242188e-01
9.900023937225341797e-01
9.940662384033203125e-01
9.979145526885986328e-01
1.001991271972656250e+00
1.004936218261718750e+00
1.007867336273193359e+00
1.011210441589355469e+00
1.015330314636230469e+00
1.018874883651733398e+00
1.022405385971069336e+00
1.026900291442871094e+00
1.030725240707397461e+00
1.034913063049316406e+00
1.038882493972778320e+00
1.042874097824096680e+00
1.046407699584960938e+00
1.050226211547851562e+00
1.053714036941528320e+00
1.056839227676391602e+00
1.060475111007690430e+00
1.065000295639038086e+00
1.069123506546020508e+00
1.073889017105102539e+00
1.078029155731201172e+00
1.082870483398437500e+00
1.086716890335083008e+00
1.090207338333129883e+00
1.094303607940673828e+00
1.098543405532836914e+00
1.102881908416748047e+00
1.107885599136352539e+00
1.111872434616088867e+00
1.115539789199829102e+00
1.119502305984497070e+00
1.123248338699340820e+00
1.127533912658691406e+00
1.131070375442504883e+00
1.135025978088378906e+00
1.138843297958374023e+00
1.142516136169433594e+00
1.146103620529174805e+00
1.149548768997192383e+00
1.153333663940429688e+00
1.156836986541748047e+00
1.160486698150634766e+00
1.164097547531127930e+00
1.167722940444946289e+00
1.171292543411254883e+00
1.174702167510986328e+00
1.177899122238159180e+00
1.181514024734497070e+00
1.185113906860351562e+00
1.188837289810180664e+00
1.192216634750366211e+00
1.196523427963256836e+00
1.200814962387084961e+00
1.204777956008911133e+00
1.208013534545898438e+00
1.211496353149414062e+00
1.215751171112060547e+00
1.219098806381225586e+00
1.222842693328857422e+00
1.226408481597900391e+00
1.229976892471313477e+00
1.233490705490112305e+00
1.236948490142822266e+00
1.240529775619506836e+00
1.243999004364013672e+00
1.247189760208129883e+00
1.250179529190063477e+00
1.253239154815673828e+00
1.256829261779785156e+00
1.260137081146240234e+00
1.263884544372558594e+00
1.268387794494628906e+00
1.271899700164794922e+00
1.275525093078613281e+00
1.279122114181518555e+00
1.282731771469116211e+00
1.286401748657226562e+00
1.290054321289062500e+00
1.293356657028198242e+00
1.296433925628662109e+00
1.299799919128417969e+00
1.303497791290283203e+00
1.306743383407592773e+00
1.310313224792480469e+00
1.314070701599121094e+00
1.317489624023437500e+00
1.321090698242187500e+00
1.324075937271118164e+00
1.327481508255004883e+00
1.331514358520507812e+00
1.335892915725708008e+00
1.339452981948852539e+00
1.342819452285766602e+00
1.345705747604370117e+00
1.349859952926635742e+00
1.354793787002563477e+00
1.359041213989257812e+00
1.362894058227539062e+00
1.367581367492675781e+00
1.371352434158325195e+00
1.374509572982788086e+00
1.378998756408691406e+00
1.384045124053955078e+00
1.387757301330566406e+00
1.390793800354003906e+00
1.393810272216796875e+00
1.397863388061523438e+00
1.402302265167236328e+00
1.406019687652587891e+00
1.410214900970458984e+00
1.413774251937866211e+00
1.417519807815551758e+00
1.420963048934936523e+00
1.424989223480224609e+00
1.428485870361328125e+00
1.432355642318725586e+00
1.436120510101318359e+00
1.439876556396484375e+00
1.444132566452026367e+00
1.447179555892944336e+00
1.450696229934692383e+00
1.455052852630615234e+00
1.458741426467895508e+00
1.462098121643066406e+00
1.465728998184204102e+00
1.469974517822265625e+00
1.473724603652954102e+00
1.477191209793090820e+00
1.480792045593261719e+00
1.484721899032592773e+00
1.488353013992309570e+00
1.492862462997436523e+00
1.497314214706420898e+00
1.502063989639282227e+00
1.506167650222778320e+00
1.509879350662231445e+00
1.513119459152221680e+00
1.516932010650634766e+00
1.522788047790527344e+00
1.526516437530517578e+00
1.530081748962402344e+00
1.533768177032470703e+00
1.538442850112915039e+00
1.541878461837768555e+00
1.544696331024169922e+00
1.547983407974243164e+00
1.551194190979003906e+00
1.555706977844238281e+00
1.559745311737060547e+00
1.562994480133056641e+00
1.566647768020629883e+00
1.570078134536743164e+00
1.573729038238525391e+00
1.577377080917358398e+00
1.580692768096923828e+00
1.584768295288085938e+00
1.588817596435546875e+00
1.592461347579956055e+00
1.596067190170288086e+00
1.599838018417358398e+00
1.603193521499633789e+00
1.606358766555786133e+00
1.609846353530883789e+00
1.614718914031982422e+00
1.624389410018920898e+00
1.628492355346679688e+00
1.632504224777221680e+00
1.636432170867919922e+00
1.640163421630859375e+00
1.643836736679077148e+00
1.647866725921630859e+00
1.652054786682128906e+00
1.655805826187133789e+00
1.659733533859252930e+00
1.663094758987426758e+00
1.668201446533203125e+00
1.671895980834960938e+00
1.676067352294921875e+00
1.679772615432739258e+00
1.683389902114868164e+00
1.688385725021362305e+00
1.691876649856567383e+00
1.694960355758666992e+00
1.697677850723266602e+00
1.700857162475585938e+00
1.703983545303344727e+00
1.707825183868408203e+00
1.711723327636718750e+00
1.715095758438110352e+00
1.718718290328979492e+00
1.722754240036010742e+00
1.726509809494018555e+00
1.729748249053955078e+00
1.733860731124877930e+00
1.738813400268554688e+00
1.742694377899169922e+00
1.746359825134277344e+00
1.749710083007812500e+00
1.752785921096801758e+00
1.756386280059814453e+00
1.759166479110717773e+00
1.762846469879150391e+00
1.768104314804077148e+00
1.771876335144042969e+00
1.776487588882446289e+00
1.780427217483520508e+00
1.784127235412597656e+00
1.787730693817138672e+00
1.791340827941894531e+00
1.795239210128784180e+00
1.799919605255126953e+00
1.804105520248413086e+00
1.808501720428466797e+00
1.812079191207885742e+00
1.815968513488769531e+00
1.820594549179077148e+00
1.824487924575805664e+00
1.828079938888549805e+00
1.832634687423706055e+00
1.836740016937255859e+00
1.840378046035766602e+00
1.844487905502319336e+00
1.848317384719848633e+00
1.852499961853027344e+00
1.856067419052124023e+00
1.859444856643676758e+00
1.862895011901855469e+00
1.865949630737304688e+00
1.869980573654174805e+00
1.873510360717773438e+00
1.877064943313598633e+00
1.880157470703125000e+00
1.883508682250976562e+00
1.887186765670776367e+00
1.891123771667480469e+00
1.894840240478515625e+00
1.898811101913452148e+00
1.903486967086791992e+00
1.907097339630126953e+00
1.910850524902343750e+00
1.914463281631469727e+00
1.917829751968383789e+00
1.921300172805786133e+00
1.924912214279174805e+00
1.929848909378051758e+00
1.934351921081542969e+00
1.937704563140869141e+00
1.941507577896118164e+00
1.945346593856811523e+00
1.949031591415405273e+00
1.953219652175903320e+00
1.957103490829467773e+00
1.960838317871093750e+00
1.964075803756713867e+00
1.968321800231933594e+00
1.972109556198120117e+00
1.975484371185302734e+00
1.978878736495971680e+00
1.982736349105834961e+00
1.986386299133300781e+00
1.990445375442504883e+00
1.994541645050048828e+00
1.997695207595825195e+00
2.001470804214477539e+00
2.005093812942504883e+00
2.008820295333862305e+00
2.012104749679565430e+00
2.015433788299560547e+00
2.019146442413330078e+00
2.022782564163208008e+00
2.026989221572875977e+00
2.030548572540283203e+00
2.034595251083374023e+00
2.038337707519531250e+00
2.042525291442871094e+00
2.046368837356567383e+00
2.049955606460571289e+00
2.053503036499023438e+00
2.057078361511230469e+00
2.060755968093872070e+00
2.064389228820800781e+00
2.068456411361694336e+00
2.072384357452392578e+00
2.076083898544311523e+00
2.079549551010131836e+00
2.083793878555297852e+00
2.087492704391479492e+00
2.091086864471435547e+00
2.094864845275878906e+00
2.099762201309204102e+00
2.103839874267578125e+00
2.107683181762695312e+00
2.111090660095214844e+00
2.114791154861450195e+00
2.118482589721679688e+00
2.122083902359008789e+00
2.125487327575683594e+00
2.128887414932250977e+00
2.133323431015014648e+00
2.137801885604858398e+00
2.141000509262084961e+00
2.144375562667846680e+00
2.147826910018920898e+00
2.151835680007934570e+00
2.155550718307495117e+00
2.159114599227905273e+00
2.163123130798339844e+00
2.166707992553710938e+00
2.170082330703735352e+00
2.173473596572875977e+00
2.177934885025024414e+00
2.181833982467651367e+00
2.184986114501953125e+00
2.188708782196044922e+00
2.192457437515258789e+00
2.195920467376708984e+00
2.199204206466674805e+00
2.202859401702880859e+00
2.206069946289062500e+00
2.209516286849975586e+00
2.212985038757324219e+00
2.216725826263427734e+00
2.220127105712890625e+00
2.223684787750244141e+00
2.226990461349487305e+00
2.230872631072998047e+00
2.234745025634765625e+00
2.238755464553833008e+00
2.242491483688354492e+00
2.246092796325683594e+00
2.249726533889770508e+00
2.253392934799194336e+00
2.259542226791381836e+00
2.262938499450683594e+00
2.266788005828857422e+00
2.270751237869262695e+00
2.274794816970825195e+00
2.278402328491210938e+00
2.281702518463134766e+00
2.285399913787841797e+00
2.289139032363891602e+00
2.292454719543457031e+00
2.295410633087158203e+00
2.299499511718750000e+00
2.303442478179931641e+00
2.307424783706665039e+00
2.311122655868530273e+00
2.314869880676269531e+00
2.318919420242309570e+00
2.322669744491577148e+00
2.326772689819335938e+00
2.330506086349487305e+00
2.334415912628173828e+00
2.338484287261962891e+00
2.342478036880493164e+00
2.346991062164306641e+00
2.350667953491210938e+00
2.353781223297119141e+00
2.357111930847167969e+00
2.360383272171020508e+00
2.364560365676879883e+00
2.368115186691284180e+00
2.372074365615844727e+00
2.376431703567504883e+00
2.380850315093994141e+00
2.385798454284667969e+00
2.389962434768676758e+00
2.394096612930297852e+00
2.398841381072998047e+00
2.403028488159179688e+00
2.406724691390991211e+00
2.410771846771240234e+00
2.414292335510253906e+00
2.417429447174072266e+00
2.421782255172729492e+00
2.425708055496215820e+00
2.429141521453857422e+00
2.431980133056640625e+00
2.435425043106079102e+00
2.438920736312866211e+00
2.442383050918579102e+00
2.445695161819458008e+00
2.448690414428710938e+00
2.452117443084716797e+00
2.455432176589965820e+00
2.458966016769409180e+00
2.462045431137084961e+00
2.465717792510986328e+00
2.469077110290527344e+00
2.472081184387207031e+00
2.475543975830078125e+00
2.479538202285766602e+00
2.483332872390747070e+00
2.487039804458618164e+00
2.490775346755981445e+00
2.494485378265380859e+00
2.498808383941650391e+00
2.503184080123901367e+00
2.507057666778564453e+00
2.511262416839599609e+00
2.515860795974731445e+00
2.520045518875122070e+00
2.524218320846557617e+00
2.527445316314697266e+00
2.530165433883666992e+00
2.534786224365234375e+00
2.538437366485595703e+00
2.542151212692260742e+00
2.546504735946655273e+00
2.550540924072265625e+00
2.554899692535400391e+00
2.558863639831542969e+00
2.562252759933471680e+00
2.566732168197631836e+00
2.570135593414306641e+00
2.573469877243041992e+00
2.577188730239868164e+00
2.580724239349365234e+00
2.584911584854125977e+00
2.589435577392578125e+00
2.593049526214599609e+00
2.596269130706787109e+00
2.600779533386230469e+00
2.604974508285522461e+00
2.609319686889648438e+00
2.613914728164672852e+00
2.618352651596069336e+00
2.622445344924926758e+00
2.626577615737915039e+00
2.630421161651611328e+00
2.633998632431030273e+00
2.638067483901977539e+00
2.642276287078857422e+00
2.646482944488525391e+00
2.650437355041503906e+00
2.654745340347290039e+00
2.658768892288208008e+00
2.662783861160278320e+00
2.666738033294677734e+00
2.670689344406127930e+00
2.674550771713256836e+00
2.678371429443359375e+00
2.682809829711914062e+00
2.686740159988403320e+00
2.690721273422241211e+00
2.694368839263916016e+00
2.698040962219238281e+00
2.702440500259399414e+00
2.705739259719848633e+00
2.709494113922119141e+00
2.713893413543701172e+00
2.717760801315307617e+00
2.721171140670776367e+00
2.724903345108032227e+00
2.728951215744018555e+00
2.733222723007202148e+00
2.737286090850830078e+00
2.740967035293579102e+00
2.745055198669433594e+00
2.748944044113159180e+00
2.753521442413330078e+00
2.757688522338867188e+00
2.761427402496337891e+00
2.764840126037597656e+00
2.768431425094604492e+00
2.771702051162719727e+00
2.775393247604370117e+00
2.778863668441772461e+00
2.782709360122680664e+00
2.786692857742309570e+00
2.790369033813476562e+00
2.794525623321533203e+00
2.798309803009033203e+00
2.801838159561157227e+00
2.805047035217285156e+00
2.807868480682373047e+00
2.810653924942016602e+00
2.813735723495483398e+00
2.817568540573120117e+00
2.821341991424560547e+00
2.825198411941528320e+00
2.828983545303344727e+00
2.833442211151123047e+00
2.837056159973144531e+00
2.841012954711914062e+00
2.845039129257202148e+00
2.849132061004638672e+00
2.853987455368041992e+00
2.858313798904418945e+00
2.861445903778076172e+00
2.864362478256225586e+00
2.867840051651000977e+00
2.871574640274047852e+00
2.875207424163818359e+00
2.878164291381835938e+00
2.881456136703491211e+00
2.884791851043701172e+00
2.888100624084472656e+00
2.891461133956909180e+00
2.894724130630493164e+00
2.898738622665405273e+00
2.902529239654541016e+00
2.906773567199707031e+00
2.910784482955932617e+00
2.914762973785400391e+00
2.918494701385498047e+00
2.922379016876220703e+00
2.925681114196777344e+00
2.929367542266845703e+00
2.933140754699707031e+00
2.936764955520629883e+00
2.940504312515258789e+00
2.944108247756958008e+00
2.947745323181152344e+00
2.951502561569213867e+00
2.955780982971191406e+00
2.959479093551635742e+00
2.962657451629638672e+00
2.965678453445434570e+00
2.969458818435668945e+00
2.972941637039184570e+00
2.976434469223022461e+00
2.979918718338012695e+00
2.983844518661499023e+00
2.986932516098022461e+00
2.990421533584594727e+00
2.993927001953125000e+00
2.997076272964477539e+00
3.000806331634521484e+00
3.004371404647827148e+00
3.007348775863647461e+00
3.010781049728393555e+00
3.014770984649658203e+00
3.018473863601684570e+00
3.022151470184326172e+00
3.026084899902343750e+00
3.029986619949340820e+00
3.034226417541503906e+00
3.037971735000610352e+00
3.042067527770996094e+00
3.045366525650024414e+00
3.048699140548706055e+00
3.051919221878051758e+00
3.055532217025756836e+00
3.059076547622680664e+00
3.062845230102539062e+00
3.066984176635742188e+00
3.070727586746215820e+00
3.074894666671752930e+00
3.078714609146118164e+00
3.082412242889404297e+00
3.085467815399169922e+00
3.088878870010375977e+00
3.092426061630249023e+00
3.095951318740844727e+00
3.099838972091674805e+00
3.103869676589965820e+00
3.107109069824218750e+00
3.110825300216674805e+00
3.117059230804443359e+00
3.123069286346435547e+00
3.129426956176757812e+00
3.133297920227050781e+00
3.137493610382080078e+00
3.141115665435791016e+00
3.146040201187133789e+00
3.150443553924560547e+00
3.154501199722290039e+00
3.157953977584838867e+00
3.160925388336181641e+00
3.164923906326293945e+00
3.168717145919799805e+00
3.172465324401855469e+00
3.176064491271972656e+00
3.179708003997802734e+00
3.183553218841552734e+00
3.187408924102783203e+00
3.190915584564208984e+00
3.194877624511718750e+00
3.198915958404541016e+00
3.202748537063598633e+00
3.205658435821533203e+00
3.209094524383544922e+00
3.212929010391235352e+00
3.217505216598510742e+00
3.221086263656616211e+00
3.224709987640380859e+00
3.228108406066894531e+00
3.231027364730834961e+00
3.235058307647705078e+00
3.238709926605224609e+00
3.242067575454711914e+00
3.245701551437377930e+00
3.249364852905273438e+00
3.252757310867309570e+00
3.256431341171264648e+00
3.260083436965942383e+00
3.263852357864379883e+00
3.267823696136474609e+00
3.271376132965087891e+00
3.275546312332153320e+00
3.278682470321655273e+00
3.282845258712768555e+00
3.287721157073974609e+00
3.291438817977905273e+00
3.295073270797729492e+00
3.299252271652221680e+00
3.303466558456420898e+00
3.307742118835449219e+00
3.311400890350341797e+00
3.315119981765747070e+00
3.319319725036621094e+00
3.323751926422119141e+00
3.327136754989624023e+00
3.330317258834838867e+00
3.334194183349609375e+00
3.337857723236083984e+00
3.340977907180786133e+00
3.345129728317260742e+00
3.348069906234741211e+00
3.351433515548706055e+00
3.354622602462768555e+00
3.357731580734252930e+00
3.361292839050292969e+00
3.365448713302612305e+00
3.368928670883178711e+00
3.372464179992675781e+00
3.376086950302124023e+00
3.379811763763427734e+00
3.383077859878540039e+00
3.386435508728027344e+00
3.389924287796020508e+00
3.393188476562500000e+00
3.397155046463012695e+00
3.402804613113403320e+00
3.406530618667602539e+00
3.410280227661132812e+00
3.414821624755859375e+00
3.419513702392578125e+00
3.423237323760986328e+00
3.427770137786865234e+00
3.431197404861450195e+00
3.435423612594604492e+00
3.438653707504272461e+00
3.442215442657470703e+00
3.445720911026000977e+00
3.449499845504760742e+00
3.452999353408813477e+00
3.456487417221069336e+00
3.459868192672729492e+00
3.463684797286987305e+00
3.468412399291992188e+00
3.471684455871582031e+00
3.475890159606933594e+00
3.479035377502441406e+00
3.482487201690673828e+00
3.485837221145629883e+00
3.489542484283447266e+00
3.494056701660156250e+00
3.498182535171508789e+00
3.502286672592163086e+00
3.506862640380859375e+00
3.510737180709838867e+00
3.514866113662719727e+00
3.518497705459594727e+00
3.522603273391723633e+00
3.526443719863891602e+00
3.529706478118896484e+00
3.533356666564941406e+00
3.537820577621459961e+00
3.542531251907348633e+00
3.546497106552124023e+00
3.550218105316162109e+00
3.554537534713745117e+00
3.560421705245971680e+00
3.563861846923828125e+00
3.568822622299194336e+00
3.573767185211181641e+00
3.577509641647338867e+00
3.581818342208862305e+00
3.585823059082031250e+00
3.589490652084350586e+00
3.592853069305419922e+00
3.596084594726562500e+00
3.599713563919067383e+00
3.604408502578735352e+00
3.608091592788696289e+00
3.611644268035888672e+00
3.615363836288452148e+00
3.619214296340942383e+00
3.622879981994628906e+00
3.626813650131225586e+00
3.630771875381469727e+00
3.634763717651367188e+00
3.638984680175781250e+00
3.642755031585693359e+00
3.646353721618652344e+00
3.650398015975952148e+00
3.654994010925292969e+00
3.659058809280395508e+00
3.663064241409301758e+00
3.667313575744628906e+00
3.671710491180419922e+00
3.675836324691772461e+00
3.679481983184814453e+00
3.683120727539062500e+00
3.686826705932617188e+00
3.690699577331542969e+00
3.694638967514038086e+00
3.698786020278930664e+00
3.703154087066650391e+00
3.707842588424682617e+00
3.712911844253540039e+00
3.717026472091674805e+00
3.721256256103515625e+00
3.725455045700073242e+00
3.729031085968017578e+00
3.732739210128784180e+00
3.735915899276733398e+00
3.739137887954711914e+00
3.742754936218261719e+00
3.746904134750366211e+00
3.750435590744018555e+00
3.754508018493652344e+00
3.758725404739379883e+00
3.762491941452026367e+00
3.765963792800903320e+00
3.769796848297119141e+00
3.773746967315673828e+00
3.777502059936523438e+00
3.781431198120117188e+00
3.785011291503906250e+00
3.788410186767578125e+00
3.792051792144775391e+00
3.795784950256347656e+00
3.799753189086914062e+00
3.803711414337158203e+00
3.807442665100097656e+00
3.810721158981323242e+00
3.814424991607666016e+00
3.817778110504150391e+00
3.821115732192993164e+00
3.825185060501098633e+00
3.828972816467285156e+00
3.832826614379882812e+00
3.836407661437988281e+00
3.840678453445434570e+00
3.844677209854125977e+00
3.848252296447753906e+00
3.852436542510986328e+00
3.856193542480468750e+00
3.860221624374389648e+00
3.864261150360107422e+00
3.867910861968994141e+00
3.872472763061523438e+00
3.876535415649414062e+00
3.880093097686767578e+00
3.883751392364501953e+00
3.887959241867065430e+00
3.892215013504028320e+00
3.896241903305053711e+00
3.900490045547485352e+00
3.904099464416503906e+00
3.907801151275634766e+00
3.911391258239746094e+00
3.915031433105468750e+00
3.919027566909790039e+00
3.922368526458740234e+00
3.926037311553955078e+00
3.929741859436035156e+00
3.933790683746337891e+00
3.937757968902587891e+00
3.941788434982299805e+00
3.945979118347167969e+00
3.950815916061401367e+00
3.954802274703979492e+00
3.958670377731323242e+00
3.962431669235229492e+00
3.966546773910522461e+00
3.970064878463745117e+00
3.973409652709960938e+00
3.977421760559082031e+00
3.980449438095092773e+00
3.984465360641479492e+00
3.988722562789916992e+00
3.992154359817504883e+00
3.995137929916381836e+00
3.999377250671386719e+00
4.003547668457031250e+00
4.007722616195678711e+00
4.011371374130249023e+00
4.015088558197021484e+00
4.018405914306640625e+00
4.021716356277465820e+00
4.025429010391235352e+00
4.028444290161132812e+00
4.032430887222290039e+00
4.036031723022460938e+00
4.039189815521240234e+00
4.042390346527099609e+00
4.046061277389526367e+00
4.049669742584228516e+00
4.052790403366088867e+00
4.056254625320434570e+00
4.059878826141357422e+00
4.063869714736938477e+00
4.067829847335815430e+00
4.070940017700195312e+00
4.074760913848876953e+00
4.078303813934326172e+00
4.081433773040771484e+00
4.085523366928100586e+00
4.089091539382934570e+00
4.092746496200561523e+00
4.096472263336181641e+00
4.099931240081787109e+00
4.103802680969238281e+00
4.107710123062133789e+00
4.111495971679687500e+00
4.115428209304809570e+00
4.118814706802368164e+00
4.122001886367797852e+00
4.125673294067382812e+00
4.129129648208618164e+00
4.132711887359619141e+00
4.136355638504028320e+00
4.140230417251586914e+00
4.143765449523925781e+00
4.147800445556640625e+00
4.152450084686279297e+00
4.156203985214233398e+00
4.160056352615356445e+00
4.163975477218627930e+00
4.168117046356201172e+00
4.172451019287109375e+00
4.176501512527465820e+00
4.180143833160400391e+00
4.184796094894409180e+00
4.188808202743530273e+00
4.192755222320556641e+00
4.196675777435302734e+00
4.200907945632934570e+00
4.204740285873413086e+00
4.208410978317260742e+00
4.212022542953491211e+00
4.215887069702148438e+00
4.220417976379394531e+00
4.224808931350708008e+00
4.228757858276367188e+00
4.232674598693847656e+00
4.235716581344604492e+00
4.238878488540649414e+00
4.242686271667480469e+00
4.246332406997680664e+00
4.249382972717285156e+00
4.251940488815307617e+00
4.254640340805053711e+00
4.258813142776489258e+00
4.262449264526367188e+00
4.266519308090209961e+00
4.270271301269531250e+00
4.274136066436767578e+00
4.278779745101928711e+00
4.282291650772094727e+00
4.286953687667846680e+00
4.291063547134399414e+00
4.294431924819946289e+00
4.298843622207641602e+00
4.303825616836547852e+00
4.307456493377685547e+00
4.311094999313354492e+00
4.315188407897949219e+00
4.318275690078735352e+00
4.321433067321777344e+00
4.325011253356933594e+00
4.328447818756103516e+00
4.332243442535400391e+00
4.336158752441406250e+00
4.340013027191162109e+00
4.343757629394531250e+00
4.347777128219604492e+00
4.351941585540771484e+00
4.356408596038818359e+00
4.360393762588500977e+00
4.364443302154541016e+00
4.369174718856811523e+00
4.373189210891723633e+00
4.377980232238769531e+00
4.382421493530273438e+00
4.386487245559692383e+00
4.390748977661132812e+00
4.396294355392456055e+00
4.400115966796875000e+00
4.403716802597045898e+00
4.407610416412353516e+00
4.411078691482543945e+00
4.414715528488159180e+00
4.418483734130859375e+00
4.422519922256469727e+00
4.426484346389770508e+00
4.430551767349243164e+00
4.434537172317504883e+00
4.438068389892578125e+00
4.441833734512329102e+00
4.445457696914672852e+00
4.448876857757568359e+00
4.452867507934570312e+00
4.457690954208374023e+00
4.461149930953979492e+00
4.465672016143798828e+00
4.469507932662963867e+00
4.472755670547485352e+00
4.476418018341064453e+00
4.479384660720825195e+00
4.482823371887207031e+00
4.486160755157470703e+00
4.489467144012451172e+00
4.493027448654174805e+00
4.496392965316772461e+00
4.499649047851562500e+00
4.503119230270385742e+00
4.506876230239868164e+00
4.510801315307617188e+00
4.514752626419067383e+00
4.518776655197143555e+00
4.522414207458496094e+00
4.526734352111816406e+00
4.530467271804809570e+00
4.534370660781860352e+00
4.538311719894409180e+00
4.542382717132568359e+00
4.546859979629516602e+00
4.551856517791748047e+00
4.556415796279907227e+00
4.560290098190307617e+00
4.564479351043701172e+00
4.568032264709472656e+00
4.571655035018920898e+00
4.575911521911621094e+00
4.580694437026977539e+00
4.584322214126586914e+00
4.588494777679443359e+00
4.592541694641113281e+00
4.596498489379882812e+00
4.600322484970092773e+00
4.603841543197631836e+00
4.608243227005004883e+00
4.611993074417114258e+00
4.615678310394287109e+00
4.619753599166870117e+00
4.623072385787963867e+00
4.626749992370605469e+00
4.630078077316284180e+00
4.633820533752441406e+00
4.638799667358398438e+00
4.642714977264404297e+00
4.646764516830444336e+00
4.650752067565917969e+00
4.654657363891601562e+00
4.657856464385986328e+00
4.661768913269042969e+00
4.665751934051513672e+00
4.669304609298706055e+00
4.673198461532592773e+00
4.677064418792724609e+00
4.680678844451904297e+00
4.684301137924194336e+00
4.687791109085083008e+00
4.691502332687377930e+00
4.694947719573974609e+00
4.699295997619628906e+00
4.702792882919311523e+00
4.705940485000610352e+00
4.709735870361328125e+00
4.712931156158447266e+00
4.716395616531372070e+00
4.720789670944213867e+00
4.724449872970581055e+00
4.728076934814453125e+00
4.731945037841796875e+00
4.735966205596923828e+00
4.739853143692016602e+00
4.744790077209472656e+00
4.749505996704101562e+00
4.753763914108276367e+00
4.757860183715820312e+00
4.761640310287475586e+00
4.765679359436035156e+00
4.769718408584594727e+00
4.773473501205444336e+00
4.776697874069213867e+00
4.779946088790893555e+00
4.783499002456665039e+00
4.787079334259033203e+00
4.790682077407836914e+00
4.793933391571044922e+00
4.797098159790039062e+00
4.800436258316040039e+00
4.804223537445068359e+00
4.808111429214477539e+00
4.811772108078002930e+00
4.816018342971801758e+00
4.819856643676757812e+00
4.823292016983032227e+00
4.826702117919921875e+00
4.829922676086425781e+00
4.833190917968750000e+00
4.836800575256347656e+00
4.841191530227661133e+00
4.844416618347167969e+00
4.848150253295898438e+00
4.852877378463745117e+00
4.857753515243530273e+00
4.861094474792480469e+00
4.864763736724853516e+00
4.869194507598876953e+00
4.873806715011596680e+00
4.878197431564331055e+00
4.881724834442138672e+00
4.885736227035522461e+00
4.889862775802612305e+00
4.893805265426635742e+00
4.898170948028564453e+00
4.902795314788818359e+00
4.907049417495727539e+00
4.911082744598388672e+00
4.915476799011230469e+00
4.919817209243774414e+00
4.923035144805908203e+00
4.926713705062866211e+00
4.930230140686035156e+00
4.934834957122802734e+00
4.938731908798217773e+00
4.942498207092285156e+00
4.946892261505126953e+00
4.950752973556518555e+00
4.954741001129150391e+00
4.958647966384887695e+00
4.962386131286621094e+00
4.966773748397827148e+00
4.970354080200195312e+00
4.973946332931518555e+00
4.977880001068115234e+00
4.982428073883056641e+00
4.985876560211181641e+00
4.989835500717163086e+00
4.993854999542236328e+00
4.998755455017089844e+00
5.002713441848754883e+00
5.006268501281738281e+00
5.009665966033935547e+00
5.012421131134033203e+00
5.016186237335205078e+00
5.019647836685180664e+00
5.023980140686035156e+00
5.028074264526367188e+00
5.031745672225952148e+00
5.035812377929687500e+00
5.039847612380981445e+00
5.043740749359130859e+00
5.047077178955078125e+00
5.051222801208496094e+00
5.055968284606933594e+00
5.060725450515747070e+00
5.064867973327636719e+00
5.069792270660400391e+00
5.073851823806762695e+00
5.077659845352172852e+00
5.081348657608032227e+00
5.084708929061889648e+00
5.088104009628295898e+00
5.092677354812622070e+00
5.096805572509765625e+00
5.101737260818481445e+00
5.105028867721557617e+00
5.108633279800415039e+00
5.112772941589355469e+00
5.118185043334960938e+00
5.122736215591430664e+00
5.130729436874389648e+00
5.134743928909301758e+00
5.138385534286499023e+00
5.142691373825073242e+00
5.146326065063476562e+00
5.149854183197021484e+00
5.154950380325317383e+00
5.158922195434570312e+00
5.162865161895751953e+00
5.166938781738281250e+00
5.170762538909912109e+00
5.175666809082031250e+00
5.179482460021972656e+00
5.182836771011352539e+00
5.186439752578735352e+00
5.189668893814086914e+00
5.193729162216186523e+00
5.197836637496948242e+00
5.201847791671752930e+00
5.206850528717041016e+00
5.211824893951416016e+00
5.216797828674316406e+00
5.221972227096557617e+00
5.226015806198120117e+00
5.229147672653198242e+00
5.233472585678100586e+00
5.237803220748901367e+00
5.242533683776855469e+00
5.246914863586425781e+00
5.250837564468383789e+00
5.254920721054077148e+00
5.258630514144897461e+00
5.262146472930908203e+00
5.266001224517822266e+00
5.270836591720581055e+00
5.275827169418334961e+00
5.280816078186035156e+00
5.285964965820312500e+00
5.290523767471313477e+00
5.293936967849731445e+00
5.298189878463745117e+00
5.302808761596679688e+00
5.307897806167602539e+00
5.311783075332641602e+00
5.316853523254394531e+00
5.321337938308715820e+00
5.326910734176635742e+00
5.331505060195922852e+00
5.336017131805419922e+00
5.340673208236694336e+00
5.345846176147460938e+00
5.350807905197143555e+00
5.355807065963745117e+00
5.360109090805053711e+00
5.365258693695068359e+00
5.369881868362426758e+00
5.374895811080932617e+00
5.379826307296752930e+00
5.384858369827270508e+00
5.389908790588378906e+00
5.394540786743164062e+00
5.398744106292724609e+00
5.403822660446166992e+00
5.408718109130859375e+00
5.413777112960815430e+00
5.418845415115356445e+00
5.423803329467773438e+00
5.428843259811401367e+00
5.433808326721191406e+00
5.438864707946777344e+00
5.443929910659790039e+00
5.448828458786010742e+00
5.453825712203979492e+00
5.458839893341064453e+00
5.463948965072631836e+00
5.468850612640380859e+00
5.473817825317382812e+00
5.478753566741943359e+00
5.482849359512329102e+00
5.486865282058715820e+00
5.491691827774047852e+00
5.495407819747924805e+00
5.499699115753173828e+00
5.504851102828979492e+00
5.509957313537597656e+00
5.514707803726196289e+00
5.519463300704956055e+00
5.523459911346435547e+00
5.530192136764526367e+00
5.534954786300659180e+00
5.538812875747680664e+00
5.543068647384643555e+00
5.547910690307617188e+00
5.552951335906982422e+00
5.557876586914062500e+00
5.563005685806274414e+00
5.567763328552246094e+00
5.572838068008422852e+00
5.577780723571777344e+00
5.582091808319091797e+00
5.586780548095703125e+00
5.592010498046875000e+00
5.596419334411621094e+00
5.601702928543090820e+00
5.606737136840820312e+00
5.611897706985473633e+00
5.616858959197998047e+00
5.621917486190795898e+00
5.629302740097045898e+00
5.633890867233276367e+00
5.638861656188964844e+00
5.643433570861816406e+00
5.648785829544067383e+00
5.653800010681152344e+00
5.658760309219360352e+00
5.663747072219848633e+00
5.668259143829345703e+00
5.673763751983642578e+00
5.678866147994995117e+00
5.683855295181274414e+00
5.688429355621337891e+00
5.692689895629882812e+00
5.697803020477294922e+00
5.702937126159667969e+00
5.707756757736206055e+00
5.712459564208984375e+00
5.716895103454589844e+00
5.721818685531616211e+00
5.726750135421752930e+00
5.731100082397460938e+00
5.735807180404663086e+00
5.740828514099121094e+00
5.745863437652587891e+00
5.750728607177734375e+00
5.755196809768676758e+00
5.759827375411987305e+00
5.764838933944702148e+00
5.769986867904663086e+00
5.774873971939086914e+00
5.779462099075317383e+00
5.783983707427978516e+00
5.788830518722534180e+00
5.793903827667236328e+00
5.799479246139526367e+00
5.804152011871337891e+00
5.808757781982421875e+00
5.813783645629882812e+00
5.818809509277343750e+00
5.823809146881103516e+00
5.828680753707885742e+00
5.833731889724731445e+00
5.838222980499267578e+00
5.842863798141479492e+00
5.847461223602294922e+00
5.851442337036132812e+00
5.855926036834716797e+00
5.860798835754394531e+00
5.865805625915527344e+00
5.870762109756469727e+00
5.875454664230346680e+00
5.879806518554687500e+00
5.884833097457885742e+00
5.889750242233276367e+00
5.896304845809936523e+00
5.900826692581176758e+00
5.905948400497436523e+00
5.910769462585449219e+00
5.915745973587036133e+00
5.920249700546264648e+00
5.924731731414794922e+00
5.932100534439086914e+00
5.936740398406982422e+00
5.941121578216552734e+00
5.945768833160400391e+00
5.950606584548950195e+00
5.954716920852661133e+00
5.958851337432861328e+00
5.963774919509887695e+00
5.968422651290893555e+00
5.972917795181274414e+00
5.977838277816772461e+00
5.982885837554931641e+00
5.987665891647338867e+00
5.991901159286499023e+00
5.996430158615112305e+00
6.000784158706665039e+00
6.005794525146484375e+00
6.010750293731689453e+00
6.015775680541992188e+00
6.020765781402587891e+00
6.025665760040283203e+00
6.030066728591918945e+00
6.034415960311889648e+00
6.038466691970825195e+00
6.043540239334106445e+00
6.047770500183105469e+00
6.052888870239257812e+00
6.057812690734863281e+00
6.063925027847290039e+00
6.068760395050048828e+00
6.073787212371826172e+00
6.078901529312133789e+00
6.082744836807250977e+00
6.087751150131225586e+00
6.092862129211425781e+00
6.098752498626708984e+00
6.103753566741943359e+00
6.108811855316162109e+00
6.113870143890380859e+00
6.118815183639526367e+00
6.123691558837890625e+00
6.128853797912597656e+00
6.133780717849731445e+00
6.138797044754028320e+00
6.143697738647460938e+00
6.148206710815429688e+00
6.152665615081787109e+00
6.157462358474731445e+00
6.161933422088623047e+00
6.165964365005493164e+00
6.169907331466674805e+00
6.173954725265502930e+00
6.177931308746337891e+00
6.181808948516845703e+00
6.186844587326049805e+00
6.191852569580078125e+00
6.196848392486572266e+00
6.201806545257568359e+00
6.206790208816528320e+00
6.211715459823608398e+00
6.216818571090698242e+00
6.221966266632080078e+00
6.226157188415527344e+00
6.230798959732055664e+00
6.235829591751098633e+00
6.240843534469604492e+00
6.245220184326171875e+00
6.249743223190307617e+00
6.254752159118652344e+00
6.259761333465576172e+00
6.267803668975830078e+00
6.271820783615112305e+00
6.276447057723999023e+00
6.280690431594848633e+00
6.284820318222045898e+00
6.289802551269531250e+00
6.293945074081420898e+00
6.298691034317016602e+00
6.302991867065429688e+00
6.306822061538696289e+00
6.310787916183471680e+00
6.314832925796508789e+00
6.318955898284912109e+00
6.323426485061645508e+00
6.327751636505126953e+00
6.332843303680419922e+00
6.337822914123535156e+00
6.342608928680419922e+00
6.346612691879272461e+00
6.350935935974121094e+00
6.355836629867553711e+00
6.360728025436401367e+00
6.366535425186157227e+00
6.370769500732421875e+00
6.375700712203979492e+00
6.380661249160766602e+00
6.385844230651855469e+00
6.390781402587890625e+00
6.395690202713012695e+00
6.399713277816772461e+00
6.403268098831176758e+00
6.407709121704101562e+00
6.411953449249267578e+00
6.416778326034545898e+00
6.421199560165405273e+00
6.426048994064331055e+00
6.430806636810302734e+00
6.435662269592285156e+00
6.439458608627319336e+00
6.443680524826049805e+00
6.448746442794799805e+00
6.453832387924194336e+00
6.458775520324707031e+00
6.463792324066162109e+00
6.468843460083007812e+00
6.473767757415771484e+00
6.477700471878051758e+00
6.481755971908569336e+00
6.486806631088256836e+00
6.491818428039550781e+00
6.496719598770141602e+00
6.501831531524658203e+00
6.506799936294555664e+00
6.511700391769409180e+00
6.516823768615722656e+00
6.521769762039184570e+00
6.526789426803588867e+00
6.531817436218261719e+00
6.536826133728027344e+00
6.541740894317626953e+00
6.546770811080932617e+00
6.551829338073730469e+00
6.556380271911621094e+00
6.560497999191284180e+00
6.565120458602905273e+00
6.569829940795898438e+00
6.574719667434692383e+00
6.578980684280395508e+00
6.583682537078857422e+00
6.587695598602294922e+00
6.591715812683105469e+00
6.595951557159423828e+00
6.601167678833007812e+00
6.605792045593261719e+00
6.610695123672485352e+00
6.615773916244506836e+00
6.622363090515136719e+00
6.626687526702880859e+00
6.633361577987670898e+00
6.636723995208740234e+00
6.639883518218994141e+00
6.643109321594238281e+00
6.645689249038696289e+00
6.648649930953979492e+00
6.652083396911621094e+00
6.654752731323242188e+00
6.657255411148071289e+00
6.660112619400024414e+00
6.662748098373413086e+00
6.665970087051391602e+00
6.669319629669189453e+00
6.672739744186401367e+00
6.676089525222778320e+00
6.679428815841674805e+00
6.682648181915283203e+00
6.685388326644897461e+00
6.688626050949096680e+00
6.691269397735595703e+00
6.694326877593994141e+00
6.697100400924682617e+00
6.700186967849731445e+00
6.703991174697875977e+00
6.707770109176635742e+00
6.711546659469604492e+00
6.715552330017089844e+00
6.719036102294921875e+00
6.722922086715698242e+00
6.726588964462280273e+00
6.729868412017822266e+00
6.734230756759643555e+00
6.737323045730590820e+00
6.740620136260986328e+00
6.743616819381713867e+00
6.746643304824829102e+00
6.749625682830810547e+00
6.752743959426879883e+00
6.755239725112915039e+00
6.760411739349365234e+00
6.763126134872436523e+00
6.766637802124023438e+00
6.769630193710327148e+00
6.772368192672729492e+00
6.775825738906860352e+00
6.778738260269165039e+00
6.781809568405151367e+00
6.784627914428710938e+00
6.787236928939819336e+00
6.790482044219970703e+00
6.793812751770019531e+00
6.797481775283813477e+00
6.801013469696044922e+00
6.804380893707275391e+00
6.807622909545898438e+00
6.810078859329223633e+00
6.813485145568847656e+00
6.816784143447875977e+00
6.819756984710693359e+00
6.822390317916870117e+00
6.825347661972045898e+00
6.828292608261108398e+00
6.831697702407836914e+00
6.834626436233520508e+00
6.837676048278808594e+00
6.840696096420288086e+00
6.844365358352661133e+00
6.847152709960937500e+00
6.850107669830322266e+00
6.853028297424316406e+00
6.856363058090209961e+00
6.859612464904785156e+00
6.862278223037719727e+00
6.865334749221801758e+00
6.867822170257568359e+00
6.870611906051635742e+00
6.873713731765747070e+00
6.876910448074340820e+00
6.880266189575195312e+00
6.883301258087158203e+00
6.886786222457885742e+00
6.889765501022338867e+00
6.892391443252563477e+00
6.896634578704833984e+00
6.899866819381713867e+00
6.903084516525268555e+00
6.905826091766357422e+00
6.908096790313720703e+00
6.910575628280639648e+00
6.913108825683593750e+00
6.915576696395874023e+00
6.918642520904541016e+00
6.921755313873291016e+00
6.924234151840209961e+00
6.927603006362915039e+00
6.931648015975952148e+00
6.934763431549072266e+00
6.937774181365966797e+00
6.941028356552124023e+00
6.943865060806274414e+00
6.947031021118164062e+00
6.950511217117309570e+00
6.953743696212768555e+00
6.956929206848144531e+00
6.959923505783081055e+00
6.963286638259887695e+00
6.966794490814208984e+00
6.970318794250488281e+00
6.973347425460815430e+00
6.976649761199951172e+00
6.980047702789306641e+00
6.983275175094604492e+00
6.986139059066772461e+00
6.989948272705078125e+00
6.993269920349121094e+00
6.996616363525390625e+00
7.000382900238037109e+00
7.003112792968750000e+00
7.006397247314453125e+00
7.010921478271484375e+00
7.015007734298706055e+00
7.018486976623535156e+00
7.022124528884887695e+00
7.026345014572143555e+00
7.030197858810424805e+00
7.033635139465332031e+00
7.036650419235229492e+00
7.039614915847778320e+00
7.043198347091674805e+00
7.046719789505004883e+00
7.049834489822387695e+00
7.052739381790161133e+00
7.055846452713012695e+00
7.060404539108276367e+00
7.064133882522583008e+00
7.068405628204345703e+00
7.073554277420043945e+00
7.077702999114990234e+00
7.081477880477905273e+00
7.085103750228881836e+00
7.088785886764526367e+00
7.092440843582153320e+00
7.096245527267456055e+00
7.099990606307983398e+00
7.103744506835937500e+00
7.107707738876342773e+00
7.111815214157104492e+00
7.115353584289550781e+00
7.119091033935546875e+00
7.122977495193481445e+00
7.126662731170654297e+00
7.130713462829589844e+00
7.134635686874389648e+00
7.138179063796997070e+00
7.141718626022338867e+00
7.145191192626953125e+00
7.148731470108032227e+00
7.152213811874389648e+00
7.156668663024902344e+00
7.160735607147216797e+00
7.163844108581542969e+00
7.166707515716552734e+00
7.169717311859130859e+00
7.172964334487915039e+00
7.176218986511230469e+00
7.179662466049194336e+00
7.182982206344604492e+00
7.186619520187377930e+00
7.189626216888427734e+00
7.192634344100952148e+00
7.195623874664306641e+00
7.199013710021972656e+00
7.202373743057250977e+00
7.205943346023559570e+00
7.209796905517578125e+00
7.214437723159790039e+00
7.218304157257080078e+00
7.221622467041015625e+00
7.224131584167480469e+00
7.227097034454345703e+00
7.231768369674682617e+00
7.235036611557006836e+00
7.238433122634887695e+00
7.241981506347656250e+00
7.245270967483520508e+00
7.248909950256347656e+00
7.252341508865356445e+00
7.255051851272583008e+00
7.258054018020629883e+00
7.261245012283325195e+00
7.264720439910888672e+00
7.268372058868408203e+00
7.272078752517700195e+00
7.275772094726562500e+00
7.279330015182495117e+00
7.283026218414306641e+00
7.286375045776367188e+00
7.289366245269775391e+00
7.292102336883544922e+00
7.295260906219482422e+00
7.299402236938476562e+00
7.303155422210693359e+00
7.306149482727050781e+00
7.308598279953002930e+00
7.311121225357055664e+00
7.314419507980346680e+00
7.317279815673828125e+00
7.320636272430419922e+00
7.323981761932373047e+00
7.327138423919677734e+00
7.330299377441406250e+00
7.333240747451782227e+00
7.336329936981201172e+00
7.339877843856811523e+00
7.343596458435058594e+00
7.346853971481323242e+00
7.350872039794921875e+00
7.354765415191650391e+00
7.358823537826538086e+00
7.363317489624023438e+00
7.366890430450439453e+00
7.370701074600219727e+00
7.374242782592773438e+00
7.378064155578613281e+00
7.381364345550537109e+00
7.385706663131713867e+00
7.388857603073120117e+00
7.392097473144531250e+00
7.395836830139160156e+00
7.399851322174072266e+00
7.403913021087646484e+00
7.408075571060180664e+00
7.411771774291992188e+00
7.415403127670288086e+00
7.419016361236572266e+00
7.422781944274902344e+00
7.429487705230712891e+00
7.433734178543090820e+00
7.437420368194580078e+00
7.441100835800170898e+00
7.444991588592529297e+00
7.448395729064941406e+00
7.452085256576538086e+00
7.456805706024169922e+00
7.461741685867309570e+00
7.466027021408081055e+00
7.469299554824829102e+00
7.472813367843627930e+00
7.476272344589233398e+00
7.479684829711914062e+00
7.483747005462646484e+00
7.488759994506835938e+00
7.495623350143432617e+00
7.499322414398193359e+00
7.503786802291870117e+00
7.508788824081420898e+00
7.513691663742065430e+00
7.517716407775878906e+00
7.522789001464843750e+00
7.527096748352050781e+00
7.531291246414184570e+00
7.534638881683349609e+00
7.538719415664672852e+00
7.543756246566772461e+00
7.548216581344604492e+00
7.552231073379516602e+00
7.556794166564941406e+00
7.561402559280395508e+00
7.565026998519897461e+00
7.568791389465332031e+00
7.572840452194213867e+00
7.576908349990844727e+00
7.581717014312744141e+00
7.585722923278808594e+00
7.589818239212036133e+00
7.594960451126098633e+00
7.599676132202148438e+00
7.603732824325561523e+00
7.608066320419311523e+00
7.612417697906494141e+00
7.616417646408081055e+00
7.619643926620483398e+00
7.622977256774902344e+00
7.626703262329101562e+00
7.630125761032104492e+00
7.634033203125000000e+00
7.637455701828002930e+00
7.641073703765869141e+00
7.644937515258789062e+00
7.648278474807739258e+00
7.652148723602294922e+00
7.655611038208007812e+00
7.658618450164794922e+00
7.662126064300537109e+00
7.666721105575561523e+00
7.671780109405517578e+00
7.676419019699096680e+00
7.680772066116333008e+00
7.685789108276367188e+00
7.689970016479492188e+00
7.693887233734130859e+00
7.697762012481689453e+00
7.701920032501220703e+00
7.705662965774536133e+00
7.709841251373291016e+00
7.713681936264038086e+00
7.717702388763427734e+00
7.721771717071533203e+00
7.726799011230468750e+00
7.732020854949951172e+00
7.735403776168823242e+00
7.739398241043090820e+00
7.742592811584472656e+00
7.746270179748535156e+00
7.750786304473876953e+00
7.754749059677124023e+00
7.758314847946166992e+00
7.762030124664306641e+00
7.766685724258422852e+00
7.770823240280151367e+00
7.775761127471923828e+00
7.780405521392822266e+00
7.784780263900756836e+00
7.789777755737304688e+00
7.794735670089721680e+00
7.798759222030639648e+00
7.802281141281127930e+00
7.806380987167358398e+00
7.810766458511352539e+00
7.815729379653930664e+00
7.820657968521118164e+00
7.824237823486328125e+00
7.828769922256469727e+00
7.833803653717041016e+00
7.838759899139404297e+00
7.843386173248291016e+00
7.847254276275634766e+00
7.851009845733642578e+00
7.854654312133789062e+00
7.858404397964477539e+00
7.861996889114379883e+00
7.865942001342773438e+00
7.869882345199584961e+00
7.873795270919799805e+00
7.877615213394165039e+00
7.881752967834472656e+00
7.886759757995605469e+00
7.890770673751831055e+00
7.895357608795166016e+00
7.899163246154785156e+00
7.902869462966918945e+00
7.906731128692626953e+00
7.910427331924438477e+00
7.914057254791259766e+00
7.918802738189697266e+00
7.923696517944335938e+00
7.927412748336791992e+00
7.931445598602294922e+00
7.935234785079956055e+00
7.938093900680541992e+00
7.941275835037231445e+00
7.944241762161254883e+00
7.948743343353271484e+00
7.953514099121093750e+00
7.957802295684814453e+00
7.962020874023437500e+00
7.966768741607666016e+00
7.971789836883544922e+00
7.975879669189453125e+00
7.980347394943237305e+00
7.984669208526611328e+00
7.988433361053466797e+00
7.992741584777832031e+00
7.996843099594116211e+00
8.001475334167480469e+00
8.004923820495605469e+00
8.009387731552124023e+00
8.013504266738891602e+00
8.017516136169433594e+00
8.021845579147338867e+00
8.026527881622314453e+00
8.033014535903930664e+00
8.036787033081054688e+00
8.040759325027465820e+00
8.045248508453369141e+00
8.049168586730957031e+00
8.053295373916625977e+00
8.057474374771118164e+00
8.061476707458496094e+00
8.065739631652832031e+00
8.069847106933593750e+00
8.074526309967041016e+00
8.078767538070678711e+00
8.082627773284912109e+00
8.086436271667480469e+00
8.090082168579101562e+00
8.094450235366821289e+00
8.098750114440917969e+00
8.102785587310791016e+00
8.106916904449462891e+00
8.110662698745727539e+00
8.114761352539062500e+00
8.119753837585449219e+00
8.130248069763183594e+00
8.134755849838256836e+00
8.138489961624145508e+00
8.143410921096801758e+00
8.147737979888916016e+00
8.151813983917236328e+00
8.156429052352905273e+00
8.161080360412597656e+00
8.166922569274902344e+00
8.170987367630004883e+00
8.175491333007812500e+00
8.179944753646850586e+00
8.184085369110107422e+00
8.189022302627563477e+00
8.193209886550903320e+00
8.198344469070434570e+00
8.202181100845336914e+00
8.206530570983886719e+00
8.210222959518432617e+00
8.213754892349243164e+00
8.217251300811767578e+00
8.221079826354980469e+00
8.224794149398803711e+00
8.229781627655029297e+00
8.233933925628662109e+00
8.237854003906250000e+00
8.241660594940185547e+00
8.245876312255859375e+00
8.249282836914062500e+00
8.253618478775024414e+00
8.257263898849487305e+00
8.260904073715209961e+00
8.265087842941284180e+00
8.268846511840820312e+00
8.272767782211303711e+00
8.277751922607421875e+00
8.282461643218994141e+00
8.286760568618774414e+00
8.290803194046020508e+00
8.294647216796875000e+00
8.298754692077636719e+00
8.302301883697509766e+00
8.306181430816650391e+00
8.310374021530151367e+00
8.314786672592163086e+00
8.319438457489013672e+00
8.323194503784179688e+00
8.327688932418823242e+00
8.331708908081054688e+00
8.335649251937866211e+00
8.339859962463378906e+00
8.344771385192871094e+00
8.349822521209716797e+00
8.354819536209106445e+00
8.359843969345092773e+00
8.364625692367553711e+00
8.368752241134643555e+00
8.372832059860229492e+00
8.376653909683227539e+00
8.380952358245849609e+00
8.384675741195678711e+00
8.388767242431640625e+00
8.393683910369873047e+00
8.397919416427612305e+00
8.401875972747802734e+00
8.405453920364379883e+00
8.409920930862426758e+00
8.413773536682128906e+00
8.417906522750854492e+00
8.421847820281982422e+00
8.425395965576171875e+00
8.428885698318481445e+00
8.433670282363891602e+00
8.437524795532226562e+00
8.442156076431274414e+00
8.446754932403564453e+00
8.451619386672973633e+00
8.455261707305908203e+00
8.459379434585571289e+00
8.464612960815429688e+00
8.468797922134399414e+00
8.473885536193847656e+00
8.477945327758789062e+00
8.481672048568725586e+00
8.484719753265380859e+00
8.489810466766357422e+00
8.494454383850097656e+00
8.498688697814941406e+00
8.502749681472778320e+00
8.507061719894409180e+00
8.511796951293945312e+00
8.516790151596069336e+00
8.521759510040283203e+00
8.526756286621093750e+00
8.533965826034545898e+00
8.537594318389892578e+00
8.540786266326904297e+00
8.545847415924072266e+00
8.550779104232788086e+00
8.555797576904296875e+00
8.560791730880737305e+00
8.565627574920654297e+00
8.569490909576416016e+00
8.572982549667358398e+00
8.577425003051757812e+00
8.581688165664672852e+00
8.585714101791381836e+00
8.589992523193359375e+00
8.594249725341796875e+00
8.598243951797485352e+00
8.602770090103149414e+00
8.607125282287597656e+00
8.611721515655517578e+00
8.615269422531127930e+00
8.618759870529174805e+00
8.622504949569702148e+00
8.626799821853637695e+00
8.631003856658935547e+00
8.635385513305664062e+00
8.639505386352539062e+00
8.643596410751342773e+00
8.647743463516235352e+00
8.651656627655029297e+00
8.655394077301025391e+00
8.659287929534912109e+00
8.663602113723754883e+00
8.667627096176147461e+00
8.671780824661254883e+00
8.675811529159545898e+00
8.680475234985351562e+00
8.684468269348144531e+00
8.688674211502075195e+00
8.692420005798339844e+00
8.696006774902343750e+00
8.701128244400024414e+00
8.705669164657592773e+00
8.709440469741821289e+00
8.712771892547607422e+00
8.716775417327880859e+00
8.721759319305419922e+00
8.726418256759643555e+00
8.730796337127685547e+00
8.734720230102539062e+00
8.738565921783447266e+00
8.742885112762451172e+00
8.746750593185424805e+00
8.750946998596191406e+00
8.754987478256225586e+00
8.759726524353027344e+00
8.765743970870971680e+00
8.770796298980712891e+00
8.775466918945312500e+00
8.779655933380126953e+00
8.783796548843383789e+00
8.787813186645507812e+00
8.791838169097900391e+00
8.796494722366333008e+00
8.800825595855712891e+00
8.805685281753540039e+00
8.810737371444702148e+00
8.814846277236938477e+00
8.818914890289306641e+00
8.822785854339599609e+00
8.826189279556274414e+00
8.831622123718261719e+00
8.835480451583862305e+00
8.839765548706054688e+00
8.844425916671752930e+00
8.848723649978637695e+00
8.853848695755004883e+00
8.858739376068115234e+00
8.863649368286132812e+00
8.867818832397460938e+00
8.873140811920166016e+00
8.877214670181274414e+00
8.880784749984741211e+00
8.883746147155761719e+00
8.886839389801025391e+00
8.889753818511962891e+00
8.893494129180908203e+00
8.897458314895629883e+00
8.901924848556518555e+00
8.905674695968627930e+00
8.909803867340087891e+00
8.913837909698486328e+00
8.917418479919433594e+00
8.921199798583984375e+00
8.924214601516723633e+00
8.927433967590332031e+00
8.932721376419067383e+00
8.936263084411621094e+00
8.940404653549194336e+00
8.944400072097778320e+00
8.948246955871582031e+00
8.952766895294189453e+00
8.957786083221435547e+00
8.964937210083007812e+00
8.968406200408935547e+00
8.972416877746582031e+00
8.976170778274536133e+00
8.980680704116821289e+00
8.984421968460083008e+00
8.988001823425292969e+00
8.991229534149169922e+00
8.994679689407348633e+00
8.999437808990478516e+00
9.003414154052734375e+00
9.007417678833007812e+00
9.011033296585083008e+00
9.014934539794921875e+00
9.018861532211303711e+00
9.023838520050048828e+00
9.027770280838012695e+00
9.033142328262329102e+00
9.036987066268920898e+00
9.041710138320922852e+00
9.045618534088134766e+00
9.049768447875976562e+00
9.054088115692138672e+00
9.058453083038330078e+00
9.065219402313232422e+00
9.069055318832397461e+00
9.073035717010498047e+00
9.076240301132202148e+00
9.080727100372314453e+00
9.085812091827392578e+00
9.090333700180053711e+00
9.094326734542846680e+00
9.099833250045776367e+00
9.103801965713500977e+00
9.108821868896484375e+00
9.112975120544433594e+00
9.117048501968383789e+00
9.121780395507812500e+00
9.126749038696289062e+00
9.130849838256835938e+00
9.135164022445678711e+00
9.138768196105957031e+00
9.142732381820678711e+00
9.146710872650146484e+00
9.150738000869750977e+00
9.155815362930297852e+00
9.160774230957031250e+00
9.164780855178833008e+00
9.169107913970947266e+00
9.172990798950195312e+00
9.177768945693969727e+00
9.182461500167846680e+00
9.186661481857299805e+00
9.190701007843017578e+00
9.196410894393920898e+00
9.201771020889282227e+00
9.206058502197265625e+00
9.210065603256225586e+00
9.214040994644165039e+00
9.217944383621215820e+00
9.221934080123901367e+00
9.226037979125976562e+00
9.231310606002807617e+00
9.235420465469360352e+00
9.239403963088989258e+00
9.243372678756713867e+00
9.246714115142822266e+00
9.250418901443481445e+00
9.254676342010498047e+00
9.258763074874877930e+00
9.264915227890014648e+00
9.269726991653442383e+00
9.273606777191162109e+00
9.277232408523559570e+00
9.280604124069213867e+00
9.283192634582519531e+00
9.286198616027832031e+00
9.289039134979248047e+00
9.292785167694091797e+00
9.297014474868774414e+00
9.300423145294189453e+00
9.303592681884765625e+00
9.307410001754760742e+00
9.311221837997436523e+00
9.315008163452148438e+00
9.318249702453613281e+00
9.321268558502197266e+00
9.325023412704467773e+00
9.328749656677246094e+00
9.332657098770141602e+00
9.336287260055541992e+00
9.340715646743774414e+00
9.344928979873657227e+00
9.348417520523071289e+00
9.352169752120971680e+00
9.357033491134643555e+00
9.361487865447998047e+00
9.366381645202636719e+00
9.370686531066894531e+00
9.374664783477783203e+00
9.378668069839477539e+00
9.382674217224121094e+00
9.386600255966186523e+00
9.390388250350952148e+00
9.394784212112426758e+00
9.399189472198486328e+00
9.403360605239868164e+00
9.407430887222290039e+00
9.410990953445434570e+00
9.415081739425659180e+00
9.419418096542358398e+00
9.423421859741210938e+00
9.427417039871215820e+00
9.433603525161743164e+00
9.437823295593261719e+00
9.441291809082031250e+00
9.444705247879028320e+00
9.448282241821289062e+00
9.452474594116210938e+00
9.456403732299804688e+00
9.459934473037719727e+00
9.466075897216796875e+00
9.470470428466796875e+00
9.474651336669921875e+00
9.478436470031738281e+00
9.482436418533325195e+00
9.486434698104858398e+00
9.490763187408447266e+00
9.495203495025634766e+00
9.499459743499755859e+00
9.503770589828491211e+00
9.508419752120971680e+00
9.512746572494506836e+00
9.517752170562744141e+00
9.521951675415039062e+00
9.525768995285034180e+00
9.530334234237670898e+00
9.534501791000366211e+00
9.538003206253051758e+00
9.541262626647949219e+00
9.545742750167846680e+00
9.550793170928955078e+00
9.555739879608154297e+00
9.559683799743652344e+00
9.565716981887817383e+00
9.569446086883544922e+00
9.573173999786376953e+00
9.577130556106567383e+00
9.581174135208129883e+00
9.585655689239501953e+00
9.589718341827392578e+00
9.596414089202880859e+00
9.600426197052001953e+00
9.604161500930786133e+00
9.607886552810668945e+00
9.611886501312255859e+00
9.615587949752807617e+00
9.619732141494750977e+00
9.624534368515014648e+00
9.629000663757324219e+00
9.633432865142822266e+00
9.637235403060913086e+00
9.641628265380859375e+00
9.644971132278442383e+00
9.649731159210205078e+00
9.653505802154541016e+00
9.657932996749877930e+00
9.662699937820434570e+00
9.667067766189575195e+00
9.671395778656005859e+00
9.675657510757446289e+00
9.679768323898315430e+00
9.683830022811889648e+00
9.688891172409057617e+00
9.692897319793701172e+00
9.699583768844604492e+00
9.703274726867675781e+00
9.707409858703613281e+00
9.711438179016113281e+00
9.715159416198730469e+00
9.719235897064208984e+00
9.723443269729614258e+00
9.727454662322998047e+00
9.731890201568603516e+00
9.736139535903930664e+00
9.740388154983520508e+00
9.744701385498046875e+00
9.749026536941528320e+00
9.753325223922729492e+00
9.756791114807128906e+00
9.760447978973388672e+00
9.764737606048583984e+00
9.768970012664794922e+00
9.772887468338012695e+00
9.776646614074707031e+00
9.780701398849487305e+00
9.784751653671264648e+00
9.788719892501831055e+00
9.793027877807617188e+00
9.798397064208984375e+00
9.802712917327880859e+00
9.806782007217407227e+00
9.810892581939697266e+00
9.814459085464477539e+00
9.818472862243652344e+00
9.822765350341796875e+00
9.827711820602416992e+00
9.832457065582275391e+00
9.836435794830322266e+00
9.840015888214111328e+00
9.843205451965332031e+00
9.846562385559082031e+00
9.849929332733154297e+00
9.853826284408569336e+00
9.858419418334960938e+00
9.862757921218872070e+00
9.869835853576660156e+00
9.874713182449340820e+00
9.879050493240356445e+00
9.883779525756835938e+00
9.887884616851806641e+00
9.892426729202270508e+00
9.896721839904785156e+00
9.900814533233642578e+00
9.904716968536376953e+00
9.909719228744506836e+00
9.914927959442138672e+00
9.919170141220092773e+00
9.923317670822143555e+00
9.927244424819946289e+00
9.933701038360595703e+00
9.937425374984741211e+00
9.940859079360961914e+00
9.944704771041870117e+00
9.949204206466674805e+00
9.953765153884887695e+00
9.958754539489746094e+00
9.963035583496093750e+00
9.966963529586791992e+00
9.970752000808715820e+00
9.974239587783813477e+00
9.978298902511596680e+00
9.982153892517089844e+00
9.985849142074584961e+00
9.989426136016845703e+00
9.993179559707641602e+00
9.998415946960449219e+00
1.000225543975830078e+01
1.000539994239807129e+01
1.000875043869018555e+01
1.001276612281799316e+01
1.001677227020263672e+01
1.002098536491394043e+01
1.002458214759826660e+01
1.002736234664916992e+01
1.003266263008117676e+01
1.003766679763793945e+01
1.004142403602600098e+01
1.004533147811889648e+01
1.004973578453063965e+01
1.005405402183532715e+01
1.005872392654418945e+01
1.006299376487731934e+01
1.006716823577880859e+01
1.007074594497680664e+01
1.007488059997558594e+01
1.007887673377990723e+01
1.008300495147705078e+01
1.008666276931762695e+01
1.009045505523681641e+01
1.009435439109802246e+01
1.009858131408691406e+01
1.010274362564086914e+01
1.010681533813476562e+01
1.011090326309204102e+01
1.011563801765441895e+01
1.012080502510070801e+01
1.012506246566772461e+01
1.013072466850280762e+01
1.013477516174316406e+01
1.013865756988525391e+01
1.014290285110473633e+01
1.014680504798889160e+01
1.015119695663452148e+01
1.015514969825744629e+01
1.015972542762756348e+01
1.016418099403381348e+01
1.016816139221191406e+01
1.017261862754821777e+01
1.017672586441040039e+01
1.018189239501953125e+01
1.018673563003540039e+01
1.019071388244628906e+01
1.019401550292968750e+01
1.019959640502929688e+01
1.020397090911865234e+01
1.020808506011962891e+01
1.021274113655090332e+01
1.021709346771240234e+01
1.022173523902893066e+01
1.022602748870849609e+01
1.023086524009704590e+01
1.023492407798767090e+01
1.023878407478332520e+01
1.024274253845214844e+01
1.024631166458129883e+01
1.024978423118591309e+01
1.025375628471374512e+01
1.025760364532470703e+01
1.026133704185485840e+01
1.026551938056945801e+01
1.026947832107543945e+01
1.027370071411132812e+01
1.027779841423034668e+01
1.028201746940612793e+01
1.028671407699584961e+01
1.029023313522338867e+01
1.029358077049255371e+01
1.029786849021911621e+01
1.030247044563293457e+01
1.030643844604492188e+01
1.031062364578247070e+01
1.031466984748840332e+01
1.031859827041625977e+01
1.032286739349365234e+01
1.032657194137573242e+01
1.033064413070678711e+01
1.033387660980224609e+01
1.033722257614135742e+01
1.034071946144104004e+01
1.034415268898010254e+01
1.034840250015258789e+01
1.035241651535034180e+01
1.035611653327941895e+01
1.035977029800415039e+01
1.036480998992919922e+01
1.036974620819091797e+01
1.037436246871948242e+01
1.037863755226135254e+01
1.038242936134338379e+01
1.038642978668212891e+01
1.039048194885253906e+01
1.039417576789855957e+01
1.039873194694519043e+01
1.040224432945251465e+01
1.040596818923950195e+01
1.040972423553466797e+01
1.041375279426574707e+01
1.041743993759155273e+01
1.042116427421569824e+01
1.042495036125183105e+01
1.042843437194824219e+01
1.043361830711364746e+01
1.043749880790710449e+01
1.044141769409179688e+01
1.044525432586669922e+01
1.044912171363830566e+01
1.045392370223999023e+01
1.045811676979064941e+01
1.046233963966369629e+01
1.046649837493896484e+01
1.047163558006286621e+01
1.047515583038330078e+01
1.047907710075378418e+01
1.048375892639160156e+01
1.048865556716918945e+01
1.049197626113891602e+01
1.049522662162780762e+01
1.050074529647827148e+01
1.050480675697326660e+01
1.050843119621276855e+01
1.051185059547424316e+01
1.051563072204589844e+01
1.051938390731811523e+01
1.052291202545166016e+01
1.052689814567565918e+01
1.053173112869262695e+01
1.053630542755126953e+01
1.054039597511291504e+01
1.054470276832580566e+01
1.054844427108764648e+01
1.055276536941528320e+01
1.055776166915893555e+01
1.056274461746215820e+01
1.056713175773620605e+01
1.057021760940551758e+01
1.057359743118286133e+01
1.057695388793945312e+01
1.058111715316772461e+01
1.058506226539611816e+01
1.058974528312683105e+01
1.059372830390930176e+01
1.059944748878479004e+01
1.060360407829284668e+01
1.060723900794982910e+01
1.061176419258117676e+01
1.061560106277465820e+01
1.061942791938781738e+01
1.062326097488403320e+01
1.062652564048767090e+01
1.063146233558654785e+01
1.063511228561401367e+01
1.063945341110229492e+01
1.064334535598754883e+01
1.064778232574462891e+01
1.065273594856262207e+01
1.065723109245300293e+01
1.066119313240051270e+01
1.066763281822204590e+01
1.067178893089294434e+01
1.067619776725769043e+01
1.068011522293090820e+01
1.068358874320983887e+01
1.068792414665222168e+01
1.069195747375488281e+01
1.069643163681030273e+01
1.070175242424011230e+01
1.070639729499816895e+01
1.071060681343078613e+01
1.071442413330078125e+01
1.071830058097839355e+01
1.072246217727661133e+01
1.072643518447875977e+01
1.073122358322143555e+01
1.073497986793518066e+01
1.073860311508178711e+01
1.074246191978454590e+01
1.074673461914062500e+01
1.075115418434143066e+01
1.075589227676391602e+01
1.076088452339172363e+01
1.076577067375183105e+01
1.076985883712768555e+01
1.077378296852111816e+01
1.077692413330078125e+01
1.078144764900207520e+01
1.078517532348632812e+01
1.078876757621765137e+01
1.079241037368774414e+01
1.079597830772399902e+01
1.080031132698059082e+01
1.080452823638916016e+01
1.080873060226440430e+01
1.081363654136657715e+01
1.081743073463439941e+01
1.082112979888916016e+01
1.082486486434936523e+01
1.082956480979919434e+01
1.083384132385253906e+01
1.083772492408752441e+01
1.084161567687988281e+01
1.084563207626342773e+01
1.084920597076416016e+01
1.085307502746582031e+01
1.085678100585937500e+01
1.086118149757385254e+01
1.086537504196166992e+01
1.086917901039123535e+01
1.087308716773986816e+01
1.087703251838684082e+01
1.088134002685546875e+01
1.088529253005981445e+01
1.088976931571960449e+01
1.089470744132995605e+01
1.089952254295349121e+01
1.090372967720031738e+01
1.090799808502197266e+01
1.091248416900634766e+01
1.091671061515808105e+01
1.092112851142883301e+01
1.092540144920349121e+01
1.092987799644470215e+01
1.093399333953857422e+01
1.093743872642517090e+01
1.094165658950805664e+01
1.094564604759216309e+01
1.094898390769958496e+01
1.095210695266723633e+01
1.095518898963928223e+01
1.095829510688781738e+01
1.096188235282897949e+01
1.096747112274169922e+01
1.097167372703552246e+01
1.097673392295837402e+01
1.098181319236755371e+01
1.098670768737792969e+01
1.099076247215270996e+01
1.099456334114074707e+01
1.099865174293518066e+01
1.100253391265869141e+01
1.100649452209472656e+01
1.101043319702148438e+01
1.101429653167724609e+01
1.101822185516357422e+01
1.102215075492858887e+01
1.102576684951782227e+01
1.103064775466918945e+01
1.103471446037292480e+01
1.103924870491027832e+01
1.104311394691467285e+01
1.104716801643371582e+01
1.105159902572631836e+01
1.105571413040161133e+01
1.105942249298095703e+01
1.106397438049316406e+01
1.106816482543945312e+01
1.107202768325805664e+01
1.107646727561950684e+01
1.107989525794982910e+01
1.108459758758544922e+01
1.108871078491210938e+01
1.109223675727844238e+01
1.109607005119323730e+01
1.110021924972534180e+01
1.110379433631896973e+01
1.110784554481506348e+01
1.111180710792541504e+01
1.111590385437011719e+01
1.111964035034179688e+01
1.112360858917236328e+01
1.112772655487060547e+01
1.113361835479736328e+01
1.113732481002807617e+01
1.114185309410095215e+01
1.114514279365539551e+01
1.114870047569274902e+01
1.115282654762268066e+01
1.115702676773071289e+01
1.116170430183410645e+01
1.116944742202758789e+01
1.117349576950073242e+01
1.117656779289245605e+01
1.118025755882263184e+01
1.118374848365783691e+01
1.118871045112609863e+01
1.119305062294006348e+01
1.119757413864135742e+01
1.120177316665649414e+01
1.120553064346313477e+01
1.120977234840393066e+01
1.121447753906250000e+01
1.121847534179687500e+01
1.122221398353576660e+01
1.122601294517517090e+01
1.123289227485656738e+01
1.123677778244018555e+01
1.124065637588500977e+01
1.124430656433105469e+01
1.124768352508544922e+01
1.125160503387451172e+01
1.125557208061218262e+01
1.125965332984924316e+01
1.126356744766235352e+01
1.126719665527343750e+01
1.127082371711730957e+01
1.127458763122558594e+01
1.127801156044006348e+01
1.128233718872070312e+01
1.128648328781127930e+01
1.129069447517395020e+01
1.129442095756530762e+01
1.129897046089172363e+01
1.130368924140930176e+01
1.130841517448425293e+01
1.131286883354187012e+01
1.131613016128540039e+01
1.131973695755004883e+01
1.132471871376037598e+01
1.132970309257507324e+01
1.133476376533508301e+01
1.133902573585510254e+01
1.134371280670166016e+01
1.134803652763366699e+01
1.135225415229797363e+01
1.135648465156555176e+01
1.136067485809326172e+01
1.136543083190917969e+01
1.136967015266418457e+01
1.137374854087829590e+01
1.137790775299072266e+01
1.138270854949951172e+01
1.138777351379394531e+01
1.139271140098571777e+01
1.139790177345275879e+01
1.140281200408935547e+01
1.140687751770019531e+01
1.141065478324890137e+01
1.141467952728271484e+01
1.141865587234497070e+01
1.142277622222900391e+01
1.142663311958312988e+01
1.143068957328796387e+01
1.143514609336853027e+01
1.143966245651245117e+01
1.144348049163818359e+01
1.144768619537353516e+01
1.145169615745544434e+01
1.145563745498657227e+01
1.145942258834838867e+01
1.146330022811889648e+01
1.146712732315063477e+01
1.147066950798034668e+01
1.147499823570251465e+01
1.147929573059082031e+01
1.148305344581604004e+01
1.148621606826782227e+01
1.149010276794433594e+01
1.149396800994873047e+01
1.149830865859985352e+01
1.150270533561706543e+01
1.150708866119384766e+01
1.151225280761718750e+01
1.151671934127807617e+01
1.152174568176269531e+01
1.152605748176574707e+01
1.153068423271179199e+01
1.153566336631774902e+01
1.153983831405639648e+01
1.154446601867675781e+01
1.154867458343505859e+01
1.155291461944580078e+01
1.155742049217224121e+01
1.156128144264221191e+01
1.156468605995178223e+01
1.156822252273559570e+01
1.157241392135620117e+01
1.157647657394409180e+01
1.158039808273315430e+01
1.158425235748291016e+01
1.158872079849243164e+01
1.159330534934997559e+01
1.159712696075439453e+01
1.160171604156494141e+01
1.160668492317199707e+01
1.161169314384460449e+01
1.161575555801391602e+01
1.161998987197875977e+01
1.162448978424072266e+01
1.162784147262573242e+01
1.163171815872192383e+01
1.163519787788391113e+01
1.163970971107482910e+01
1.164362335205078125e+01
1.164857745170593262e+01
1.165267157554626465e+01
1.165673375129699707e+01
1.166165351867675781e+01
1.166579008102416992e+01
1.167005014419555664e+01
1.167449569702148438e+01
1.167896246910095215e+01
1.168320393562316895e+01
1.168671441078186035e+01
1.169090032577514648e+01
1.169460988044738770e+01
1.169854187965393066e+01
1.170240950584411621e+01
1.170581221580505371e+01
1.170941448211669922e+01
1.171372938156127930e+01
1.171775674819946289e+01
1.172144937515258789e+01
1.172472906112670898e+01
1.172788715362548828e+01
1.173173618316650391e+01
1.173541164398193359e+01
1.173964691162109375e+01
1.174360918998718262e+01
1.174762105941772461e+01
1.175174164772033691e+01
1.175615739822387695e+01
1.175976085662841797e+01
1.176414203643798828e+01
1.177016186714172363e+01
1.177423977851867676e+01
1.177871775627136230e+01
1.178295445442199707e+01
1.178771543502807617e+01
1.179242014884948730e+01
1.179589366912841797e+01
1.180270671844482422e+01
1.180653047561645508e+01
1.181009340286254883e+01
1.181358766555786133e+01
1.181707882881164551e+01
1.182075786590576172e+01
1.182490181922912598e+01
1.182828903198242188e+01
1.183239698410034180e+01
1.183670902252197266e+01
1.184104347229003906e+01
1.184498476982116699e+01
1.184974980354309082e+01
1.185462307929992676e+01
1.185898733139038086e+01
1.186372709274291992e+01
1.186853003501892090e+01
1.187272286415100098e+01
1.187708115577697754e+01
1.188145184516906738e+01
1.188564991950988770e+01
1.188989543914794922e+01
1.189363741874694824e+01
1.189808106422424316e+01
1.190184807777404785e+01
1.190647935867309570e+01
1.191069102287292480e+01
1.191496229171752930e+01
1.191963219642639160e+01
1.192366743087768555e+01
1.192741608619689941e+01
1.193169999122619629e+01
1.193530082702636719e+01
1.193920445442199707e+01
1.194343900680541992e+01
1.194767951965332031e+01
1.195272374153137207e+01
1.195778417587280273e+01
1.196272563934326172e+01
1.196681523323059082e+01
1.197069525718688965e+01
1.197419881820678711e+01
1.197770619392395020e+01
1.198125219345092773e+01
1.198515844345092773e+01
1.198958230018615723e+01
1.199304866790771484e+01
1.199641227722167969e+01
1.200028204917907715e+01
1.200401258468627930e+01
1.200768136978149414e+01
1.201173758506774902e+01
1.201605677604675293e+01
1.202043962478637695e+01
1.202469372749328613e+01
1.202970886230468750e+01
1.203421759605407715e+01
1.203877687454223633e+01
1.204373073577880859e+01
1.204865765571594238e+01
1.205190110206604004e+01
1.205526256561279297e+01
1.205931568145751953e+01
1.206352543830871582e+01
1.206745076179504395e+01
1.207121896743774414e+01
1.207571625709533691e+01
1.208072161674499512e+01
1.208441758155822754e+01
1.208766794204711914e+01
1.209125900268554688e+01
1.209508657455444336e+01
1.209969401359558105e+01
1.210335111618041992e+01
1.210769581794738770e+01
1.211186552047729492e+01
1.211609292030334473e+01
1.212059187889099121e+01
1.212601137161254883e+01
1.213085246086120605e+01
1.213625240325927734e+01
1.214007425308227539e+01
1.214466810226440430e+01
1.214871191978454590e+01
1.215176749229431152e+01
1.215489411354064941e+01
1.215885853767395020e+01
1.216271543502807617e+01
1.216710042953491211e+01
1.217072391510009766e+01
1.217420864105224609e+01
1.217761349678039551e+01
1.218240427970886230e+01
1.218629813194274902e+01
1.219074821472167969e+01
1.219507098197937012e+01
1.219940042495727539e+01
1.220350599288940430e+01
1.220750689506530762e+01
1.221054816246032715e+01
1.221467471122741699e+01
1.221892595291137695e+01
1.222368001937866211e+01
1.222766089439392090e+01
1.223158192634582520e+01
1.223471546173095703e+01
1.223832941055297852e+01
1.224274468421936035e+01
1.224665141105651855e+01
1.225057196617126465e+01
1.225405931472778320e+01
1.225723147392272949e+01
1.226170063018798828e+01
1.226568794250488281e+01
1.226982545852661133e+01
1.227339911460876465e+01
1.227683234214782715e+01
1.228067827224731445e+01
1.228419256210327148e+01
1.228785395622253418e+01
1.229120945930480957e+01
1.229470920562744141e+01
1.229881668090820312e+01
1.230226731300354004e+01
1.230578422546386719e+01
1.230948090553283691e+01
1.231375288963317871e+01
1.231871795654296875e+01
1.232324433326721191e+01
1.232732176780700684e+01
1.233082723617553711e+01
1.233530545234680176e+01
1.233970880508422852e+01
1.234421992301940918e+01
1.234874391555786133e+01
1.235375356674194336e+01
1.235871100425720215e+01
1.236369466781616211e+01
1.237071776390075684e+01
1.237461304664611816e+01
1.237891149520874023e+01
1.238327264785766602e+01
1.238701725006103516e+01
1.239164638519287109e+01
1.239552664756774902e+01
1.239948534965515137e+01
1.240284562110900879e+01
1.240658783912658691e+01
1.240991187095642090e+01
1.241361856460571289e+01
1.241751265525817871e+01
1.242113685607910156e+01
1.242473936080932617e+01
1.242861819267272949e+01
1.243207550048828125e+01
1.243580842018127441e+01
1.244037246704101562e+01
1.244464015960693359e+01
1.244879031181335449e+01
1.245369172096252441e+01
1.245758700370788574e+01
1.246123075485229492e+01
1.246558117866516113e+01
1.246911978721618652e+01
1.247270488739013672e+01
1.247666001319885254e+01
1.248135852813720703e+01
1.248464608192443848e+01
1.248838114738464355e+01
1.249235081672668457e+01
1.249619841575622559e+01
1.250067305564880371e+01
1.250426387786865234e+01
1.250797128677368164e+01
1.251130270957946777e+01
1.251518845558166504e+01
1.251902937889099121e+01
1.252270793914794922e+01
1.252658009529113770e+01
1.253064560890197754e+01
1.253427338600158691e+01
1.253836178779602051e+01
1.254267883300781250e+01
1.254768800735473633e+01
1.255215907096862793e+01
1.255592894554138184e+01
1.255993628501892090e+01
1.256356525421142578e+01
1.256728982925415039e+01
1.257170462608337402e+01
1.257671475410461426e+01
1.258168101310729980e+01
1.258560943603515625e+01
1.258988428115844727e+01
1.259467363357543945e+01
1.260027503967285156e+01
1.260471010208129883e+01
1.260965967178344727e+01
1.261357331275939941e+01
1.261784315109252930e+01
1.262265324592590332e+01
1.262790203094482422e+01
1.263232517242431641e+01
1.263778758049011230e+01
1.264241647720336914e+01
1.264584755897521973e+01
1.265004897117614746e+01
1.265470123291015625e+01
1.265875387191772461e+01
1.266385531425476074e+01
1.266779685020446777e+01
1.267247533798217773e+01
1.267628812789916992e+01
1.268082499504089355e+01
1.268571710586547852e+01
1.269085526466369629e+01
1.269469165802001953e+01
1.270117926597595215e+01
1.270525741577148438e+01
1.270916199684143066e+01
1.271258282661437988e+01
1.271720457077026367e+01
1.272151708602905273e+01
1.272513651847839355e+01
1.272904109954833984e+01
1.273337674140930176e+01
1.273767328262329102e+01
1.274290585517883301e+01
1.274730443954467773e+01
