6.250000596046447754e-01
1.093750089406967163e+00
1.729166805744171143e+00
2.375000223517417908e+00
2.975000274181366144e+00
3.562500307957331191e+00
4.116071760654449463e+00
4.671875409781932831e+00
5.180556025769975648e+00
5.625000518560409724e+00
5.988636921752583220e+00
6.312500591079394319e+00
6.576923695894388189e+00
6.808036357164382935e+00
7.008333996931711773e+00
7.187500681728124619e+00
7.345588933019077338e+00
7.486111823055479064e+00
7.611842829930155041e+00
7.725000736117363154e+00
7.818453127429599192e+00
7.909091664986177328e+00
7.986413807972617462e+00
8.059896605710187956e+00
8.132500779628752952e+00
8.197116170938198110e+00
8.261574866595092104e+00
8.319197226847920845e+00
8.377155976048831221e+00
8.427084141969681141e+00
8.473791135895636373e+00
8.513672692701220512e+00
8.556819003639798638e+00
8.591912590405520689e+00
8.628572257927485722e+00
8.661459166142675414e+00
8.694257592832720150e+00
8.723685049696973337e+00
8.751603406209211400e+00
8.778125844895839691e+00
8.803354506085558029e+00
8.828869897694815450e+00
8.851745038531547038e+00
8.875000854784792281e+00
8.895834190315669687e+00
8.915761728649554740e+00
8.936171073862846370e+00
8.955730029692253069e+00
8.974490660793927432e+00
8.993750866651534892e+00
9.011030280122570346e+00
9.027645100767795583e+00
9.042453701766032026e+00
9.057871243468037292e+00
9.071591783653605745e+00
9.087054447403975388e+00
9.099781579092928396e+00
9.114225016585711714e+00
9.126060201960095597e+00
9.139584214488666092e+00
9.152664816770396783e+00
9.165323464139815357e+00
9.174604059211791451e+00
9.187500885687768459e+00
9.198077809810637717e+00
9.209281190778270343e+00
9.219217306642390142e+00
9.228861183804625057e+00
9.237319731194039818e+00
9.247322320086615477e+00
9.255282582531512148e+00
9.264757837686273589e+00
9.272261168042273738e+00
9.282940084064328801e+00
9.290834228992462585e+00
9.300165370106697083e+00
9.308442455607575994e+00
9.316507308146892541e+00
9.323576847963694902e+00
9.332032149285078404e+00
9.447657160460948944e+00
9.553125920891762490e+00
9.639063429832457786e+00
9.710157185792922974e+00
9.766407191753387451e+00
9.810157197713852639e+00
9.839844703674316406e+00
9.857813453674316051e+00
9.865625953674316051e+00
9.870313453674317117e+00
9.874219703674317117e+00
9.875000953674316406e+00
9.878125953674317117e+00
9.879688453674315696e+00
9.881250953674316051e+00
9.883594703674315696e+00
9.883594703674315696e+00
9.882813453674316406e+00
9.884375953674316762e+00
9.885157203674316051e+00
9.887500953674315696e+00
9.889063453674316051e+00
9.892188453674316762e+00
9.893750953674317117e+00
9.893750953674317117e+00
9.895313453674315696e+00
9.894532203674316406e+00
9.894532203674316406e+00
9.893750953674317117e+00
9.893750953674317117e+00
9.892969703674316051e+00
9.895313453674315696e+00
9.896094703674316762e+00
9.897657203674317117e+00
9.898438453674316406e+00
9.900782203674316051e+00
9.901563453674317117e+00
9.903125953674315696e+00
9.905469703674317117e+00
9.907032203674315696e+00
9.908594703674316051e+00
9.910157203674316406e+00
9.911719703674316762e+00
9.911719703674316762e+00
9.914063453674316406e+00
9.917188453674317117e+00
9.917969703674316406e+00
9.918750953674315696e+00
9.921094703674317117e+00
9.919532203674316762e+00
9.919532203674316762e+00
9.919532203674316762e+00
9.921094703674317117e+00
9.921094703674317117e+00
9.921875953674316406e+00
9.923438453674316762e+00
9.925000953674317117e+00
9.924219703674316051e+00
9.925782203674316406e+00
9.926563453674315696e+00
9.927344703674316762e+00
9.927344703674316762e+00
9.931250953674316762e+00
9.931250953674316762e+00
9.932032203674316051e+00
9.932032203674316051e+00
9.934375953674315696e+00
9.935157203674316762e+00
9.936719703674317117e+00
9.938282203674315696e+00
9.939844703674316051e+00
9.939063453674316762e+00
9.941407203674316406e+00
9.940625953674317117e+00
9.941407203674316406e+00
9.941407203674316406e+00
9.942188453674315696e+00
9.941407203674316406e+00
9.941407203674316406e+00
9.940625953674317117e+00
9.941407203674316406e+00
9.940625953674317117e+00
9.942188453674315696e+00
9.940625953674317117e+00
9.940625953674317117e+00
9.940625953674317117e+00
9.942969703674316762e+00
9.941407203674316406e+00
9.942188453674315696e+00
9.942969703674316762e+00
9.942188453674315696e+00
9.942969703674316762e+00
9.943750953674316051e+00
9.944532203674317117e+00
9.945313453674316406e+00
9.944532203674317117e+00
9.945313453674316406e+00
9.946875953674316762e+00
9.946875953674316762e+00
9.946875953674316762e+00
9.947657203674316051e+00
9.950000953674315696e+00
9.950782203674316762e+00
9.950782203674316762e+00
9.950782203674316762e+00
9.951563453674316051e+00
9.951563453674316051e+00
9.950782203674316762e+00
9.951563453674316051e+00
9.953125953674316406e+00
9.953125953674316406e+00
9.953907203674315696e+00
9.953907203674315696e+00
9.954688453674316762e+00
9.954688453674316762e+00
9.954688453674316762e+00
9.955469703674316051e+00
9.956250953674317117e+00
9.956250953674317117e+00
9.957032203674316406e+00
9.956250953674317117e+00
9.956250953674317117e+00
9.957032203674316406e+00
9.958594703674316762e+00
9.957813453674315696e+00
9.957813453674315696e+00
9.958594703674316762e+00
9.958594703674316762e+00
9.958594703674316762e+00
9.960157203674317117e+00
9.960938453674316406e+00
9.963282203674316051e+00
9.963282203674316051e+00
9.963282203674316051e+00
9.963282203674316051e+00
9.962500953674316762e+00
9.961719703674315696e+00
9.961719703674315696e+00
9.962500953674316762e+00
9.961719703674315696e+00
9.961719703674315696e+00
9.962500953674316762e+00
9.960938453674316406e+00
9.960157203674317117e+00
9.961719703674315696e+00
9.962500953674316762e+00
9.960938453674316406e+00
9.961719703674315696e+00
9.961719703674315696e+00
9.960157203674317117e+00
9.961719703674315696e+00
9.963282203674316051e+00
9.963282203674316051e+00
9.964063453674317117e+00
9.964063453674317117e+00
9.963282203674316051e+00
9.963282203674316051e+00
9.965625953674315696e+00
9.965625953674315696e+00
9.965625953674315696e+00
9.966407203674316762e+00
9.965625953674315696e+00
9.963282203674316051e+00
9.965625953674315696e+00
9.967969703674317117e+00
9.967188453674316051e+00
9.966407203674316762e+00
9.968750953674316406e+00
9.968750953674316406e+00
9.966407203674316762e+00
9.968750953674316406e+00
9.968750953674316406e+00
9.967188453674316051e+00
9.966407203674316762e+00
9.966407203674316762e+00
9.966407203674316762e+00
9.966407203674316762e+00
9.967969703674317117e+00
9.967969703674317117e+00
9.968750953674316406e+00
9.969532203674315696e+00
9.967969703674317117e+00
9.967188453674316051e+00
9.967969703674317117e+00
9.970313453674316762e+00
9.970313453674316762e+00
9.970313453674316762e+00
9.971094703674316051e+00
9.971094703674316051e+00
9.970313453674316762e+00
9.971094703674316051e+00
9.971875953674317117e+00
9.971875953674317117e+00
9.972657203674316406e+00
9.972657203674316406e+00
9.973438453674315696e+00
9.972657203674316406e+00
9.971875953674317117e+00
9.972657203674316406e+00
9.973438453674315696e+00
9.975000953674316051e+00
9.974219703674316762e+00
9.975000953674316051e+00
9.975000953674316051e+00
9.975000953674316051e+00
9.974219703674316762e+00
9.975000953674316051e+00
9.975000953674316051e+00
9.974219703674316762e+00
9.975782203674317117e+00
9.976563453674316406e+00
9.974219703674316762e+00
9.973438453674315696e+00
9.975000953674316051e+00
9.975782203674317117e+00
9.975782203674317117e+00
9.977344703674315696e+00
9.976563453674316406e+00
9.976563453674316406e+00
9.977344703674315696e+00
9.976563453674316406e+00
9.977344703674315696e+00
9.978907203674316051e+00
9.979688453674317117e+00
9.978125953674316762e+00
9.979688453674317117e+00
9.980469703674316406e+00
9.979688453674317117e+00
9.981250953674315696e+00
9.982032203674316762e+00
9.980469703674316406e+00
9.980469703674316406e+00
9.981250953674315696e+00
9.980469703674316406e+00
9.981250953674315696e+00
9.982813453674316051e+00
9.982032203674316762e+00
9.981250953674315696e+00
9.983594703674317117e+00
9.983594703674317117e+00
9.981250953674315696e+00
9.982813453674316051e+00
9.985157203674315696e+00
9.982813453674316051e+00
9.981250953674315696e+00
9.982813453674316051e+00
9.982813453674316051e+00
9.980469703674316406e+00
9.982032203674316762e+00
9.983594703674317117e+00
9.982032203674316762e+00
9.983594703674317117e+00
9.983594703674317117e+00
9.984375953674316406e+00
9.985157203674315696e+00
9.985938453674316762e+00
9.985938453674316762e+00
9.985938453674316762e+00
9.985938453674316762e+00
9.985157203674315696e+00
9.985157203674315696e+00
9.985157203674315696e+00
9.985157203674315696e+00
9.985157203674315696e+00
9.985157203674315696e+00
9.984375953674316406e+00
9.983594703674317117e+00
9.985157203674315696e+00
9.984375953674316406e+00
9.984375953674316406e+00
9.985157203674315696e+00
9.985157203674315696e+00
9.985157203674315696e+00
9.984375953674316406e+00
9.985157203674315696e+00
9.984375953674316406e+00
9.984375953674316406e+00
9.985157203674315696e+00
9.985157203674315696e+00
9.984375953674316406e+00
9.983594703674317117e+00
9.985157203674315696e+00
9.984375953674316406e+00
9.985157203674315696e+00
9.985157203674315696e+00
9.985157203674315696e+00
9.985157203674315696e+00
9.985157203674315696e+00
9.983594703674317117e+00
9.983594703674317117e+00
9.982813453674316051e+00
9.982813453674316051e+00
9.984375953674316406e+00
9.984375953674316406e+00
9.983594703674317117e+00
9.983594703674317117e+00
9.984375953674316406e+00
9.985938453674316762e+00
9.985938453674316762e+00
9.986719703674316051e+00
9.987500953674317117e+00
9.986719703674316051e+00
9.986719703674316051e+00
9.987500953674317117e+00
9.987500953674317117e+00
9.985938453674316762e+00
9.986719703674316051e+00
9.986719703674316051e+00
9.985157203674315696e+00
9.986719703674316051e+00
9.988282203674316406e+00
9.987500953674317117e+00
9.986719703674316051e+00
9.986719703674316051e+00
9.985157203674315696e+00
9.984375953674316406e+00
9.985157203674315696e+00
9.983594703674317117e+00
9.981250953674315696e+00
9.982032203674316762e+00
9.984375953674316406e+00
9.982032203674316762e+00
9.982813453674316051e+00
9.984375953674316406e+00
9.983594703674317117e+00
9.982813453674316051e+00
9.984375953674316406e+00
9.985157203674315696e+00
9.984375953674316406e+00
9.985938453674316762e+00
9.986719703674316051e+00
9.985157203674315696e+00
9.986719703674316051e+00
9.986719703674316051e+00
9.985938453674316762e+00
9.986719703674316051e+00
9.987500953674317117e+00
9.987500953674317117e+00
9.988282203674316406e+00
9.988282203674316406e+00
9.988282203674316406e+00
9.988282203674316406e+00
9.988282203674316406e+00
9.988282203674316406e+00
9.987500953674317117e+00
9.988282203674316406e+00
9.989844703674316762e+00
9.989844703674316762e+00
9.990625953674316051e+00
9.990625953674316051e+00
9.990625953674316051e+00
9.990625953674316051e+00
9.991407203674317117e+00
9.991407203674317117e+00
9.991407203674317117e+00
9.992188453674316406e+00
9.992969703674315696e+00
9.992969703674315696e+00
9.993750953674316762e+00
9.992969703674315696e+00
9.993750953674316762e+00
9.992969703674315696e+00
9.993750953674316762e+00
9.992188453674316406e+00
9.992969703674315696e+00
9.993750953674316762e+00
9.992188453674316406e+00
9.992188453674316406e+00
9.993750953674316762e+00
9.992188453674316406e+00
9.992188453674316406e+00
9.994532203674316051e+00
9.994532203674316051e+00
9.992969703674315696e+00
9.995313453674317117e+00
9.996094703674316406e+00
9.995313453674317117e+00
9.995313453674317117e+00
9.996094703674316406e+00
9.995313453674317117e+00
9.995313453674317117e+00
9.996094703674316406e+00
9.995313453674317117e+00
9.993750953674316762e+00
9.994532203674316051e+00
9.994532203674316051e+00
9.993750953674316762e+00
9.992969703674315696e+00
9.994532203674316051e+00
9.992969703674315696e+00
9.992188453674316406e+00
9.992969703674315696e+00
9.992969703674315696e+00
9.992188453674316406e+00
9.993750953674316762e+00
9.993750953674316762e+00
9.992188453674316406e+00
9.992969703674315696e+00
9.996094703674316406e+00
9.996094703674316406e+00
9.994532203674316051e+00
9.997657203674316762e+00
9.997657203674316762e+00
9.996875953674315696e+00
9.998438453674316051e+00
9.999219703674317117e+00
9.998438453674316051e+00
9.999219703674317117e+00
1.000000095367431641e+01
9.998438453674316051e+00
9.997657203674316762e+00
9.998438453674316051e+00
9.997657203674316762e+00
9.996094703674316406e+00
9.996875953674315696e+00
9.996094703674316406e+00
9.996094703674316406e+00
9.995313453674317117e+00
9.995313453674317117e+00
9.996875953674315696e+00
9.995313453674317117e+00
9.996094703674316406e+00
9.996094703674316406e+00
9.996094703674316406e+00
9.995313453674317117e+00
9.995313453674317117e+00
9.995313453674317117e+00
9.994532203674316051e+00
9.995313453674317117e+00
9.995313453674317117e+00
9.995313453674317117e+00
9.995313453674317117e+00
9.995313453674317117e+00
9.995313453674317117e+00
9.995313453674317117e+00
9.996094703674316406e+00
9.995313453674317117e+00
9.994532203674316051e+00
9.992969703674315696e+00
9.994532203674316051e+00
9.994532203674316051e+00
9.993750953674316762e+00
9.994532203674316051e+00
9.995313453674317117e+00
9.994532203674316051e+00
9.994532203674316051e+00
9.996094703674316406e+00
9.996875953674315696e+00
9.996094703674316406e+00
9.996875953674315696e+00
9.996875953674315696e+00
9.996094703674316406e+00
9.996094703674316406e+00
9.996875953674315696e+00
9.995313453674317117e+00
9.995313453674317117e+00
9.994532203674316051e+00
9.994532203674316051e+00
9.995313453674317117e+00
9.996094703674316406e+00
9.995313453674317117e+00
9.993750953674316762e+00
9.994532203674316051e+00
9.994532203674316051e+00
9.994532203674316051e+00
9.996094703674316406e+00
9.996094703674316406e+00
9.996875953674315696e+00
9.997657203674316762e+00
9.997657203674316762e+00
9.996094703674316406e+00
9.996875953674315696e+00
9.997657203674316762e+00
9.997657203674316762e+00
9.998438453674316051e+00
9.999219703674317117e+00
1.000000095367431641e+01
9.999219703674317117e+00
9.998438453674316051e+00
9.997657203674316762e+00
9.998438453674316051e+00
9.997657203674316762e+00
9.996875953674315696e+00
9.996094703674316406e+00
9.997657203674316762e+00
9.996875953674315696e+00
9.996875953674315696e+00
9.998438453674316051e+00
9.997657203674316762e+00
9.996875953674315696e+00
1.000000095367431641e+01
9.999219703674317117e+00
9.999219703674317117e+00
1.000156345367431676e+01
1.000234470367431605e+01
1.000156345367431676e+01
1.000156345367431676e+01
1.000234470367431605e+01
1.000156345367431676e+01
1.000000095367431641e+01
1.000078220367431570e+01
1.000078220367431570e+01
1.000078220367431570e+01
1.000000095367431641e+01
1.000000095367431641e+01
9.999219703674317117e+00
9.999219703674317117e+00
9.998438453674316051e+00
9.998438453674316051e+00
1.000078220367431570e+01
1.000156345367431676e+01
1.000078220367431570e+01
1.000078220367431570e+01
1.000156345367431676e+01
1.000156345367431676e+01
1.000078220367431570e+01
1.000156345367431676e+01
1.000234470367431605e+01
1.000390720367431641e+01
1.000312595367431712e+01
1.000234470367431605e+01
1.000390720367431641e+01
1.000156345367431676e+01
1.000234470367431605e+01
1.000312595367431712e+01
1.000312595367431712e+01
1.000078220367431570e+01
1.000078220367431570e+01
1.000234470367431605e+01
1.000078220367431570e+01
1.000078220367431570e+01
1.000156345367431676e+01
1.000000095367431641e+01
1.000000095367431641e+01
1.000156345367431676e+01
1.000078220367431570e+01
1.000078220367431570e+01
1.000234470367431605e+01
1.000078220367431570e+01
9.998438453674316051e+00
1.000000095367431641e+01
1.000156345367431676e+01
1.000078220367431570e+01
1.000156345367431676e+01
1.000156345367431676e+01
9.998438453674316051e+00
9.999219703674317117e+00
1.000078220367431570e+01
9.999219703674317117e+00
9.999219703674317117e+00
1.000156345367431676e+01
1.000078220367431570e+01
1.000000095367431641e+01
1.000078220367431570e+01
9.998438453674316051e+00
9.997657203674316762e+00
9.998438453674316051e+00
9.999219703674317117e+00
9.997657203674316762e+00
9.999219703674317117e+00
9.999219703674317117e+00
9.999219703674317117e+00
1.000078220367431570e+01
1.000156345367431676e+01
9.999219703674317117e+00
1.000000095367431641e+01
9.999219703674317117e+00
9.997657203674316762e+00
9.997657203674316762e+00
9.998438453674316051e+00
9.995313453674317117e+00
9.995313453674317117e+00
9.996094703674316406e+00
9.995313453674317117e+00
9.993750953674316762e+00
9.994532203674316051e+00
9.994532203674316051e+00
9.993750953674316762e+00
9.993750953674316762e+00
9.992969703674315696e+00
9.992969703674315696e+00
9.992188453674316406e+00
9.992188453674316406e+00
9.992188453674316406e+00
9.992969703674315696e+00
9.994532203674316051e+00
9.995313453674317117e+00
9.996875953674315696e+00
9.997657203674316762e+00
9.996094703674316406e+00
9.995313453674317117e+00
9.996094703674316406e+00
9.995313453674317117e+00
9.994532203674316051e+00
9.993750953674316762e+00
9.993750953674316762e+00
9.994532203674316051e+00
9.994532203674316051e+00
9.992969703674315696e+00
9.993750953674316762e+00
9.995313453674317117e+00
9.995313453674317117e+00
9.997657203674316762e+00
9.996094703674316406e+00
9.996094703674316406e+00
9.996094703674316406e+00
9.996094703674316406e+00
9.995313453674317117e+00
9.994532203674316051e+00
9.996094703674316406e+00
9.995313453674317117e+00
9.993750953674316762e+00
9.995313453674317117e+00
9.995313453674317117e+00
9.992969703674315696e+00
9.992188453674316406e+00
9.993750953674316762e+00
9.992969703674315696e+00
9.992969703674315696e+00
9.996094703674316406e+00
9.994532203674316051e+00
9.992188453674316406e+00
9.993750953674316762e+00
9.994532203674316051e+00
9.992969703674315696e+00
9.995313453674317117e+00
9.996094703674316406e+00
9.994532203674316051e+00
9.994532203674316051e+00
9.995313453674317117e+00
9.994532203674316051e+00
9.992969703674315696e+00
9.994532203674316051e+00
9.994532203674316051e+00
9.993750953674316762e+00
9.993750953674316762e+00
9.993750953674316762e+00
9.993750953674316762e+00
9.992969703674315696e+00
9.993750953674316762e+00
9.995313453674317117e+00
9.994532203674316051e+00
9.992969703674315696e+00
9.995313453674317117e+00
9.996094703674316406e+00
9.994532203674316051e+00
9.995313453674317117e+00
9.996094703674316406e+00
9.996094703674316406e+00
9.996094703674316406e+00
9.997657203674316762e+00
9.997657203674316762e+00
9.996094703674316406e+00
9.996094703674316406e+00
9.996875953674315696e+00
9.995313453674317117e+00
9.995313453674317117e+00
9.995313453674317117e+00
9.995313453674317117e+00
9.996094703674316406e+00
9.997657203674316762e+00
9.996875953674315696e+00
9.996094703674316406e+00
9.996875953674315696e+00
9.996875953674315696e+00
9.994532203674316051e+00
9.993750953674316762e+00
9.994532203674316051e+00
9.992188453674316406e+00
9.991407203674317117e+00
9.992969703674315696e+00
9.992188453674316406e+00
9.991407203674317117e+00
9.992188453674316406e+00
9.994532203674316051e+00
9.992969703674315696e+00
9.992188453674316406e+00
9.992969703674315696e+00
9.992188453674316406e+00
9.992969703674315696e+00
9.992188453674316406e+00
9.992188453674316406e+00
9.991407203674317117e+00
9.991407203674317117e+00
9.991407203674317117e+00
9.990625953674316051e+00
9.991407203674317117e+00
9.991407203674317117e+00
9.992188453674316406e+00
9.991407203674317117e+00
9.991407203674317117e+00
9.992188453674316406e+00
9.992969703674315696e+00
9.993750953674316762e+00
9.994532203674316051e+00
9.996094703674316406e+00
9.995313453674317117e+00
9.995313453674317117e+00
9.996875953674315696e+00
9.995313453674317117e+00
9.996094703674316406e+00
9.996875953674315696e+00
9.995313453674317117e+00
9.994532203674316051e+00
9.995313453674317117e+00
9.994532203674316051e+00
9.992188453674316406e+00
9.992969703674315696e+00
9.993750953674316762e+00
9.993750953674316762e+00
9.993750953674316762e+00
9.994532203674316051e+00
9.993750953674316762e+00
9.992969703674315696e+00
9.992969703674315696e+00
9.991407203674317117e+00
9.989844703674316762e+00
9.988282203674316406e+00
9.989063453674315696e+00
9.987500953674317117e+00
9.985938453674316762e+00
9.986719703674316051e+00
9.987500953674317117e+00
9.985157203674315696e+00
9.985157203674315696e+00
9.986719703674316051e+00
9.986719703674316051e+00
9.986719703674316051e+00
9.987500953674317117e+00
9.986719703674316051e+00
9.985157203674315696e+00
9.986719703674316051e+00
9.988282203674316406e+00
9.988282203674316406e+00
9.988282203674316406e+00
9.989844703674316762e+00
9.989844703674316762e+00
9.989063453674315696e+00
9.989844703674316762e+00
9.990625953674316051e+00
9.989063453674315696e+00
9.989844703674316762e+00
9.991407203674317117e+00
9.991407203674317117e+00
9.990625953674316051e+00
9.992188453674316406e+00
9.993750953674316762e+00
9.992188453674316406e+00
9.992969703674315696e+00
9.995313453674317117e+00
9.994532203674316051e+00
9.992969703674315696e+00
9.994532203674316051e+00
9.993750953674316762e+00
9.990625953674316051e+00
9.992188453674316406e+00
9.992188453674316406e+00
9.990625953674316051e+00
9.992188453674316406e+00
9.990625953674316051e+00
9.989844703674316762e+00
9.989844703674316762e+00
9.989844703674316762e+00
9.989844703674316762e+00
9.989844703674316762e+00
9.990625953674316051e+00
9.990625953674316051e+00
9.989844703674316762e+00
9.989063453674315696e+00
9.989844703674316762e+00
9.990625953674316051e+00
9.989844703674316762e+00
9.989063453674315696e+00
9.987500953674317117e+00
9.987500953674317117e+00
9.987500953674317117e+00
9.988282203674316406e+00
9.987500953674317117e+00
9.986719703674316051e+00
9.987500953674317117e+00
9.986719703674316051e+00
9.988282203674316406e+00
9.989063453674315696e+00
9.988282203674316406e+00
9.989844703674316762e+00
9.991407203674317117e+00
9.991407203674317117e+00
9.991407203674317117e+00
9.991407203674317117e+00
9.989844703674316762e+00
9.989063453674315696e+00
9.989844703674316762e+00
9.987500953674317117e+00
9.989063453674315696e+00
9.990625953674316051e+00
9.990625953674316051e+00
9.992969703674315696e+00
9.994532203674316051e+00
9.993750953674316762e+00
9.993750953674316762e+00
9.995313453674317117e+00
9.994532203674316051e+00
9.993750953674316762e+00
9.994532203674316051e+00
9.993750953674316762e+00
9.992188453674316406e+00
9.993750953674316762e+00
9.992188453674316406e+00
9.989844703674316762e+00
9.992188453674316406e+00
9.992969703674315696e+00
9.990625953674316051e+00
9.989844703674316762e+00
9.990625953674316051e+00
9.989844703674316762e+00
9.988282203674316406e+00
9.989063453674315696e+00
9.989063453674315696e+00
9.987500953674317117e+00
9.987500953674317117e+00
9.985938453674316762e+00
9.985157203674315696e+00
9.985157203674315696e+00
9.984375953674316406e+00
9.983594703674317117e+00
9.984375953674316406e+00
9.983594703674317117e+00
9.983594703674317117e+00
9.985157203674315696e+00
9.983594703674317117e+00
9.983594703674317117e+00
9.985157203674315696e+00
9.983594703674317117e+00
9.983594703674317117e+00
9.985938453674316762e+00
9.985157203674315696e+00
9.984375953674316406e+00
9.985157203674315696e+00
9.985157203674315696e+00
9.984375953674316406e+00
9.984375953674316406e+00
9.984375953674316406e+00
9.982032203674316762e+00
9.982032203674316762e+00
9.982032203674316762e+00
9.980469703674316406e+00
9.978907203674316051e+00
9.981250953674315696e+00
9.981250953674315696e+00
9.980469703674316406e+00
9.981250953674315696e+00
9.982032203674316762e+00
9.982032203674316762e+00
9.982813453674316051e+00
9.985157203674315696e+00
9.983594703674317117e+00
9.981250953674315696e+00
9.982032203674316762e+00
9.981250953674315696e+00
9.980469703674316406e+00
9.980469703674316406e+00
9.981250953674315696e+00
9.979688453674317117e+00
9.980469703674316406e+00
9.980469703674316406e+00
9.978125953674316762e+00
9.978125953674316762e+00
9.978907203674316051e+00
9.978125953674316762e+00
9.977344703674315696e+00
9.976563453674316406e+00
9.977344703674315696e+00
9.977344703674315696e+00
9.976563453674316406e+00
9.978125953674316762e+00
9.978907203674316051e+00
9.977344703674315696e+00
9.978125953674316762e+00
9.979688453674317117e+00
9.978907203674316051e+00
9.978907203674316051e+00
9.979688453674317117e+00
9.978125953674316762e+00
9.978907203674316051e+00
9.980469703674316406e+00
9.979688453674317117e+00
9.978125953674316762e+00
9.979688453674317117e+00
9.980469703674316406e+00
9.978907203674316051e+00
9.980469703674316406e+00
9.980469703674316406e+00
9.979688453674317117e+00
9.979688453674317117e+00
9.978907203674316051e+00
9.978125953674316762e+00
9.977344703674315696e+00
9.975782203674317117e+00
9.974219703674316762e+00
9.973438453674315696e+00
9.975782203674317117e+00
9.975000953674316051e+00
9.973438453674315696e+00
9.975000953674316051e+00
9.975000953674316051e+00
9.971875953674317117e+00
9.971875953674317117e+00
9.971094703674316051e+00
9.967969703674317117e+00
9.967969703674317117e+00
9.968750953674316406e+00
9.967969703674317117e+00
9.967969703674317117e+00
9.969532203674315696e+00
9.968750953674316406e+00
9.967969703674317117e+00
9.969532203674315696e+00
9.970313453674316762e+00
9.968750953674316406e+00
9.968750953674316406e+00
9.969532203674315696e+00
9.968750953674316406e+00
9.969532203674315696e+00
9.969532203674315696e+00
9.970313453674316762e+00
9.968750953674316406e+00
9.969532203674315696e+00
9.968750953674316406e+00
9.968750953674316406e+00
9.968750953674316406e+00
9.967969703674317117e+00
9.967969703674317117e+00
9.967969703674317117e+00
9.968750953674316406e+00
9.967969703674317117e+00
9.968750953674316406e+00
9.968750953674316406e+00
9.967188453674316051e+00
9.967188453674316051e+00
9.966407203674316762e+00
9.967188453674316051e+00
9.967188453674316051e+00
9.967969703674317117e+00
9.967188453674316051e+00
9.967188453674316051e+00
9.968750953674316406e+00
9.969532203674315696e+00
9.968750953674316406e+00
9.969532203674315696e+00
9.969532203674315696e+00
9.970313453674316762e+00
9.969532203674315696e+00
9.970313453674316762e+00
9.969532203674315696e+00
9.970313453674316762e+00
9.969532203674315696e+00
9.969532203674315696e+00
9.969532203674315696e+00
9.967969703674317117e+00
9.967188453674316051e+00
9.966407203674316762e+00
9.965625953674315696e+00
9.964844703674316406e+00
9.964063453674317117e+00
9.963282203674316051e+00
9.963282203674316051e+00
9.963282203674316051e+00
9.962500953674316762e+00
9.961719703674315696e+00
9.960157203674317117e+00
9.959375953674316051e+00
9.958594703674316762e+00
9.958594703674316762e+00
9.957032203674316406e+00
9.957032203674316406e+00
9.957813453674315696e+00
9.955469703674316051e+00
9.957813453674315696e+00
9.959375953674316051e+00
9.957813453674315696e+00
9.957032203674316406e+00
9.958594703674316762e+00
9.959375953674316051e+00
9.959375953674316051e+00
9.961719703674315696e+00
9.963282203674316051e+00
9.962500953674316762e+00
9.964063453674317117e+00
9.964063453674317117e+00
9.963282203674316051e+00
9.962500953674316762e+00
9.961719703674315696e+00
9.960157203674317117e+00
9.958594703674316762e+00
9.958594703674316762e+00
9.957032203674316406e+00
9.954688453674316762e+00
9.953907203674315696e+00
9.953125953674316406e+00
9.953125953674316406e+00
9.952344703674317117e+00
9.950782203674316762e+00
9.950000953674315696e+00
9.951563453674316051e+00
9.948438453674317117e+00
9.949219703674316406e+00
9.951563453674316051e+00
9.950782203674316762e+00
9.950000953674315696e+00
9.951563453674316051e+00
9.951563453674316051e+00
9.951563453674316051e+00
9.952344703674317117e+00
9.953125953674316406e+00
9.952344703674317117e+00
9.953125953674316406e+00
9.954688453674316762e+00
9.954688453674316762e+00
9.955469703674316051e+00
9.956250953674317117e+00
9.954688453674316762e+00
9.953125953674316406e+00
9.953125953674316406e+00
9.953125953674316406e+00
9.951563453674316051e+00
9.951563453674316051e+00
9.950782203674316762e+00
9.950000953674315696e+00
9.949219703674316406e+00
9.949219703674316406e+00
9.949219703674316406e+00
9.950000953674315696e+00
9.950782203674316762e+00
9.951563453674316051e+00
9.949219703674316406e+00
9.951563453674316051e+00
9.952344703674317117e+00
9.951563453674316051e+00
9.952344703674317117e+00
9.955469703674316051e+00
9.954688453674316762e+00
9.954688453674316762e+00
9.957813453674315696e+00
9.957032203674316406e+00
9.956250953674317117e+00
9.958594703674316762e+00
9.958594703674316762e+00
9.957813453674315696e+00
9.960157203674317117e+00
9.962500953674316762e+00
9.960157203674317117e+00
9.961719703674315696e+00
9.960938453674316406e+00
9.959375953674316051e+00
9.960157203674317117e+00
9.960157203674317117e+00
9.960157203674317117e+00
9.960157203674317117e+00
9.960938453674316406e+00
9.962500953674316762e+00
9.963282203674316051e+00
9.963282203674316051e+00
9.963282203674316051e+00
9.963282203674316051e+00
9.963282203674316051e+00
9.964063453674317117e+00
9.964063453674317117e+00
9.964844703674316406e+00
9.965625953674315696e+00
9.966407203674316762e+00
9.967188453674316051e+00
9.968750953674316406e+00
9.970313453674316762e+00
9.971094703674316051e+00
9.971875953674317117e+00
9.973438453674315696e+00
9.975782203674317117e+00
9.975782203674317117e+00
9.975782203674317117e+00
9.975782203674317117e+00
9.976563453674316406e+00
9.976563453674316406e+00
9.976563453674316406e+00
9.976563453674316406e+00
9.978907203674316051e+00
9.979688453674317117e+00
9.978907203674316051e+00
9.980469703674316406e+00
9.981250953674315696e+00
9.980469703674316406e+00
9.982813453674316051e+00
9.982032203674316762e+00
9.980469703674316406e+00
9.979688453674317117e+00
9.979688453674317117e+00
9.977344703674315696e+00
9.976563453674316406e+00
9.978125953674316762e+00
9.975000953674316051e+00
9.974219703674316762e+00
9.976563453674316406e+00
9.975782203674317117e+00
9.975782203674317117e+00
9.976563453674316406e+00
9.976563453674316406e+00
9.975000953674316051e+00
9.975782203674317117e+00
9.975000953674316051e+00
9.974219703674316762e+00
9.976563453674316406e+00
9.978125953674316762e+00
9.977344703674315696e+00
9.977344703674315696e+00
9.978907203674316051e+00
9.979688453674317117e+00
9.978125953674316762e+00
9.978125953674316762e+00
9.978907203674316051e+00
9.978907203674316051e+00
9.976563453674316406e+00
9.976563453674316406e+00
9.975782203674317117e+00
9.974219703674316762e+00
9.975782203674317117e+00
9.977344703674315696e+00
9.975782203674317117e+00
9.975782203674317117e+00
9.976563453674316406e+00
9.974219703674316762e+00
9.971875953674317117e+00
9.973438453674315696e+00
9.971875953674317117e+00
9.971094703674316051e+00
9.974219703674316762e+00
9.972657203674316406e+00
9.971875953674317117e+00
9.975000953674316051e+00
9.975000953674316051e+00
9.973438453674315696e+00
9.975782203674317117e+00
9.975782203674317117e+00
9.974219703674316762e+00
9.975782203674317117e+00
9.974219703674316762e+00
9.971094703674316051e+00
9.971875953674317117e+00
9.971875953674317117e+00
9.968750953674316406e+00
9.970313453674316762e+00
9.970313453674316762e+00
9.968750953674316406e+00
9.968750953674316406e+00
9.970313453674316762e+00
9.969532203674315696e+00
9.967969703674317117e+00
9.967969703674317117e+00
9.966407203674316762e+00
9.965625953674315696e+00
9.966407203674316762e+00
9.966407203674316762e+00
9.965625953674315696e+00
9.968750953674316406e+00
9.970313453674316762e+00
9.967969703674317117e+00
9.967969703674317117e+00
9.967969703674317117e+00
9.966407203674316762e+00
9.966407203674316762e+00
9.966407203674316762e+00
9.966407203674316762e+00
9.963282203674316051e+00
9.964063453674317117e+00
9.964844703674316406e+00
9.964063453674317117e+00
9.964063453674317117e+00
9.965625953674315696e+00
9.964844703674316406e+00
9.964844703674316406e+00
9.967188453674316051e+00
9.966407203674316762e+00
9.964844703674316406e+00
9.965625953674315696e+00
9.963282203674316051e+00
9.962500953674316762e+00
9.961719703674315696e+00
9.960157203674317117e+00
9.960157203674317117e+00
9.961719703674315696e+00
9.961719703674315696e+00
9.960938453674316406e+00
9.960157203674317117e+00
9.959375953674316051e+00
9.959375953674316051e+00
9.958594703674316762e+00
9.957813453674315696e+00
9.957813453674315696e+00
9.957813453674315696e+00
9.957032203674316406e+00
9.957813453674315696e+00
9.958594703674316762e+00
9.958594703674316762e+00
9.960157203674317117e+00
9.960157203674317117e+00
9.958594703674316762e+00
9.957813453674315696e+00
9.956250953674317117e+00
9.953907203674315696e+00
9.953125953674316406e+00
9.952344703674317117e+00
9.951563453674316051e+00
9.952344703674317117e+00
9.953907203674315696e+00
9.954688453674316762e+00
9.953907203674315696e+00
9.955469703674316051e+00
9.956250953674317117e+00
9.955469703674316051e+00
9.956250953674317117e+00
9.956250953674317117e+00
9.955469703674316051e+00
9.954688453674316762e+00
9.956250953674317117e+00
9.956250953674317117e+00
9.956250953674317117e+00
9.957813453674315696e+00
9.957813453674315696e+00
9.957032203674316406e+00
9.957813453674315696e+00
9.956250953674317117e+00
9.953907203674315696e+00
9.951563453674316051e+00
9.950000953674315696e+00
9.947657203674316051e+00
9.946875953674316762e+00
9.947657203674316051e+00
9.948438453674317117e+00
9.948438453674317117e+00
9.950000953674315696e+00
9.950000953674315696e+00
9.950782203674316762e+00
9.951563453674316051e+00
9.949219703674316406e+00
9.950782203674316762e+00
9.951563453674316051e+00
9.950782203674316762e+00
9.952344703674317117e+00
9.953125953674316406e+00
9.952344703674317117e+00
9.952344703674317117e+00
9.951563453674316051e+00
9.952344703674317117e+00
9.950782203674316762e+00
9.949219703674316406e+00
9.950000953674315696e+00
9.947657203674316051e+00
9.948438453674317117e+00
9.948438453674317117e+00
9.948438453674317117e+00
9.948438453674317117e+00
9.949219703674316406e+00
9.950782203674316762e+00
9.950000953674315696e+00
9.950782203674316762e+00
9.950782203674316762e+00
9.951563453674316051e+00
9.953907203674315696e+00
9.953907203674315696e+00
9.953125953674316406e+00
9.953907203674315696e+00
9.953125953674316406e+00
9.953125953674316406e+00
9.952344703674317117e+00
9.950782203674316762e+00
9.950000953674315696e+00
9.949219703674316406e+00
9.949219703674316406e+00
9.948438453674317117e+00
9.948438453674317117e+00
9.947657203674316051e+00
9.946875953674316762e+00
9.946875953674316762e+00
9.947657203674316051e+00
9.947657203674316051e+00
9.947657203674316051e+00
9.947657203674316051e+00
9.947657203674316051e+00
9.949219703674316406e+00
9.947657203674316051e+00
9.947657203674316051e+00
9.950000953674315696e+00
9.948438453674317117e+00
9.947657203674316051e+00
9.949219703674316406e+00
9.947657203674316051e+00
9.947657203674316051e+00
9.946875953674316762e+00
9.946094703674315696e+00
9.945313453674316406e+00
9.946094703674315696e+00
9.944532203674317117e+00
9.944532203674317117e+00
9.942969703674316762e+00
9.942188453674315696e+00
9.942188453674315696e+00
9.941407203674316406e+00
9.939063453674316762e+00
9.939844703674316051e+00
9.941407203674316406e+00
9.940625953674317117e+00
9.942969703674316762e+00
9.944532203674317117e+00
9.945313453674316406e+00
9.946875953674316762e+00
9.946094703674315696e+00
9.945313453674316406e+00
9.943750953674316051e+00
9.942969703674316762e+00
9.942188453674315696e+00
9.942188453674315696e+00
9.940625953674317117e+00
9.940625953674317117e+00
9.940625953674317117e+00
9.939844703674316051e+00
9.939844703674316051e+00
9.939844703674316051e+00
9.939063453674316762e+00
9.938282203674315696e+00
9.938282203674315696e+00
9.937500953674316406e+00
9.936719703674317117e+00
9.937500953674316406e+00
9.937500953674316406e+00
9.937500953674316406e+00
9.936719703674317117e+00
9.936719703674317117e+00
9.936719703674317117e+00
9.935938453674316051e+00
9.935157203674316762e+00
9.934375953674315696e+00
9.933594703674316406e+00
9.932813453674317117e+00
9.932813453674317117e+00
9.932813453674317117e+00
9.933594703674316406e+00
9.932813453674317117e+00
9.932032203674316051e+00
9.931250953674316762e+00
9.930469703674315696e+00
9.930469703674315696e+00
9.930469703674315696e+00
9.929688453674316406e+00
9.931250953674316762e+00
9.932032203674316051e+00
9.931250953674316762e+00
9.932032203674316051e+00
9.930469703674315696e+00
9.932032203674316051e+00
9.931250953674316762e+00
9.930469703674315696e+00
9.930469703674315696e+00
9.930469703674315696e+00
9.930469703674315696e+00
9.929688453674316406e+00
9.929688453674316406e+00
9.929688453674316406e+00
9.929688453674316406e+00
9.928907203674317117e+00
9.928907203674317117e+00
9.929688453674316406e+00
9.928907203674317117e+00
9.928125953674316051e+00
9.929688453674316406e+00
9.929688453674316406e+00
9.928907203674317117e+00
9.928907203674317117e+00
9.928907203674317117e+00
9.928125953674316051e+00
9.928125953674316051e+00
9.926563453674315696e+00
9.926563453674315696e+00
9.926563453674315696e+00
9.927344703674316762e+00
9.927344703674316762e+00
9.928125953674316051e+00
9.928125953674316051e+00
9.930469703674315696e+00
9.929688453674316406e+00
9.929688453674316406e+00
9.931250953674316762e+00
9.929688453674316406e+00
9.932032203674316051e+00
9.932032203674316051e+00
9.932032203674316051e+00
9.934375953674315696e+00
9.933594703674316406e+00
9.935157203674316762e+00
9.933594703674316406e+00
9.932032203674316051e+00
9.932813453674317117e+00
9.932813453674317117e+00
9.931250953674316762e+00
9.931250953674316762e+00
9.928907203674317117e+00
9.929688453674316406e+00
9.928907203674317117e+00
9.929688453674316406e+00
9.930469703674315696e+00
9.928907203674317117e+00
9.929688453674316406e+00
9.929688453674316406e+00
9.929688453674316406e+00
9.930469703674315696e+00
9.931250953674316762e+00
9.932032203674316051e+00
9.932032203674316051e+00
9.929688453674316406e+00
9.932032203674316051e+00
9.931250953674316762e+00
9.931250953674316762e+00
9.932813453674317117e+00
9.930469703674315696e+00
9.929688453674316406e+00
9.931250953674316762e+00
9.930469703674315696e+00
9.931250953674316762e+00
9.932032203674316051e+00
9.932032203674316051e+00
9.933594703674316406e+00
9.932032203674316051e+00
9.932032203674316051e+00
9.931250953674316762e+00
9.927344703674316762e+00
9.927344703674316762e+00
9.926563453674315696e+00
9.925782203674316406e+00
9.927344703674316762e+00
9.924219703674316051e+00
9.925000953674317117e+00
9.924219703674316051e+00
9.923438453674316762e+00
9.921875953674316406e+00
9.917188453674317117e+00
9.916407203674316051e+00
9.915625953674316762e+00
9.913282203674317117e+00
9.914844703674315696e+00
9.914844703674315696e+00
9.914844703674315696e+00
9.915625953674316762e+00
9.914844703674315696e+00
9.914844703674315696e+00
9.911719703674316762e+00
9.910157203674316406e+00
9.909375953674317117e+00
9.907813453674316762e+00
9.907032203674315696e+00
9.907032203674315696e+00
9.906250953674316406e+00
9.906250953674316406e+00
9.905469703674317117e+00
9.904688453674316051e+00
9.903125953674315696e+00
9.903125953674315696e+00
9.901563453674317117e+00
9.900782203674316051e+00
9.899219703674315696e+00
9.899219703674315696e+00
9.898438453674316406e+00
9.897657203674317117e+00
9.896875953674316051e+00
9.895313453674315696e+00
9.894532203674316406e+00
9.892188453674316762e+00
9.892969703674316051e+00
9.892188453674316762e+00
9.889844703674317117e+00
9.892188453674316762e+00
9.891407203674315696e+00
9.890625953674316406e+00
9.890625953674316406e+00
9.889844703674317117e+00
9.889844703674317117e+00
9.888282203674316762e+00
9.886719703674316406e+00
9.887500953674315696e+00
9.884375953674316762e+00
9.883594703674315696e+00
9.884375953674316762e+00
9.882813453674316406e+00
9.885938453674317117e+00
9.885938453674317117e+00
9.886719703674316406e+00
9.887500953674315696e+00
9.885938453674317117e+00
9.889844703674317117e+00
9.889844703674317117e+00
9.888282203674316762e+00
9.889844703674317117e+00
9.889844703674317117e+00
9.889844703674317117e+00
9.891407203674315696e+00
9.892188453674316762e+00
9.891407203674315696e+00
9.890625953674316406e+00
9.889844703674317117e+00
9.889063453674316051e+00
9.887500953674315696e+00
9.885938453674317117e+00
9.886719703674316406e+00
9.885157203674316051e+00
9.885157203674316051e+00
9.887500953674315696e+00
9.886719703674316406e+00
9.887500953674315696e+00
9.885938453674317117e+00
9.884375953674316762e+00
9.883594703674315696e+00
9.880469703674316762e+00
9.880469703674316762e+00
9.879688453674315696e+00
9.878125953674317117e+00
9.879688453674315696e+00
9.879688453674315696e+00
9.880469703674316762e+00
9.881250953674316051e+00
9.879688453674315696e+00
9.878907203674316406e+00
9.879688453674315696e+00
9.878125953674317117e+00
9.877344703674316051e+00
9.876563453674316762e+00
9.877344703674316051e+00
9.876563453674316762e+00
9.875782203674315696e+00
9.874219703674317117e+00
9.875000953674316406e+00
9.875782203674315696e+00
9.874219703674317117e+00
9.873438453674316051e+00
9.875000953674316406e+00
9.875000953674316406e+00
9.875000953674316406e+00
9.874219703674317117e+00
9.875000953674316406e+00
9.875000953674316406e+00
9.874219703674317117e+00
9.875000953674316406e+00
9.873438453674316051e+00
9.871094703674316406e+00
9.871875953674315696e+00
9.871875953674315696e+00
9.871094703674316406e+00
9.871875953674315696e+00
9.869532203674316051e+00
9.871875953674315696e+00
9.871094703674316406e+00
9.868750953674316762e+00
9.869532203674316051e+00
9.867969703674315696e+00
9.866407203674317117e+00
9.864844703674316762e+00
9.863282203674316406e+00
9.864063453674315696e+00
9.862500953674317117e+00
9.860157203674315696e+00
9.859375953674316406e+00
9.859375953674316406e+00
9.857813453674316051e+00
9.856250953674315696e+00
9.852344703674315696e+00
9.850782203674317117e+00
9.847657203674316406e+00
9.843750953674316406e+00
9.842188453674316051e+00
9.839063453674317117e+00
9.838282203674316051e+00
9.836719703674315696e+00
9.833594703674316762e+00
9.832813453674315696e+00
9.831250953674317117e+00
9.829688453674316762e+00
9.827344703674317117e+00
9.827344703674317117e+00
9.827344703674317117e+00
9.827344703674317117e+00
9.825782203674316762e+00
9.827344703674317117e+00
9.827344703674317117e+00
9.825782203674316762e+00
9.825000953674315696e+00
9.824219703674316406e+00
9.825782203674316762e+00
9.825000953674315696e+00
9.822657203674316051e+00
9.823438453674317117e+00
9.824219703674316406e+00
9.825000953674315696e+00
9.825000953674315696e+00
9.825782203674316762e+00
9.826563453674316051e+00
9.827344703674317117e+00
9.826563453674316051e+00
9.826563453674316051e+00
9.827344703674317117e+00
9.827344703674317117e+00
9.826563453674316051e+00
9.825782203674316762e+00
9.825000953674315696e+00
9.825782203674316762e+00
9.825782203674316762e+00
9.825782203674316762e+00
9.825782203674316762e+00
9.827344703674317117e+00
9.829688453674316762e+00
9.829688453674316762e+00
9.829688453674316762e+00
9.828125953674316406e+00
9.828125953674316406e+00
9.829688453674316762e+00
9.828907203674315696e+00
9.830469703674316051e+00
9.830469703674316051e+00
9.828907203674315696e+00
9.829688453674316762e+00
9.829688453674316762e+00
9.828125953674316406e+00
9.824219703674316406e+00
9.824219703674316406e+00
9.824219703674316406e+00
9.821875953674316762e+00
9.819532203674317117e+00
9.819532203674317117e+00
9.817188453674315696e+00
9.814844703674316051e+00
9.810938453674316051e+00
9.812500953674316406e+00
9.812500953674316406e+00
9.810938453674316051e+00
9.811719703674317117e+00
9.811719703674317117e+00
9.810938453674316051e+00
9.808594703674316406e+00
9.807813453674317117e+00
9.806250953674316762e+00
9.804688453674316406e+00
9.804688453674316406e+00
9.803125953674316051e+00
9.801563453674315696e+00
9.801563453674315696e+00
9.803125953674316051e+00
9.803907203674317117e+00
9.803907203674317117e+00
9.806250953674316762e+00
9.806250953674316762e+00
9.803907203674317117e+00
9.803907203674317117e+00
9.804688453674316406e+00
9.803125953674316051e+00
9.800000953674317117e+00
9.798438453674316762e+00
9.796094703674317117e+00
9.794532203674316762e+00
9.792969703674316406e+00
9.792188453674317117e+00
9.790625953674316762e+00
9.790625953674316762e+00
9.789063453674316406e+00
9.787500953674316051e+00
9.785938453674315696e+00
9.785157203674316406e+00
9.782813453674316762e+00
9.778125953674315696e+00
9.777344703674316406e+00
9.777344703674316406e+00
9.776563453674317117e+00
9.775782203674316051e+00
9.776563453674317117e+00
9.778125953674315696e+00
9.777344703674316406e+00
9.776563453674317117e+00
9.778907203674316762e+00
9.779688453674316051e+00
9.778907203674316762e+00
9.776563453674317117e+00
9.777344703674316406e+00
9.778125953674315696e+00
9.778125953674315696e+00
9.778125953674315696e+00
9.778125953674315696e+00
9.777344703674316406e+00
9.775782203674316051e+00
9.775782203674316051e+00
9.774219703674315696e+00
9.771875953674316051e+00
9.772657203674317117e+00
9.772657203674317117e+00
9.771875953674316051e+00
9.770313453674315696e+00
9.768750953674317117e+00
9.767188453674316762e+00
9.764844703674317117e+00
9.764063453674316051e+00
9.764844703674317117e+00
9.763282203674316762e+00
9.762500953674315696e+00
9.762500953674315696e+00
9.765625953674316406e+00
9.767188453674316762e+00
9.768750953674317117e+00
9.771094703674316762e+00
9.773438453674316406e+00
9.773438453674316406e+00
9.775782203674316051e+00
9.778125953674315696e+00
9.782032203674315696e+00
9.782032203674315696e+00
9.783594703674316051e+00
9.786719703674316762e+00
9.786719703674316762e+00
9.787500953674316051e+00
9.789063453674316406e+00
9.791407203674316051e+00
9.792969703674316406e+00
9.794532203674316762e+00
9.796094703674317117e+00
9.796875953674316406e+00
9.799219703674316051e+00
9.800782203674316406e+00
9.801563453674315696e+00
9.800782203674316406e+00
9.800782203674316406e+00
9.801563453674315696e+00
9.801563453674315696e+00
9.803125953674316051e+00
9.803907203674317117e+00
9.803907203674317117e+00
9.806250953674316762e+00
9.809375953674315696e+00
9.811719703674317117e+00
9.814063453674316762e+00
9.818750953674316051e+00
9.822657203674316051e+00
9.823438453674317117e+00
9.825000953674315696e+00
9.826563453674316051e+00
9.826563453674316051e+00
9.828125953674316406e+00
9.829688453674316762e+00
9.831250953674317117e+00
9.832032203674316406e+00
9.835157203674317117e+00
9.837500953674316762e+00
9.839063453674317117e+00
9.839844703674316406e+00
9.839844703674316406e+00
9.839063453674317117e+00
9.838282203674316051e+00
9.838282203674316051e+00
9.837500953674316762e+00
9.838282203674316051e+00
9.836719703674315696e+00
9.837500953674316762e+00
9.839844703674316406e+00
9.839844703674316406e+00
9.837500953674316762e+00
9.838282203674316051e+00
9.839844703674316406e+00
9.839844703674316406e+00
9.839844703674316406e+00
9.839844703674316406e+00
9.841407203674316762e+00
9.842188453674316051e+00
9.842188453674316051e+00
9.844532203674315696e+00
9.844532203674315696e+00
9.842188453674316051e+00
9.843750953674316406e+00
9.845313453674316762e+00
9.845313453674316762e+00
9.844532203674315696e+00
9.843750953674316406e+00
9.842969703674317117e+00
9.842969703674317117e+00
9.843750953674316406e+00
9.844532203674315696e+00
9.845313453674316762e+00
9.845313453674316762e+00
9.843750953674316406e+00
9.844532203674315696e+00
9.844532203674315696e+00
9.843750953674316406e+00
9.845313453674316762e+00
9.844532203674315696e+00
9.842969703674317117e+00
9.842188453674316051e+00
9.842188453674316051e+00
9.841407203674316762e+00
9.839844703674316406e+00
9.840625953674315696e+00
9.840625953674315696e+00
9.842188453674316051e+00
9.844532203674315696e+00
9.845313453674316762e+00
9.846094703674316051e+00
9.848438453674315696e+00
9.849219703674316762e+00
9.847657203674316406e+00
9.846875953674317117e+00
9.848438453674315696e+00
9.847657203674316406e+00
9.846094703674316051e+00
9.847657203674316406e+00
9.846094703674316051e+00
9.845313453674316762e+00
9.847657203674316406e+00
9.847657203674316406e+00
9.845313453674316762e+00
9.845313453674316762e+00
9.844532203674315696e+00
9.843750953674316406e+00
9.844532203674315696e+00
9.843750953674316406e+00
9.842969703674317117e+00
9.843750953674316406e+00
9.843750953674316406e+00
9.845313453674316762e+00
9.846094703674316051e+00
9.845313453674316762e+00
9.844532203674315696e+00
9.845313453674316762e+00
9.843750953674316406e+00
9.842188453674316051e+00
9.841407203674316762e+00
9.842188453674316051e+00
9.842969703674317117e+00
9.843750953674316406e+00
9.843750953674316406e+00
9.841407203674316762e+00
9.842188453674316051e+00
9.840625953674315696e+00
9.840625953674315696e+00
9.842188453674316051e+00
9.840625953674315696e+00
9.839844703674316406e+00
9.842188453674316051e+00
9.841407203674316762e+00
9.840625953674315696e+00
9.842188453674316051e+00
9.841407203674316762e+00
9.842188453674316051e+00
9.842969703674317117e+00
9.841407203674316762e+00
9.840625953674315696e+00
9.839844703674316406e+00
9.838282203674316051e+00
9.839063453674317117e+00
9.839844703674316406e+00
9.839844703674316406e+00
9.841407203674316762e+00
9.842969703674317117e+00
9.844532203674315696e+00
9.844532203674315696e+00
9.842969703674317117e+00
9.841407203674316762e+00
9.839844703674316406e+00
9.839063453674317117e+00
9.839063453674317117e+00
9.839063453674317117e+00
9.836719703674315696e+00
9.836719703674315696e+00
9.835938453674316406e+00
9.834375953674316051e+00
9.835157203674317117e+00
9.835157203674317117e+00
9.833594703674316762e+00
9.834375953674316051e+00
9.835157203674317117e+00
9.834375953674316051e+00
9.832032203674316406e+00
9.831250953674317117e+00
9.828907203674315696e+00
9.825000953674315696e+00
9.824219703674316406e+00
9.824219703674316406e+00
9.825000953674315696e+00
9.826563453674316051e+00
9.826563453674316051e+00
9.828907203674315696e+00
9.828125953674316406e+00
9.827344703674317117e+00
9.827344703674317117e+00
9.825782203674316762e+00
9.825782203674316762e+00
9.825782203674316762e+00
9.825000953674315696e+00
9.825000953674315696e+00
9.827344703674317117e+00
9.826563453674316051e+00
9.826563453674316051e+00
9.825782203674316762e+00
9.821094703674315696e+00
9.818750953674316051e+00
9.817969703674316762e+00
9.812500953674316406e+00
9.808594703674316406e+00
9.806250953674316762e+00
9.802344703674316762e+00
9.800782203674316406e+00
9.803125953674316051e+00
9.803907203674317117e+00
9.804688453674316406e+00
9.807032203674316051e+00
9.807813453674317117e+00
9.806250953674316762e+00
9.806250953674316762e+00
9.806250953674316762e+00
9.804688453674316406e+00
9.806250953674316762e+00
9.807032203674316051e+00
9.809375953674315696e+00
9.809375953674315696e+00
9.806250953674316762e+00
9.807032203674316051e+00
9.807032203674316051e+00
9.804688453674316406e+00
9.803907203674317117e+00
9.801563453674315696e+00
9.798438453674316762e+00
9.798438453674316762e+00
9.798438453674316762e+00
9.798438453674316762e+00
9.799219703674316051e+00
9.798438453674316762e+00
9.800000953674317117e+00
9.801563453674315696e+00
9.801563453674315696e+00
9.802344703674316762e+00
9.802344703674316762e+00
9.800782203674316406e+00
9.800782203674316406e+00
9.801563453674315696e+00
9.803125953674316051e+00
9.804688453674316406e+00
9.806250953674316762e+00
9.807032203674316051e+00
9.807813453674317117e+00
9.807032203674316051e+00
9.806250953674316762e+00
9.805469703674315696e+00
9.803125953674316051e+00
9.800000953674317117e+00
9.795313453674316051e+00
9.792188453674317117e+00
9.792188453674317117e+00
9.791407203674316051e+00
9.789844703674315696e+00
9.789844703674315696e+00
9.789063453674316406e+00
9.790625953674316762e+00
9.792188453674317117e+00
9.793750953674315696e+00
9.795313453674316051e+00
9.795313453674316051e+00
9.794532203674316762e+00
9.792188453674317117e+00
9.790625953674316762e+00
9.789844703674315696e+00
9.789063453674316406e+00
9.788282203674317117e+00
9.788282203674317117e+00
9.788282203674317117e+00
9.789063453674316406e+00
9.788282203674317117e+00
9.787500953674316051e+00
9.782813453674316762e+00
9.780469703674317117e+00
9.776563453674317117e+00
9.774219703674315696e+00
9.772657203674317117e+00
9.771094703674316762e+00
9.771094703674316762e+00
9.770313453674315696e+00
9.771094703674316762e+00
9.773438453674316406e+00
9.775000953674316762e+00
9.775000953674316762e+00
9.775782203674316051e+00
9.775782203674316051e+00
9.772657203674317117e+00
9.771094703674316762e+00
9.769532203674316406e+00
9.767969703674316051e+00
9.767969703674316051e+00
9.767188453674316762e+00
9.766407203674315696e+00
9.766407203674315696e+00
9.765625953674316406e+00
9.762500953674315696e+00
9.756250953674316051e+00
9.748438453674316051e+00
9.742188453674316406e+00
9.737500953674317117e+00
9.731250953674315696e+00
9.727344703674315696e+00
9.726563453674316406e+00
9.723438453674315696e+00
9.721875953674317117e+00
9.721875953674317117e+00
9.718750953674316406e+00
9.715625953674315696e+00
9.712500953674316762e+00
9.708594703674316762e+00
9.708594703674316762e+00
9.703907203674315696e+00
9.700782203674316762e+00
9.699219703674316406e+00
9.693750953674316051e+00
9.689844703674316051e+00
9.687500953674316406e+00
9.682813453674317117e+00
9.676563453674315696e+00
9.671875953674316406e+00
9.664844703674315696e+00
9.659375953674317117e+00
9.657813453674316762e+00
9.653907203674316762e+00
9.650000953674316762e+00
9.649219703674315696e+00
9.648438453674316406e+00
9.646875953674316051e+00
9.648438453674316406e+00
9.649219703674315696e+00
9.646094703674316762e+00
9.643750953674317117e+00
9.641407203674315696e+00
9.636719703674316406e+00
9.632032203674317117e+00
9.628907203674316406e+00
9.624219703674317117e+00
9.621094703674316406e+00
9.619532203674316051e+00
9.615625953674316051e+00
9.610938453674316762e+00
9.610157203674315696e+00
9.607032203674316762e+00
9.602344703674315696e+00
9.599219703674316762e+00
9.594532203674315696e+00
9.588282203674316051e+00
9.585157203674317117e+00
9.582032203674316406e+00
9.577344703674317117e+00
9.575000953674315696e+00
9.573438453674317117e+00
9.572657203674316051e+00
9.570313453674316406e+00
9.567969703674316762e+00
9.565625953674317117e+00
9.563282203674315696e+00
9.561719703674317117e+00
9.557813453674317117e+00
9.557032203674316051e+00
9.556250953674316762e+00
9.553907203674317117e+00
9.550000953674317117e+00
9.547657203674315696e+00
9.545313453674316051e+00
9.541407203674316051e+00
9.539063453674316406e+00
9.535938453674315696e+00
9.532813453674316762e+00
9.527344703674316406e+00
9.519532203674316406e+00
9.513282203674316762e+00
9.507813453674316406e+00
9.500000953674316406e+00
9.496094703674316406e+00
9.494532203674316051e+00
9.493750953674316762e+00
9.494532203674316051e+00
9.496094703674316406e+00
9.495313453674317117e+00
9.494532203674316051e+00
9.494532203674316051e+00
9.489844703674316762e+00
9.485938453674316762e+00
9.484375953674316406e+00
9.478907203674316051e+00
9.473438453674315696e+00
9.469532203674315696e+00
9.462500953674316762e+00
9.456250953674317117e+00
9.450000953674315696e+00
9.444532203674317117e+00
9.437500953674316406e+00
9.428907203674317117e+00
9.422657203674315696e+00
9.415625953674316762e+00
9.407032203674315696e+00
9.400000953674316762e+00
9.392969703674316051e+00
9.385938453674317117e+00
9.379688453674315696e+00
9.374219703674317117e+00
9.366407203674317117e+00
9.360157203674315696e+00
9.353907203674316051e+00
9.346875953674317117e+00
9.339844703674316406e+00
9.332032203674316406e+00
9.322657203674316051e+00
9.315625953674317117e+00
9.308594703674316406e+00
9.300000953674317117e+00
9.291407203674316051e+00
9.283594703674316051e+00
9.275000953674316762e+00
9.267188453674316762e+00
9.258594703674315696e+00
9.250000953674316406e+00
9.242188453674316406e+00
9.235938453674316762e+00
9.229688453674317117e+00
9.220313453674316762e+00
9.210157203674317117e+00
9.199219703674316406e+00
9.188282203674315696e+00
9.177344703674316762e+00
9.169532203674316762e+00
9.159375953674317117e+00
9.149219703674315696e+00
9.139844703674317117e+00
9.130469703674316762e+00
9.119532203674316051e+00
9.111719703674316051e+00
9.103907203674316051e+00
9.093750953674316406e+00
9.085157203674317117e+00
9.076563453674316051e+00
9.064844703674316051e+00
9.057032203674316051e+00
9.046094703674317117e+00
9.032813453674316762e+00
9.022657203674317117e+00
9.014063453674316051e+00
9.002344703674316051e+00
8.990625953674316051e+00
8.981250953674315696e+00
8.971094703674316051e+00
8.960157203674317117e+00
8.950000953674315696e+00
8.940625953674317117e+00
8.930469703674315696e+00
8.921875953674316406e+00
8.911719703674316762e+00
8.903125953674315696e+00
8.893750953674317117e+00
8.885157203674316051e+00
8.876563453674316762e+00
8.866407203674317117e+00
8.857032203674316762e+00
8.849219703674316762e+00
8.840625953674315696e+00
8.831250953674317117e+00
8.822657203674316051e+00
8.815625953674317117e+00
8.805469703674315696e+00
8.798438453674316762e+00
8.792188453674317117e+00
8.785157203674316406e+00
8.781250953674316406e+00
8.775000953674316762e+00
8.767188453674316762e+00
8.761719703674316406e+00
8.754688453674315696e+00
8.747657203674316762e+00
8.737500953674317117e+00
8.728125953674316762e+00
8.717969703674317117e+00
8.707032203674316406e+00
8.696094703674315696e+00
8.685157203674316762e+00
8.675000953674317117e+00
8.662500953674316051e+00
8.650782203674316051e+00
8.641407203674315696e+00
8.632032203674317117e+00
8.621875953674315696e+00
8.614063453674315696e+00
8.607032203674316762e+00
8.600000953674316051e+00
8.591407203674316762e+00
8.585938453674316406e+00
8.579688453674316762e+00
8.571875953674316762e+00
8.565625953674317117e+00
8.560157203674316762e+00
8.553907203674317117e+00
8.548438453674316762e+00
8.541407203674316051e+00
8.532813453674316762e+00
8.526563453674317117e+00
8.517969703674316051e+00
8.510157203674316051e+00
8.505469703674316762e+00
8.503125953674317117e+00
8.497657203674316762e+00
8.490625953674316051e+00
8.481250953674315696e+00
8.470313453674316762e+00
8.457813453674315696e+00
8.445313453674316406e+00
8.433594703674316406e+00
8.422657203674315696e+00
8.409375953674317117e+00
8.394532203674316406e+00
8.382813453674316406e+00
8.369532203674316051e+00
8.355469703674316406e+00
8.345313453674316762e+00
8.333594703674316762e+00
8.321875953674316762e+00
8.310157203674316762e+00
8.298438453674316762e+00
8.289063453674316406e+00
8.278907203674316762e+00
8.267969703674316051e+00
8.257813453674316406e+00
8.246094703674316406e+00
8.234375953674316406e+00
8.221875953674317117e+00
8.210938453674316406e+00
8.203125953674316406e+00
8.193750953674316051e+00
8.183594703674316406e+00
8.172657203674315696e+00
8.161719703674316762e+00
8.146875953674316051e+00
8.129688453674315696e+00
8.112500953674317117e+00
8.093750953674316406e+00
8.075000953674315696e+00
8.054688453674316406e+00
8.033594703674316051e+00
8.013282203674316762e+00
7.992188453674316406e+00
7.971094703674316051e+00
7.949219703674316406e+00
7.929688453674316406e+00
7.908594703674316051e+00
7.886719703674316406e+00
7.867188453674316406e+00
7.846875953674316229e+00
7.824219703674316406e+00
7.803125953674316051e+00
7.781250953674316406e+00
7.760938453674316229e+00
7.741407203674316229e+00
7.721094703674316051e+00
7.698438453674316229e+00
7.675782203674316406e+00
7.652344703674316406e+00
7.625782203674316584e+00
7.598438453674316584e+00
7.571094703674316584e+00
7.542188453674316229e+00
7.512500953674316584e+00
7.480469703674316406e+00
7.445313453674316406e+00
7.410157203674316406e+00
7.376563453674316762e+00
7.345313453674316762e+00
7.311719703674316229e+00
7.276563453674316229e+00
7.240625953674316051e+00
7.203125953674316406e+00
7.164063453674316406e+00
7.124219703674316229e+00
7.083594703674316762e+00
7.040625953674316762e+00
6.995313453674316229e+00
6.947657203674316051e+00
6.901563453674316229e+00
6.853125953674316762e+00
6.801563453674316584e+00
6.748438453674316051e+00
6.698438453674316229e+00
6.650000953674316762e+00
6.602344703674316584e+00
6.557032203674316051e+00
6.513282203674316762e+00
6.468750953674316406e+00
6.423438453674316762e+00
6.377344703674316051e+00
6.334375953674316051e+00
6.290625953674316762e+00
6.245313453674316229e+00
6.199219703674316406e+00
6.152344703674316406e+00
6.103125953674316762e+00
6.053125953674316051e+00
6.002344703674316051e+00
5.951563453674316051e+00
5.899219703674316584e+00
5.846094703674316051e+00
5.792969703674316406e+00
5.739844703674316762e+00
5.683594703674316406e+00
5.625000953674316406e+00
5.565625953674316229e+00
5.504688453674316584e+00
5.442188453674316584e+00
5.378125953674316229e+00
5.314063453674316762e+00
5.250000953674316406e+00
5.184375953674316584e+00
5.116407203674316229e+00
5.048438453674316762e+00
4.982813453674316051e+00
4.916407203674316051e+00
4.847657203674316406e+00
4.777344703674316406e+00
4.708594703674316762e+00
4.639063453674316051e+00
4.566407203674316406e+00
4.494532203674316051e+00
4.421094703674316229e+00
4.346094703674316051e+00
4.268750953674316229e+00
4.189844703674316051e+00
4.110938453674316762e+00
4.030469703674316229e+00
3.950000953674316584e+00
3.868750954046845436e+00
3.788282204419374466e+00
3.709375954791903407e+00
3.629688455164432614e+00
3.549219705536961644e+00
3.471094705909490763e+00
3.394532206282019793e+00
3.317188444361090838e+00
3.240625932440161616e+00
3.167188420519232661e+00
3.094532158598303884e+00
3.021875896770507275e+00
2.948438384942710488e+00
2.875000873021781533e+00
2.803125861100852489e+00
2.732813349179923357e+00
2.663282087258994402e+00
2.592188325338065535e+00
2.520313313417136492e+00
2.449219551496207625e+00
2.379688289575278670e+00
2.312500777654349804e+00
2.246094515733420671e+00
2.180469503812491716e+00
2.115625741891562939e+00
2.051563229970633895e+00
1.989844468049704940e+00
1.930469456128776073e+00
1.871875694207847163e+00
1.814063182286918208e+00
1.758594420365989119e+00
1.705469408445060342e+00
1.653125646524131298e+00
1.600781884603202254e+00
1.548438122682273432e+00
1.496875610761344344e+00
1.444531848840415522e+00
1.393750587105750949e+00
1.341406825184822127e+00
1.289063063263893083e+00
1.236719301342964261e+00
1.182813039422035306e+00
1.131250527501106218e+00
1.079688015580177352e+00
1.029688003659248396e+00
9.812504917383193526e-01
9.328129798173904197e-01
8.851567178964614424e-01
8.390629559755324873e-01
7.929691940546035323e-01
7.476566821336746438e-01
7.015629202127456887e-01
6.570316582918167558e-01
6.132816463708877786e-01
5.718753844499587791e-01
5.335941225290298240e-01
4.968753606081008911e-01
4.625003486871719360e-01
4.289065867662429921e-01
3.960940749384462833e-01
3.632815630175173505e-01
3.312503010965883732e-01
3.015627891756594292e-01
2.750002774409949780e-01
2.476565153338015079e-01
2.218752533197402843e-01
2.007814915850758553e-01
1.804689798504114095e-01
1.609377179294824711e-01
1.421877060085535160e-01
1.242189440876245443e-01
1.093751821666955892e-01
9.453142024576663416e-02
8.203140832483768463e-02
7.031264640390873233e-02
5.937513448297977725e-02
5.078137256205082078e-02
4.218761064112186432e-02
3.515634872019290924e-02
2.890633679926395486e-02
2.421882450580596993e-02
2.031256221234798570e-02
1.640629991888999800e-02
1.328128762543201447e-02
1.093752533197402989e-02
8.593763038516045311e-03
7.031250745058059692e-03
7.031250745058059692e-03
7.031250745058059692e-03
7.031250745058059692e-03
7.031250745058059692e-03
6.250000651925801884e-03
5.468750558793544943e-03
5.468750558793544943e-03
5.468750558793544943e-03
5.468750558793544943e-03
5.468750558793544943e-03
5.468750558793544943e-03
5.468750558793544943e-03
5.468750558793544943e-03
5.468750558793544943e-03
4.687500465661287134e-03
3.906250372529030193e-03
4.687500465661287134e-03
5.468750558793544943e-03
6.250000651925801884e-03
3.906250465661287308e-03
3.906250465661287308e-03
3.906250465661287308e-03
3.906250465661287308e-03
3.906250465661287308e-03
3.906250465661287308e-03
3.906250465661287308e-03
3.906250465661287308e-03
3.906250465661287308e-03
4.687500558793545116e-03
4.687500558793545116e-03
2.343750372529029673e-03
2.343750372529029673e-03
2.343750372529029673e-03
2.343750372529029673e-03
2.343750372529029673e-03
2.343750372529029673e-03
2.343750372529029673e-03
2.343750372529029673e-03
2.343750372529029673e-03
2.343750372529029673e-03
3.125000465661287481e-03
1.562500279396772298e-03
1.562500279396772298e-03
1.562500279396772298e-03
3.906250465661287308e-03
4.687500651925802231e-03
4.687500651925802231e-03
4.687500651925802231e-03
3.906250558793544422e-03
4.687500651925802231e-03
5.468750745058060039e-03
5.468750745058060039e-03
4.687500651925802231e-03
3.906250465661287308e-03
3.906250465661287308e-03
3.906250465661287308e-03
2.343750279396772558e-03
3.906250465661287308e-03
4.687500558793545116e-03
2.343750372529029673e-03
1.562500186264514966e-03
1.562500186264514966e-03
1.562500186264514966e-03
1.562500186264514966e-03
1.562500186264514966e-03
1.562500186264514966e-03
1.562500186264514966e-03
1.562500186264514966e-03
1.562500186264514966e-03
1.562500186264514966e-03
1.562500186264514966e-03
1.562500186264514966e-03
1.562500186264514966e-03
1.562500186264514966e-03
1.562500186264514966e-03
1.562500186264514966e-03
1.562500186264514966e-03
1.562500186264514966e-03
1.562500186264514966e-03
1.562500186264514966e-03
1.562500186264514966e-03
1.562500186264514966e-03
1.562500186264514966e-03
1.562500186264514966e-03
1.562500186264514966e-03
1.562500186264514966e-03
1.562500186264514966e-03
1.562500186264514966e-03
1.562500186264514966e-03
1.562500186264514966e-03
1.562500186264514966e-03
1.562500186264514966e-03
1.562500186264514966e-03
1.562500186264514966e-03
2.343750279396772558e-03
3.125000372529029933e-03
2.343750279396772558e-03
1.562500186264514966e-03
7.812500931322574832e-04
3.125000279396772385e-03
3.125000279396772385e-03
3.125000279396772385e-03
3.125000279396772385e-03
3.125000279396772385e-03
3.125000279396772385e-03
3.125000279396772385e-03
3.125000279396772385e-03
3.125000279396772385e-03
2.343750186264515010e-03
2.343750186264515010e-03
2.343750186264515010e-03
2.343750186264515010e-03
2.343750186264515010e-03
2.343750186264515010e-03
2.343750186264515010e-03
2.343750186264515010e-03
2.343750186264515010e-03
2.343750186264515010e-03
2.343750186264515010e-03
2.343750186264515010e-03
1.562500093132257418e-03
3.125000279396772385e-03
3.125000279396772385e-03
3.125000279396772385e-03
7.812500931322574832e-04
-9.313225746154785673e-11
-9.313225746154785673e-11
-9.313225746154785673e-11
7.812500000000000434e-04
-9.313225746154785673e-11
-7.812501862645149231e-04
-7.812501862645149231e-04
-7.812501862645149231e-04
0.000000000000000000e+00
0.000000000000000000e+00
0.000000000000000000e+00
0.000000000000000000e+00
0.000000000000000000e+00
0.000000000000000000e+00
0.000000000000000000e+00
0.000000000000000000e+00
0.000000000000000000e+00
0.000000000000000000e+00
0.000000000000000000e+00
0.000000000000000000e+00
0.000000000000000000e+00
0.000000000000000000e+00
0.000000000000000000e+00
0.000000000000000000e+00
0.000000000000000000e+00
0.000000000000000000e+00
0.000000000000000000e+00
0.000000000000000000e+00
0.000000000000000000e+00
0.000000000000000000e+00
0.000000000000000000e+00
0.000000000000000000e+00
0.000000000000000000e+00
0.000000000000000000e+00
0.000000000000000000e+00
0.000000000000000000e+00
0.000000000000000000e+00
0.000000000000000000e+00
0.000000000000000000e+00
0.000000000000000000e+00
0.000000000000000000e+00
0.000000000000000000e+00
0.000000000000000000e+00
0.000000000000000000e+00
0.000000000000000000e+00
0.000000000000000000e+00
0.000000000000000000e+00
0.000000000000000000e+00
0.000000000000000000e+00
0.000000000000000000e+00
0.000000000000000000e+00
0.000000000000000000e+00
0.000000000000000000e+00
0.000000000000000000e+00
0.000000000000000000e+00
0.000000000000000000e+00
0.000000000000000000e+00
0.000000000000000000e+00
0.000000000000000000e+00
0.000000000000000000e+00
0.000000000000000000e+00
-7.812500931322574832e-04
-1.562500186264514966e-03
7.812500000000000434e-04
7.812500000000000434e-04
7.812500000000000434e-04
7.812500000000000434e-04
7.812500000000000434e-04
7.812500000000000434e-04
-1.562500186264514966e-03
-2.343750372529029673e-03
-2.343750372529029673e-03
-2.343750372529029673e-03
-2.343750372529029673e-03
-2.343750372529029673e-03
-1.862645149230957135e-10
7.812500000000000434e-04
7.812500000000000434e-04
7.812500000000000434e-04
7.812500000000000434e-04
7.812500000000000434e-04
7.812500000000000434e-04
7.812500000000000434e-04
7.812500000000000434e-04
7.812500000000000434e-04
-9.313225746154785673e-11
-7.812501862645149231e-04
1.562500000000000087e-03
1.562500000000000087e-03
1.562500000000000087e-03
1.562500000000000087e-03
1.562500000000000087e-03
1.562500000000000087e-03
1.562500000000000087e-03
1.562500000000000087e-03
1.562500000000000087e-03
1.562500000000000087e-03
1.562500000000000087e-03
1.562500000000000087e-03
1.562500000000000087e-03
1.562500000000000087e-03
1.562500000000000087e-03
1.562500000000000087e-03
1.562500000000000087e-03
1.562500000000000087e-03
1.562500000000000087e-03
-7.812501862645149231e-04
1.562500000000000087e-03
1.562500000000000087e-03
1.562500000000000087e-03
1.562500000000000087e-03
1.562500000000000087e-03
1.562500000000000087e-03
1.562500000000000087e-03
1.562500000000000087e-03
1.562500000000000087e-03
1.562500000000000087e-03
1.562500000000000087e-03
1.562500000000000087e-03
1.562500000000000087e-03
1.562500000000000087e-03
1.562500000000000087e-03
-7.812501862645149231e-04
-1.562500372529029846e-03
-1.562500372529029846e-03
-1.562500372529029846e-03
-1.562500372529029846e-03
-1.562500372529029846e-03
-1.562500372529029846e-03
-1.562500372529029846e-03
-1.562500372529029846e-03
7.812498137354850552e-04
7.812498137354850552e-04
-7.812503725290298028e-04
-1.562500558793544726e-03
-1.562500558793544726e-03
-1.562500558793544726e-03
-1.562500558793544726e-03
7.812496274709701755e-04
7.812496274709701755e-04
7.812496274709701755e-04
1.562499720603227659e-03
2.343749813735485250e-03
-3.725290298461914269e-10
-3.725290298461914269e-10
-3.725290298461914269e-10
-3.725290298461914269e-10
-3.725290298461914269e-10
-3.725290298461914269e-10
2.343749813735485250e-03
3.125000000000000173e-03
3.125000000000000173e-03
3.125000000000000173e-03
3.125000000000000173e-03
3.125000000000000173e-03
7.812498137354850552e-04
-3.725290298461914269e-10
7.812497206032276154e-04
1.562499813735484990e-03
1.562499813735484990e-03
-3.725290298461914269e-10
-7.812505587935447910e-04
-7.812505587935447910e-04
-7.812505587935447910e-04
-7.812505587935447910e-04
2.343749720603227702e-03
3.124999813735485077e-03
-1.562500558793544726e-03
-1.562500558793544726e-03
7.812496274709701755e-04
-4.656612873077392578e-10
-7.812505587935447910e-04
-7.812505587935447910e-04
-7.812505587935447910e-04
-7.812505587935447910e-04
-7.812505587935447910e-04
-7.812505587935447910e-04
-7.812505587935447910e-04
-7.812505587935447910e-04
-7.812505587935447910e-04
-4.656612873077392578e-10
7.812496274709701755e-04
7.812496274709701755e-04
7.812496274709701755e-04
7.812496274709701755e-04
7.812496274709701755e-04
3.124999813735485077e-03
7.812496274709701755e-04
7.812496274709701755e-04
7.812496274709701755e-04
7.812496274709701755e-04
7.812496274709701755e-04
7.812496274709701755e-04
7.812496274709701755e-04
7.812496274709701755e-04
7.812496274709701755e-04
7.812496274709701755e-04
7.812496274709701755e-04
7.812496274709701755e-04
7.812496274709701755e-04
7.812496274709701755e-04
7.812496274709701755e-04
3.124999813735485077e-03
3.906250000000000000e-03
3.906250000000000000e-03
3.906250000000000000e-03
3.906250000000000000e-03
3.906250000000000000e-03
3.906250000000000000e-03
3.906250000000000000e-03
3.906250000000000000e-03
1.562499813735484990e-03
1.562499813735484990e-03
3.125000000000000173e-03
3.906250186264515097e-03
3.906250186264515097e-03
3.125000093132257288e-03
2.343749999999999913e-03
-1.862645149230957135e-10
-1.862645149230957135e-10
2.343749999999999913e-03
3.125000186264514836e-03
2.343749999999999913e-03
1.562499813735484990e-03
1.562499813735484990e-03
1.562499813735484990e-03
2.343749999999999913e-03
2.343749999999999913e-03
2.343749999999999913e-03
2.343749999999999913e-03
2.343749999999999913e-03
2.343749999999999913e-03
2.343749999999999913e-03
2.343749999999999913e-03
2.343749999999999913e-03
2.343749999999999913e-03
2.343749999999999913e-03
1.562499906867742538e-03
1.562499906867742538e-03
2.343749999999999913e-03
3.906250186264515097e-03
4.687500372529030020e-03
4.687500372529030020e-03
4.687500372529030020e-03
4.687500372529030020e-03
2.343750186264515010e-03
2.343750186264515010e-03
4.687500372529030020e-03
4.687500372529030020e-03
2.343750186264515010e-03
7.812500931322574832e-04
7.812500000000000434e-04
7.812500000000000434e-04
7.812500000000000434e-04
7.812500000000000434e-04
7.812500000000000434e-04
7.812500000000000434e-04
7.812500000000000434e-04
7.812500000000000434e-04
7.812500000000000434e-04
-9.313225746154785673e-11
-7.812501862645149231e-04
-7.812501862645149231e-04
-7.812501862645149231e-04
0.000000000000000000e+00
0.000000000000000000e+00
0.000000000000000000e+00
0.000000000000000000e+00
0.000000000000000000e+00
0.000000000000000000e+00
-7.812501862645149231e-04
-7.812501862645149231e-04
-7.812501862645149231e-04
-7.812501862645149231e-04
-7.812501862645149231e-04
-7.812501862645149231e-04
-7.812501862645149231e-04
-7.812501862645149231e-04
-7.812501862645149231e-04
-1.562500279396772298e-03
-2.343750372529029673e-03
-2.343750372529029673e-03
-2.343750372529029673e-03
-2.343750372529029673e-03
-2.343750372529029673e-03
-2.343750372529029673e-03
-2.343750372529029673e-03
-2.343750372529029673e-03
-2.343750372529029673e-03
-2.343750372529029673e-03
-2.343750372529029673e-03
-2.343750372529029673e-03
-2.343750372529029673e-03
-2.343750372529029673e-03
-2.343750372529029673e-03
-2.343750372529029673e-03
-1.562500279396772298e-03
-7.812501862645149231e-04
-7.812501862645149231e-04
-7.812501862645149231e-04
-3.125000372529029933e-03
-3.906250558793544422e-03
-3.125000372529029933e-03
-2.343750186264515010e-03
-2.343750186264515010e-03
-2.343750186264515010e-03
-3.125000372529029933e-03
-3.125000372529029933e-03
-3.125000372529029933e-03
-3.125000372529029933e-03
-3.125000372529029933e-03
-3.125000372529029933e-03
-3.125000372529029933e-03
-3.125000372529029933e-03
-3.125000372529029933e-03
-3.125000372529029933e-03
-3.125000372529029933e-03
-3.125000372529029933e-03
-3.906250465661287308e-03
-4.687500558793545116e-03
-4.687500558793545116e-03
-4.687500558793545116e-03
-4.687500558793545116e-03
-4.687500558793545116e-03
-4.687500558793545116e-03
-4.687500558793545116e-03
-4.687500558793545116e-03
-4.687500558793545116e-03
-4.687500558793545116e-03
-4.687500558793545116e-03
-2.343750372529029673e-03
-1.562500186264514966e-03
-1.562500186264514966e-03
-1.562500186264514966e-03
-1.562500186264514966e-03
-1.562500186264514966e-03
-1.562500186264514966e-03
-1.562500186264514966e-03
-1.562500186264514966e-03
-1.562500186264514966e-03
-1.562500186264514966e-03
-1.562500186264514966e-03
-1.562500186264514966e-03
-1.562500186264514966e-03
-2.343750372529029673e-03
-2.343750372529029673e-03
-2.343750372529029673e-03
-2.343750372529029673e-03
-2.343750372529029673e-03
-2.343750372529029673e-03
-1.562500186264514966e-03
-1.562500186264514966e-03
-1.562500186264514966e-03
-1.562500186264514966e-03
-1.562500186264514966e-03
-1.562500186264514966e-03
-1.562500186264514966e-03
-1.562500186264514966e-03
-1.562500186264514966e-03
-7.812500931322574832e-04
0.000000000000000000e+00
0.000000000000000000e+00
0.000000000000000000e+00
0.000000000000000000e+00
0.000000000000000000e+00
0.000000000000000000e+00
0.000000000000000000e+00
0.000000000000000000e+00
0.000000000000000000e+00
0.000000000000000000e+00
0.000000000000000000e+00
0.000000000000000000e+00
0.000000000000000000e+00
0.000000000000000000e+00
0.000000000000000000e+00
0.000000000000000000e+00
0.000000000000000000e+00
0.000000000000000000e+00
0.000000000000000000e+00
0.000000000000000000e+00
0.000000000000000000e+00
0.000000000000000000e+00
0.000000000000000000e+00
0.000000000000000000e+00
0.000000000000000000e+00
0.000000000000000000e+00
0.000000000000000000e+00
0.000000000000000000e+00
0.000000000000000000e+00
0.000000000000000000e+00
0.000000000000000000e+00
0.000000000000000000e+00
0.000000000000000000e+00
0.000000000000000000e+00
0.000000000000000000e+00
0.000000000000000000e+00
0.000000000000000000e+00
0.000000000000000000e+00
0.000000000000000000e+00
0.000000000000000000e+00
0.000000000000000000e+00
0.000000000000000000e+00
0.000000000000000000e+00
0.000000000000000000e+00
0.000000000000000000e+00
0.000000000000000000e+00
0.000000000000000000e+00
0.000000000000000000e+00
0.000000000000000000e+00
0.000000000000000000e+00
0.000000000000000000e+00
0.000000000000000000e+00
0.000000000000000000e+00
0.000000000000000000e+00
0.000000000000000000e+00
0.000000000000000000e+00
0.000000000000000000e+00
0.000000000000000000e+00
0.000000000000000000e+00
0.000000000000000000e+00
0.000000000000000000e+00
0.000000000000000000e+00
0.000000000000000000e+00
0.000000000000000000e+00
0.000000000000000000e+00
0.000000000000000000e+00
0.000000000000000000e+00
0.000000000000000000e+00
0.000000000000000000e+00
0.000000000000000000e+00
0.000000000000000000e+00
0.000000000000000000e+00
0.000000000000000000e+00
0.000000000000000000e+00
0.000000000000000000e+00
0.000000000000000000e+00
0.000000000000000000e+00
0.000000000000000000e+00
0.000000000000000000e+00
0.000000000000000000e+00
0.000000000000000000e+00
0.000000000000000000e+00
0.000000000000000000e+00
0.000000000000000000e+00
0.000000000000000000e+00
0.000000000000000000e+00
0.000000000000000000e+00
0.000000000000000000e+00
0.000000000000000000e+00
0.000000000000000000e+00
0.000000000000000000e+00
0.000000000000000000e+00
0.000000000000000000e+00
0.000000000000000000e+00
0.000000000000000000e+00
0.000000000000000000e+00
0.000000000000000000e+00
0.000000000000000000e+00
0.000000000000000000e+00
0.000000000000000000e+00
0.000000000000000000e+00
0.000000000000000000e+00
0.000000000000000000e+00
0.000000000000000000e+00
0.000000000000000000e+00
0.000000000000000000e+00
0.000000000000000000e+00
0.000000000000000000e+00
0.000000000000000000e+00
0.000000000000000000e+00
0.000000000000000000e+00
0.000000000000000000e+00
0.000000000000000000e+00
0.000000000000000000e+00
0.000000000000000000e+00
0.000000000000000000e+00
0.000000000000000000e+00
0.000000000000000000e+00
0.000000000000000000e+00
