6.367627860468696888e+00
6.367627860468696888e+00
6.367627860468696888e+00
6.388396738531930907e+00
6.389682440207504754e+00
6.389682440207504754e+00
6.397073524503530173e+00
6.386269620448602247e+00
6.386269620448602247e+00
6.391614357258963430e+00
6.391614357258963430e+00
6.397214885698085496e+00
6.384519453504426956e+00
6.384519453504426956e+00
6.392085551603752691e+00
6.392085551603752691e+00
6.396245566248158099e+00
6.383435696392500525e+00
6.383435696392500525e+00
6.395417600764992550e+00
6.395417600764992550e+00
6.396205177335428260e+00
6.381799959882532569e+00
6.381799959882532569e+00
6.393573197842977507e+00
6.393573197842977507e+00
6.515054908838201264e+00
6.515054908838201264e+00
6.404612706298096647e+00
6.404612706298096647e+00
6.501942129364863376e+00
6.501942129364863376e+00
6.540715037462246251e+00
6.540715037462246251e+00
6.725909521053745621e+00
6.725909521053745621e+00
6.577630077257438757e+00
6.577630077257438757e+00
6.774671840330857009e+00
6.774671840330857009e+00
6.774671840330857009e+00
6.597932003690946345e+00
6.597932003690946345e+00
6.761754269117184357e+00
6.761754269117184357e+00
6.645496128194134045e+00
6.645496128194134045e+00
7.026574576225650404e+00
7.026574576225650404e+00
6.398978518022434336e+00
6.398978518022434336e+00
6.370787382187761416e+00
6.370787382187761416e+00
6.276332264862030996e+00
6.276332264862030996e+00
6.303049227065446125e+00
6.303049227065446125e+00
6.462523005891598338e+00
6.462523005891598338e+00
6.571814138874493061e+00
6.571814138874493061e+00
6.640898579041479621e+00
6.640898579041479621e+00
6.744124711088859137e+00
6.744124711088859137e+00
6.700653281556997243e+00
6.700653281556997243e+00
6.924526437268037071e+00
6.924526437268037071e+00
7.063011692599864055e+00
7.063011692599864055e+00
7.595768953262002299e+00
7.595768953262002299e+00
7.582292673574097641e+00
7.582292673574097641e+00
1.362167126737152323e+01
1.362167126737152323e+01
1.362167126737152323e+01
1.872221369737951235e+01
1.872221369737951235e+01
2.124034580731015964e+01
2.254522245891029897e+01
2.254522245891029897e+01
2.366204377210248921e+01
2.366204377210248921e+01
2.401406273713122985e+01
2.401406273713122985e+01
2.393113852428956534e+01
2.393113852428956534e+01
2.427239396694831086e+01
2.427239396694831086e+01
2.451425344459826405e+01
2.451425344459826405e+01
2.473442432908510114e+01
2.473442432908510114e+01
2.514959736546367353e+01
2.514959736546367353e+01
2.604926346110461921e+01
2.604926346110461921e+01
2.604926346110461921e+01
2.501299017289040449e+01
2.604016259877715100e+01
2.604016259877715100e+01
2.604016259877715100e+01
2.513586529414700976e+01
2.513586529414700976e+01
2.484668401824245976e+01
2.484668401824245976e+01
2.474370694151985361e+01
2.651542690712546246e+01
2.651542690712546246e+01
2.651542690712546246e+01
2.596677679722679599e+01
2.596677679722679599e+01
2.630779664271314289e+01
2.630779664271314289e+01
2.690343198141220071e+01
2.690343198141220071e+01
2.691625530942024014e+01
2.691625530942024014e+01
2.450423710988597037e+01
2.450423710988597037e+01
2.090453607374360345e+01
2.090453607374360345e+01
2.018585059998463649e+01
2.018585059998463649e+01
2.076271877647832653e+01
2.076271877647832653e+01
2.121611947063243520e+01
2.121611947063243520e+01
2.011099734665141980e+01
2.011099734665141980e+01
1.861740568311507005e+01
1.861740568311507005e+01
1.851941657929224405e+01
1.851941657929224405e+01
2.046164310310293288e+01
2.046164310310293288e+01
2.195495205147797080e+01
2.195495205147797080e+01
2.239033276385662674e+01
2.239033276385662674e+01
2.186201150392401971e+01
2.186201150392401971e+01
1.904262870681467845e+01
1.904262870681467845e+01
1.936500927868225119e+01
1.936500927868225119e+01
1.198299756985394637e+01
1.198299756985394637e+01
1.155253751070199186e+01
1.155253751070199186e+01
1.152553783333726223e+01
1.152553783333726223e+01
1.152553783333726223e+01
1.150051046193671667e+01
1.150051046193671667e+01
1.149305206519540690e+01
1.149305206519540690e+01
1.149015082869402349e+01
1.149015082869402349e+01
1.148785541865579063e+01
1.148785541865579063e+01
1.145530233084085658e+01
1.145530233084085658e+01
1.144746023942861335e+01
1.144746023942861335e+01
1.144759486431918383e+01
1.144759486431918383e+01
1.145321559444246340e+01
1.145321559444246340e+01
1.147014508280200396e+01
1.147014508280200396e+01
1.147921902159691854e+01
1.147921902159691854e+01
1.147921902159691854e+01
1.146604565875448500e+01
1.146604565875448500e+01
1.146730442966971353e+01
1.147558406281799925e+01
1.147558406281799925e+01
1.147984504251643578e+01
1.147984504251643578e+01
1.147984504251643578e+01
1.147342327767033865e+01
1.147342327767033865e+01
1.146468590832964374e+01
1.146468590832964374e+01
1.146203373438082451e+01
1.146203373438082451e+01
1.146772177694939288e+01
