4.114493189193449751e+00
4.140059450457146184e+00
4.128144858529941175e+00
4.136619699937893913e+00
4.139056471170680318e+00
4.137716922429993005e+00
4.138282359980417269e+00
4.127438059784963365e+00
4.137676533517264055e+00
4.137366887595600673e+00
4.138019839275467682e+00
4.135939831953264978e+00
4.128057351628291016e+00
4.132150046599617710e+00
4.138686241879921290e+00
4.140120033826240942e+00
4.132755873062770924e+00
4.126993788972729504e+00
4.129760400583545099e+00
4.136370637385324400e+00
4.139790193448211753e+00
4.135192644295557329e+00
4.127680393261342395e+00
4.128097740541020855e+00
4.139776735295830790e+00
4.136787984665002860e+00
4.128488164288143913e+00
4.127444796088947321e+00
4.132863574420786001e+00
4.138894915519760964e+00
4.138316019816956626e+00
4.129921949006670090e+00
4.126017733218818151e+00
4.130931664597120800e+00
4.137178408412126807e+00
4.139110325463583706e+00
4.132062539697968440e+00
4.126064858435531946e+00
4.128528553200874640e+00
4.135697498476885947e+00
4.139345922635978781e+00
4.134176199628916137e+00
4.126044663979167026e+00
4.127229386145123691e+00
4.134304095443296134e+00
4.138666047423556371e+00
4.135717692933249978e+00
4.128003504563180215e+00
4.126078316587912909e+00
4.131577879973003853e+00
4.137992908515118806e+00
4.137158213955761887e+00
4.129060330914757770e+00
4.125183038659461232e+00
4.130379685199079276e+00
4.136511998579877947e+00
4.137649609984708654e+00
4.130473928404712503e+00
4.125183038659461232e+00
4.128717032384348506e+00
4.135657109564155220e+00
4.137932325146024048e+00
4.131766359156477719e+00
4.125075337301446154e+00
4.127289969514219337e+00
4.134142547020170255e+00
4.137992908515118806e+00
4.132493352357820449e+00
4.124698378934496645e+00
