6.250000596046447754e-01
1.125000089406967163e+00
1.708333472410837883e+00
2.312500223517417908e+00
2.875000274181366056e+00
3.385416974623998154e+00
3.928571760654449463e+00
4.453125409781932831e+00
4.958333803547753327e+00
5.412500518560409368e+00
5.789773285388946533e+00
6.119792257746060393e+00
6.394231388202080701e+00
6.642857785735811760e+00
6.850000663598378559e+00
7.039063181728124619e+00
7.202206580077900711e+00
7.350695156388812990e+00
7.480263882561733801e+00
7.600000736117363154e+00
7.699405508381979679e+00
7.798296210440722298e+00
7.883152938407400612e+00
7.966146605710188844e+00
8.037500779628754088e+00
8.110577709399736435e+00
8.175926718446943298e+00
8.236607941133636146e+00
8.290949079497107022e+00
8.341667475303014001e+00
8.389113716540798293e+00
8.435547692701220512e+00
8.477273549094345384e+00
8.518383178640814180e+00
8.553572257927486433e+00
8.588542499476009340e+00
8.619933268508395585e+00
8.652961365486445899e+00
8.682693149798955901e+00
8.715625844895839691e+00
8.742378896329460858e+00
8.770834183409100149e+00
8.796512480392012279e+00
8.823864491148428968e+00
8.845834190315670753e+00
8.869566076475640770e+00
8.889628520671356782e+00
8.912761279692253069e+00
8.932398824059234244e+00
8.952500866651535105e+00
8.970589103651981588e+00
8.989183562306257258e+00
9.004717852709427817e+00
9.021991613838407531e+00
9.037500874562697462e+00
9.053572304546833038e+00
9.069079824706964388e+00
9.085130188999505307e+00
9.097458507044841269e+00
9.111459214488665026e+00
9.123976292180232761e+00
9.138105722204331371e+00
9.149802471910204460e+00
9.162110260687768459e+00
9.172116271349100458e+00
9.183713008960088686e+00
9.193097903657315939e+00
9.204045007334036299e+00
9.213769006556358221e+00
9.224108034372330067e+00
9.232395258587850151e+00
9.242188393241828948e+00
9.250857058453233250e+00
9.260980624604869149e+00
9.269167562325796084e+00
9.277139054317222744e+00
9.284903494568613525e+00
9.294071410710994741e+00
9.301424949229518901e+00
9.310157149285078759e+00
9.425782160460949299e+00
9.530469670891761780e+00
9.617969679832459207e+00
9.690625935792922974e+00
9.750000941753388162e+00
9.800782197713852284e+00
9.834375953674316051e+00
9.857813453674316051e+00
9.868750953674316762e+00
9.875000953674316406e+00
9.878907203674316406e+00
9.882813453674316406e+00
9.885157203674316051e+00
9.887500953674315696e+00
9.889844703674317117e+00
9.891407203674315696e+00
9.892188453674316762e+00
9.892969703674316051e+00
9.893750953674317117e+00
9.895313453674315696e+00
9.897657203674317117e+00
9.899219703674315696e+00
9.900782203674316051e+00
9.903125953674315696e+00
9.905469703674317117e+00
9.907032203674315696e+00
9.907813453674316762e+00
9.908594703674316051e+00
9.910157203674316406e+00
9.912500953674316051e+00
9.913282203674317117e+00
9.914844703674315696e+00
9.916407203674316051e+00
9.917188453674317117e+00
9.918750953674315696e+00
9.919532203674316762e+00
9.920313453674316051e+00
9.921094703674317117e+00
9.923438453674316762e+00
9.922657203674315696e+00
9.924219703674316051e+00
9.924219703674316051e+00
9.925782203674316406e+00
9.925000953674317117e+00
9.926563453674315696e+00
9.926563453674315696e+00
9.928125953674316051e+00
9.928125953674316051e+00
9.928907203674317117e+00
9.929688453674316406e+00
9.930469703674315696e+00
9.931250953674316762e+00
9.932032203674316051e+00
9.932032203674316051e+00
9.933594703674316406e+00
9.932813453674317117e+00
9.933594703674316406e+00
9.932813453674317117e+00
9.935157203674316762e+00
9.935938453674316051e+00
9.937500953674316406e+00
9.936719703674317117e+00
9.937500953674316406e+00
9.938282203674315696e+00
9.939844703674316051e+00
9.940625953674317117e+00
9.941407203674316406e+00
9.942969703674316762e+00
9.942969703674316762e+00
9.942188453674315696e+00
9.943750953674316051e+00
9.944532203674317117e+00
9.946094703674315696e+00
9.945313453674316406e+00
9.946875953674316762e+00
9.947657203674316051e+00
9.950000953674315696e+00
9.949219703674316406e+00
9.951563453674316051e+00
9.950000953674315696e+00
9.952344703674317117e+00
9.951563453674316051e+00
9.953125953674316406e+00
9.952344703674317117e+00
9.953907203674315696e+00
9.952344703674317117e+00
9.953125953674316406e+00
9.952344703674317117e+00
9.953125953674316406e+00
9.953125953674316406e+00
9.953125953674316406e+00
9.952344703674317117e+00
9.953125953674316406e+00
9.953125953674316406e+00
9.953125953674316406e+00
9.953907203674315696e+00
9.954688453674316762e+00
9.954688453674316762e+00
9.957032203674316406e+00
9.956250953674317117e+00
9.958594703674316762e+00
9.957813453674315696e+00
9.959375953674316051e+00
9.957813453674315696e+00
9.957032203674316406e+00
9.955469703674316051e+00
9.954688453674316762e+00
9.956250953674317117e+00
9.956250953674317117e+00
9.956250953674317117e+00
9.957032203674316406e+00
9.956250953674317117e+00
9.957032203674316406e+00
9.956250953674317117e+00
9.957813453674315696e+00
9.958594703674316762e+00
9.960938453674316406e+00
9.961719703674315696e+00
9.960938453674316406e+00
9.961719703674315696e+00
9.962500953674316762e+00
9.964063453674317117e+00
9.962500953674316762e+00
9.963282203674316051e+00
9.963282203674316051e+00
9.964063453674317117e+00
9.964063453674317117e+00
9.964063453674317117e+00
9.965625953674315696e+00
9.964844703674316406e+00
9.966407203674316762e+00
9.965625953674315696e+00
9.967188453674316051e+00
9.967969703674317117e+00
9.967188453674316051e+00
9.969532203674315696e+00
9.968750953674316406e+00
9.971094703674316051e+00
9.970313453674316762e+00
9.971094703674316051e+00
9.970313453674316762e+00
9.970313453674316762e+00
9.970313453674316762e+00
9.969532203674315696e+00
9.970313453674316762e+00
9.970313453674316762e+00
9.972657203674316406e+00
9.971094703674316051e+00
9.972657203674316406e+00
9.975000953674316051e+00
9.975000953674316051e+00
9.976563453674316406e+00
9.976563453674316406e+00
9.977344703674315696e+00
9.977344703674315696e+00
9.977344703674315696e+00
9.977344703674315696e+00
9.977344703674315696e+00
9.976563453674316406e+00
9.977344703674315696e+00
9.976563453674316406e+00
9.977344703674315696e+00
9.975000953674316051e+00
9.978125953674316762e+00
9.978125953674316762e+00
9.980469703674316406e+00
9.982032203674316762e+00
9.982032203674316762e+00
9.982813453674316051e+00
9.982813453674316051e+00
9.983594703674317117e+00
9.984375953674316406e+00
9.985157203674315696e+00
9.984375953674316406e+00
9.985938453674316762e+00
9.984375953674316406e+00
9.986719703674316051e+00
9.986719703674316051e+00
9.985938453674316762e+00
9.986719703674316051e+00
9.985157203674315696e+00
9.985938453674316762e+00
9.985157203674315696e+00
9.986719703674316051e+00
9.988282203674316406e+00
9.989063453674315696e+00
9.990625953674316051e+00
9.989063453674315696e+00
9.990625953674316051e+00
9.990625953674316051e+00
9.990625953674316051e+00
9.991407203674317117e+00
9.991407203674317117e+00
9.993750953674316762e+00
9.993750953674316762e+00
9.993750953674316762e+00
9.994532203674316051e+00
9.993750953674316762e+00
9.994532203674316051e+00
9.993750953674316762e+00
9.992969703674315696e+00
9.991407203674317117e+00
9.991407203674317117e+00
9.992188453674316406e+00
9.992188453674316406e+00
9.991407203674317117e+00
9.992969703674315696e+00
9.992188453674316406e+00
9.992188453674316406e+00
9.992188453674316406e+00
9.990625953674316051e+00
9.991407203674317117e+00
9.991407203674317117e+00
9.992188453674316406e+00
9.992188453674316406e+00
9.991407203674317117e+00
9.992969703674315696e+00
9.990625953674316051e+00
9.991407203674317117e+00
9.989844703674316762e+00
9.989844703674316762e+00
9.990625953674316051e+00
9.990625953674316051e+00
9.991407203674317117e+00
9.992969703674315696e+00
9.991407203674317117e+00
9.991407203674317117e+00
9.992188453674316406e+00
9.992188453674316406e+00
9.992188453674316406e+00
9.992969703674315696e+00
9.992188453674316406e+00
9.992188453674316406e+00
9.991407203674317117e+00
9.992188453674316406e+00
9.992969703674315696e+00
9.992969703674315696e+00
9.993750953674316762e+00
9.992969703674315696e+00
9.994532203674316051e+00
9.992969703674315696e+00
9.992969703674315696e+00
9.995313453674317117e+00
9.992969703674315696e+00
9.993750953674316762e+00
9.992188453674316406e+00
9.991407203674317117e+00
9.992969703674315696e+00
9.992188453674316406e+00
9.993750953674316762e+00
9.993750953674316762e+00
9.992969703674315696e+00
9.992969703674315696e+00
9.992969703674315696e+00
9.992969703674315696e+00
9.994532203674316051e+00
9.992969703674315696e+00
9.993750953674316762e+00
9.994532203674316051e+00
9.993750953674316762e+00
9.995313453674317117e+00
9.993750953674316762e+00
9.993750953674316762e+00
9.992969703674315696e+00
9.991407203674317117e+00
9.993750953674316762e+00
9.992969703674315696e+00
9.993750953674316762e+00
9.993750953674316762e+00
9.992969703674315696e+00
9.996094703674316406e+00
9.994532203674316051e+00
9.993750953674316762e+00
9.993750953674316762e+00
9.992188453674316406e+00
9.993750953674316762e+00
9.992969703674315696e+00
9.992969703674315696e+00
9.993750953674316762e+00
9.994532203674316051e+00
9.994532203674316051e+00
9.995313453674317117e+00
9.996094703674316406e+00
9.995313453674317117e+00
9.996094703674316406e+00
9.996094703674316406e+00
9.995313453674317117e+00
9.996875953674315696e+00
9.994532203674316051e+00
9.995313453674317117e+00
9.995313453674317117e+00
9.995313453674317117e+00
9.996094703674316406e+00
9.994532203674316051e+00
9.996875953674315696e+00
9.996875953674315696e+00
9.995313453674317117e+00
9.996875953674315696e+00
9.996875953674315696e+00
9.998438453674316051e+00
9.999219703674317117e+00
9.998438453674316051e+00
9.999219703674317117e+00
9.998438453674316051e+00
9.995313453674317117e+00
9.996875953674315696e+00
9.995313453674317117e+00
9.995313453674317117e+00
9.996094703674316406e+00
9.995313453674317117e+00
9.996094703674316406e+00
9.994532203674316051e+00
9.994532203674316051e+00
9.996875953674315696e+00
9.996094703674316406e+00
9.997657203674316762e+00
9.996094703674316406e+00
9.996094703674316406e+00
9.996875953674315696e+00
9.996094703674316406e+00
9.997657203674316762e+00
9.997657203674316762e+00
9.996875953674315696e+00
9.997657203674316762e+00
9.995313453674317117e+00
9.995313453674317117e+00
9.996094703674316406e+00
9.993750953674316762e+00
9.995313453674317117e+00
9.993750953674316762e+00
9.994532203674316051e+00
9.996094703674316406e+00
9.996094703674316406e+00
9.996875953674315696e+00
9.996094703674316406e+00
9.994532203674316051e+00
9.996094703674316406e+00
9.995313453674317117e+00
9.995313453674317117e+00
9.995313453674317117e+00
9.994532203674316051e+00
9.996875953674315696e+00
9.996094703674316406e+00
9.996875953674315696e+00
9.999219703674317117e+00
9.995313453674317117e+00
9.995313453674317117e+00
9.996094703674316406e+00
9.994532203674316051e+00
9.995313453674317117e+00
9.993750953674316762e+00
9.994532203674316051e+00
9.995313453674317117e+00
9.994532203674316051e+00
9.996094703674316406e+00
9.996094703674316406e+00
9.996094703674316406e+00
9.997657203674316762e+00
9.996875953674315696e+00
9.996875953674315696e+00
9.998438453674316051e+00
9.998438453674316051e+00
9.999219703674317117e+00
1.000000095367431641e+01
9.999219703674317117e+00
1.000000095367431641e+01
1.000000095367431641e+01
9.996875953674315696e+00
9.999219703674317117e+00
9.998438453674316051e+00
1.000000095367431641e+01
1.000000095367431641e+01
9.998438453674316051e+00
1.000078220367431570e+01
9.998438453674316051e+00
9.998438453674316051e+00
9.999219703674317117e+00
9.997657203674316762e+00
9.998438453674316051e+00
9.996875953674315696e+00
9.996875953674315696e+00
9.998438453674316051e+00
9.997657203674316762e+00
1.000000095367431641e+01
1.000078220367431570e+01
1.000078220367431570e+01
1.000156345367431676e+01
1.000000095367431641e+01
1.000000095367431641e+01
9.999219703674317117e+00
9.996875953674315696e+00
9.998438453674316051e+00
9.997657203674316762e+00
9.997657203674316762e+00
9.997657203674316762e+00
9.996875953674315696e+00
9.998438453674316051e+00
9.998438453674316051e+00
9.998438453674316051e+00
9.997657203674316762e+00
9.996875953674315696e+00
9.997657203674316762e+00
9.997657203674316762e+00
9.997657203674316762e+00
9.999219703674317117e+00
9.998438453674316051e+00
9.998438453674316051e+00
9.999219703674317117e+00
9.997657203674316762e+00
9.997657203674316762e+00
9.996094703674316406e+00
9.994532203674316051e+00
9.994532203674316051e+00
9.992969703674315696e+00
9.993750953674316762e+00
9.994532203674316051e+00
9.992969703674315696e+00
9.993750953674316762e+00
9.992188453674316406e+00
9.993750953674316762e+00
9.992969703674315696e+00
9.992188453674316406e+00
9.994532203674316051e+00
9.993750953674316762e+00
9.992969703674315696e+00
9.994532203674316051e+00
9.993750953674316762e+00
9.993750953674316762e+00
9.993750953674316762e+00
9.993750953674316762e+00
9.992969703674315696e+00
9.992188453674316406e+00
9.993750953674316762e+00
9.992969703674315696e+00
9.992969703674315696e+00
9.992969703674315696e+00
9.991407203674317117e+00
9.992188453674316406e+00
9.991407203674317117e+00
9.990625953674316051e+00
9.990625953674316051e+00
9.989844703674316762e+00
9.992188453674316406e+00
9.991407203674317117e+00
9.992188453674316406e+00
9.992188453674316406e+00
9.991407203674317117e+00
9.993750953674316762e+00
9.992188453674316406e+00
9.993750953674316762e+00
9.992188453674316406e+00
9.991407203674317117e+00
9.992969703674315696e+00
9.989844703674316762e+00
9.992188453674316406e+00
9.992188453674316406e+00
9.992188453674316406e+00
9.992969703674315696e+00
9.992188453674316406e+00
9.993750953674316762e+00
9.992969703674315696e+00
9.992969703674315696e+00
9.993750953674316762e+00
9.992188453674316406e+00
9.992969703674315696e+00
9.992188453674316406e+00
9.992969703674315696e+00
9.992969703674315696e+00
9.992969703674315696e+00
9.992188453674316406e+00
9.993750953674316762e+00
9.992969703674315696e+00
9.993750953674316762e+00
9.992188453674316406e+00
9.991407203674317117e+00
9.991407203674317117e+00
9.989844703674316762e+00
9.989844703674316762e+00
9.989844703674316762e+00
9.989844703674316762e+00
9.991407203674317117e+00
9.989844703674316762e+00
9.992188453674316406e+00
9.992188453674316406e+00
9.992188453674316406e+00
9.992969703674315696e+00
9.991407203674317117e+00
9.992969703674315696e+00
9.992969703674315696e+00
9.993750953674316762e+00
9.994532203674316051e+00
9.994532203674316051e+00
9.995313453674317117e+00
9.996094703674316406e+00
9.996094703674316406e+00
9.996094703674316406e+00
9.996875953674315696e+00
9.996875953674315696e+00
9.997657203674316762e+00
9.996875953674315696e+00
9.996875953674315696e+00
9.997657203674316762e+00
9.995313453674317117e+00
9.995313453674317117e+00
9.995313453674317117e+00
9.995313453674317117e+00
9.996875953674315696e+00
9.995313453674317117e+00
9.996875953674315696e+00
9.995313453674317117e+00
9.996094703674316406e+00
9.997657203674316762e+00
9.996094703674316406e+00
9.996875953674315696e+00
9.996094703674316406e+00
9.996094703674316406e+00
9.996875953674315696e+00
9.997657203674316762e+00
9.997657203674316762e+00
9.999219703674317117e+00
9.998438453674316051e+00
9.999219703674317117e+00
9.997657203674316762e+00
9.996094703674316406e+00
9.996875953674315696e+00
9.995313453674317117e+00
9.996875953674315696e+00
9.996094703674316406e+00
9.996875953674315696e+00
9.996094703674316406e+00
9.996875953674315696e+00
9.997657203674316762e+00
9.996094703674316406e+00
9.998438453674316051e+00
9.996875953674315696e+00
9.996875953674315696e+00
9.996875953674315696e+00
9.996875953674315696e+00
9.997657203674316762e+00
9.996094703674316406e+00
9.997657203674316762e+00
9.995313453674317117e+00
9.995313453674317117e+00
9.994532203674316051e+00
9.993750953674316762e+00
9.995313453674317117e+00
9.993750953674316762e+00
9.996094703674316406e+00
9.995313453674317117e+00
9.996094703674316406e+00
9.996875953674315696e+00
9.996094703674316406e+00
9.997657203674316762e+00
9.997657203674316762e+00
9.997657203674316762e+00
9.997657203674316762e+00
9.997657203674316762e+00
1.000000095367431641e+01
9.999219703674317117e+00
9.999219703674317117e+00
9.999219703674317117e+00
9.998438453674316051e+00
9.997657203674316762e+00
9.996875953674315696e+00
9.996094703674316406e+00
9.997657203674316762e+00
9.997657203674316762e+00
9.997657203674316762e+00
9.998438453674316051e+00
9.997657203674316762e+00
9.999219703674317117e+00
9.997657203674316762e+00
9.997657203674316762e+00
9.996875953674315696e+00
9.996094703674316406e+00
9.996875953674315696e+00
9.994532203674316051e+00
9.996094703674316406e+00
9.996094703674316406e+00
9.994532203674316051e+00
9.994532203674316051e+00
9.991407203674317117e+00
9.993750953674316762e+00
9.991407203674317117e+00
9.989844703674316762e+00
9.989844703674316762e+00
9.988282203674316406e+00
9.989063453674315696e+00
9.988282203674316406e+00
9.989063453674315696e+00
9.989063453674315696e+00
9.988282203674316406e+00
9.989063453674315696e+00
9.989844703674316762e+00
9.990625953674316051e+00
9.989844703674316762e+00
9.989063453674315696e+00
9.987500953674317117e+00
9.987500953674317117e+00
9.986719703674316051e+00
9.985938453674316762e+00
9.984375953674316406e+00
9.982813453674316051e+00
9.982032203674316762e+00
9.980469703674316406e+00
9.981250953674315696e+00
9.979688453674317117e+00
9.981250953674315696e+00
9.980469703674316406e+00
9.980469703674316406e+00
9.980469703674316406e+00
9.979688453674317117e+00
9.981250953674315696e+00
9.979688453674317117e+00
9.978125953674316762e+00
9.976563453674316406e+00
9.975000953674316051e+00
9.975782203674317117e+00
9.974219703674316762e+00
9.975000953674316051e+00
9.973438453674315696e+00
9.973438453674315696e+00
9.973438453674315696e+00
9.972657203674316406e+00
9.974219703674316762e+00
9.973438453674315696e+00
9.974219703674316762e+00
9.974219703674316762e+00
9.974219703674316762e+00
9.976563453674316406e+00
9.975782203674317117e+00
9.976563453674316406e+00
9.975782203674317117e+00
9.975000953674316051e+00
9.976563453674316406e+00
9.975000953674316051e+00
9.975782203674317117e+00
9.973438453674315696e+00
9.973438453674315696e+00
9.974219703674316762e+00
9.972657203674316406e+00
9.974219703674316762e+00
9.973438453674315696e+00
9.971875953674317117e+00
9.974219703674316762e+00
9.973438453674315696e+00
9.974219703674316762e+00
9.975000953674316051e+00
9.974219703674316762e+00
9.976563453674316406e+00
9.975782203674317117e+00
9.976563453674316406e+00
9.975782203674317117e+00
9.975782203674317117e+00
9.977344703674315696e+00
9.975782203674317117e+00
9.977344703674315696e+00
9.976563453674316406e+00
9.975000953674316051e+00
9.976563453674316406e+00
9.977344703674315696e+00
9.978125953674316762e+00
9.977344703674315696e+00
9.978907203674316051e+00
9.979688453674317117e+00
9.979688453674317117e+00
9.979688453674317117e+00
9.980469703674316406e+00
9.980469703674316406e+00
9.981250953674315696e+00
9.981250953674315696e+00
9.982813453674316051e+00
9.982032203674316762e+00
9.982032203674316762e+00
9.981250953674315696e+00
9.982032203674316762e+00
9.983594703674317117e+00
9.982032203674316762e+00
9.982813453674316051e+00
9.981250953674315696e+00
9.982813453674316051e+00
9.983594703674317117e+00
9.983594703674317117e+00
9.985938453674316762e+00
9.985157203674315696e+00
9.986719703674316051e+00
9.986719703674316051e+00
9.985938453674316762e+00
9.987500953674317117e+00
9.987500953674317117e+00
9.989063453674315696e+00
9.990625953674316051e+00
9.989063453674315696e+00
9.990625953674316051e+00
9.992188453674316406e+00
9.992969703674315696e+00
9.995313453674317117e+00
9.994532203674316051e+00
9.995313453674317117e+00
9.995313453674317117e+00
9.995313453674317117e+00
9.996875953674315696e+00
9.995313453674317117e+00
9.996875953674315696e+00
9.995313453674317117e+00
9.994532203674316051e+00
9.995313453674317117e+00
9.994532203674316051e+00
9.994532203674316051e+00
9.993750953674316762e+00
9.992188453674316406e+00
9.992969703674315696e+00
9.992188453674316406e+00
9.992188453674316406e+00
9.992188453674316406e+00
9.992188453674316406e+00
9.992188453674316406e+00
9.992188453674316406e+00
9.992188453674316406e+00
9.992188453674316406e+00
9.993750953674316762e+00
9.992188453674316406e+00
9.992188453674316406e+00
9.994532203674316051e+00
9.992188453674316406e+00
9.992188453674316406e+00
9.992188453674316406e+00
9.989844703674316762e+00
9.991407203674317117e+00
9.989063453674315696e+00
9.988282203674316406e+00
9.989063453674315696e+00
9.989844703674316762e+00
9.990625953674316051e+00
9.988282203674316406e+00
9.990625953674316051e+00
9.991407203674317117e+00
9.989844703674316762e+00
9.990625953674316051e+00
9.990625953674316051e+00
9.990625953674316051e+00
9.991407203674317117e+00
9.992188453674316406e+00
9.991407203674317117e+00
9.992969703674315696e+00
9.992188453674316406e+00
9.991407203674317117e+00
9.990625953674316051e+00
9.989844703674316762e+00
9.988282203674316406e+00
9.987500953674317117e+00
9.985157203674315696e+00
9.985938453674316762e+00
9.984375953674316406e+00
9.983594703674317117e+00
9.983594703674317117e+00
9.982032203674316762e+00
9.982032203674316762e+00
9.982032203674316762e+00
9.981250953674315696e+00
9.981250953674315696e+00
9.981250953674315696e+00
9.981250953674315696e+00
9.981250953674315696e+00
9.982032203674316762e+00
9.980469703674316406e+00
9.980469703674316406e+00
9.978125953674316762e+00
9.978125953674316762e+00
9.977344703674315696e+00
9.975000953674316051e+00
9.974219703674316762e+00
9.972657203674316406e+00
9.972657203674316406e+00
9.971094703674316051e+00
9.971875953674317117e+00
9.971094703674316051e+00
9.969532203674315696e+00
9.969532203674315696e+00
9.967188453674316051e+00
9.966407203674316762e+00
9.965625953674315696e+00
9.964844703674316406e+00
9.964063453674317117e+00
9.962500953674316762e+00
9.961719703674315696e+00
9.960938453674316406e+00
9.960157203674317117e+00
9.959375953674316051e+00
9.958594703674316762e+00
9.959375953674316051e+00
9.957813453674315696e+00
9.957813453674315696e+00
9.957032203674316406e+00
9.955469703674316051e+00
9.957813453674315696e+00
9.957813453674315696e+00
9.958594703674316762e+00
9.959375953674316051e+00
9.959375953674316051e+00
9.958594703674316762e+00
9.959375953674316051e+00
9.959375953674316051e+00
9.958594703674316762e+00
9.958594703674316762e+00
9.958594703674316762e+00
9.957813453674315696e+00
9.957813453674315696e+00
9.957032203674316406e+00
9.956250953674317117e+00
9.955469703674316051e+00
9.954688453674316762e+00
9.951563453674316051e+00
9.951563453674316051e+00
9.952344703674317117e+00
9.948438453674317117e+00
9.948438453674317117e+00
9.948438453674317117e+00
9.949219703674316406e+00
9.950782203674316762e+00
9.949219703674316406e+00
9.950782203674316762e+00
9.950000953674315696e+00
9.951563453674316051e+00
9.950782203674316762e+00
9.950782203674316762e+00
9.953907203674315696e+00
9.953125953674316406e+00
9.953907203674315696e+00
9.956250953674317117e+00
9.955469703674316051e+00
9.956250953674317117e+00
9.953907203674315696e+00
9.952344703674317117e+00
9.953907203674315696e+00
9.951563453674316051e+00
9.951563453674316051e+00
9.952344703674317117e+00
9.951563453674316051e+00
9.954688453674316762e+00
9.953125953674316406e+00
9.953125953674316406e+00
9.953907203674315696e+00
9.952344703674317117e+00
9.951563453674316051e+00
9.951563453674316051e+00
9.952344703674317117e+00
9.955469703674316051e+00
9.954688453674316762e+00
9.954688453674316762e+00
9.954688453674316762e+00
9.953125953674316406e+00
9.955469703674316051e+00
9.953907203674315696e+00
9.954688453674316762e+00
9.955469703674316051e+00
9.953907203674315696e+00
9.955469703674316051e+00
9.953907203674315696e+00
9.954688453674316762e+00
9.957032203674316406e+00
9.957032203674316406e+00
9.959375953674316051e+00
9.960938453674316406e+00
9.961719703674315696e+00
9.963282203674316051e+00
9.963282203674316051e+00
9.963282203674316051e+00
9.964063453674317117e+00
9.962500953674316762e+00
9.964063453674317117e+00
9.964063453674317117e+00
9.962500953674316762e+00
9.964844703674316406e+00
9.964063453674317117e+00
9.961719703674315696e+00
9.960938453674316406e+00
9.958594703674316762e+00
9.959375953674316051e+00
9.957813453674315696e+00
9.957813453674315696e+00
9.959375953674316051e+00
9.958594703674316762e+00
9.960157203674317117e+00
9.960938453674316406e+00
9.960157203674317117e+00
9.960938453674316406e+00
9.960157203674317117e+00
9.960938453674316406e+00
9.960938453674316406e+00
9.962500953674316762e+00
9.963282203674316051e+00
9.964063453674317117e+00
9.964844703674316406e+00
9.963282203674316051e+00
9.964063453674317117e+00
9.962500953674316762e+00
9.961719703674315696e+00
9.961719703674315696e+00
9.959375953674316051e+00
9.959375953674316051e+00
9.959375953674316051e+00
9.958594703674316762e+00
9.957813453674315696e+00
9.957813453674315696e+00
9.957032203674316406e+00
9.957032203674316406e+00
9.956250953674317117e+00
9.955469703674316051e+00
9.954688453674316762e+00
9.954688453674316762e+00
9.956250953674317117e+00
9.957813453674315696e+00
9.960157203674317117e+00
9.960157203674317117e+00
9.960157203674317117e+00
9.960938453674316406e+00
9.959375953674316051e+00
9.957813453674315696e+00
9.957032203674316406e+00
9.957032203674316406e+00
9.957032203674316406e+00
9.957032203674316406e+00
9.956250953674317117e+00
9.957813453674315696e+00
9.957032203674316406e+00
9.956250953674317117e+00
9.954688453674316762e+00
9.953125953674316406e+00
9.953907203674315696e+00
9.953907203674315696e+00
9.953907203674315696e+00
9.953907203674315696e+00
9.953907203674315696e+00
9.953907203674315696e+00
9.953125953674316406e+00
9.953125953674316406e+00
9.952344703674317117e+00
9.951563453674316051e+00
9.950782203674316762e+00
9.950000953674315696e+00
9.949219703674316406e+00
9.948438453674317117e+00
9.946875953674316762e+00
9.946094703674315696e+00
9.946875953674316762e+00
9.946094703674315696e+00
9.946094703674315696e+00
9.946094703674315696e+00
9.946094703674315696e+00
9.946094703674315696e+00
9.945313453674316406e+00
9.946875953674316762e+00
9.946094703674315696e+00
9.946094703674315696e+00
9.946875953674316762e+00
9.946875953674316762e+00
9.946094703674315696e+00
9.945313453674316406e+00
9.945313453674316406e+00
9.944532203674317117e+00
9.942969703674316762e+00
9.942969703674316762e+00
9.942969703674316762e+00
9.942969703674316762e+00
9.943750953674316051e+00
9.942969703674316762e+00
9.942969703674316762e+00
9.942188453674315696e+00
9.942188453674315696e+00
9.942969703674316762e+00
9.942969703674316762e+00
9.942969703674316762e+00
9.942188453674315696e+00
9.942188453674315696e+00
9.942188453674315696e+00
9.941407203674316406e+00
9.939844703674316051e+00
9.939063453674316762e+00
9.938282203674315696e+00
9.938282203674315696e+00
9.937500953674316406e+00
9.936719703674317117e+00
9.936719703674317117e+00
9.936719703674317117e+00
9.937500953674316406e+00
9.936719703674317117e+00
9.936719703674317117e+00
9.935938453674316051e+00
9.935157203674316762e+00
9.933594703674316406e+00
9.932813453674317117e+00
9.932032203674316051e+00
9.930469703674315696e+00
9.930469703674315696e+00
9.930469703674315696e+00
9.930469703674315696e+00
9.932032203674316051e+00
9.932032203674316051e+00
9.930469703674315696e+00
9.930469703674315696e+00
9.928907203674317117e+00
9.928125953674316051e+00
9.929688453674316406e+00
9.927344703674316762e+00
9.928907203674317117e+00
9.928907203674317117e+00
9.929688453674316406e+00
9.930469703674315696e+00
9.928125953674316051e+00
9.928907203674317117e+00
9.928907203674317117e+00
9.928125953674316051e+00
9.928907203674317117e+00
9.928125953674316051e+00
9.928907203674317117e+00
9.928907203674317117e+00
9.928125953674316051e+00
9.928907203674317117e+00
9.928125953674316051e+00
9.927344703674316762e+00
9.926563453674315696e+00
9.925000953674317117e+00
9.925000953674317117e+00
9.925782203674316406e+00
9.925000953674317117e+00
9.925000953674317117e+00
9.925000953674317117e+00
9.924219703674316051e+00
9.924219703674316051e+00
9.922657203674315696e+00
9.922657203674315696e+00
9.921094703674317117e+00
9.920313453674316051e+00
9.920313453674316051e+00
9.918750953674315696e+00
9.917188453674317117e+00
9.916407203674316051e+00
9.914844703674315696e+00
9.914844703674315696e+00
9.912500953674316051e+00
9.910157203674316406e+00
9.906250953674316406e+00
9.903907203674316762e+00
9.900782203674316051e+00
9.898438453674316406e+00
9.897657203674317117e+00
9.896875953674316051e+00
9.896094703674316762e+00
9.893750953674317117e+00
9.889844703674317117e+00
9.887500953674315696e+00
9.886719703674316406e+00
9.884375953674316762e+00
9.884375953674316762e+00
9.883594703674315696e+00
9.883594703674315696e+00
9.882813453674316406e+00
9.880469703674316762e+00
9.878907203674316406e+00
9.876563453674316762e+00
9.872657203674316762e+00
9.870313453674317117e+00
9.864844703674316762e+00
9.861719703674316051e+00
9.857032203674316762e+00
9.853125953674316762e+00
9.853125953674316762e+00
9.853125953674316762e+00
9.853125953674316762e+00
9.854688453674317117e+00
9.852344703674315696e+00
9.852344703674315696e+00
9.852344703674315696e+00
9.851563453674316406e+00
9.852344703674315696e+00
9.851563453674316406e+00
9.852344703674315696e+00
9.853125953674316762e+00
9.853125953674316762e+00
9.853125953674316762e+00
9.854688453674317117e+00
9.855469703674316406e+00
9.856250953674315696e+00
9.857813453674316051e+00
9.857813453674316051e+00
9.857813453674316051e+00
9.857813453674316051e+00
9.858594703674317117e+00
9.860157203674315696e+00
9.860938453674316762e+00
9.860938453674316762e+00
9.860157203674315696e+00
9.860157203674315696e+00
9.860157203674315696e+00
9.859375953674316406e+00
9.860938453674316762e+00
9.862500953674317117e+00
9.864063453674315696e+00
9.866407203674317117e+00
9.866407203674317117e+00
9.868750953674316762e+00
9.868750953674316762e+00
9.868750953674316762e+00
9.869532203674316051e+00
9.867969703674315696e+00
9.867188453674316406e+00
9.868750953674316762e+00
9.867969703674315696e+00
9.868750953674316762e+00
9.868750953674316762e+00
9.868750953674316762e+00
9.871094703674316406e+00
9.871094703674316406e+00
9.871094703674316406e+00
9.871875953674315696e+00
9.873438453674316051e+00
9.876563453674316762e+00
9.878125953674317117e+00
9.878907203674316406e+00
9.882032203674317117e+00
9.883594703674315696e+00
9.887500953674315696e+00
9.886719703674316406e+00
9.889063453674316051e+00
9.889844703674317117e+00
9.889063453674316051e+00
9.891407203674315696e+00
9.890625953674316406e+00
9.893750953674317117e+00
9.895313453674315696e+00
9.896094703674316762e+00
9.897657203674317117e+00
9.897657203674317117e+00
9.898438453674316406e+00
9.898438453674316406e+00
9.900782203674316051e+00
9.903125953674315696e+00
9.904688453674316051e+00
9.907032203674315696e+00
9.909375953674317117e+00
9.911719703674316762e+00
9.912500953674316051e+00
9.917969703674316406e+00
9.918750953674315696e+00
9.923438453674316762e+00
9.925000953674317117e+00
9.925000953674317117e+00
9.925782203674316406e+00
9.925000953674317117e+00
9.925000953674317117e+00
9.925000953674317117e+00
9.925000953674317117e+00
9.925000953674317117e+00
9.924219703674316051e+00
9.923438453674316762e+00
9.923438453674316762e+00
9.922657203674315696e+00
9.921875953674316406e+00
9.922657203674315696e+00
9.921875953674316406e+00
9.921875953674316406e+00
9.920313453674316051e+00
9.918750953674315696e+00
9.918750953674315696e+00
9.917188453674317117e+00
9.917188453674317117e+00
9.914844703674315696e+00
9.914063453674316406e+00
9.914063453674316406e+00
9.911719703674316762e+00
9.912500953674316051e+00
9.910938453674315696e+00
9.910157203674316406e+00
9.908594703674316051e+00
9.907032203674315696e+00
9.905469703674317117e+00
9.903125953674315696e+00
9.903125953674315696e+00
9.901563453674317117e+00
9.900782203674316051e+00
9.899219703674315696e+00
9.900000953674316762e+00
9.900782203674316051e+00
9.899219703674315696e+00
9.900000953674316762e+00
9.899219703674315696e+00
9.896875953674316051e+00
9.896875953674316051e+00
9.895313453674315696e+00
9.895313453674315696e+00
9.895313453674315696e+00
9.893750953674317117e+00
9.892188453674316762e+00
9.892188453674316762e+00
9.892188453674316762e+00
9.890625953674316406e+00
9.889844703674317117e+00
9.886719703674316406e+00
9.883594703674315696e+00
9.880469703674316762e+00
9.877344703674316051e+00
9.875000953674316406e+00
9.874219703674317117e+00
9.872657203674316762e+00
9.871875953674315696e+00
9.872657203674316762e+00
9.871094703674316406e+00
9.870313453674317117e+00
9.868750953674316762e+00
9.867969703674315696e+00
9.868750953674316762e+00
9.867188453674316406e+00
9.867188453674316406e+00
9.866407203674317117e+00
9.865625953674316051e+00
9.863282203674316406e+00
9.862500953674317117e+00
9.862500953674317117e+00
9.861719703674316051e+00
9.860157203674315696e+00
9.860938453674316762e+00
9.860938453674316762e+00
9.858594703674317117e+00
9.859375953674316406e+00
9.857813453674316051e+00
9.859375953674316406e+00
9.859375953674316406e+00
9.858594703674317117e+00
9.857813453674316051e+00
9.856250953674315696e+00
9.858594703674317117e+00
9.856250953674315696e+00
9.857032203674316762e+00
9.856250953674315696e+00
9.857032203674316762e+00
9.855469703674316406e+00
9.853125953674316762e+00
9.853907203674316051e+00
9.852344703674315696e+00
9.853125953674316762e+00
9.851563453674316406e+00
9.851563453674316406e+00
9.852344703674315696e+00
9.850782203674317117e+00
9.851563453674316406e+00
9.850782203674317117e+00
9.851563453674316406e+00
9.850000953674316051e+00
9.848438453674315696e+00
9.849219703674316762e+00
9.847657203674316406e+00
9.850782203674317117e+00
9.850000953674316051e+00
9.851563453674316406e+00
9.851563453674316406e+00
9.849219703674316762e+00
9.850000953674316051e+00
9.846094703674316051e+00
9.846094703674316051e+00
9.846875953674317117e+00
9.845313453674316762e+00
9.846875953674317117e+00
9.843750953674316406e+00
9.843750953674316406e+00
9.842969703674317117e+00
9.842969703674317117e+00
9.842969703674317117e+00
9.841407203674316762e+00
9.840625953674315696e+00
9.839844703674316406e+00
9.839063453674317117e+00
9.838282203674316051e+00
9.838282203674316051e+00
9.837500953674316762e+00
9.835938453674316406e+00
9.835157203674317117e+00
9.833594703674316762e+00
9.833594703674316762e+00
9.834375953674316051e+00
9.835938453674316406e+00
9.837500953674316762e+00
9.837500953674316762e+00
9.837500953674316762e+00
9.836719703674315696e+00
9.835938453674316406e+00
9.833594703674316762e+00
9.832032203674316406e+00
9.831250953674317117e+00
9.828907203674315696e+00
9.828907203674315696e+00
9.826563453674316051e+00
9.826563453674316051e+00
9.827344703674317117e+00
9.827344703674317117e+00
9.828907203674315696e+00
9.828125953674316406e+00
9.828907203674315696e+00
9.828907203674315696e+00
9.827344703674317117e+00
9.830469703674316051e+00
9.828907203674315696e+00
9.829688453674316762e+00
9.832032203674316406e+00
9.831250953674317117e+00
9.832813453674315696e+00
9.832032203674316406e+00
9.831250953674317117e+00
9.831250953674317117e+00
9.831250953674317117e+00
9.832032203674316406e+00
9.829688453674316762e+00
9.830469703674316051e+00
9.829688453674316762e+00
9.828907203674315696e+00
9.826563453674316051e+00
9.827344703674317117e+00
9.826563453674316051e+00
9.825782203674316762e+00
9.825000953674315696e+00
9.822657203674316051e+00
9.823438453674317117e+00
9.822657203674316051e+00
9.821875953674316762e+00
9.822657203674316051e+00
9.821094703674315696e+00
9.821094703674315696e+00
9.820313453674316406e+00
9.820313453674316406e+00
9.821875953674316762e+00
9.821094703674315696e+00
9.822657203674316051e+00
9.821094703674315696e+00
9.821094703674315696e+00
9.822657203674316051e+00
9.822657203674316051e+00
9.825782203674316762e+00
9.825000953674315696e+00
9.825000953674315696e+00
9.826563453674316051e+00
9.825000953674315696e+00
9.825782203674316762e+00
9.824219703674316406e+00
9.824219703674316406e+00
9.825000953674315696e+00
9.824219703674316406e+00
9.825000953674315696e+00
9.825782203674316762e+00
9.827344703674317117e+00
9.828907203674315696e+00
9.828907203674315696e+00
9.827344703674317117e+00
9.826563453674316051e+00
9.826563453674316051e+00
9.828125953674316406e+00
9.830469703674316051e+00
9.832032203674316406e+00
9.833594703674316762e+00
9.835157203674317117e+00
9.838282203674316051e+00
9.837500953674316762e+00
9.839063453674317117e+00
9.839844703674316406e+00
9.842188453674316051e+00
9.844532203674315696e+00
9.845313453674316762e+00
9.848438453674315696e+00
9.849219703674316762e+00
9.850000953674316051e+00
9.850000953674316051e+00
9.849219703674316762e+00
9.850782203674317117e+00
9.850782203674317117e+00
9.852344703674315696e+00
9.852344703674315696e+00
9.852344703674315696e+00
9.851563453674316406e+00
9.849219703674316762e+00
9.848438453674315696e+00
9.849219703674316762e+00
9.847657203674316406e+00
9.846875953674317117e+00
9.846875953674317117e+00
9.846875953674317117e+00
9.846875953674317117e+00
9.847657203674316406e+00
9.846875953674317117e+00
9.846875953674317117e+00
9.846094703674316051e+00
9.845313453674316762e+00
9.844532203674315696e+00
9.843750953674316406e+00
9.845313453674316762e+00
9.844532203674315696e+00
9.845313453674316762e+00
9.846094703674316051e+00
9.846875953674317117e+00
9.849219703674316762e+00
9.848438453674315696e+00
9.850782203674317117e+00
9.850782203674317117e+00
9.849219703674316762e+00
9.849219703674316762e+00
9.846875953674317117e+00
9.846094703674316051e+00
9.845313453674316762e+00
9.844532203674315696e+00
9.842969703674317117e+00
9.841407203674316762e+00
9.839063453674317117e+00
9.836719703674315696e+00
9.835157203674317117e+00
9.832813453674315696e+00
9.832032203674316406e+00
9.828907203674315696e+00
9.826563453674316051e+00
9.825782203674316762e+00
9.825000953674315696e+00
9.828125953674316406e+00
9.825782203674316762e+00
9.825782203674316762e+00
9.825782203674316762e+00
9.824219703674316406e+00
9.825782203674316762e+00
9.823438453674317117e+00
9.822657203674316051e+00
9.821094703674315696e+00
9.817969703674316762e+00
9.817188453674315696e+00
9.814844703674316051e+00
9.814844703674316051e+00
9.815625953674317117e+00
9.817188453674315696e+00
9.817188453674315696e+00
9.815625953674317117e+00
9.813282203674315696e+00
9.812500953674316406e+00
9.811719703674317117e+00
9.811719703674317117e+00
9.810938453674316051e+00
9.810938453674316051e+00
9.810938453674316051e+00
9.810938453674316051e+00
9.807813453674317117e+00
9.806250953674316762e+00
9.803907203674317117e+00
9.800782203674316406e+00
9.800000953674317117e+00
9.799219703674316051e+00
9.801563453674315696e+00
9.802344703674316762e+00
9.800782203674316406e+00
9.800782203674316406e+00
9.796875953674316406e+00
9.797657203674315696e+00
9.796094703674317117e+00
9.796094703674317117e+00
9.799219703674316051e+00
9.799219703674316051e+00
9.800000953674317117e+00
9.799219703674316051e+00
9.799219703674316051e+00
9.800000953674317117e+00
9.797657203674315696e+00
9.797657203674315696e+00
9.792188453674317117e+00
9.789063453674316406e+00
9.787500953674316051e+00
9.786719703674316762e+00
9.787500953674316051e+00
9.786719703674316762e+00
9.787500953674316051e+00
9.785938453674315696e+00
9.785938453674315696e+00
9.786719703674316762e+00
9.786719703674316762e+00
9.785157203674316406e+00
9.785157203674316406e+00
9.785938453674315696e+00
9.785157203674316406e+00
9.785157203674316406e+00
9.785157203674316406e+00
9.785157203674316406e+00
9.785157203674316406e+00
9.782813453674316762e+00
9.782032203674315696e+00
9.780469703674317117e+00
9.782032203674315696e+00
9.782813453674316762e+00
9.782813453674316762e+00
9.784375953674317117e+00
9.784375953674317117e+00
9.786719703674316762e+00
9.785938453674315696e+00
9.785938453674315696e+00
9.789063453674316406e+00
9.788282203674317117e+00
9.789063453674316406e+00
9.789063453674316406e+00
9.789844703674315696e+00
9.791407203674316051e+00
9.790625953674316762e+00
9.791407203674316051e+00
9.790625953674316762e+00
9.790625953674316762e+00
9.790625953674316762e+00
9.789063453674316406e+00
9.788282203674317117e+00
9.787500953674316051e+00
9.787500953674316051e+00
9.787500953674316051e+00
9.788282203674317117e+00
9.787500953674316051e+00
9.788282203674317117e+00
9.787500953674316051e+00
9.788282203674317117e+00
9.787500953674316051e+00
9.786719703674316762e+00
9.787500953674316051e+00
9.785938453674315696e+00
9.787500953674316051e+00
9.786719703674316762e+00
9.787500953674316051e+00
9.790625953674316762e+00
9.789844703674315696e+00
9.791407203674316051e+00
9.790625953674316762e+00
9.789063453674316406e+00
9.788282203674317117e+00
9.785938453674315696e+00
9.787500953674316051e+00
9.788282203674317117e+00
9.789844703674315696e+00
9.793750953674315696e+00
9.792969703674316406e+00
9.796875953674316406e+00
9.797657203674315696e+00
9.796875953674316406e+00
9.799219703674316051e+00
9.800000953674317117e+00
9.801563453674315696e+00
9.804688453674316406e+00
9.803125953674316051e+00
9.805469703674315696e+00
9.804688453674316406e+00
9.807032203674316051e+00
9.809375953674315696e+00
9.807813453674317117e+00
9.806250953674316762e+00
9.806250953674316762e+00
9.805469703674315696e+00
9.804688453674316406e+00
9.804688453674316406e+00
9.805469703674315696e+00
9.803907203674317117e+00
9.804688453674316406e+00
9.806250953674316762e+00
9.803125953674316051e+00
9.804688453674316406e+00
9.801563453674315696e+00
9.800782203674316406e+00
9.802344703674316762e+00
9.800782203674316406e+00
9.800000953674317117e+00
9.800782203674316406e+00
9.799219703674316051e+00
9.798438453674316762e+00
9.799219703674316051e+00
9.800000953674317117e+00
9.800782203674316406e+00
9.800782203674316406e+00
9.798438453674316762e+00
9.796094703674317117e+00
9.796094703674317117e+00
9.796094703674317117e+00
9.794532203674316762e+00
9.796094703674317117e+00
9.796094703674317117e+00
9.792969703674316406e+00
9.793750953674315696e+00
9.792188453674317117e+00
9.792188453674317117e+00
9.792188453674317117e+00
9.792188453674317117e+00
9.792188453674317117e+00
9.792188453674317117e+00
9.793750953674315696e+00
9.795313453674316051e+00
9.796875953674316406e+00
9.800000953674317117e+00
9.798438453674316762e+00
9.797657203674315696e+00
9.797657203674315696e+00
9.796875953674316406e+00
9.797657203674315696e+00
9.796875953674316406e+00
9.796094703674317117e+00
9.796875953674316406e+00
9.795313453674316051e+00
9.795313453674316051e+00
9.794532203674316762e+00
9.795313453674316051e+00
9.795313453674316051e+00
9.796094703674317117e+00
9.796875953674316406e+00
9.796094703674317117e+00
9.799219703674316051e+00
9.800782203674316406e+00
9.801563453674315696e+00
9.803907203674317117e+00
9.803125953674316051e+00
9.804688453674316406e+00
9.803907203674317117e+00
9.800782203674316406e+00
9.800000953674317117e+00
9.797657203674315696e+00
9.798438453674316762e+00
9.797657203674315696e+00
9.795313453674316051e+00
9.792188453674317117e+00
9.790625953674316762e+00
9.788282203674317117e+00
9.788282203674317117e+00
9.788282203674317117e+00
9.789844703674315696e+00
9.791407203674316051e+00
9.792188453674317117e+00
9.795313453674316051e+00
9.796875953674316406e+00
9.796875953674316406e+00
9.796875953674316406e+00
9.798438453674316762e+00
9.796875953674316406e+00
9.793750953674315696e+00
9.793750953674315696e+00
9.790625953674316762e+00
9.788282203674317117e+00
9.787500953674316051e+00
9.782813453674316762e+00
9.782032203674315696e+00
9.781250953674316406e+00
9.777344703674316406e+00
9.777344703674316406e+00
9.778125953674315696e+00
9.778125953674315696e+00
9.781250953674316406e+00
9.782032203674315696e+00
9.779688453674316051e+00
9.778907203674316762e+00
9.777344703674316406e+00
9.776563453674317117e+00
9.779688453674316051e+00
9.779688453674316051e+00
9.778907203674316762e+00
9.778125953674315696e+00
9.775000953674316762e+00
9.771094703674316762e+00
9.769532203674316406e+00
9.768750953674317117e+00
9.764844703674317117e+00
9.763282203674316762e+00
9.761719703674316406e+00
9.757813453674316406e+00
9.754688453674315696e+00
9.752344703674316051e+00
9.749219703674317117e+00
9.746094703674316406e+00
9.742969703674315696e+00
9.741407203674317117e+00
9.735938453674316762e+00
9.735157203674315696e+00
9.733594703674317117e+00
9.728907203674316051e+00
9.726563453674316406e+00
9.724219703674316762e+00
9.721094703674316051e+00
9.719532203674315696e+00
9.716407203674316762e+00
9.711719703674315696e+00
9.707032203674316406e+00
9.701563453674316051e+00
9.696875953674316762e+00
9.692969703674316762e+00
9.686719703674317117e+00
9.681250953674316762e+00
9.677344703674316762e+00
9.671094703674317117e+00
9.664844703674315696e+00
9.660157203674316406e+00
9.653125953674315696e+00
9.646094703674316762e+00
9.640625953674316406e+00
9.634375953674316762e+00
9.628907203674316406e+00
9.622657203674316762e+00
9.614063453674315696e+00
9.606250953674315696e+00
9.599219703674316762e+00
9.590625953674315696e+00
9.584375953674316051e+00
9.575782203674316762e+00
9.567969703674316762e+00
9.562500953674316406e+00
9.553125953674316051e+00
9.544532203674316762e+00
9.537500953674316051e+00
9.530469703674317117e+00
9.517188453674316762e+00
9.506250953674316051e+00
9.494532203674316051e+00
9.483594703674317117e+00
9.471094703674316051e+00
9.461719703674315696e+00
9.451563453674316051e+00
9.441407203674316406e+00
9.433594703674316406e+00
9.424219703674316051e+00
9.414844703674315696e+00
9.407813453674316762e+00
9.400000953674316762e+00
9.392188453674316762e+00
9.383594703674315696e+00
9.373438453674316051e+00
9.363282203674316406e+00
9.352344703674315696e+00
9.340625953674315696e+00
9.329688453674316762e+00
9.320313453674316406e+00
9.309375953674315696e+00
9.298438453674316762e+00
9.287500953674316051e+00
9.275782203674316051e+00
9.264063453674316051e+00
9.250782203674315696e+00
9.238282203674316406e+00
9.225782203674317117e+00
9.210938453674316406e+00
9.197657203674316051e+00
9.183594703674316406e+00
9.171875953674316406e+00
9.160938453674315696e+00
9.150000953674316762e+00
9.137500953674315696e+00
9.125000953674316406e+00
9.113282203674316406e+00
9.100782203674317117e+00
9.089844703674316406e+00
9.078907203674315696e+00
9.062500953674316406e+00
9.050000953674317117e+00
9.035938453674315696e+00
9.021094703674316762e+00
9.006250953674316051e+00
8.987500953674317117e+00
8.964844703674316406e+00
8.942188453674315696e+00
8.921875953674316406e+00
8.899219703674315696e+00
8.876563453674316762e+00
8.853125953674316762e+00
8.828907203674315696e+00
8.803907203674317117e+00
8.775782203674316051e+00
8.746875953674315696e+00
8.721094703674316051e+00
8.694532203674317117e+00
8.668750953674315696e+00
8.644532203674316406e+00
8.621094703674316406e+00
8.597657203674316406e+00
8.575000953674315696e+00
8.550782203674316406e+00
8.528907203674316762e+00
8.506250953674316051e+00
8.482813453674316051e+00
8.459375953674316051e+00
8.435157203674316762e+00
8.410938453674315696e+00
8.388282203674316762e+00
8.364844703674316762e+00
8.340625953674315696e+00
8.315625953674317117e+00
8.289063453674316406e+00
8.265625953674316406e+00
8.242188453674316406e+00
8.216407203674316762e+00
8.191407203674316406e+00
8.175000953674317117e+00
8.156250953674316406e+00
8.136719703674316406e+00
8.117188453674316406e+00
8.096875953674317117e+00
8.075000953674315696e+00
8.054688453674316406e+00
8.031250953674316406e+00
8.007032203674317117e+00
7.983594703674316229e+00
7.961719703674316584e+00
7.939063453674316762e+00
7.915625953674316762e+00
7.892188453674316762e+00
7.871094703674316406e+00
7.848438453674316584e+00
7.822657203674316051e+00
7.797657203674316584e+00
7.770313453674316584e+00
7.742188453674316406e+00
7.710938453674316406e+00
7.679688453674316406e+00
7.646875953674316051e+00
7.612500953674316229e+00
7.578125953674316406e+00
7.546094703674316229e+00
7.514063453674316051e+00
7.479688453674316229e+00
7.447657203674316051e+00
7.417188453674316229e+00
7.382032203674316229e+00
7.346875953674316229e+00
7.310157203674316762e+00
7.268750953674316229e+00
7.225000953674316051e+00
7.179688453674316406e+00
7.132032203674316229e+00
7.083594703674316762e+00
7.035157203674316406e+00
6.985938453674316762e+00
6.935938453674316051e+00
6.886719703674316406e+00
6.837500953674316762e+00
6.787500953674316051e+00
6.736719703674316051e+00
6.688282203674316584e+00
6.642969703674316051e+00
6.600000953674316051e+00
6.555469703674316584e+00
6.507032203674316229e+00
6.457032203674316406e+00
6.407813453674316762e+00
6.358594703674316229e+00
6.308594703674316406e+00
6.256250953674316051e+00
6.203907203674316584e+00
6.150000953674316762e+00
6.092188453674316051e+00
6.032813453674316762e+00
5.971875953674316229e+00
5.910157203674316406e+00
5.846094703674316051e+00
5.781250953674316406e+00
5.714063453674316229e+00
5.644532203674316406e+00
5.573438453674316229e+00
5.501563453674316762e+00
5.430469703674316584e+00
5.360157203674316584e+00
5.288282203674316229e+00
5.214844703674316406e+00
5.139063453674316051e+00
5.060938453674316051e+00
4.983594703674316229e+00
4.904688453674316051e+00
4.824219703674316406e+00
4.739063453674316584e+00
4.652344704046845081e+00
4.563282204419374821e+00
4.473438454698770883e+00
4.381250942870974718e+00
4.288282180856913151e+00
4.196875918935984551e+00
4.106250907015055240e+00
4.015625895094126818e+00
3.925782133173197685e+00
3.835938371252268553e+00
3.747657109331339775e+00
3.659375847410410554e+00
3.571094585489481776e+00
3.483594573754817070e+00
3.393750811833888381e+00
3.305469549912959160e+00
3.216407037992030205e+00
3.126563276071101516e+00
3.038282014150172294e+00
2.953125752229243339e+00
2.867969490308314384e+00
2.784375728387385784e+00
2.703125716559588998e+00
2.622656954638659776e+00
2.542969442717731177e+00
2.465625680796802222e+00
2.389063168875873000e+00
2.311719406954944045e+00
2.234375645034015090e+00
2.158594383113086046e+00
2.084375621192157357e+00
2.009375609271228491e+00
1.934375597350299403e+00
1.861719335429370403e+00
1.790625573508441537e+00
1.719531811587512449e+00
1.650781799666583449e+00
1.585156787745654494e+00
1.524219275824725717e+00
1.464844263903796628e+00
1.406250501982867718e+00
1.348437990061938763e+00
1.289844228141009852e+00
1.232031716220080897e+00
1.175781704299151853e+00
1.118750442378222854e+00
1.061719180457294076e+00
1.007031668536364943e+00
9.515629066154360771e-01
8.953128946945071442e-01
8.406253827735781226e-01
7.882816208526491897e-01
7.375003589317202790e-01
6.898440970107913017e-01
6.437503350898623466e-01
5.984378231689333472e-01
5.546878112480044809e-01
5.132815493270754814e-01
4.742190374061465152e-01
4.382815254852175935e-01
4.046877635642885940e-01
3.734377516433596833e-01
3.429689897224307282e-01
3.132814778015017287e-01
2.835939658805727848e-01
2.554689539596438630e-01
2.289064420387148802e-01
2.039064301177859195e-01
1.796876681968569700e-01
1.578126562759280260e-01
1.359376443549990543e-01
1.148438824340701075e-01
9.531262051314115524e-02
7.734385859221219739e-02
6.171884667128324509e-02
4.843758475035429140e-02
3.593757282942533493e-02
2.500006090849637985e-02
1.562504898756742616e-02
9.375037066638470043e-03
5.468774866312742060e-03
4.687512665987015117e-03
1.562500279396772298e-03
0.000000000000000000e+00
7.812500931322574832e-04
7.812500931322574832e-04
7.812500931322574832e-04
3.125000279396772385e-03
3.906250465661287308e-03
3.906250465661287308e-03
3.906250465661287308e-03
3.906250465661287308e-03
3.906250465661287308e-03
2.343750279396772558e-03
2.343750279396772558e-03
9.313225746154785673e-11
-7.812500931322574832e-04
1.562500093132257418e-03
1.562500093132257418e-03
7.812499068677424951e-04
7.812499068677424951e-04
7.812499068677424951e-04
-1.862645149230957135e-10
-1.862645149230957135e-10
-1.862645149230957135e-10
-1.862645149230957135e-10
-1.862645149230957135e-10
-1.862645149230957135e-10
-1.862645149230957135e-10
-1.862645149230957135e-10
-1.862645149230957135e-10
-1.862645149230957135e-10
-1.862645149230957135e-10
-1.862645149230957135e-10
-1.862645149230957135e-10
-1.862645149230957135e-10
-1.862645149230957135e-10
-1.862645149230957135e-10
-1.862645149230957135e-10
-1.862645149230957135e-10
-1.862645149230957135e-10
-1.862645149230957135e-10
-1.862645149230957135e-10
-1.862645149230957135e-10
-1.862645149230957135e-10
-1.862645149230957135e-10
-1.862645149230957135e-10
-1.862645149230957135e-10
-1.862645149230957135e-10
-1.862645149230957135e-10
-7.812502793967723630e-04
-1.562500372529029846e-03
-1.562500372529029846e-03
-1.562500372529029846e-03
-1.562500372529029846e-03
-1.562500372529029846e-03
-1.562500372529029846e-03
-1.562500372529029846e-03
-1.562500372529029846e-03
-1.562500372529029846e-03
-1.562500372529029846e-03
-1.562500372529029846e-03
-1.562500372529029846e-03
-1.562500372529029846e-03
-1.562500372529029846e-03
-1.562500372529029846e-03
-1.562500372529029846e-03
-1.562500372529029846e-03
-1.562500372529029846e-03
-1.562500372529029846e-03
-1.562500372529029846e-03
-1.562500372529029846e-03
-1.562500372529029846e-03
-1.562500372529029846e-03
-1.562500372529029846e-03
-1.562500372529029846e-03
-1.562500372529029846e-03
-1.562500372529029846e-03
-1.562500372529029846e-03
-1.562500372529029846e-03
-2.343750465661287221e-03
-3.125000558793544596e-03
-7.812503725290298028e-04
-1.862645149230957135e-10
-1.862645149230957135e-10
-1.862645149230957135e-10
-1.862645149230957135e-10
-2.343750372529029673e-03
-3.125000558793544596e-03
-3.125000558793544596e-03
-3.125000558793544596e-03
-3.125000558793544596e-03
-3.125000558793544596e-03
-3.125000558793544596e-03
-3.125000558793544596e-03
-7.812503725290298028e-04
-1.862645149230957135e-10
-3.125000465661287481e-03
-3.125000465661287481e-03
-2.343750279396772558e-03
-2.343750279396772558e-03
-2.343750279396772558e-03
-2.343750279396772558e-03
-2.343750279396772558e-03
-2.343750279396772558e-03
-2.343750279396772558e-03
-2.343750279396772558e-03
-2.343750279396772558e-03
-2.343750279396772558e-03
-2.343750279396772558e-03
-2.343750279396772558e-03
-2.343750279396772558e-03
-2.343750279396772558e-03
-2.343750279396772558e-03
-2.343750279396772558e-03
-2.343750279396772558e-03
-1.562500186264514966e-03
-1.562500186264514966e-03
-3.125000372529029933e-03
-3.125000372529029933e-03
-3.906250465661287308e-03
-3.906250465661287308e-03
-3.906250465661287308e-03
-3.906250465661287308e-03
-3.906250465661287308e-03
-3.906250465661287308e-03
-3.906250465661287308e-03
-3.906250465661287308e-03
-3.906250465661287308e-03
-3.906250465661287308e-03
-3.125000372529029933e-03
-2.343750279396772558e-03
-2.343750279396772558e-03
-2.343750279396772558e-03
-2.343750279396772558e-03
-2.343750279396772558e-03
-2.343750279396772558e-03
-2.343750279396772558e-03
-2.343750279396772558e-03
-2.343750279396772558e-03
-3.125000372529029933e-03
-2.343750279396772558e-03
-2.343750279396772558e-03
-3.125000465661287481e-03
-3.125000465661287481e-03
-3.125000465661287481e-03
-3.125000465661287481e-03
-3.125000465661287481e-03
-3.125000465661287481e-03
-3.125000465661287481e-03
-3.125000465661287481e-03
-3.125000465661287481e-03
-3.125000465661287481e-03
-3.125000465661287481e-03
-3.125000465661287481e-03
-3.125000465661287481e-03
-3.125000465661287481e-03
-3.125000465661287481e-03
-3.125000465661287481e-03
-3.125000465661287481e-03
-3.125000465661287481e-03
-3.125000465661287481e-03
-3.125000465661287481e-03
-3.125000465661287481e-03
-3.125000465661287481e-03
-3.125000465661287481e-03
-3.125000465661287481e-03
-3.125000465661287481e-03
-3.906250651925802404e-03
-3.906250651925802404e-03
-3.906250651925802404e-03
-3.906250651925802404e-03
-3.906250651925802404e-03
-3.906250651925802404e-03
-3.906250651925802404e-03
-3.906250651925802404e-03
-3.906250651925802404e-03
-3.125000558793544596e-03
-3.125000558793544596e-03
-3.125000558793544596e-03
-3.125000558793544596e-03
-3.125000558793544596e-03
-3.125000558793544596e-03
-3.125000558793544596e-03
-3.125000558793544596e-03
-3.125000558793544596e-03
-3.125000558793544596e-03
-3.125000558793544596e-03
-3.125000558793544596e-03
-3.125000558793544596e-03
-3.125000558793544596e-03
-3.125000558793544596e-03
-3.125000558793544596e-03
-3.125000558793544596e-03
-3.125000558793544596e-03
-3.125000558793544596e-03
-3.906250651925802404e-03
-3.906250651925802404e-03
-2.343750465661287221e-03
-2.343750465661287221e-03
-1.562500372529029846e-03
-1.562500372529029846e-03
-1.562500372529029846e-03
-1.562500372529029846e-03
-1.562500372529029846e-03
-7.812502793967723630e-04
-7.812502793967723630e-04
-7.812502793967723630e-04
-7.812502793967723630e-04
-7.812502793967723630e-04
-7.812502793967723630e-04
-7.812502793967723630e-04
-7.812502793967723630e-04
-7.812502793967723630e-04
-7.812502793967723630e-04
-7.812502793967723630e-04
-7.812502793967723630e-04
-7.812502793967723630e-04
-7.812502793967723630e-04
-7.812502793967723630e-04
-1.862645149230957135e-10
-7.812502793967723630e-04
-7.812502793967723630e-04
-9.313225746154785673e-11
-9.313225746154785673e-11
-9.313225746154785673e-11
-9.313225746154785673e-11
-7.812501862645149231e-04
-7.812501862645149231e-04
-7.812501862645149231e-04
-7.812501862645149231e-04
-7.812501862645149231e-04
-1.562500279396772298e-03
-2.343750465661287221e-03
-3.906250651925802404e-03
-3.906250651925802404e-03
-4.687500745058059345e-03
-4.687500745058059345e-03
-4.687500745058059345e-03
-5.468750838190317154e-03
-6.250000931322574962e-03
-6.250000931322574962e-03
-6.250000931322574962e-03
-6.250000931322574962e-03
-6.250000931322574962e-03
-6.250000931322574962e-03
-6.250000931322574962e-03
-6.250000931322574962e-03
-5.468750745058060039e-03
-5.468750745058060039e-03
-5.468750745058060039e-03
-5.468750745058060039e-03
-5.468750745058060039e-03
-5.468750745058060039e-03
-5.468750745058060039e-03
-5.468750745058060039e-03
-5.468750745058060039e-03
-5.468750745058060039e-03
-5.468750745058060039e-03
-5.468750745058060039e-03
-5.468750745058060039e-03
-5.468750745058060039e-03
-5.468750745058060039e-03
-5.468750745058060039e-03
-5.468750745058060039e-03
-5.468750745058060039e-03
-5.468750745058060039e-03
-5.468750745058060039e-03
-5.468750745058060039e-03
-5.468750745058060039e-03
-5.468750745058060039e-03
-6.250000838190316980e-03
-3.906250651925802404e-03
-3.906250651925802404e-03
-3.906250651925802404e-03
-3.906250651925802404e-03
-3.906250651925802404e-03
-3.125000558793544596e-03
-2.343750465661287221e-03
-4.687500651925802231e-03
-4.687500651925802231e-03
-4.687500651925802231e-03
-4.687500651925802231e-03
-4.687500651925802231e-03
-4.687500651925802231e-03
-5.468750745058060039e-03
-5.468750745058060039e-03
-5.468750745058060039e-03
-5.468750745058060039e-03
-5.468750745058060039e-03
-5.468750745058060039e-03
-5.468750745058060039e-03
-5.468750745058060039e-03
-5.468750745058060039e-03
-5.468750745058060039e-03
-5.468750745058060039e-03
-5.468750745058060039e-03
-5.468750745058060039e-03
-5.468750745058060039e-03
-5.468750745058060039e-03
-5.468750745058060039e-03
-5.468750745058060039e-03
-5.468750745058060039e-03
-5.468750745058060039e-03
-5.468750745058060039e-03
-5.468750745058060039e-03
-5.468750745058060039e-03
-4.687500651925802231e-03
-4.687500651925802231e-03
-4.687500651925802231e-03
-4.687500651925802231e-03
-4.687500651925802231e-03
-3.906250558793544422e-03
-3.125000372529029933e-03
-1.562500186264514966e-03
-1.562500186264514966e-03
-7.812500931322574832e-04
-7.812500931322574832e-04
-7.812500931322574832e-04
0.000000000000000000e+00
7.812500931322574832e-04
7.812500931322574832e-04
7.812500931322574832e-04
7.812500931322574832e-04
7.812500931322574832e-04
1.562500186264514966e-03
2.343750279396772558e-03
2.343750279396772558e-03
2.343750279396772558e-03
2.343750279396772558e-03
2.343750279396772558e-03
2.343750279396772558e-03
2.343750279396772558e-03
2.343750279396772558e-03
2.343750279396772558e-03
2.343750279396772558e-03
2.343750279396772558e-03
2.343750279396772558e-03
2.343750279396772558e-03
2.343750279396772558e-03
9.313225746154785673e-11
9.313225746154785673e-11
9.313225746154785673e-11
9.313225746154785673e-11
9.313225746154785673e-11
9.313225746154785673e-11
9.313225746154785673e-11
9.313225746154785673e-11
9.313225746154785673e-11
9.313225746154785673e-11
9.313225746154785673e-11
7.812501862645149231e-04
-1.562500000000000087e-03
-1.562500000000000087e-03
-1.562500000000000087e-03
-1.562500000000000087e-03
-1.562500000000000087e-03
-2.343750093132257462e-03
-3.125000186264514836e-03
-7.812500000000000434e-04
-7.812500000000000434e-04
-7.812500000000000434e-04
-7.812500000000000434e-04
-7.812500000000000434e-04
-7.812500000000000434e-04
-7.812500000000000434e-04
-7.812500000000000434e-04
-7.812500000000000434e-04
-7.812500000000000434e-04
-7.812500000000000434e-04
-7.812500000000000434e-04
-7.812500000000000434e-04
-7.812500000000000434e-04
-7.812500000000000434e-04
-7.812500000000000434e-04
-7.812500000000000434e-04
-7.812500000000000434e-04
-7.812500000000000434e-04
-7.812500000000000434e-04
-7.812500000000000434e-04
-7.812500000000000434e-04
-7.812500000000000434e-04
-7.812500000000000434e-04
-7.812500000000000434e-04
-7.812500000000000434e-04
-7.812500000000000434e-04
-7.812500000000000434e-04
-7.812500000000000434e-04
-7.812500000000000434e-04
-7.812500000000000434e-04
-7.812500000000000434e-04
-7.812500000000000434e-04
-7.812500000000000434e-04
-7.812500000000000434e-04
-7.812500000000000434e-04
-7.812500000000000434e-04
-7.812500000000000434e-04
-7.812500000000000434e-04
-7.812500000000000434e-04
-7.812500000000000434e-04
-7.812500000000000434e-04
-7.812500000000000434e-04
-7.812500000000000434e-04
-7.812500000000000434e-04
-7.812500000000000434e-04
-1.562500093132257418e-03
-2.343750186264515010e-03
-2.343750186264515010e-03
-2.343750186264515010e-03
-2.343750186264515010e-03
-2.343750186264515010e-03
-2.343750186264515010e-03
-2.343750186264515010e-03
-2.343750186264515010e-03
-2.343750186264515010e-03
-2.343750186264515010e-03
-2.343750186264515010e-03
-2.343750186264515010e-03
-2.343750186264515010e-03
-2.343750186264515010e-03
0.000000000000000000e+00
0.000000000000000000e+00
0.000000000000000000e+00
0.000000000000000000e+00
0.000000000000000000e+00
0.000000000000000000e+00
0.000000000000000000e+00
0.000000000000000000e+00
0.000000000000000000e+00
0.000000000000000000e+00
0.000000000000000000e+00
0.000000000000000000e+00
0.000000000000000000e+00
0.000000000000000000e+00
0.000000000000000000e+00
0.000000000000000000e+00
0.000000000000000000e+00
0.000000000000000000e+00
0.000000000000000000e+00
0.000000000000000000e+00
0.000000000000000000e+00
0.000000000000000000e+00
0.000000000000000000e+00
0.000000000000000000e+00
0.000000000000000000e+00
0.000000000000000000e+00
0.000000000000000000e+00
0.000000000000000000e+00
0.000000000000000000e+00
0.000000000000000000e+00
0.000000000000000000e+00
0.000000000000000000e+00
0.000000000000000000e+00
0.000000000000000000e+00
0.000000000000000000e+00
0.000000000000000000e+00
0.000000000000000000e+00
0.000000000000000000e+00
0.000000000000000000e+00
0.000000000000000000e+00
0.000000000000000000e+00
-7.812500931322574832e-04
-1.562500186264514966e-03
-1.562500186264514966e-03
-1.562500186264514966e-03
-1.562500186264514966e-03
-1.562500186264514966e-03
-1.562500186264514966e-03
-1.562500186264514966e-03
-1.562500186264514966e-03
-1.562500186264514966e-03
-1.562500186264514966e-03
-1.562500186264514966e-03
-1.562500186264514966e-03
-1.562500186264514966e-03
-1.562500186264514966e-03
-1.562500186264514966e-03
-1.562500186264514966e-03
-1.562500186264514966e-03
-1.562500186264514966e-03
-1.562500186264514966e-03
-1.562500186264514966e-03
-1.562500186264514966e-03
-1.562500186264514966e-03
-1.562500186264514966e-03
-1.562500186264514966e-03
-1.562500186264514966e-03
-1.562500186264514966e-03
-1.562500186264514966e-03
-1.562500186264514966e-03
-1.562500186264514966e-03
0.000000000000000000e+00
0.000000000000000000e+00
-7.812501862645149231e-04
-7.812501862645149231e-04
-7.812501862645149231e-04
-7.812501862645149231e-04
-7.812501862645149231e-04
-7.812501862645149231e-04
-7.812501862645149231e-04
-7.812501862645149231e-04
-7.812501862645149231e-04
