7.500000596046447754e-01
1.250000089406967163e+00
1.833333472410837883e+00
2.437500223517417908e+00
3.000000274181366056e+00
3.572916974623998154e+00
4.133928903511592701e+00
4.718750409781932831e+00
5.229167136881086364e+00
5.675000518560409546e+00
6.034091467207128190e+00
6.343750591079394319e+00
6.605769849740541488e+00
6.830357785735811760e+00
7.029167330265044811e+00
7.199219431728124619e+00
7.356618344783782959e+00
7.493056267499923706e+00
7.615132303614365661e+00
7.721875736117363331e+00
7.821429317905788992e+00
7.911932574077085611e+00
7.991848590581313694e+00
8.070313272376855807e+00
8.142500779628754515e+00
8.206731555553583135e+00
8.263889681409906984e+00
8.319197226847920845e+00
8.368535286393658623e+00
8.416667475303013290e+00
8.459678232669830322e+00
8.503907067701220512e+00
8.545455367276161951e+00
8.584559649229049683e+00
8.621429400784629493e+00
8.656250832809341489e+00
8.687500836075964017e+00
8.720395576012762717e+00
8.750000842106647525e+00
8.778125844895839691e+00
8.803354506085558029e+00
8.828869897694815450e+00
8.851745038531547038e+00
8.876421309330247311e+00
8.895834190315669687e+00
8.917120424301728576e+00
8.936171073862846370e+00
8.955730029692253069e+00
8.974490660793927432e+00
8.993750866651534892e+00
9.011030280122570346e+00
9.026443177690872233e+00
9.042453701766032026e+00
9.057871243468037292e+00
9.073864510926332727e+00
9.088170518832546563e+00
9.103071052777139016e+00
9.115302602792608511e+00
9.127119523993993511e+00
9.139584214488666092e+00
9.151640226606462036e+00
9.163307335107557350e+00
9.173611995719728185e+00
9.186524323187768459e+00
9.197116271349100813e+00
9.208334221081299731e+00
9.219217306642390142e+00
9.228861183804625057e+00
9.238225528295489042e+00
9.250000891515187007e+00
9.260564272672358044e+00
9.269098115464052157e+00
9.277398154343643455e+00
9.286318462442707755e+00
9.295834228992461590e+00
9.302632475369854603e+00
9.309254143919263313e+00
9.316507308146892541e+00
9.324367987204201569e+00
9.330469649285078049e+00
9.443750910460948944e+00
9.546875920891761069e+00
9.633594679832459207e+00
9.703125935792922263e+00
9.760157191753387806e+00
9.804688447713852284e+00
9.835157203674317117e+00
9.848438453674315696e+00
9.854688453674317117e+00
9.857813453674316051e+00
9.862500953674317117e+00
9.864844703674316762e+00
9.866407203674317117e+00
9.868750953674316762e+00
9.871094703674316406e+00
9.874219703674317117e+00
9.875000953674316406e+00
9.876563453674316762e+00
9.878907203674316406e+00
9.881250953674316051e+00
9.882813453674316406e+00
9.883594703674315696e+00
9.886719703674316406e+00
9.887500953674315696e+00
9.887500953674315696e+00
9.889063453674316051e+00
9.892188453674316762e+00
9.893750953674317117e+00
9.895313453674315696e+00
9.896875953674316051e+00
9.900000953674316762e+00
9.900782203674316051e+00
9.900782203674316051e+00
9.900000953674316762e+00
9.900000953674316762e+00
9.900782203674316051e+00
9.901563453674317117e+00
9.900782203674316051e+00
9.902344703674316406e+00
9.903907203674316762e+00
9.903907203674316762e+00
9.903125953674315696e+00
9.904688453674316051e+00
9.905469703674317117e+00
9.907813453674316762e+00
9.907813453674316762e+00
9.909375953674317117e+00
9.910938453674315696e+00
9.912500953674316051e+00
9.911719703674316762e+00
9.912500953674316051e+00
9.915625953674316762e+00
9.916407203674316051e+00
9.916407203674316051e+00
9.917188453674317117e+00
9.918750953674315696e+00
9.918750953674315696e+00
9.919532203674316762e+00
9.921094703674317117e+00
9.922657203674315696e+00
9.923438453674316762e+00
9.923438453674316762e+00
9.924219703674316051e+00
9.924219703674316051e+00
9.923438453674316762e+00
9.921875953674316406e+00
9.921094703674317117e+00
9.923438453674316762e+00
9.923438453674316762e+00
9.920313453674316051e+00
9.919532203674316762e+00
9.921094703674317117e+00
9.921875953674316406e+00
9.921094703674317117e+00
9.920313453674316051e+00
9.921875953674316406e+00
9.924219703674316051e+00
9.925782203674316406e+00
9.925782203674316406e+00
9.926563453674315696e+00
9.928907203674317117e+00
9.929688453674316406e+00
9.929688453674316406e+00
9.930469703674315696e+00
9.932032203674316051e+00
9.932813453674317117e+00
9.934375953674315696e+00
9.935157203674316762e+00
9.936719703674317117e+00
9.936719703674317117e+00
9.937500953674316406e+00
9.937500953674316406e+00
9.938282203674315696e+00
9.938282203674315696e+00
9.938282203674315696e+00
9.938282203674315696e+00
9.938282203674315696e+00
9.938282203674315696e+00
9.938282203674315696e+00
9.938282203674315696e+00
9.937500953674316406e+00
9.937500953674316406e+00
9.935938453674316051e+00
9.935938453674316051e+00
9.936719703674317117e+00
9.935157203674316762e+00
9.934375953674315696e+00
9.935157203674316762e+00
9.935157203674316762e+00
9.934375953674315696e+00
9.934375953674315696e+00
9.935938453674316051e+00
9.937500953674316406e+00
9.939844703674316051e+00
9.940625953674317117e+00
9.942188453674315696e+00
9.943750953674316051e+00
9.945313453674316406e+00
9.944532203674317117e+00
9.945313453674316406e+00
9.947657203674316051e+00
9.950000953674315696e+00
9.950000953674315696e+00
9.950000953674315696e+00
9.952344703674317117e+00
9.953907203674315696e+00
9.953125953674316406e+00
9.953907203674315696e+00
9.953907203674315696e+00
9.953907203674315696e+00
9.953907203674315696e+00
9.952344703674317117e+00
9.953125953674316406e+00
9.953125953674316406e+00
9.951563453674316051e+00
9.951563453674316051e+00
9.951563453674316051e+00
9.951563453674316051e+00
9.951563453674316051e+00
9.952344703674317117e+00
9.952344703674317117e+00
9.952344703674317117e+00
9.953907203674315696e+00
9.954688453674316762e+00
9.957032203674316406e+00
9.958594703674316762e+00
9.959375953674316051e+00
9.957813453674315696e+00
9.960157203674317117e+00
9.963282203674316051e+00
9.964063453674317117e+00
9.963282203674316051e+00
9.964063453674317117e+00
9.965625953674315696e+00
9.966407203674316762e+00
9.966407203674316762e+00
9.966407203674316762e+00
9.967969703674317117e+00
9.967969703674317117e+00
9.968750953674316406e+00
9.969532203674315696e+00
9.968750953674316406e+00
9.967969703674317117e+00
9.967188453674316051e+00
9.967188453674316051e+00
9.966407203674316762e+00
9.964063453674317117e+00
9.962500953674316762e+00
9.962500953674316762e+00
9.963282203674316051e+00
9.960938453674316406e+00
9.962500953674316762e+00
9.964063453674317117e+00
9.964063453674317117e+00
9.963282203674316051e+00
9.963282203674316051e+00
9.964063453674317117e+00
9.964844703674316406e+00
9.964063453674317117e+00
9.964063453674317117e+00
9.966407203674316762e+00
9.968750953674316406e+00
9.969532203674315696e+00
9.969532203674315696e+00
9.970313453674316762e+00
9.973438453674315696e+00
9.974219703674316762e+00
9.973438453674315696e+00
9.975000953674316051e+00
9.977344703674315696e+00
9.976563453674316406e+00
9.975000953674316051e+00
9.975000953674316051e+00
9.975782203674317117e+00
9.975782203674317117e+00
9.973438453674315696e+00
9.972657203674316406e+00
9.972657203674316406e+00
9.972657203674316406e+00
9.970313453674316762e+00
9.969532203674315696e+00
9.969532203674315696e+00
9.968750953674316406e+00
9.967188453674316051e+00
9.965625953674315696e+00
9.966407203674316762e+00
9.967188453674316051e+00
9.964844703674316406e+00
9.964844703674316406e+00
9.967188453674316051e+00
9.967188453674316051e+00
9.967188453674316051e+00
9.967969703674317117e+00
9.969532203674315696e+00
9.970313453674316762e+00
9.969532203674315696e+00
9.970313453674316762e+00
9.971875953674317117e+00
9.971094703674316051e+00
9.970313453674316762e+00
9.971875953674317117e+00
9.972657203674316406e+00
9.971875953674317117e+00
9.971875953674317117e+00
9.972657203674316406e+00
9.972657203674316406e+00
9.971875953674317117e+00
9.972657203674316406e+00
9.971875953674317117e+00
9.970313453674316762e+00
9.968750953674316406e+00
9.969532203674315696e+00
9.968750953674316406e+00
9.967969703674317117e+00
9.967188453674316051e+00
9.968750953674316406e+00
9.969532203674315696e+00
9.967188453674316051e+00
9.966407203674316762e+00
9.967188453674316051e+00
9.967969703674317117e+00
9.967969703674317117e+00
9.968750953674316406e+00
9.970313453674316762e+00
9.971875953674317117e+00
9.971094703674316051e+00
9.972657203674316406e+00
9.975782203674317117e+00
9.976563453674316406e+00
9.975000953674316051e+00
9.975782203674317117e+00
9.975782203674317117e+00
9.975000953674316051e+00
9.975782203674317117e+00
9.976563453674316406e+00
9.976563453674316406e+00
9.976563453674316406e+00
9.975782203674317117e+00
9.975782203674317117e+00
9.976563453674316406e+00
9.975782203674317117e+00
9.973438453674315696e+00
9.972657203674316406e+00
9.973438453674315696e+00
9.972657203674316406e+00
9.969532203674315696e+00
9.968750953674316406e+00
9.969532203674315696e+00
9.968750953674316406e+00
9.967188453674316051e+00
9.967188453674316051e+00
9.968750953674316406e+00
9.968750953674316406e+00
9.967969703674317117e+00
9.968750953674316406e+00
9.971094703674316051e+00
9.971875953674317117e+00
9.971094703674316051e+00
9.971875953674317117e+00
9.973438453674315696e+00
9.974219703674316762e+00
9.973438453674315696e+00
9.975782203674317117e+00
9.978125953674316762e+00
9.978125953674316762e+00
9.976563453674316406e+00
9.978125953674316762e+00
9.980469703674316406e+00
9.979688453674317117e+00
9.978125953674316762e+00
9.978907203674316051e+00
9.979688453674317117e+00
9.978125953674316762e+00
9.977344703674315696e+00
9.978125953674316762e+00
9.978125953674316762e+00
9.976563453674316406e+00
9.976563453674316406e+00
9.978907203674316051e+00
9.978125953674316762e+00
9.976563453674316406e+00
9.977344703674315696e+00
9.978907203674316051e+00
9.978125953674316762e+00
9.976563453674316406e+00
9.978907203674316051e+00
9.981250953674315696e+00
9.980469703674316406e+00
9.980469703674316406e+00
9.982813453674316051e+00
9.984375953674316406e+00
9.984375953674316406e+00
9.985157203674315696e+00
9.985938453674316762e+00
9.985938453674316762e+00
9.985157203674315696e+00
9.984375953674316406e+00
9.985938453674316762e+00
9.987500953674317117e+00
9.986719703674316051e+00
9.984375953674316406e+00
9.985157203674315696e+00
9.984375953674316406e+00
9.982813453674316051e+00
9.982032203674316762e+00
9.983594703674317117e+00
9.981250953674315696e+00
9.978907203674316051e+00
9.978907203674316051e+00
9.980469703674316406e+00
9.980469703674316406e+00
9.978125953674316762e+00
9.978125953674316762e+00
9.978907203674316051e+00
9.978907203674316051e+00
9.978125953674316762e+00
9.978907203674316051e+00
9.979688453674317117e+00
9.980469703674316406e+00
9.979688453674317117e+00
9.980469703674316406e+00
9.982813453674316051e+00
9.983594703674317117e+00
9.982813453674316051e+00
9.985938453674316762e+00
9.989063453674315696e+00
9.989844703674316762e+00
9.989844703674316762e+00
9.991407203674317117e+00
9.992188453674316406e+00
9.992188453674316406e+00
9.990625953674316051e+00
9.991407203674317117e+00
9.990625953674316051e+00
9.989063453674315696e+00
9.987500953674317117e+00
9.988282203674316406e+00
9.988282203674316406e+00
9.986719703674316051e+00
9.986719703674316051e+00
9.987500953674317117e+00
9.987500953674317117e+00
9.986719703674316051e+00
9.987500953674317117e+00
9.989063453674315696e+00
9.989844703674316762e+00
9.989063453674315696e+00
9.989063453674315696e+00
9.989844703674316762e+00
9.990625953674316051e+00
9.989063453674315696e+00
9.988282203674316406e+00
9.989063453674315696e+00
9.989063453674315696e+00
9.988282203674316406e+00
9.989063453674315696e+00
9.991407203674317117e+00
9.991407203674317117e+00
9.989063453674315696e+00
9.990625953674316051e+00
9.992188453674316406e+00
9.991407203674317117e+00
9.990625953674316051e+00
9.990625953674316051e+00
9.989844703674316762e+00
9.986719703674316051e+00
9.985157203674315696e+00
9.986719703674316051e+00
9.985938453674316762e+00
9.982813453674316051e+00
9.982032203674316762e+00
9.982813453674316051e+00
9.982032203674316762e+00
9.981250953674315696e+00
9.982813453674316051e+00
9.983594703674317117e+00
9.983594703674317117e+00
9.982032203674316762e+00
9.983594703674317117e+00
9.983594703674317117e+00
9.983594703674317117e+00
9.983594703674317117e+00
9.986719703674316051e+00
9.988282203674316406e+00
9.988282203674316406e+00
9.989063453674315696e+00
9.991407203674317117e+00
9.992188453674316406e+00
9.993750953674316762e+00
9.994532203674316051e+00
9.994532203674316051e+00
9.995313453674317117e+00
9.996094703674316406e+00
9.994532203674316051e+00
9.992969703674315696e+00
9.994532203674316051e+00
9.993750953674316762e+00
9.992969703674315696e+00
9.993750953674316762e+00
9.994532203674316051e+00
9.992969703674315696e+00
9.992188453674316406e+00
9.993750953674316762e+00
9.994532203674316051e+00
9.991407203674317117e+00
9.992969703674315696e+00
9.993750953674316762e+00
9.992969703674315696e+00
9.992188453674316406e+00
9.992188453674316406e+00
9.992969703674315696e+00
9.992188453674316406e+00
9.992188453674316406e+00
9.994532203674316051e+00
9.996094703674316406e+00
9.996875953674315696e+00
9.996875953674315696e+00
9.996875953674315696e+00
9.998438453674316051e+00
9.998438453674316051e+00
9.996875953674315696e+00
9.996875953674315696e+00
9.996875953674315696e+00
9.995313453674317117e+00
9.992969703674315696e+00
9.991407203674317117e+00
9.992188453674316406e+00
9.991407203674317117e+00
9.990625953674316051e+00
9.990625953674316051e+00
9.993750953674316762e+00
9.994532203674316051e+00
9.993750953674316762e+00
9.993750953674316762e+00
9.995313453674317117e+00
9.996094703674316406e+00
9.995313453674317117e+00
9.994532203674316051e+00
9.996875953674315696e+00
9.996094703674316406e+00
9.994532203674316051e+00
9.996875953674315696e+00
9.997657203674316762e+00
9.997657203674316762e+00
9.999219703674317117e+00
1.000156345367431676e+01
1.000234470367431605e+01
1.000078220367431570e+01
1.000156345367431676e+01
1.000390720367431641e+01
1.000312595367431712e+01
1.000156345367431676e+01
1.000234470367431605e+01
1.000312595367431712e+01
1.000234470367431605e+01
1.000078220367431570e+01
1.000000095367431641e+01
1.000078220367431570e+01
1.000000095367431641e+01
1.000078220367431570e+01
1.000078220367431570e+01
1.000000095367431641e+01
9.999219703674317117e+00
1.000078220367431570e+01
1.000078220367431570e+01
9.999219703674317117e+00
1.000078220367431570e+01
1.000234470367431605e+01
1.000078220367431570e+01
1.000000095367431641e+01
1.000156345367431676e+01
1.000390720367431641e+01
1.000312595367431712e+01
1.000234470367431605e+01
1.000468845367431570e+01
1.000546970367431676e+01
1.000546970367431676e+01
1.000625095367431605e+01
1.000468845367431570e+01
1.000546970367431676e+01
1.000703220367431712e+01
1.000625095367431605e+01
1.000546970367431676e+01
1.000546970367431676e+01
1.000625095367431605e+01
1.000312595367431712e+01
1.000078220367431570e+01
1.000156345367431676e+01
1.000156345367431676e+01
1.000078220367431570e+01
9.999219703674317117e+00
1.000156345367431676e+01
1.000156345367431676e+01
9.999219703674317117e+00
9.999219703674317117e+00
1.000000095367431641e+01
1.000000095367431641e+01
1.000078220367431570e+01
1.000078220367431570e+01
1.000156345367431676e+01
1.000234470367431605e+01
1.000234470367431605e+01
1.000234470367431605e+01
1.000312595367431712e+01
1.000390720367431641e+01
1.000468845367431570e+01
1.000546970367431676e+01
1.000546970367431676e+01
1.000625095367431605e+01
1.000703220367431712e+01
1.000625095367431605e+01
1.000546970367431676e+01
1.000625095367431605e+01
1.000859470367431570e+01
1.000703220367431712e+01
1.000546970367431676e+01
1.000468845367431570e+01
1.000546970367431676e+01
1.000390720367431641e+01
1.000390720367431641e+01
1.000468845367431570e+01
1.000312595367431712e+01
1.000078220367431570e+01
1.000078220367431570e+01
1.000156345367431676e+01
1.000078220367431570e+01
1.000078220367431570e+01
1.000234470367431605e+01
1.000312595367431712e+01
1.000156345367431676e+01
1.000312595367431712e+01
1.000468845367431570e+01
1.000390720367431641e+01
1.000312595367431712e+01
1.000390720367431641e+01
1.000390720367431641e+01
1.000468845367431570e+01
1.000468845367431570e+01
1.000468845367431570e+01
1.000390720367431641e+01
1.000390720367431641e+01
1.000468845367431570e+01
1.000390720367431641e+01
1.000312595367431712e+01
1.000312595367431712e+01
1.000312595367431712e+01
1.000156345367431676e+01
9.999219703674317117e+00
1.000000095367431641e+01
1.000078220367431570e+01
9.999219703674317117e+00
9.996875953674315696e+00
9.997657203674316762e+00
9.999219703674317117e+00
9.998438453674316051e+00
9.996875953674315696e+00
9.998438453674316051e+00
9.998438453674316051e+00
9.998438453674316051e+00
9.997657203674316762e+00
9.998438453674316051e+00
1.000000095367431641e+01
1.000000095367431641e+01
1.000000095367431641e+01
1.000156345367431676e+01
1.000312595367431712e+01
1.000390720367431641e+01
1.000468845367431570e+01
1.000546970367431676e+01
1.000546970367431676e+01
1.000703220367431712e+01
1.000625095367431605e+01
1.000468845367431570e+01
1.000390720367431641e+01
1.000390720367431641e+01
1.000312595367431712e+01
1.000156345367431676e+01
1.000078220367431570e+01
1.000156345367431676e+01
1.000078220367431570e+01
1.000078220367431570e+01
1.000156345367431676e+01
1.000312595367431712e+01
1.000312595367431712e+01
1.000234470367431605e+01
1.000234470367431605e+01
1.000312595367431712e+01
1.000468845367431570e+01
1.000468845367431570e+01
1.000312595367431712e+01
1.000390720367431641e+01
1.000546970367431676e+01
1.000546970367431676e+01
1.000390720367431641e+01
1.000546970367431676e+01
1.000625095367431605e+01
1.000546970367431676e+01
1.000546970367431676e+01
1.000625095367431605e+01
1.000468845367431570e+01
1.000312595367431712e+01
1.000312595367431712e+01
1.000390720367431641e+01
1.000234470367431605e+01
1.000234470367431605e+01
1.000234470367431605e+01
1.000234470367431605e+01
1.000078220367431570e+01
1.000000095367431641e+01
1.000078220367431570e+01
1.000000095367431641e+01
1.000000095367431641e+01
1.000156345367431676e+01
1.000234470367431605e+01
1.000078220367431570e+01
1.000234470367431605e+01
1.000390720367431641e+01
1.000312595367431712e+01
1.000234470367431605e+01
1.000546970367431676e+01
1.000625095367431605e+01
1.000468845367431570e+01
1.000546970367431676e+01
1.000625095367431605e+01
1.000546970367431676e+01
1.000546970367431676e+01
1.000546970367431676e+01
1.000625095367431605e+01
1.000312595367431712e+01
1.000234470367431605e+01
1.000312595367431712e+01
1.000234470367431605e+01
1.000156345367431676e+01
1.000156345367431676e+01
1.000000095367431641e+01
9.998438453674316051e+00
9.997657203674316762e+00
9.997657203674316762e+00
9.997657203674316762e+00
9.998438453674316051e+00
9.997657203674316762e+00
9.996875953674315696e+00
9.996094703674316406e+00
9.996875953674315696e+00
9.996094703674316406e+00
9.994532203674316051e+00
9.994532203674316051e+00
9.996094703674316406e+00
9.996094703674316406e+00
9.996094703674316406e+00
9.996875953674315696e+00
9.997657203674316762e+00
9.998438453674316051e+00
9.998438453674316051e+00
9.998438453674316051e+00
9.999219703674317117e+00
9.998438453674316051e+00
9.997657203674316762e+00
9.996094703674316406e+00
9.996875953674315696e+00
9.995313453674317117e+00
9.994532203674316051e+00
9.993750953674316762e+00
9.992969703674315696e+00
9.992969703674315696e+00
9.992969703674315696e+00
9.990625953674316051e+00
9.990625953674316051e+00
9.990625953674316051e+00
9.991407203674317117e+00
9.990625953674316051e+00
9.989844703674316762e+00
9.989063453674315696e+00
9.989844703674316762e+00
9.990625953674316051e+00
9.990625953674316051e+00
9.992188453674316406e+00
9.993750953674316762e+00
9.993750953674316762e+00
9.994532203674316051e+00
9.996875953674315696e+00
9.997657203674316762e+00
9.997657203674316762e+00
9.998438453674316051e+00
9.997657203674316762e+00
9.997657203674316762e+00
9.996875953674315696e+00
9.996875953674315696e+00
9.997657203674316762e+00
9.997657203674316762e+00
9.997657203674316762e+00
9.997657203674316762e+00
9.996875953674315696e+00
9.995313453674317117e+00
9.995313453674317117e+00
9.995313453674317117e+00
9.992969703674315696e+00
9.993750953674316762e+00
9.995313453674317117e+00
9.992969703674315696e+00
9.992188453674316406e+00
9.992188453674316406e+00
9.992188453674316406e+00
9.991407203674317117e+00
9.991407203674317117e+00
9.991407203674317117e+00
9.992188453674316406e+00
9.992188453674316406e+00
9.995313453674317117e+00
9.996094703674316406e+00
9.995313453674317117e+00
9.995313453674317117e+00
9.995313453674317117e+00
9.996094703674316406e+00
9.996094703674316406e+00
9.996875953674315696e+00
9.996875953674315696e+00
9.995313453674317117e+00
9.995313453674317117e+00
9.995313453674317117e+00
9.993750953674316762e+00
9.991407203674317117e+00
9.991407203674317117e+00
9.991407203674317117e+00
9.989844703674316762e+00
9.989844703674316762e+00
9.991407203674317117e+00
9.989063453674315696e+00
9.987500953674317117e+00
9.989063453674315696e+00
9.989063453674315696e+00
9.987500953674317117e+00
9.987500953674317117e+00
9.989844703674316762e+00
9.989844703674316762e+00
9.988282203674316406e+00
9.990625953674316051e+00
9.992969703674315696e+00
9.992969703674315696e+00
9.991407203674317117e+00
9.993750953674316762e+00
9.993750953674316762e+00
9.991407203674317117e+00
9.990625953674316051e+00
9.991407203674317117e+00
9.991407203674317117e+00
9.991407203674317117e+00
9.990625953674316051e+00
9.989844703674316762e+00
9.988282203674316406e+00
9.987500953674317117e+00
9.989844703674316762e+00
9.989844703674316762e+00
9.988282203674316406e+00
9.986719703674316051e+00
9.987500953674317117e+00
9.987500953674317117e+00
9.985938453674316762e+00
9.986719703674316051e+00
9.987500953674317117e+00
9.985938453674316762e+00
9.985938453674316762e+00
9.987500953674317117e+00
9.987500953674317117e+00
9.988282203674316406e+00
9.989063453674315696e+00
9.989063453674315696e+00
9.989844703674316762e+00
9.989063453674315696e+00
9.988282203674316406e+00
9.988282203674316406e+00
9.987500953674317117e+00
9.986719703674316051e+00
9.987500953674317117e+00
9.988282203674316406e+00
9.987500953674317117e+00
9.987500953674317117e+00
9.988282203674316406e+00
9.987500953674317117e+00
9.987500953674317117e+00
9.987500953674317117e+00
9.990625953674316051e+00
9.989844703674316762e+00
9.989844703674316762e+00
9.990625953674316051e+00
9.991407203674317117e+00
9.990625953674316051e+00
9.991407203674317117e+00
9.989844703674316762e+00
9.988282203674316406e+00
9.986719703674316051e+00
9.985938453674316762e+00
9.984375953674316406e+00
9.982032203674316762e+00
9.980469703674316406e+00
9.978907203674316051e+00
9.976563453674316406e+00
9.976563453674316406e+00
9.975782203674317117e+00
9.975782203674317117e+00
9.975000953674316051e+00
9.977344703674315696e+00
9.978125953674316762e+00
9.977344703674315696e+00
9.978125953674316762e+00
9.979688453674317117e+00
9.978907203674316051e+00
9.978907203674316051e+00
9.981250953674315696e+00
9.980469703674316406e+00
9.978125953674316762e+00
9.978907203674316051e+00
9.980469703674316406e+00
9.979688453674317117e+00
9.979688453674317117e+00
9.982032203674316762e+00
9.982032203674316762e+00
9.981250953674315696e+00
9.982813453674316051e+00
9.985157203674315696e+00
9.984375953674316406e+00
9.985157203674315696e+00
9.988282203674316406e+00
9.988282203674316406e+00
9.987500953674317117e+00
9.988282203674316406e+00
9.988282203674316406e+00
9.987500953674317117e+00
9.987500953674317117e+00
9.988282203674316406e+00
9.989844703674316762e+00
9.987500953674317117e+00
9.987500953674317117e+00
9.988282203674316406e+00
9.989063453674315696e+00
9.989063453674315696e+00
9.988282203674316406e+00
9.988282203674316406e+00
9.988282203674316406e+00
9.989063453674315696e+00
9.989844703674316762e+00
9.989063453674315696e+00
9.988282203674316406e+00
9.989844703674316762e+00
9.989063453674315696e+00
9.988282203674316406e+00
9.990625953674316051e+00
9.991407203674317117e+00
9.991407203674317117e+00
9.992969703674315696e+00
9.995313453674317117e+00
9.995313453674317117e+00
9.995313453674317117e+00
9.997657203674316762e+00
9.997657203674316762e+00
9.996875953674315696e+00
9.996875953674315696e+00
9.996094703674316406e+00
9.995313453674317117e+00
9.992969703674315696e+00
9.992969703674315696e+00
9.991407203674317117e+00
9.991407203674317117e+00
9.990625953674316051e+00
9.991407203674317117e+00
9.991407203674317117e+00
9.991407203674317117e+00
9.990625953674316051e+00
9.991407203674317117e+00
9.992969703674315696e+00
9.994532203674316051e+00
9.996875953674315696e+00
9.999219703674317117e+00
1.000078220367431570e+01
1.000312595367431712e+01
1.000703220367431712e+01
1.000937595367431676e+01
1.001093845367431712e+01
1.001250095367431570e+01
1.001328220367431676e+01
1.001484470367431712e+01
1.001406345367431605e+01
1.001406345367431605e+01
1.001406345367431605e+01
1.001328220367431676e+01
1.001171970367431641e+01
1.001171970367431641e+01
1.001015720367431605e+01
1.000703220367431712e+01
1.000859470367431570e+01
1.001015720367431605e+01
1.001015720367431605e+01
1.000781345367431641e+01
1.000859470367431570e+01
1.000937595367431676e+01
1.000703220367431712e+01
1.000468845367431570e+01
1.000390720367431641e+01
1.000390720367431641e+01
1.000234470367431605e+01
1.000156345367431676e+01
1.000156345367431676e+01
1.000000095367431641e+01
1.000078220367431570e+01
1.000156345367431676e+01
1.000312595367431712e+01
1.000390720367431641e+01
1.000390720367431641e+01
1.000468845367431570e+01
1.000625095367431605e+01
1.000468845367431570e+01
1.000390720367431641e+01
1.000390720367431641e+01
1.000468845367431570e+01
1.000312595367431712e+01
1.000078220367431570e+01
1.000156345367431676e+01
1.000156345367431676e+01
1.000078220367431570e+01
9.998438453674316051e+00
9.998438453674316051e+00
9.999219703674317117e+00
9.997657203674316762e+00
9.996094703674316406e+00
9.996875953674315696e+00
9.996875953674315696e+00
9.994532203674316051e+00
9.994532203674316051e+00
9.995313453674317117e+00
9.994532203674316051e+00
9.992188453674316406e+00
9.994532203674316051e+00
9.996094703674316406e+00
9.993750953674316762e+00
9.994532203674316051e+00
9.996094703674316406e+00
9.996094703674316406e+00
9.995313453674317117e+00
9.995313453674317117e+00
9.997657203674316762e+00
9.997657203674316762e+00
9.995313453674317117e+00
9.995313453674317117e+00
9.996094703674316406e+00
9.993750953674316762e+00
9.990625953674316051e+00
9.989063453674315696e+00
9.989063453674315696e+00
9.988282203674316406e+00
9.985938453674316762e+00
9.985157203674315696e+00
9.985157203674315696e+00
9.983594703674317117e+00
9.982032203674316762e+00
9.984375953674316406e+00
9.983594703674317117e+00
9.982032203674316762e+00
9.981250953674315696e+00
9.982032203674316762e+00
9.981250953674315696e+00
9.981250953674315696e+00
9.981250953674315696e+00
9.982032203674316762e+00
9.983594703674317117e+00
9.984375953674316406e+00
9.985157203674315696e+00
9.985938453674316762e+00
9.987500953674317117e+00
9.989063453674315696e+00
9.987500953674317117e+00
9.988282203674316406e+00
9.987500953674317117e+00
9.986719703674316051e+00
9.985938453674316762e+00
9.985157203674315696e+00
9.983594703674317117e+00
9.982813453674316051e+00
9.982813453674316051e+00
9.982813453674316051e+00
9.982032203674316762e+00
9.981250953674315696e+00
9.980469703674316406e+00
9.981250953674315696e+00
9.980469703674316406e+00
9.980469703674316406e+00
9.978125953674316762e+00
9.978907203674316051e+00
9.979688453674317117e+00
9.978907203674316051e+00
9.978125953674316762e+00
9.978907203674316051e+00
9.979688453674317117e+00
9.979688453674317117e+00
9.978125953674316762e+00
9.979688453674317117e+00
9.980469703674316406e+00
9.980469703674316406e+00
9.981250953674315696e+00
9.981250953674315696e+00
9.981250953674315696e+00
9.982813453674316051e+00
9.982813453674316051e+00
9.983594703674317117e+00
9.983594703674317117e+00
9.982813453674316051e+00
9.982032203674316762e+00
9.982032203674316762e+00
9.981250953674315696e+00
9.979688453674317117e+00
9.978125953674316762e+00
9.979688453674317117e+00
9.977344703674315696e+00
9.975782203674317117e+00
9.976563453674316406e+00
9.977344703674315696e+00
9.976563453674316406e+00
9.975782203674317117e+00
9.978125953674316762e+00
9.978125953674316762e+00
9.978125953674316762e+00
9.978907203674316051e+00
9.979688453674317117e+00
9.979688453674317117e+00
9.980469703674316406e+00
9.982813453674316051e+00
9.985157203674315696e+00
9.985938453674316762e+00
9.986719703674316051e+00
9.987500953674317117e+00
9.989063453674315696e+00
9.989844703674316762e+00
9.990625953674316051e+00
9.992188453674316406e+00
9.992188453674316406e+00
9.989063453674315696e+00
9.989063453674315696e+00
9.989063453674315696e+00
9.989063453674315696e+00
9.987500953674317117e+00
9.987500953674317117e+00
9.986719703674316051e+00
9.986719703674316051e+00
9.985157203674315696e+00
9.984375953674316406e+00
9.984375953674316406e+00
9.982813453674316051e+00
9.982813453674316051e+00
9.982813453674316051e+00
9.982813453674316051e+00
9.981250953674315696e+00
9.980469703674316406e+00
9.982032203674316762e+00
9.982813453674316051e+00
9.982032203674316762e+00
9.982813453674316051e+00
9.985938453674316762e+00
9.987500953674317117e+00
9.988282203674316406e+00
9.989063453674315696e+00
9.989063453674315696e+00
9.989063453674315696e+00
9.989844703674316762e+00
9.989063453674315696e+00
9.988282203674316406e+00
9.986719703674316051e+00
9.987500953674317117e+00
9.985938453674316762e+00
9.983594703674317117e+00
9.983594703674317117e+00
9.984375953674316406e+00
9.983594703674317117e+00
9.982032203674316762e+00
9.982813453674316051e+00
9.983594703674317117e+00
9.982032203674316762e+00
9.982032203674316762e+00
9.982813453674316051e+00
9.981250953674315696e+00
9.980469703674316406e+00
9.982813453674316051e+00
9.982032203674316762e+00
9.979688453674317117e+00
9.980469703674316406e+00
9.982032203674316762e+00
9.981250953674315696e+00
9.981250953674315696e+00
9.982032203674316762e+00
9.982032203674316762e+00
9.981250953674315696e+00
9.982813453674316051e+00
9.982032203674316762e+00
9.981250953674315696e+00
9.980469703674316406e+00
9.981250953674315696e+00
9.978907203674316051e+00
9.978125953674316762e+00
9.979688453674317117e+00
9.976563453674316406e+00
9.976563453674316406e+00
9.978125953674316762e+00
9.978125953674316762e+00
9.977344703674315696e+00
9.977344703674315696e+00
9.977344703674315696e+00
9.975782203674317117e+00
9.974219703674316762e+00
9.974219703674316762e+00
9.974219703674316762e+00
9.975782203674317117e+00
9.974219703674316762e+00
9.974219703674316762e+00
9.974219703674316762e+00
9.973438453674315696e+00
9.975782203674317117e+00
9.977344703674315696e+00
9.975782203674317117e+00
9.975782203674317117e+00
9.976563453674316406e+00
9.976563453674316406e+00
9.974219703674316762e+00
9.973438453674315696e+00
9.974219703674316762e+00
9.974219703674316762e+00
9.971094703674316051e+00
9.969532203674315696e+00
9.971094703674316051e+00
9.969532203674315696e+00
9.968750953674316406e+00
9.967969703674317117e+00
9.970313453674316762e+00
9.970313453674316762e+00
9.968750953674316406e+00
9.971094703674316051e+00
9.971094703674316051e+00
9.969532203674315696e+00
9.967188453674316051e+00
9.967969703674317117e+00
9.966407203674316762e+00
9.964063453674317117e+00
9.965625953674315696e+00
9.967969703674317117e+00
9.967969703674317117e+00
9.967969703674317117e+00
9.970313453674316762e+00
9.971094703674316051e+00
9.969532203674315696e+00
9.970313453674316762e+00
9.971094703674316051e+00
9.970313453674316762e+00
9.968750953674316406e+00
9.969532203674315696e+00
9.970313453674316762e+00
9.968750953674316406e+00
9.967969703674317117e+00
9.968750953674316406e+00
9.969532203674315696e+00
9.967969703674317117e+00
9.968750953674316406e+00
9.970313453674316762e+00
9.969532203674315696e+00
9.967969703674317117e+00
9.970313453674316762e+00
9.971094703674316051e+00
9.970313453674316762e+00
9.970313453674316762e+00
9.971094703674316051e+00
9.971094703674316051e+00
9.969532203674315696e+00
9.971094703674316051e+00
9.971094703674316051e+00
9.970313453674316762e+00
9.971094703674316051e+00
9.972657203674316406e+00
9.972657203674316406e+00
9.972657203674316406e+00
9.972657203674316406e+00
9.972657203674316406e+00
9.974219703674316762e+00
9.973438453674315696e+00
9.970313453674316762e+00
9.971094703674316051e+00
9.972657203674316406e+00
9.971094703674316051e+00
9.969532203674315696e+00
9.971094703674316051e+00
9.971875953674317117e+00
9.971094703674316051e+00
9.971875953674317117e+00
9.971094703674316051e+00
9.972657203674316406e+00
9.973438453674315696e+00
9.973438453674315696e+00
9.973438453674315696e+00
9.972657203674316406e+00
9.971094703674316051e+00
9.972657203674316406e+00
9.974219703674316762e+00
9.974219703674316762e+00
9.974219703674316762e+00
9.976563453674316406e+00
9.978907203674316051e+00
9.978125953674316762e+00
9.978907203674316051e+00
9.981250953674315696e+00
9.982032203674316762e+00
9.981250953674315696e+00
9.982032203674316762e+00
9.982032203674316762e+00
9.980469703674316406e+00
9.979688453674317117e+00
9.979688453674317117e+00
9.979688453674317117e+00
9.976563453674316406e+00
9.977344703674315696e+00
9.978125953674316762e+00
9.978907203674316051e+00
9.978125953674316762e+00
9.979688453674317117e+00
9.981250953674315696e+00
9.980469703674316406e+00
9.978907203674316051e+00
9.979688453674317117e+00
9.980469703674316406e+00
9.978907203674316051e+00
9.978907203674316051e+00
9.980469703674316406e+00
9.979688453674317117e+00
9.979688453674317117e+00
9.980469703674316406e+00
9.982032203674316762e+00
9.981250953674315696e+00
9.981250953674315696e+00
9.983594703674317117e+00
9.984375953674316406e+00
9.983594703674317117e+00
9.983594703674317117e+00
9.984375953674316406e+00
9.983594703674317117e+00
9.980469703674316406e+00
9.979688453674317117e+00
9.980469703674316406e+00
9.978125953674316762e+00
9.975782203674317117e+00
9.974219703674316762e+00
9.975000953674316051e+00
9.973438453674315696e+00
9.971875953674317117e+00
9.973438453674315696e+00
9.973438453674315696e+00
9.971875953674317117e+00
9.971875953674317117e+00
9.971875953674317117e+00
9.970313453674316762e+00
9.968750953674316406e+00
9.970313453674316762e+00
9.970313453674316762e+00
9.968750953674316406e+00
9.967969703674317117e+00
9.968750953674316406e+00
9.970313453674316762e+00
9.968750953674316406e+00
9.968750953674316406e+00
9.970313453674316762e+00
9.970313453674316762e+00
9.967969703674317117e+00
9.967188453674316051e+00
9.968750953674316406e+00
9.967969703674317117e+00
9.965625953674315696e+00
9.965625953674315696e+00
9.965625953674315696e+00
9.962500953674316762e+00
9.960938453674316406e+00
9.961719703674315696e+00
9.962500953674316762e+00
9.960157203674317117e+00
9.959375953674316051e+00
9.960938453674316406e+00
9.960938453674316406e+00
9.957813453674315696e+00
9.957032203674316406e+00
9.957813453674315696e+00
9.957032203674316406e+00
9.956250953674317117e+00
9.957813453674315696e+00
9.958594703674316762e+00
9.957813453674315696e+00
9.957032203674316406e+00
9.960157203674317117e+00
9.959375953674316051e+00
9.958594703674316762e+00
9.958594703674316762e+00
9.960938453674316406e+00
9.960938453674316406e+00
9.959375953674316051e+00
9.958594703674316762e+00
9.958594703674316762e+00
9.957813453674315696e+00
9.955469703674316051e+00
9.953907203674315696e+00
9.954688453674316762e+00
9.951563453674316051e+00
9.948438453674317117e+00
9.947657203674316051e+00
9.948438453674317117e+00
9.946875953674316762e+00
9.946094703674315696e+00
9.947657203674316051e+00
9.948438453674317117e+00
9.943750953674316051e+00
9.939063453674316762e+00
9.935157203674316762e+00
9.928125953674316051e+00
9.921875953674316406e+00
9.917969703674316406e+00
9.915625953674316762e+00
9.913282203674317117e+00
9.912500953674316051e+00
9.915625953674316762e+00
9.915625953674316762e+00
9.914063453674316406e+00
9.914063453674316406e+00
9.915625953674316762e+00
9.917188453674317117e+00
9.917188453674317117e+00
9.917969703674316406e+00
9.921094703674317117e+00
9.921094703674317117e+00
9.919532203674316762e+00
9.918750953674315696e+00
9.918750953674315696e+00
9.916407203674316051e+00
9.914844703674315696e+00
9.914844703674315696e+00
9.913282203674317117e+00
9.911719703674316762e+00
9.909375953674317117e+00
9.907032203674315696e+00
9.903125953674315696e+00
9.897657203674317117e+00
9.894532203674316406e+00
9.892969703674316051e+00
9.892188453674316762e+00
9.892188453674316762e+00
9.892969703674316051e+00
9.895313453674315696e+00
9.895313453674315696e+00
9.893750953674317117e+00
9.895313453674315696e+00
9.895313453674315696e+00
9.894532203674316406e+00
9.896875953674316051e+00
9.899219703674315696e+00
9.898438453674316406e+00
9.898438453674316406e+00
9.900782203674316051e+00
9.900782203674316051e+00
9.896875953674316051e+00
9.895313453674315696e+00
9.895313453674315696e+00
9.891407203674315696e+00
9.887500953674315696e+00
9.885938453674317117e+00
9.885938453674317117e+00
9.883594703674315696e+00
9.884375953674316762e+00
9.885938453674317117e+00
9.886719703674316406e+00
9.885938453674317117e+00
9.886719703674316406e+00
9.887500953674315696e+00
9.887500953674315696e+00
9.886719703674316406e+00
9.887500953674315696e+00
9.889063453674316051e+00
9.889844703674317117e+00
9.891407203674315696e+00
9.893750953674317117e+00
9.895313453674315696e+00
9.896094703674316762e+00
9.896875953674316051e+00
9.900782203674316051e+00
9.902344703674316406e+00
9.903907203674316762e+00
9.903907203674316762e+00
9.907032203674315696e+00
9.907032203674315696e+00
9.905469703674317117e+00
9.905469703674317117e+00
9.910157203674316406e+00
9.914063453674316406e+00
9.917969703674316406e+00
9.925000953674317117e+00
9.930469703674315696e+00
9.934375953674315696e+00
9.938282203674315696e+00
9.941407203674316406e+00
9.942188453674315696e+00
9.941407203674316406e+00
9.943750953674316051e+00
9.945313453674316406e+00
9.945313453674316406e+00
9.946094703674315696e+00
9.946094703674315696e+00
9.946094703674315696e+00
9.946875953674316762e+00
9.946875953674316762e+00
9.946875953674316762e+00
9.948438453674317117e+00
9.952344703674317117e+00
9.953125953674316406e+00
9.954688453674316762e+00
9.957813453674315696e+00
9.957813453674315696e+00
9.957032203674316406e+00
9.957813453674315696e+00
9.960157203674317117e+00
9.963282203674316051e+00
9.965625953674315696e+00
9.968750953674316406e+00
9.971875953674317117e+00
9.974219703674316762e+00
9.973438453674315696e+00
9.973438453674315696e+00
9.975782203674317117e+00
9.975782203674317117e+00
9.975782203674317117e+00
9.976563453674316406e+00
9.977344703674315696e+00
9.977344703674315696e+00
9.977344703674315696e+00
9.978125953674316762e+00
9.976563453674316406e+00
9.975000953674316051e+00
9.975000953674316051e+00
9.975000953674316051e+00
9.974219703674316762e+00
9.976563453674316406e+00
9.979688453674317117e+00
9.982032203674316762e+00
9.984375953674316406e+00
9.986719703674316051e+00
9.988282203674316406e+00
9.989844703674316762e+00
9.991407203674317117e+00
9.988282203674316406e+00
9.986719703674316051e+00
9.985938453674316762e+00
9.985157203674315696e+00
9.983594703674317117e+00
9.981250953674315696e+00
9.979688453674317117e+00
9.977344703674315696e+00
9.975000953674316051e+00
9.975782203674317117e+00
9.976563453674316406e+00
9.975000953674316051e+00
9.971875953674317117e+00
9.971875953674317117e+00
9.972657203674316406e+00
9.971875953674317117e+00
9.969532203674315696e+00
9.969532203674315696e+00
9.970313453674316762e+00
9.971094703674316051e+00
9.969532203674315696e+00
9.969532203674315696e+00
9.970313453674316762e+00
9.970313453674316762e+00
9.969532203674315696e+00
9.969532203674315696e+00
9.969532203674315696e+00
9.967188453674316051e+00
9.967188453674316051e+00
9.968750953674316406e+00
9.966407203674316762e+00
9.964844703674316406e+00
9.964844703674316406e+00
9.964844703674316406e+00
9.964063453674317117e+00
9.964063453674317117e+00
9.964844703674316406e+00
9.961719703674315696e+00
9.960938453674316406e+00
9.960938453674316406e+00
9.960157203674317117e+00
9.957032203674316406e+00
9.954688453674316762e+00
9.953125953674316406e+00
9.950000953674315696e+00
9.950000953674315696e+00
9.950000953674315696e+00
9.947657203674316051e+00
9.946875953674316762e+00
9.946094703674315696e+00
9.947657203674316051e+00
9.949219703674316406e+00
9.947657203674316051e+00
9.948438453674317117e+00
9.949219703674316406e+00
9.949219703674316406e+00
9.948438453674317117e+00
9.950000953674315696e+00
9.950000953674315696e+00
9.946875953674316762e+00
9.945313453674316406e+00
9.945313453674316406e+00
9.945313453674316406e+00
9.942969703674316762e+00
9.940625953674317117e+00
9.940625953674317117e+00
9.939063453674316762e+00
9.939063453674316762e+00
9.939063453674316762e+00
9.938282203674315696e+00
9.935157203674316762e+00
9.934375953674315696e+00
9.933594703674316406e+00
9.932032203674316051e+00
9.929688453674316406e+00
9.930469703674315696e+00
9.931250953674316762e+00
9.932032203674316051e+00
9.931250953674316762e+00
9.929688453674316406e+00
9.930469703674315696e+00
9.929688453674316406e+00
9.930469703674315696e+00
9.930469703674315696e+00
9.929688453674316406e+00
9.929688453674316406e+00
9.930469703674315696e+00
9.932032203674316051e+00
9.932813453674317117e+00
9.929688453674316406e+00
9.927344703674316762e+00
9.926563453674315696e+00
9.928125953674316051e+00
9.927344703674316762e+00
9.926563453674315696e+00
9.925782203674316406e+00
9.926563453674315696e+00
9.927344703674316762e+00
9.925782203674316406e+00
9.925782203674316406e+00
9.925000953674317117e+00
9.923438453674316762e+00
9.924219703674316051e+00
9.923438453674316762e+00
9.922657203674315696e+00
9.924219703674316051e+00
9.924219703674316051e+00
9.925000953674317117e+00
9.925782203674316406e+00
9.922657203674315696e+00
9.923438453674316762e+00
9.923438453674316762e+00
9.922657203674315696e+00
9.921875953674316406e+00
9.921094703674317117e+00
9.917969703674316406e+00
9.915625953674316762e+00
9.917969703674316406e+00
9.916407203674316051e+00
9.914844703674315696e+00
9.916407203674316051e+00
9.917969703674316406e+00
9.918750953674315696e+00
9.920313453674316051e+00
9.921094703674317117e+00
9.920313453674316051e+00
9.921094703674317117e+00
9.921875953674316406e+00
9.921875953674316406e+00
9.925000953674317117e+00
9.924219703674316051e+00
9.924219703674316051e+00
9.925782203674316406e+00
9.925000953674317117e+00
9.925782203674316406e+00
9.926563453674315696e+00
9.925000953674317117e+00
9.922657203674315696e+00
9.922657203674315696e+00
9.922657203674315696e+00
9.921875953674316406e+00
9.921875953674316406e+00
9.921875953674316406e+00
9.922657203674315696e+00
9.925782203674316406e+00
9.925000953674317117e+00
9.925000953674317117e+00
9.926563453674315696e+00
9.927344703674316762e+00
9.925782203674316406e+00
9.927344703674316762e+00
9.927344703674316762e+00
9.926563453674315696e+00
9.927344703674316762e+00
9.928907203674317117e+00
9.928125953674316051e+00
9.928907203674317117e+00
9.928125953674316051e+00
9.927344703674316762e+00
9.928907203674317117e+00
9.928907203674317117e+00
9.928125953674316051e+00
9.928125953674316051e+00
9.926563453674315696e+00
9.927344703674316762e+00
9.928907203674317117e+00
9.928125953674316051e+00
9.928125953674316051e+00
9.928907203674317117e+00
9.929688453674316406e+00
9.932032203674316051e+00
9.933594703674316406e+00
9.932813453674317117e+00
9.931250953674316762e+00
9.930469703674315696e+00
9.930469703674315696e+00
9.928125953674316051e+00
9.928125953674316051e+00
9.928125953674316051e+00
9.925782203674316406e+00
9.926563453674315696e+00
9.928125953674316051e+00
9.925782203674316406e+00
9.926563453674315696e+00
9.926563453674315696e+00
9.925000953674317117e+00
9.924219703674316051e+00
9.924219703674316051e+00
9.922657203674315696e+00
9.923438453674316762e+00
9.923438453674316762e+00
9.922657203674315696e+00
9.923438453674316762e+00
9.925000953674317117e+00
9.924219703674316051e+00
9.925782203674316406e+00
9.929688453674316406e+00
9.928907203674317117e+00
9.928907203674317117e+00
9.930469703674315696e+00
9.928907203674317117e+00
9.928125953674316051e+00
9.930469703674315696e+00
9.928907203674317117e+00
9.928125953674316051e+00
9.928907203674317117e+00
9.928125953674316051e+00
9.928907203674317117e+00
9.930469703674315696e+00
9.927344703674316762e+00
9.926563453674315696e+00
9.925782203674316406e+00
9.923438453674316762e+00
9.923438453674316762e+00
9.923438453674316762e+00
9.921094703674317117e+00
9.921094703674317117e+00
9.922657203674315696e+00
9.921875953674316406e+00
9.921875953674316406e+00
9.922657203674315696e+00
9.921875953674316406e+00
9.921875953674316406e+00
9.921094703674317117e+00
9.918750953674315696e+00
9.918750953674315696e+00
9.918750953674315696e+00
9.915625953674316762e+00
9.916407203674316051e+00
9.919532203674316762e+00
9.917969703674316406e+00
9.918750953674315696e+00
9.918750953674315696e+00
9.916407203674316051e+00
9.915625953674316762e+00
9.915625953674316762e+00
9.913282203674317117e+00
9.913282203674317117e+00
9.914063453674316406e+00
9.912500953674316051e+00
9.914844703674315696e+00
9.917188453674317117e+00
9.917188453674317117e+00
9.920313453674316051e+00
9.921875953674316406e+00
9.921094703674317117e+00
9.922657203674315696e+00
9.921875953674316406e+00
9.920313453674316051e+00
9.921875953674316406e+00
9.921094703674317117e+00
9.918750953674315696e+00
9.918750953674315696e+00
9.918750953674315696e+00
9.918750953674315696e+00
9.918750953674315696e+00
9.918750953674315696e+00
9.916407203674316051e+00
9.915625953674316762e+00
9.914844703674315696e+00
9.912500953674316051e+00
9.912500953674316051e+00
9.911719703674316762e+00
9.910157203674316406e+00
9.909375953674317117e+00
9.907813453674316762e+00
9.908594703674316051e+00
9.907813453674316762e+00
9.906250953674316406e+00
9.907032203674315696e+00
9.905469703674317117e+00
9.905469703674317117e+00
9.906250953674316406e+00
9.903907203674316762e+00
9.902344703674316406e+00
9.903125953674315696e+00
9.900782203674316051e+00
9.900000953674316762e+00
9.902344703674316406e+00
9.900782203674316051e+00
9.900782203674316051e+00
9.901563453674317117e+00
9.897657203674317117e+00
9.896875953674316051e+00
9.898438453674316406e+00
9.897657203674317117e+00
9.896094703674316762e+00
9.896094703674316762e+00
9.894532203674316406e+00
9.895313453674315696e+00
9.895313453674315696e+00
9.894532203674316406e+00
9.893750953674317117e+00
9.894532203674316406e+00
9.893750953674317117e+00
9.894532203674316406e+00
9.895313453674315696e+00
9.894532203674316406e+00
9.893750953674317117e+00
9.894532203674316406e+00
9.892969703674316051e+00
9.891407203674315696e+00
9.891407203674315696e+00
9.890625953674316406e+00
9.889063453674316051e+00
9.889063453674316051e+00
9.887500953674315696e+00
9.887500953674315696e+00
9.887500953674315696e+00
9.885157203674316051e+00
9.885938453674317117e+00
9.886719703674316406e+00
9.886719703674316406e+00
9.888282203674316762e+00
9.889063453674316051e+00
9.888282203674316762e+00
9.890625953674316406e+00
9.889844703674317117e+00
9.887500953674315696e+00
9.887500953674315696e+00
9.883594703674315696e+00
9.880469703674316762e+00
9.879688453674315696e+00
9.875000953674316406e+00
9.871094703674316406e+00
9.870313453674317117e+00
9.867969703674315696e+00
9.865625953674316051e+00
9.864844703674316762e+00
9.862500953674317117e+00
9.859375953674316406e+00
9.860157203674315696e+00
9.858594703674317117e+00
9.857813453674316051e+00
9.857032203674316762e+00
9.855469703674316406e+00
9.854688453674317117e+00
9.854688453674317117e+00
9.853907203674316051e+00
9.853125953674316762e+00
9.852344703674315696e+00
9.850782203674317117e+00
9.849219703674316762e+00
9.849219703674316762e+00
9.847657203674316406e+00
9.846875953674317117e+00
9.846875953674317117e+00
9.846094703674316051e+00
9.846094703674316051e+00
9.845313453674316762e+00
9.843750953674316406e+00
9.842969703674317117e+00
9.842188453674316051e+00
9.840625953674315696e+00
9.841407203674316762e+00
9.841407203674316762e+00
9.840625953674315696e+00
9.840625953674315696e+00
9.839844703674316406e+00
9.839063453674317117e+00
9.839063453674317117e+00
9.837500953674316762e+00
9.839063453674317117e+00
9.839844703674316406e+00
9.837500953674316762e+00
9.835938453674316406e+00
9.836719703674315696e+00
9.836719703674315696e+00
9.838282203674316051e+00
9.839063453674317117e+00
9.838282203674316051e+00
9.839063453674317117e+00
9.840625953674315696e+00
9.838282203674316051e+00
9.838282203674316051e+00
9.838282203674316051e+00
9.837500953674316762e+00
9.838282203674316051e+00
9.840625953674315696e+00
9.839844703674316406e+00
9.841407203674316762e+00
9.843750953674316406e+00
9.842969703674317117e+00
9.844532203674315696e+00
9.847657203674316406e+00
9.847657203674316406e+00
9.846875953674317117e+00
9.847657203674316406e+00
9.846875953674317117e+00
9.846094703674316051e+00
9.846875953674317117e+00
9.845313453674316762e+00
9.846094703674316051e+00
9.846875953674317117e+00
9.846094703674316051e+00
9.846875953674317117e+00
9.846875953674317117e+00
9.846094703674316051e+00
9.846875953674317117e+00
9.847657203674316406e+00
9.848438453674315696e+00
9.850000953674316051e+00
9.850782203674317117e+00
9.852344703674315696e+00
9.854688453674317117e+00
9.857032203674316762e+00
9.857813453674316051e+00
9.860157203674315696e+00
9.861719703674316051e+00
9.861719703674316051e+00
9.864844703674316762e+00
9.865625953674316051e+00
9.864844703674316762e+00
9.867969703674315696e+00
9.868750953674316762e+00
9.870313453674317117e+00
9.873438453674316051e+00
9.874219703674317117e+00
9.875782203674315696e+00
9.878125953674317117e+00
9.879688453674315696e+00
9.881250953674316051e+00
9.885157203674316051e+00
9.884375953674316762e+00
9.885938453674317117e+00
9.888282203674316762e+00
9.886719703674316406e+00
9.887500953674315696e+00
9.889844703674317117e+00
9.889844703674317117e+00
9.892969703674316051e+00
9.895313453674315696e+00
9.894532203674316406e+00
9.898438453674316406e+00
9.898438453674316406e+00
9.897657203674317117e+00
9.900000953674316762e+00
9.900000953674316762e+00
9.900000953674316762e+00
9.901563453674317117e+00
9.900000953674316762e+00
9.900782203674316051e+00
9.900782203674316051e+00
9.900782203674316051e+00
9.901563453674317117e+00
9.902344703674316406e+00
9.901563453674317117e+00
9.900000953674316762e+00
9.899219703674315696e+00
9.896875953674316051e+00
9.896875953674316051e+00
9.896875953674316051e+00
9.894532203674316406e+00
9.896875953674316051e+00
9.897657203674317117e+00
9.896094703674316762e+00
9.896875953674316051e+00
9.895313453674315696e+00
9.892188453674316762e+00
9.892969703674316051e+00
9.890625953674316406e+00
9.888282203674316762e+00
9.889063453674316051e+00
9.888282203674316762e+00
9.885157203674316051e+00
9.885157203674316051e+00
9.885938453674317117e+00
9.885157203674316051e+00
9.884375953674316762e+00
9.885157203674316051e+00
9.882813453674316406e+00
9.884375953674316762e+00
9.883594703674315696e+00
9.880469703674316762e+00
9.880469703674316762e+00
9.881250953674316051e+00
9.878907203674316406e+00
9.879688453674315696e+00
9.880469703674316762e+00
9.878125953674317117e+00
9.878125953674317117e+00
9.878125953674317117e+00
9.875782203674315696e+00
9.876563453674316762e+00
9.875782203674315696e+00
9.873438453674316051e+00
9.874219703674317117e+00
9.875000953674316406e+00
9.872657203674316762e+00
9.872657203674316762e+00
9.871094703674316406e+00
9.868750953674316762e+00
9.868750953674316762e+00
9.866407203674317117e+00
9.866407203674317117e+00
9.864063453674315696e+00
9.860938453674316762e+00
9.860938453674316762e+00
9.860938453674316762e+00
9.859375953674316406e+00
9.859375953674316406e+00
9.857813453674316051e+00
9.857032203674316762e+00
9.857813453674316051e+00
9.857032203674316762e+00
9.855469703674316406e+00
9.857032203674316762e+00
9.857032203674316762e+00
9.855469703674316406e+00
9.853907203674316051e+00
9.851563453674316406e+00
9.850000953674316051e+00
9.848438453674315696e+00
9.844532203674315696e+00
9.842969703674317117e+00
9.842969703674317117e+00
9.841407203674316762e+00
9.840625953674315696e+00
9.839844703674316406e+00
9.839844703674316406e+00
9.840625953674315696e+00
9.839063453674317117e+00
9.838282203674316051e+00
9.838282203674316051e+00
9.838282203674316051e+00
9.836719703674315696e+00
9.836719703674315696e+00
9.837500953674316762e+00
9.836719703674315696e+00
9.837500953674316762e+00
9.836719703674315696e+00
9.836719703674315696e+00
9.839844703674316406e+00
9.839063453674317117e+00
9.836719703674315696e+00
9.839063453674317117e+00
9.839063453674317117e+00
9.839063453674317117e+00
9.840625953674315696e+00
9.841407203674316762e+00
9.843750953674316406e+00
9.845313453674316762e+00
9.843750953674316406e+00
9.843750953674316406e+00
9.845313453674316762e+00
9.844532203674315696e+00
9.842969703674317117e+00
9.841407203674316762e+00
9.839844703674316406e+00
9.840625953674315696e+00
9.840625953674315696e+00
9.838282203674316051e+00
9.838282203674316051e+00
9.839844703674316406e+00
9.840625953674315696e+00
9.838282203674316051e+00
9.837500953674316762e+00
9.837500953674316762e+00
9.837500953674316762e+00
9.839844703674316406e+00
9.840625953674315696e+00
9.839844703674316406e+00
9.842188453674316051e+00
9.840625953674315696e+00
9.839844703674316406e+00
9.839844703674316406e+00
9.840625953674315696e+00
9.839844703674316406e+00
9.840625953674315696e+00
9.840625953674315696e+00
9.840625953674315696e+00
9.843750953674316406e+00
9.845313453674316762e+00
9.846094703674316051e+00
9.846875953674317117e+00
9.850000953674316051e+00
9.853125953674316762e+00
9.853125953674316762e+00
9.852344703674315696e+00
9.853125953674316762e+00
9.851563453674316406e+00
9.849219703674316762e+00
9.846875953674317117e+00
9.846094703674316051e+00
9.846094703674316051e+00
9.846094703674316051e+00
9.846094703674316051e+00
9.846875953674317117e+00
9.846094703674316051e+00
9.847657203674316406e+00
9.848438453674315696e+00
9.848438453674315696e+00
9.849219703674316762e+00
9.851563453674316406e+00
9.853907203674316051e+00
9.853125953674316762e+00
9.852344703674315696e+00
9.853907203674316051e+00
9.854688453674317117e+00
9.853907203674316051e+00
9.853125953674316762e+00
9.854688453674317117e+00
9.856250953674315696e+00
9.855469703674316406e+00
9.855469703674316406e+00
9.858594703674317117e+00
9.859375953674316406e+00
9.857032203674316762e+00
9.855469703674316406e+00
9.853907203674316051e+00
9.852344703674315696e+00
9.848438453674315696e+00
9.846094703674316051e+00
9.843750953674316406e+00
9.842969703674317117e+00
9.842188453674316051e+00
9.840625953674315696e+00
9.839844703674316406e+00
9.838282203674316051e+00
9.835938453674316406e+00
9.834375953674316051e+00
9.831250953674317117e+00
9.829688453674316762e+00
9.828125953674316406e+00
9.828125953674316406e+00
9.828125953674316406e+00
9.828125953674316406e+00
9.828907203674315696e+00
9.831250953674317117e+00
9.831250953674317117e+00
9.832032203674316406e+00
9.832813453674315696e+00
9.834375953674316051e+00
9.834375953674316051e+00
9.832813453674315696e+00
9.835157203674317117e+00
9.837500953674316762e+00
9.837500953674316762e+00
9.835938453674316406e+00
9.834375953674316051e+00
9.832032203674316406e+00
9.830469703674316051e+00
9.829688453674316762e+00
9.830469703674316051e+00
9.832032203674316406e+00
9.833594703674316762e+00
9.833594703674316762e+00
9.832813453674315696e+00
9.832032203674316406e+00
9.832813453674315696e+00
9.832813453674315696e+00
9.829688453674316762e+00
9.828907203674315696e+00
9.828907203674315696e+00
9.828125953674316406e+00
9.825000953674315696e+00
9.821875953674316762e+00
9.821875953674316762e+00
9.821875953674316762e+00
9.821094703674315696e+00
9.821094703674315696e+00
9.823438453674317117e+00
9.825782203674316762e+00
9.827344703674317117e+00
9.827344703674317117e+00
9.828125953674316406e+00
9.828907203674315696e+00
9.827344703674317117e+00
9.828125953674316406e+00
9.825782203674316762e+00
9.824219703674316406e+00
9.821875953674316762e+00
9.819532203674317117e+00
9.817188453674315696e+00
9.814844703674316051e+00
9.814063453674316762e+00
9.814063453674316762e+00
9.813282203674315696e+00
9.812500953674316406e+00
9.812500953674316406e+00
9.813282203674315696e+00
9.811719703674317117e+00
9.811719703674317117e+00
9.811719703674317117e+00
9.810157203674316762e+00
9.807813453674317117e+00
9.808594703674316406e+00
9.809375953674315696e+00
9.808594703674316406e+00
9.810157203674316762e+00
9.814063453674316762e+00
9.816407203674316406e+00
9.816407203674316406e+00
9.817969703674316762e+00
9.820313453674316406e+00
9.820313453674316406e+00
9.820313453674316406e+00
9.821094703674315696e+00
9.824219703674316406e+00
9.824219703674316406e+00
9.824219703674316406e+00
9.824219703674316406e+00
9.824219703674316406e+00
9.821875953674316762e+00
9.817969703674316762e+00
9.816407203674316406e+00
9.817969703674316762e+00
9.817969703674316762e+00
9.815625953674317117e+00
9.814063453674316762e+00
9.814844703674316051e+00
9.813282203674315696e+00
9.810157203674316762e+00
9.809375953674315696e+00
9.807813453674317117e+00
9.804688453674316406e+00
9.803125953674316051e+00
9.800782203674316406e+00
9.799219703674316051e+00
9.799219703674316051e+00
9.799219703674316051e+00
9.799219703674316051e+00
9.797657203674315696e+00
9.797657203674315696e+00
9.796094703674317117e+00
9.794532203674316762e+00
9.794532203674316762e+00
9.793750953674315696e+00
9.792969703674316406e+00
9.790625953674316762e+00
9.789844703674315696e+00
9.787500953674316051e+00
9.785157203674316406e+00
9.783594703674316051e+00
9.782032203674315696e+00
9.782813453674316762e+00
9.783594703674316051e+00
9.782032203674315696e+00
9.780469703674317117e+00
9.781250953674316406e+00
9.781250953674316406e+00
9.780469703674317117e+00
9.777344703674316406e+00
9.775782203674316051e+00
9.772657203674317117e+00
9.769532203674316406e+00
9.765625953674316406e+00
9.763282203674316762e+00
9.761719703674316406e+00
9.764063453674316051e+00
9.764063453674316051e+00
9.764844703674317117e+00
9.766407203674315696e+00
9.767969703674316051e+00
9.767969703674316051e+00
9.766407203674315696e+00
9.764844703674317117e+00
9.761719703674316406e+00
9.757813453674316406e+00
9.753907203674316406e+00
9.751563453674316762e+00
9.750000953674316406e+00
9.746875953674315696e+00
9.746875953674315696e+00
9.749219703674317117e+00
9.748438453674316051e+00
9.747657203674316762e+00
9.750000953674316406e+00
9.751563453674316762e+00
9.751563453674316762e+00
9.749219703674317117e+00
9.749219703674317117e+00
9.748438453674316051e+00
9.746875953674315696e+00
9.745313453674317117e+00
9.743750953674316762e+00
9.741407203674317117e+00
9.739844703674316762e+00
9.736719703674316051e+00
9.735157203674315696e+00
9.734375953674316406e+00
9.735938453674316762e+00
9.735938453674316762e+00
9.737500953674317117e+00
9.739063453674315696e+00
9.738282203674316406e+00
9.735938453674316762e+00
9.735938453674316762e+00
9.735938453674316762e+00
9.736719703674316051e+00
9.735938453674316762e+00
9.738282203674316406e+00
9.738282203674316406e+00
9.737500953674317117e+00
9.739063453674315696e+00
9.740625953674316051e+00
9.740625953674316051e+00
9.741407203674317117e+00
9.742188453674316406e+00
9.742969703674315696e+00
9.742969703674315696e+00
9.743750953674316762e+00
9.746094703674316406e+00
9.746875953674315696e+00
9.746875953674315696e+00
9.746875953674315696e+00
9.746875953674315696e+00
9.748438453674316051e+00
9.749219703674317117e+00
9.753125953674317117e+00
9.753907203674316406e+00
9.756250953674316051e+00
9.755469703674316762e+00
9.753907203674316406e+00
9.751563453674316762e+00
9.749219703674317117e+00
9.749219703674317117e+00
9.749219703674317117e+00
9.750000953674316406e+00
9.750000953674316406e+00
9.751563453674316762e+00
9.751563453674316762e+00
9.753907203674316406e+00
9.752344703674316051e+00
9.753907203674316406e+00
9.756250953674316051e+00
9.756250953674316051e+00
9.757032203674317117e+00
9.758594703674315696e+00
9.757813453674316406e+00
9.758594703674315696e+00
9.759375953674316762e+00
9.760938453674317117e+00
9.759375953674316762e+00
9.759375953674316762e+00
9.763282203674316762e+00
9.764844703674317117e+00
9.766407203674315696e+00
9.767969703674316051e+00
9.770313453674315696e+00
9.769532203674316406e+00
9.768750953674317117e+00
9.767969703674316051e+00
9.767188453674316762e+00
9.764844703674317117e+00
9.764063453674316051e+00
9.762500953674315696e+00
9.760157203674316051e+00
9.758594703674315696e+00
9.757032203674317117e+00
9.757813453674316406e+00
9.755469703674316762e+00
9.754688453674315696e+00
9.753907203674316406e+00
9.753125953674317117e+00
9.752344703674316051e+00
9.753125953674317117e+00
9.754688453674315696e+00
9.754688453674315696e+00
9.755469703674316762e+00
9.757813453674316406e+00
9.758594703674315696e+00
9.760157203674316051e+00
9.762500953674315696e+00
9.764844703674317117e+00
9.767188453674316762e+00
9.767969703674316051e+00
9.767969703674316051e+00
9.766407203674315696e+00
9.764063453674316051e+00
9.764063453674316051e+00
9.762500953674315696e+00
9.762500953674315696e+00
9.764063453674316051e+00
9.764063453674316051e+00
9.761719703674316406e+00
9.761719703674316406e+00
9.760938453674317117e+00
9.760938453674317117e+00
9.759375953674316762e+00
9.758594703674315696e+00
9.756250953674316051e+00
9.753125953674317117e+00
9.750782203674315696e+00
9.750000953674316406e+00
9.747657203674316762e+00
9.745313453674317117e+00
9.742969703674315696e+00
9.742188453674316406e+00
9.739063453674315696e+00
9.736719703674316051e+00
9.733594703674317117e+00
9.733594703674317117e+00
9.732032203674316762e+00
9.730469703674316406e+00
9.728125953674316762e+00
9.724219703674316762e+00
9.720313453674316762e+00
9.714844703674316406e+00
9.709375953674316051e+00
9.703907203674315696e+00
9.700782203674316762e+00
9.694532203674317117e+00
9.692188453674315696e+00
9.689844703674316051e+00
9.685157203674316762e+00
9.682032203674316051e+00
9.680469703674315696e+00
9.676563453674315696e+00
9.671875953674316406e+00
9.667188453674317117e+00
9.664844703674315696e+00
9.659375953674317117e+00
9.654688453674316051e+00
9.651563453674317117e+00
9.645313453674315696e+00
9.640625953674316406e+00
9.637500953674315696e+00
9.635938453674317117e+00
9.632813453674316406e+00
9.630469703674316762e+00
9.625782203674315696e+00
9.620313453674317117e+00
9.611719703674316051e+00
9.603125953674316762e+00
9.596094703674316051e+00
9.587500953674316762e+00
9.579688453674316762e+00
9.573438453674317117e+00
9.567969703674316762e+00
9.560938453674316051e+00
9.556250953674316762e+00
9.550782203674316406e+00
9.546875953674316406e+00
9.542188453674317117e+00
9.538282203674317117e+00
9.533594703674316051e+00
9.526563453674317117e+00
9.521094703674316762e+00
9.517969703674316051e+00
9.510938453674317117e+00
9.503907203674316406e+00
9.500000953674316406e+00
9.493750953674316762e+00
9.485938453674316762e+00
9.480469703674316406e+00
9.475782203674317117e+00
9.468750953674316406e+00
9.463282203674316051e+00
9.457032203674316406e+00
9.449219703674316406e+00
9.440625953674317117e+00
9.433594703674316406e+00
9.425782203674316406e+00
9.417969703674316406e+00
9.414063453674316406e+00
9.408594703674316051e+00
9.403125953674315696e+00
9.398438453674316406e+00
9.393750953674317117e+00
9.389063453674316051e+00
9.385157203674316051e+00
9.380469703674316762e+00
9.373438453674316051e+00
9.366407203674317117e+00
9.361719703674316051e+00
9.354688453674317117e+00
9.348438453674315696e+00
9.343750953674316406e+00
9.339063453674317117e+00
9.335157203674317117e+00
9.332032203674316406e+00
9.328907203674315696e+00
9.327344703674317117e+00
9.325782203674316762e+00
9.321875953674316762e+00
9.317188453674315696e+00
9.311719703674317117e+00
9.307032203674316051e+00
9.303125953674316051e+00
9.299219703674316051e+00
9.293750953674315696e+00
9.290625953674316762e+00
9.286719703674316762e+00
9.282813453674316762e+00
9.278907203674316762e+00
9.275782203674316051e+00
9.271875953674316051e+00
9.266407203674315696e+00
9.260938453674317117e+00
9.257813453674316406e+00
9.250782203674315696e+00
9.246094703674316406e+00
9.242969703674315696e+00
9.239844703674316762e+00
9.235938453674316762e+00
9.232032203674316762e+00
9.228125953674316762e+00
9.224219703674316762e+00
9.219532203674315696e+00
9.215625953674315696e+00
9.215625953674315696e+00
9.214063453674317117e+00
9.212500953674316762e+00
9.211719703674315696e+00
9.208594703674316762e+00
9.205469703674316051e+00
9.201563453674316051e+00
9.198438453674317117e+00
9.193750953674316051e+00
9.189844703674316051e+00
9.185938453674316051e+00
9.183594703674316406e+00
9.178907203674317117e+00
9.172657203674315696e+00
9.167969703674316406e+00
9.164063453674316406e+00
9.160938453674315696e+00
9.157813453674316762e+00
9.152344703674316406e+00
9.146875953674316051e+00
9.142188453674316762e+00
9.137500953674315696e+00
9.132032203674317117e+00
9.127344703674316051e+00
9.121094703674316406e+00
9.116407203674317117e+00
9.110938453674316762e+00
9.104688453674317117e+00
9.098438453674315696e+00
9.088282203674316051e+00
9.078125953674316406e+00
9.067188453674315696e+00
9.054688453674316406e+00
9.040625953674316762e+00
9.026563453674317117e+00
9.012500953674315696e+00
8.998438453674316051e+00
8.982813453674316051e+00
8.967969703674317117e+00
8.957032203674316406e+00
8.945313453674316406e+00
8.933594703674316406e+00
8.924219703674316051e+00
8.915625953674316762e+00
8.905469703674317117e+00
8.896094703674316762e+00
8.886719703674316406e+00
8.877344703674316051e+00
8.866407203674317117e+00
8.855469703674316406e+00
8.845313453674316762e+00
8.835938453674316406e+00
8.825782203674316762e+00
8.814063453674316762e+00
8.805469703674315696e+00
8.797657203674315696e+00
8.791407203674316051e+00
8.783594703674316051e+00
8.775000953674316762e+00
8.767969703674316051e+00
8.760938453674317117e+00
8.752344703674316051e+00
8.740625953674316051e+00
8.728907203674316051e+00
8.717188453674316051e+00
8.703907203674315696e+00
8.689063453674316762e+00
8.676563453674315696e+00
8.664844703674315696e+00
8.650000953674316762e+00
8.636719703674316406e+00
8.627344703674316051e+00
8.615625953674316051e+00
8.602344703674315696e+00
8.589063453674317117e+00
8.578125953674316406e+00
8.567188453674315696e+00
8.553907203674317117e+00
8.542969703674316406e+00
8.532032203674315696e+00
8.518750953674317117e+00
8.507813453674316406e+00
8.497657203674316762e+00
8.486719703674316051e+00
8.477344703674315696e+00
8.466407203674316762e+00
8.455469703674316051e+00
8.442188453674315696e+00
8.430469703674315696e+00
8.417969703674316406e+00
8.404688453674316051e+00
8.392188453674316762e+00
8.380469703674316762e+00
8.367188453674316406e+00
8.349219703674316762e+00
8.331250953674317117e+00
8.313282203674315696e+00
8.292188453674317117e+00
8.270313453674315696e+00
8.250782203674315696e+00
8.230469703674316406e+00
8.209375953674316051e+00
8.191407203674316406e+00
8.173438453674316762e+00
8.156250953674316406e+00
8.139063453674316051e+00
8.126563453674316762e+00
8.114844703674316762e+00
8.103907203674316051e+00
8.096875953674317117e+00
8.091407203674316762e+00
8.082813453674315696e+00
8.074219703674316406e+00
8.067969703674316762e+00
8.059375953674315696e+00
8.049219703674316051e+00
8.039844703674315696e+00
8.030469703674317117e+00
8.020313453674315696e+00
8.007032203674317117e+00
7.992188453674316406e+00
7.976563453674316406e+00
7.960938453674316406e+00
7.944532203674316229e+00
7.928125953674316051e+00
7.910157203674316406e+00
7.892969703674316051e+00
7.873438453674316051e+00
7.854688453674316229e+00
7.836719703674316584e+00
7.817188453674316584e+00
7.795313453674316051e+00
7.773438453674316406e+00
7.753125953674316229e+00
7.730469703674316406e+00
7.705469703674316051e+00
7.681250953674316762e+00
7.660157203674316406e+00
7.635938453674316229e+00
7.610157203674316584e+00
7.585157203674316229e+00
7.560157203674316762e+00
7.538282203674316229e+00
7.515625953674316406e+00
7.494532203674316051e+00
7.474219703674316762e+00
7.455469703674316051e+00
7.437500953674316406e+00
7.419532203674316762e+00
7.400782203674316051e+00
7.381250953674316051e+00
7.357032203674316762e+00
7.334375953674316051e+00
7.310157203674316762e+00
7.285938453674316584e+00
7.257813453674316406e+00
7.227344703674316584e+00
7.198438453674316229e+00
7.168750953674316584e+00
7.136719703674316406e+00
7.103907203674316051e+00
7.071094703674316584e+00
7.039063453674316406e+00
7.007813453674316406e+00
6.976563453674316406e+00
6.946875953674316762e+00
6.915625953674316762e+00
6.883594703674316584e+00
6.851563453674316406e+00
6.819532203674316229e+00
6.788282203674316229e+00
6.755469703674316762e+00
6.721094703674316051e+00
6.688282203674316584e+00
6.655469703674316229e+00
6.620313453674316229e+00
6.584375953674316051e+00
6.549219703674316051e+00
6.514844703674316229e+00
6.478125953674316762e+00
6.440625953674316229e+00
6.401563453674316229e+00
6.358594703674316229e+00
6.314844703674316051e+00
6.269532203674316406e+00
6.221094703674316051e+00
6.169532203674316762e+00
6.117188453674316406e+00
6.065625953674316229e+00
6.014063453674316051e+00
5.961719703674316584e+00
5.911719703674316762e+00
5.861719703674316051e+00
5.811719703674316229e+00
5.761719703674316406e+00
5.711719703674316584e+00
5.661719703674316762e+00
5.610938453674316762e+00
5.557813453674316229e+00
5.504688453674316584e+00
5.452344703674316229e+00
5.399219703674316584e+00
5.346094703674316051e+00
5.291407203674316051e+00
5.235157203674316584e+00
5.179688453674316406e+00
5.122657203674316762e+00
5.065625953674316229e+00
5.007032203674316229e+00
4.948438453674316229e+00
4.890625953674316406e+00
4.832813453674316584e+00
4.774219703674316584e+00
4.715625953674316584e+00
4.657813453674316762e+00
4.600000953674316051e+00
4.540625953674316762e+00
4.476563453674316406e+00
4.414063453674316406e+00
4.350782203674316229e+00
4.285938453674316584e+00
4.220313453674316762e+00
4.153907203674316762e+00
4.086719703674316584e+00
4.017188453674316762e+00
3.945313453674316406e+00
3.871094703674316406e+00
3.793750954046845258e+00
3.714063454419374466e+00
3.634375954791903673e+00
3.554688455071300268e+00
3.475782205350697041e+00
3.396094693429767997e+00
3.317969681508839308e+00
3.241407169587910087e+00
3.166407157666981220e+00
3.093750895839184611e+00
3.021094634011388003e+00
2.947657122090459048e+00
2.876563360169529737e+00
2.807032098248600782e+00
2.737500836327671827e+00
2.667969574406742872e+00
2.597657062485814183e+00
2.527344550564885051e+00
2.457813288643956096e+00
2.389844526723027052e+00
2.323438264802098363e+00
2.256250752881169497e+00
2.189063240960240186e+00
2.121875729039311320e+00
2.054688217118382454e+00
1.989063205197453499e+00
1.925000693276524455e+00
1.863281931355595500e+00
1.803906919434666634e+00
1.745313157513737723e+00
1.688281895592808723e+00
1.631250633671879724e+00
1.575781871750950858e+00
1.521875609830021903e+00
1.467969347909092948e+00
1.417188085988164037e+00
1.367969324067235037e+00
1.319531812146305993e+00
1.273438050225377038e+00
1.228125538304448039e+00
1.183594276383519217e+00
1.138281764462590218e+00
1.092188002541661263e+00
1.046875490713864654e+00
1.002344228886067778e+00
9.578129669651389566e-01
9.132817050442099127e-01
8.695316931232810465e-01
8.265629312023520248e-01
7.843754192814230697e-01
7.429691573604941812e-01
7.039066454395651595e-01
6.656253835186362044e-01
6.273441214114428011e-01
5.898441093042492422e-01
5.546878474764526112e-01
5.203128355555236562e-01
4.875003236345946678e-01
4.554690617136657460e-01
4.242190497927367798e-01
3.937502878718078247e-01
3.648440259508788364e-01
3.359377640299499035e-01
3.078127521090209262e-01
2.804689901880920155e-01
2.539064782671630605e-01
2.281252163462340887e-01
2.031252044253051281e-01
1.796876925043761619e-01
1.570314305834472068e-01
1.375001686625182684e-01
1.187501567415893133e-01
1.007813948206603555e-01
8.437513289973139208e-02
6.953137097880243700e-02
5.468760905787348886e-02
4.140634713694453517e-02
2.968758521601557593e-02
2.031257329508662224e-02
1.250006137415766647e-02
7.031299080699682583e-03
3.906286787241697311e-03
2.343774493783712561e-03
1.562512293457984968e-03
7.812500931322574832e-04
7.812500931322574832e-04
7.812500931322574832e-04
7.812500931322574832e-04
7.812500931322574832e-04
0.000000000000000000e+00
-7.812500931322574832e-04
-7.812500931322574832e-04
-7.812500931322574832e-04
-7.812500931322574832e-04
0.000000000000000000e+00
7.812500931322574832e-04
7.812500931322574832e-04
7.812500931322574832e-04
7.812500931322574832e-04
7.812500931322574832e-04
7.812500931322574832e-04
7.812500931322574832e-04
7.812500931322574832e-04
7.812500931322574832e-04
7.812500931322574832e-04
7.812500931322574832e-04
7.812500931322574832e-04
7.812500931322574832e-04
7.812500931322574832e-04
7.812500931322574832e-04
7.812500931322574832e-04
7.812500931322574832e-04
7.812500931322574832e-04
7.812500931322574832e-04
7.812500931322574832e-04
7.812500931322574832e-04
7.812500931322574832e-04
7.812500931322574832e-04
7.812500931322574832e-04
7.812500931322574832e-04
7.812500931322574832e-04
7.812500931322574832e-04
7.812500931322574832e-04
0.000000000000000000e+00
-7.812500931322574832e-04
-7.812500931322574832e-04
-7.812500931322574832e-04
-7.812500931322574832e-04
-7.812500931322574832e-04
-7.812500931322574832e-04
0.000000000000000000e+00
7.812500931322574832e-04
7.812500931322574832e-04
2.343750279396772558e-03
3.906250465661287308e-03
3.125000372529029933e-03
4.687500558793545116e-03
5.468750651925802057e-03
5.468750651925802057e-03
5.468750651925802057e-03
5.468750651925802057e-03
5.468750651925802057e-03
5.468750651925802057e-03
5.468750651925802057e-03
5.468750651925802057e-03
5.468750651925802057e-03
5.468750651925802057e-03
5.468750651925802057e-03
5.468750651925802057e-03
5.468750651925802057e-03
5.468750651925802057e-03
5.468750651925802057e-03
5.468750651925802057e-03
5.468750651925802057e-03
5.468750651925802057e-03
5.468750651925802057e-03
5.468750651925802057e-03
5.468750651925802057e-03
5.468750651925802057e-03
5.468750651925802057e-03
5.468750651925802057e-03
5.468750651925802057e-03
5.468750651925802057e-03
5.468750651925802057e-03
5.468750651925802057e-03
5.468750651925802057e-03
5.468750651925802057e-03
5.468750651925802057e-03
5.468750651925802057e-03
5.468750651925802057e-03
5.468750651925802057e-03
5.468750651925802057e-03
5.468750651925802057e-03
5.468750651925802057e-03
4.687500558793545116e-03
3.906250465661287308e-03
3.906250465661287308e-03
3.906250465661287308e-03
3.906250465661287308e-03
3.906250465661287308e-03
3.906250465661287308e-03
3.906250465661287308e-03
3.906250465661287308e-03
3.906250465661287308e-03
3.906250465661287308e-03
3.906250465661287308e-03
3.906250465661287308e-03
3.906250465661287308e-03
3.906250465661287308e-03
3.906250465661287308e-03
3.906250465661287308e-03
3.906250465661287308e-03
3.906250465661287308e-03
3.906250465661287308e-03
3.906250465661287308e-03
3.906250465661287308e-03
3.906250465661287308e-03
3.906250465661287308e-03
3.906250465661287308e-03
3.906250465661287308e-03
3.906250465661287308e-03
3.906250465661287308e-03
3.906250465661287308e-03
3.906250465661287308e-03
3.906250465661287308e-03
3.906250465661287308e-03
3.906250465661287308e-03
3.906250465661287308e-03
3.906250465661287308e-03
3.906250465661287308e-03
3.125000372529029933e-03
2.343750279396772558e-03
2.343750279396772558e-03
2.343750279396772558e-03
2.343750279396772558e-03
2.343750279396772558e-03
7.812500931322574832e-04
0.000000000000000000e+00
0.000000000000000000e+00
0.000000000000000000e+00
0.000000000000000000e+00
0.000000000000000000e+00
0.000000000000000000e+00
0.000000000000000000e+00
0.000000000000000000e+00
0.000000000000000000e+00
0.000000000000000000e+00
0.000000000000000000e+00
0.000000000000000000e+00
0.000000000000000000e+00
0.000000000000000000e+00
0.000000000000000000e+00
0.000000000000000000e+00
0.000000000000000000e+00
0.000000000000000000e+00
0.000000000000000000e+00
0.000000000000000000e+00
0.000000000000000000e+00
0.000000000000000000e+00
0.000000000000000000e+00
0.000000000000000000e+00
0.000000000000000000e+00
0.000000000000000000e+00
0.000000000000000000e+00
0.000000000000000000e+00
0.000000000000000000e+00
0.000000000000000000e+00
0.000000000000000000e+00
0.000000000000000000e+00
0.000000000000000000e+00
0.000000000000000000e+00
0.000000000000000000e+00
0.000000000000000000e+00
0.000000000000000000e+00
0.000000000000000000e+00
0.000000000000000000e+00
0.000000000000000000e+00
0.000000000000000000e+00
0.000000000000000000e+00
0.000000000000000000e+00
0.000000000000000000e+00
0.000000000000000000e+00
0.000000000000000000e+00
0.000000000000000000e+00
0.000000000000000000e+00
0.000000000000000000e+00
0.000000000000000000e+00
0.000000000000000000e+00
0.000000000000000000e+00
0.000000000000000000e+00
0.000000000000000000e+00
0.000000000000000000e+00
0.000000000000000000e+00
0.000000000000000000e+00
0.000000000000000000e+00
0.000000000000000000e+00
0.000000000000000000e+00
0.000000000000000000e+00
0.000000000000000000e+00
0.000000000000000000e+00
0.000000000000000000e+00
0.000000000000000000e+00
0.000000000000000000e+00
0.000000000000000000e+00
0.000000000000000000e+00
0.000000000000000000e+00
0.000000000000000000e+00
0.000000000000000000e+00
0.000000000000000000e+00
0.000000000000000000e+00
0.000000000000000000e+00
0.000000000000000000e+00
0.000000000000000000e+00
0.000000000000000000e+00
0.000000000000000000e+00
0.000000000000000000e+00
0.000000000000000000e+00
0.000000000000000000e+00
0.000000000000000000e+00
0.000000000000000000e+00
0.000000000000000000e+00
0.000000000000000000e+00
0.000000000000000000e+00
0.000000000000000000e+00
0.000000000000000000e+00
0.000000000000000000e+00
0.000000000000000000e+00
0.000000000000000000e+00
0.000000000000000000e+00
0.000000000000000000e+00
0.000000000000000000e+00
0.000000000000000000e+00
0.000000000000000000e+00
0.000000000000000000e+00
0.000000000000000000e+00
0.000000000000000000e+00
0.000000000000000000e+00
0.000000000000000000e+00
0.000000000000000000e+00
0.000000000000000000e+00
0.000000000000000000e+00
0.000000000000000000e+00
0.000000000000000000e+00
0.000000000000000000e+00
0.000000000000000000e+00
0.000000000000000000e+00
0.000000000000000000e+00
0.000000000000000000e+00
0.000000000000000000e+00
0.000000000000000000e+00
0.000000000000000000e+00
0.000000000000000000e+00
0.000000000000000000e+00
0.000000000000000000e+00
0.000000000000000000e+00
0.000000000000000000e+00
0.000000000000000000e+00
0.000000000000000000e+00
0.000000000000000000e+00
0.000000000000000000e+00
0.000000000000000000e+00
0.000000000000000000e+00
0.000000000000000000e+00
0.000000000000000000e+00
0.000000000000000000e+00
0.000000000000000000e+00
0.000000000000000000e+00
0.000000000000000000e+00
0.000000000000000000e+00
0.000000000000000000e+00
0.000000000000000000e+00
0.000000000000000000e+00
0.000000000000000000e+00
0.000000000000000000e+00
0.000000000000000000e+00
0.000000000000000000e+00
0.000000000000000000e+00
0.000000000000000000e+00
0.000000000000000000e+00
0.000000000000000000e+00
0.000000000000000000e+00
0.000000000000000000e+00
0.000000000000000000e+00
0.000000000000000000e+00
0.000000000000000000e+00
0.000000000000000000e+00
0.000000000000000000e+00
0.000000000000000000e+00
0.000000000000000000e+00
0.000000000000000000e+00
0.000000000000000000e+00
0.000000000000000000e+00
0.000000000000000000e+00
0.000000000000000000e+00
0.000000000000000000e+00
0.000000000000000000e+00
0.000000000000000000e+00
0.000000000000000000e+00
0.000000000000000000e+00
0.000000000000000000e+00
0.000000000000000000e+00
0.000000000000000000e+00
0.000000000000000000e+00
0.000000000000000000e+00
0.000000000000000000e+00
0.000000000000000000e+00
0.000000000000000000e+00
0.000000000000000000e+00
0.000000000000000000e+00
0.000000000000000000e+00
0.000000000000000000e+00
0.000000000000000000e+00
0.000000000000000000e+00
0.000000000000000000e+00
0.000000000000000000e+00
0.000000000000000000e+00
0.000000000000000000e+00
0.000000000000000000e+00
0.000000000000000000e+00
0.000000000000000000e+00
0.000000000000000000e+00
0.000000000000000000e+00
0.000000000000000000e+00
0.000000000000000000e+00
0.000000000000000000e+00
0.000000000000000000e+00
0.000000000000000000e+00
0.000000000000000000e+00
0.000000000000000000e+00
0.000000000000000000e+00
0.000000000000000000e+00
0.000000000000000000e+00
0.000000000000000000e+00
0.000000000000000000e+00
0.000000000000000000e+00
0.000000000000000000e+00
0.000000000000000000e+00
0.000000000000000000e+00
0.000000000000000000e+00
0.000000000000000000e+00
0.000000000000000000e+00
0.000000000000000000e+00
0.000000000000000000e+00
0.000000000000000000e+00
0.000000000000000000e+00
0.000000000000000000e+00
0.000000000000000000e+00
0.000000000000000000e+00
0.000000000000000000e+00
0.000000000000000000e+00
0.000000000000000000e+00
0.000000000000000000e+00
0.000000000000000000e+00
0.000000000000000000e+00
0.000000000000000000e+00
0.000000000000000000e+00
0.000000000000000000e+00
0.000000000000000000e+00
0.000000000000000000e+00
0.000000000000000000e+00
0.000000000000000000e+00
0.000000000000000000e+00
0.000000000000000000e+00
0.000000000000000000e+00
0.000000000000000000e+00
0.000000000000000000e+00
0.000000000000000000e+00
0.000000000000000000e+00
0.000000000000000000e+00
0.000000000000000000e+00
0.000000000000000000e+00
0.000000000000000000e+00
0.000000000000000000e+00
0.000000000000000000e+00
0.000000000000000000e+00
0.000000000000000000e+00
0.000000000000000000e+00
0.000000000000000000e+00
0.000000000000000000e+00
0.000000000000000000e+00
0.000000000000000000e+00
0.000000000000000000e+00
0.000000000000000000e+00
0.000000000000000000e+00
0.000000000000000000e+00
0.000000000000000000e+00
0.000000000000000000e+00
0.000000000000000000e+00
0.000000000000000000e+00
0.000000000000000000e+00
0.000000000000000000e+00
0.000000000000000000e+00
0.000000000000000000e+00
0.000000000000000000e+00
0.000000000000000000e+00
0.000000000000000000e+00
0.000000000000000000e+00
0.000000000000000000e+00
0.000000000000000000e+00
0.000000000000000000e+00
0.000000000000000000e+00
0.000000000000000000e+00
0.000000000000000000e+00
0.000000000000000000e+00
0.000000000000000000e+00
0.000000000000000000e+00
0.000000000000000000e+00
0.000000000000000000e+00
0.000000000000000000e+00
0.000000000000000000e+00
0.000000000000000000e+00
0.000000000000000000e+00
0.000000000000000000e+00
0.000000000000000000e+00
0.000000000000000000e+00
0.000000000000000000e+00
0.000000000000000000e+00
0.000000000000000000e+00
0.000000000000000000e+00
0.000000000000000000e+00
0.000000000000000000e+00
0.000000000000000000e+00
0.000000000000000000e+00
0.000000000000000000e+00
0.000000000000000000e+00
0.000000000000000000e+00
-1.562500186264514966e-03
0.000000000000000000e+00
0.000000000000000000e+00
0.000000000000000000e+00
0.000000000000000000e+00
0.000000000000000000e+00
0.000000000000000000e+00
0.000000000000000000e+00
0.000000000000000000e+00
0.000000000000000000e+00
0.000000000000000000e+00
0.000000000000000000e+00
0.000000000000000000e+00
0.000000000000000000e+00
0.000000000000000000e+00
0.000000000000000000e+00
0.000000000000000000e+00
0.000000000000000000e+00
0.000000000000000000e+00
0.000000000000000000e+00
0.000000000000000000e+00
0.000000000000000000e+00
-7.812500931322574832e-04
-1.562500186264514966e-03
-1.562500186264514966e-03
-1.562500186264514966e-03
-1.562500186264514966e-03
-1.562500186264514966e-03
-1.562500186264514966e-03
-1.562500186264514966e-03
-1.562500186264514966e-03
-1.562500186264514966e-03
-1.562500186264514966e-03
-1.562500186264514966e-03
-1.562500186264514966e-03
-1.562500186264514966e-03
-1.562500186264514966e-03
-1.562500186264514966e-03
-1.562500186264514966e-03
-1.562500186264514966e-03
-1.562500186264514966e-03
-1.562500186264514966e-03
-1.562500186264514966e-03
-1.562500186264514966e-03
-1.562500186264514966e-03
-1.562500186264514966e-03
-1.562500186264514966e-03
-1.562500186264514966e-03
-1.562500186264514966e-03
-1.562500186264514966e-03
-1.562500186264514966e-03
-1.562500186264514966e-03
-1.562500186264514966e-03
-1.562500186264514966e-03
-1.562500186264514966e-03
-1.562500186264514966e-03
-1.562500186264514966e-03
-1.562500186264514966e-03
-1.562500186264514966e-03
-1.562500186264514966e-03
-1.562500186264514966e-03
-1.562500186264514966e-03
-1.562500186264514966e-03
-1.562500186264514966e-03
-1.562500186264514966e-03
-1.562500186264514966e-03
-1.562500186264514966e-03
-1.562500186264514966e-03
-1.562500186264514966e-03
-1.562500186264514966e-03
-1.562500186264514966e-03
-1.562500186264514966e-03
-1.562500186264514966e-03
-1.562500186264514966e-03
-1.562500186264514966e-03
-1.562500186264514966e-03
-1.562500186264514966e-03
-1.562500186264514966e-03
-1.562500186264514966e-03
-1.562500186264514966e-03
0.000000000000000000e+00
-1.562500186264514966e-03
-1.562500186264514966e-03
-1.562500186264514966e-03
-1.562500186264514966e-03
-1.562500186264514966e-03
-1.562500186264514966e-03
-1.562500186264514966e-03
-1.562500186264514966e-03
-1.562500186264514966e-03
-1.562500186264514966e-03
-1.562500186264514966e-03
-1.562500186264514966e-03
-1.562500186264514966e-03
-1.562500186264514966e-03
-1.562500186264514966e-03
-1.562500186264514966e-03
-1.562500186264514966e-03
-1.562500186264514966e-03
-1.562500186264514966e-03
-1.562500186264514966e-03
-1.562500186264514966e-03
-7.812500931322574832e-04
-7.812500931322574832e-04
-1.562500186264514966e-03
0.000000000000000000e+00
0.000000000000000000e+00
0.000000000000000000e+00
0.000000000000000000e+00
0.000000000000000000e+00
0.000000000000000000e+00
0.000000000000000000e+00
0.000000000000000000e+00
0.000000000000000000e+00
0.000000000000000000e+00
0.000000000000000000e+00
0.000000000000000000e+00
0.000000000000000000e+00
0.000000000000000000e+00
-7.812500931322574832e-04
-7.812500931322574832e-04
-7.812500931322574832e-04
-7.812500931322574832e-04
-7.812500931322574832e-04
-1.562500186264514966e-03
-2.343750279396772558e-03
-2.343750279396772558e-03
-2.343750279396772558e-03
-2.343750279396772558e-03
-2.343750279396772558e-03
-2.343750279396772558e-03
-2.343750279396772558e-03
-2.343750279396772558e-03
-2.343750279396772558e-03
-2.343750279396772558e-03
-2.343750279396772558e-03
-2.343750279396772558e-03
-2.343750279396772558e-03
-2.343750279396772558e-03
-2.343750279396772558e-03
-2.343750279396772558e-03
-2.343750279396772558e-03
-2.343750279396772558e-03
-2.343750279396772558e-03
-2.343750279396772558e-03
-2.343750279396772558e-03
-2.343750279396772558e-03
-2.343750279396772558e-03
-2.343750279396772558e-03
-2.343750279396772558e-03
-2.343750279396772558e-03
-2.343750279396772558e-03
-2.343750279396772558e-03
-2.343750279396772558e-03
-2.343750279396772558e-03
-2.343750279396772558e-03
-2.343750279396772558e-03
-2.343750279396772558e-03
-2.343750279396772558e-03
-2.343750279396772558e-03
-2.343750279396772558e-03
-2.343750279396772558e-03
-2.343750279396772558e-03
-2.343750279396772558e-03
-2.343750279396772558e-03
-2.343750279396772558e-03
-2.343750279396772558e-03
-2.343750279396772558e-03
-2.343750279396772558e-03
-2.343750279396772558e-03
-2.343750279396772558e-03
-2.343750279396772558e-03
-2.343750279396772558e-03
-2.343750279396772558e-03
-2.343750279396772558e-03
-2.343750279396772558e-03
-2.343750279396772558e-03
-2.343750279396772558e-03
-2.343750279396772558e-03
-2.343750279396772558e-03
-2.343750279396772558e-03
-2.343750279396772558e-03
-2.343750279396772558e-03
-1.562500186264514966e-03
-7.812500931322574832e-04
-2.343750279396772558e-03
-2.343750279396772558e-03
-2.343750279396772558e-03
-2.343750279396772558e-03
-2.343750279396772558e-03
-2.343750279396772558e-03
-2.343750279396772558e-03
-2.343750279396772558e-03
-2.343750279396772558e-03
-2.343750279396772558e-03
-2.343750279396772558e-03
-2.343750279396772558e-03
-2.343750279396772558e-03
-2.343750279396772558e-03
-1.562500186264514966e-03
-1.562500186264514966e-03
-1.562500186264514966e-03
-1.562500186264514966e-03
-1.562500186264514966e-03
-7.812500931322574832e-04
0.000000000000000000e+00
0.000000000000000000e+00
0.000000000000000000e+00
0.000000000000000000e+00
0.000000000000000000e+00
0.000000000000000000e+00
0.000000000000000000e+00
0.000000000000000000e+00
0.000000000000000000e+00
0.000000000000000000e+00
0.000000000000000000e+00
0.000000000000000000e+00
0.000000000000000000e+00
0.000000000000000000e+00
0.000000000000000000e+00
0.000000000000000000e+00
0.000000000000000000e+00
0.000000000000000000e+00
0.000000000000000000e+00
0.000000000000000000e+00
0.000000000000000000e+00
0.000000000000000000e+00
0.000000000000000000e+00
0.000000000000000000e+00
