4.995828628540039951e+00
4.991920471191407138e+00
4.988183975219727451e+00
4.984360218048096591e+00
4.980701828002930043e+00
4.977152585983277255e+00
4.973594597407751117e+00
4.970078706741333896e+00
4.966457366943360263e+00
4.962825012207032316e+00
4.959142511541194231e+00
4.955539584159851962e+00
4.952028898092417641e+00
4.948459795543127093e+00
4.944946670532227806e+00
4.941578537225724155e+00
4.938318196464988041e+00
4.935050010681153232e+00
4.931743747309635495e+00
4.928367924690247648e+00
4.924952302660261516e+00
4.921500682830811435e+00
4.918049604996391544e+00
4.914733290672303134e+00
4.911204376220704049e+00
4.907719080264752343e+00
4.904272556304932529e+00
4.900866474424090846e+00
4.897457928493105683e+00
4.894031286239624912e+00
4.890567164267263678e+00
4.887176722288132602e+00
4.883820056915284091e+00
4.880465072744033961e+00
4.877121680123465808e+00
4.873804012934368046e+00
4.870459511473373304e+00
4.867065128527189977e+00
4.863670239081749891e+00
4.860297876596451516e+00
4.856874082146622307e+00
4.853507161140442783e+00
4.850195873615354536e+00
4.846949203447862509e+00
4.843773905436198568e+00
4.840652217035708915e+00
4.837582451231936531e+00
4.834552094340325290e+00
4.831569973303348142e+00
4.828624053001404626e+00
4.825716916252585698e+00
4.822865472390102326e+00
4.820062479882870399e+00
4.817302001847162174e+00
4.814565840634434046e+00
4.811848299843925147e+00
4.809167924680209261e+00
4.806519056188649941e+00
4.803901886535903998e+00
4.801301062107087070e+00
4.798706551067165371e+00
4.796108034349257920e+00
4.793526990073068816e+00
4.790963348001242572e+00
4.788384833702675536e+00
4.785834648392418345e+00
4.783322636760883206e+00
4.780844180022969958e+00
4.778391796609630759e+00
4.775962182453700855e+00
4.773568902217167675e+00
4.771202633778255375e+00
4.768863795554802110e+00
4.766556253304353064e+00
4.764260406494141620e+00
4.761985731752296225e+00
4.759737952963098984e+00
4.757519034238963052e+00
4.755318545087984461e+00
4.753128758072853621e+00
4.747891941666603444e+00
4.742717307806016080e+00
4.737606769800186690e+00
4.732569250464440103e+00
4.727579340338707858e+00
4.722649484872818881e+00
4.717783635854721602e+00
4.712966933846474582e+00
4.708208534121514077e+00
4.703506675362588041e+00
4.698870289325714822e+00
4.694271767139435170e+00
4.689704385399819486e+00
4.685198962688446933e+00
4.680745387077331898e+00
4.676327717304230802e+00
4.671942046284676131e+00
4.667598852515220997e+00
4.663296750187874373e+00
4.659062543511391041e+00
4.654885601997376554e+00
4.650773775577546232e+00
4.646721351146698709e+00
4.642690831422806141e+00
4.638782548904419656e+00
4.634915867447853444e+00
4.631096795201302463e+00
4.627315452694893416e+00
4.623590347170830839e+00
4.619928014278412931e+00
4.616327425837517318e+00
4.612740534543991799e+00
4.609186455607415134e+00
4.605689284205437772e+00
4.602230557799339650e+00
4.598808318376542026e+00
4.595448771119118092e+00
4.592161956429482217e+00
4.588900193572045261e+00
4.585678127408028715e+00
4.582537358999252852e+00
4.579428231716156539e+00
4.576353669166565830e+00
4.573301297426224821e+00
4.570248496532441251e+00
4.567215535044670816e+00
4.564204549789429244e+00
4.561206752061844227e+00
4.558216857910156961e+00
4.555247250199318643e+00
4.552291706204415256e+00
4.549331986904144642e+00
4.546371757984162265e+00
4.543419075012208097e+00
4.540488868951798374e+00
4.537587156891823348e+00
4.534698489308357949e+00
4.531779199838639194e+00
4.528867527842522556e+00
4.525969105958939309e+00
4.523093321919441578e+00
4.520262652635574696e+00
4.517457768321038181e+00
4.514677488803863881e+00
4.511944898962974904e+00
4.509228420257569425e+00
4.506504762172699685e+00
4.503782346844674045e+00
4.501070919632912393e+00
4.498362568020821683e+00
4.495643237233162282e+00
4.492925444245338795e+00
4.490211236476898904e+00
4.487477108836174899e+00
4.484751769900322316e+00
4.482023793458939309e+00
4.479277506470681125e+00
4.476501116156578419e+00
4.473707434535027616e+00
4.470927959680557784e+00
4.468167752027512485e+00
4.465416771173478239e+00
4.462659415602685087e+00
4.459896937012673312e+00
4.457142880558968123e+00
4.454372936487198231e+00
4.451593989133835194e+00
4.448814371228218434e+00
4.446044427156449430e+00
4.443276378512383218e+00
4.440513175725937955e+00
4.437756052613258895e+00
4.435012251138688022e+00
4.432273724675178883e+00
4.429531103372574385e+00
4.426762107014656777e+00
4.423985207080841420e+00
4.421214601397514876e+00
4.418445247411728616e+00
4.415668562054634982e+00
4.412901255488396401e+00
4.410129630565643666e+00
4.407358220219612654e+00
4.404562562704087192e+00
4.401742523908615645e+00
4.398919552564621860e+00
4.396095624566078719e+00
4.393267163634300587e+00
4.390435403585434493e+00
4.387605476379395242e+00
4.384771364927292581e+00
4.381936743855477268e+00
4.379102051258088046e+00
4.376256227493287021e+00
4.373413702845573958e+00
4.370561146736145375e+00
4.367701473832131143e+00
4.364837411046028848e+00
4.362009674310685092e+00
4.359194311499596353e+00
4.356381443142891996e+00
4.353552097082138417e+00
4.350708982348442611e+00
4.347838625311852390e+00
4.344965621829033786e+00
4.342090284824371871e+00
4.339212819933892185e+00
4.336339816451073581e+00
4.333472901582718251e+00
4.330611699819565175e+00
4.327749174833298795e+00
4.324895519018173928e+00
4.322047942876816151e+00
4.319199696183205539e+00
4.316340541839600142e+00
4.313477069139481479e+00
4.310606041550636647e+00
4.307769158482551930e+00
4.304924800992012912e+00
4.302095606923104221e+00
4.299271383881569264e+00
4.296428564190865274e+00
4.293549785017967579e+00
4.290654528141022439e+00
4.287752959132195230e+00
4.284838649630547280e+00
4.281922221183777744e+00
4.279001984000206704e+00
4.276077714562417142e+00
4.273160338401795322e+00
4.270236435532570596e+00
4.267305058240891569e+00
4.264342334866524808e+00
4.261400711536408537e+00
4.258469995856286161e+00
4.255556124448776956e+00
4.252659320831299716e+00
4.249782007932664030e+00
4.246917364001275175e+00
4.244049420952797469e+00
4.241174226999283370e+00
4.238292148709297713e+00
4.235410436987877780e+00
4.232523816823960061e+00
4.229642176628113148e+00
4.226772472262383396e+00
4.223906943202019093e+00
4.221037828922272084e+00
4.218159416317940114e+00
4.215271624922753091e+00
4.212365737557411727e+00
4.209457069635392124e+00
4.206557485461235757e+00
4.203664857149124856e+00
4.200780284404755704e+00
4.197917321324348805e+00
4.195052301883698043e+00
4.192182016372681730e+00
4.189329379796982167e+00
4.186487069725990828e+00
4.183637946844101840e+00
4.180803102254868620e+00
4.177964457869530079e+00
4.175134673714638645e+00
4.172318801283837253e+00
4.169497439265251515e+00
4.166670149564743575e+00
4.163847759366036350e+00
4.161016437411308999e+00
4.158170318603516158e+00
4.155322447419167453e+00
4.152477571368217824e+00
4.149639955163002547e+00
4.146804091334344022e+00
4.143974450230599516e+00
4.141158944368362960e+00
4.138362777233124845e+00
4.135580450296402866e+00
4.132781350612640736e+00
4.129967972636223728e+00
4.127140530943870900e+00
4.124320045113564426e+00
4.121500077843666787e+00
4.118706914782524819e+00
4.115932285785675937e+00
4.113161385059357578e+00
4.110383313894272916e+00
4.107604286074638900e+00
4.104821082949639433e+00
4.102021768689156467e+00
4.099220031499863026e+00
4.096416899561882374e+00
4.093621456623077748e+00
4.090836501121521529e+00
4.088069999217987416e+00
4.085313233733177896e+00
4.082567456364632363e+00
4.079826292395592802e+00
4.077087327837944919e+00
4.074327924847603200e+00
4.071568378806114552e+00
4.068822816014290744e+00
4.066116592288017806e+00
4.063396376371384733e+00
4.060655507445336099e+00
4.057900798320771329e+00
4.055157506465912221e+00
4.052415466308594283e+00
4.049645960330964023e+00
4.046849274635315297e+00
4.044059848785400924e+00
4.041292837262154158e+00
4.038572916388512013e+00
4.035864055156708652e+00
4.033145886659623258e+00
4.030401727557182845e+00
4.027637344598771207e+00
4.024865201115608748e+00
4.022110706567764815e+00
4.019368961453438693e+00
4.016622602939606601e+00
4.013873240351677474e+00
4.011118602752686613e+00
4.008367702364922458e+00
4.005609408020974094e+00
4.002851918339730197e+00
4.000095742940903421e+00
3.997347918152809765e+00
3.994607558846474227e+00
3.991867646574974948e+00
3.989133000373841220e+00
3.986397773027420932e+00
3.983646291494370217e+00
3.980883008241653975e+00
3.978097534179688033e+00
3.975293973088265265e+00
3.972478985786438876e+00
3.969653815031052524e+00
3.966826516389847512e+00
3.963995856046677257e+00
3.961158677935601169e+00
3.958302089571953619e+00
3.955449452996254500e+00
3.952606704831123974e+00
3.949772378802300032e+00
3.946941718459130222e+00
3.944109591841698403e+00
3.941278269886971053e+00
3.938460421562195446e+00
3.935655465722084578e+00
3.932869553565979892e+00
3.930099028348923440e+00
3.927334135770798262e+00
3.924573490023613775e+00
3.921813505887985940e+00
3.919031688570977057e+00
3.916232517361641463e+00
3.913424119353295261e+00
3.910622391104698892e+00
3.907822272181511458e+00
3.905037602782249984e+00
3.902259960770607883e+00
3.899486860632896956e+00
3.896709513664246227e+00
3.893929529190064187e+00
3.891140684485436374e+00
3.888343122601509716e+00
3.885537067055703009e+00
3.882721266150475081e+00
3.879915577173233654e+00
3.877121976017952498e+00
3.874331817030907565e+00
3.871537849307061130e+00
3.868735602498055037e+00
3.865919220447540994e+00
3.863083651661873397e+00
3.860235485434532876e+00
3.857385191321373696e+00
3.854541414976120794e+00
3.851703280210495794e+00
3.848861193656921920e+00
3.845960661768914157e+00
3.843041738867760237e+00
3.840135851502419317e+00
3.837250554561615790e+00
3.834378874301910933e+00
3.831508812308312084e+00
3.828643801808357949e+00
3.825808519124985541e+00
3.822994479537010992e+00
3.820181611180306191e+00
3.817340615391731973e+00
3.814477580785752053e+00
3.811596521735192145e+00
3.808716133236885959e+00
3.805850237607956821e+00
3.803000023961067733e+00
3.800163426995278204e+00
3.797317603230477179e+00
3.794458010792733038e+00
3.791596066951752331e+00
3.788730314373970565e+00
3.785857024788857217e+00
3.782968938350678378e+00
3.780072429776192511e+00
3.777166542410851147e+00
3.774257507920265819e+00
3.771344369649887618e+00
3.768434092402459079e+00
3.765532970428467685e+00
3.762634119391441878e+00
3.759731164574623641e+00
3.756832599639893466e+00
3.753934258222580755e+00
3.751053646206856662e+00
3.748190173506737555e+00
3.745347353816033120e+00
3.742513537406922275e+00
3.739638781547546920e+00
3.736749809980393078e+00
3.733862823247910079e+00
3.730977517366409923e+00
3.728074562549591686e+00
3.725170874595642889e+00
3.722270047664642867e+00
3.719382175803185309e+00
3.716509610414505893e+00
3.713634049892426070e+00
3.710747206211090887e+00
3.707835829257965621e+00
3.704907679557801092e+00
3.701968103647232944e+00
3.699023100733757730e+00
3.696076425909996743e+00
3.693129456043243941e+00
3.690200215578079757e+00
3.687272289395333136e+00
3.684337478876114513e+00
3.681389695405960616e+00
3.678423091769219333e+00
3.675441548228264743e+00
3.672447773814202066e+00
3.669446972012520458e+00
3.666437381505966986e+00
3.663413941860199863e+00
3.660386040806771213e+00
3.657363995909691745e+00
3.654339537024498874e+00
3.651325994729996527e+00
3.648313543200493392e+00
3.645290917158127364e+00
3.642263963818550998e+00
3.639231958985329474e+00
3.636188966035843517e+00
3.633138212561608071e+00
3.630084893107414779e+00
3.627029079198837991e+00
3.623971584439278359e+00
3.620913651585579540e+00
3.617868468165398532e+00
3.614836972951889660e+00
3.611861142516136880e+00
3.608895710110664901e+00
3.605942222476006265e+00
3.602985650300980502e+00
3.600033771991730358e+00
3.597084817290306713e+00
3.594134110212326760e+00
3.591165021061898166e+00
3.588204425573349621e+00
3.585242068767548140e+00
3.582297441363335277e+00
3.579356327652932102e+00
3.576415804028511669e+00
3.573475933074951705e+00
3.570533791184426153e+00
3.567597138881684060e+00
3.564662685990334090e+00
3.561731094121933783e+00
3.558805215358734841e+00
3.555885854363442178e+00
3.552979752421379978e+00
3.550083386898041482e+00
3.547202551364899481e+00
3.544333428144455844e+00
3.541476911306381758e+00
3.538620752096176769e+00
3.535763940215111312e+00
3.532889693975449497e+00
3.530014491081238326e+00
3.527144500613213385e+00
3.524281537532806929e+00
3.521435642242432440e+00
3.518603006005287970e+00
3.515773364901543463e+00
3.512923508882523471e+00
3.510052999854088362e+00
3.507161694765091653e+00
3.504319974780083502e+00
3.501506596803666049e+00
3.498718118667603072e+00
3.495952349901199963e+00
3.493211257457733865e+00
3.490476101636887485e+00
3.487738308310509350e+00
3.484995025396347756e+00
3.482235845923424389e+00
3.479478856921196517e+00
3.476725319027901495e+00
3.473996680974960949e+00
3.471288543939591076e+00
3.468596526980400885e+00
3.465910884737969155e+00
3.463213154673577154e+00
3.460510444641113903e+00
3.457805240154267157e+00
3.455104506015778121e+00
3.452410727739334995e+00
3.449728089570999856e+00
3.447065666317940646e+00
3.444413864612580145e+00
3.441766095161438610e+00
3.439126738905907477e+00
3.436501955986023482e+00
3.433895778656006481e+00
3.431307178735733654e+00
3.428725168108941013e+00
3.426154878735542919e+00
3.423568031191826400e+00
3.420973861217499579e+00
3.418386799097061779e+00
3.415805235505104953e+00
3.413226380944252902e+00
3.410655429959297713e+00
3.408103013038636053e+00
3.405567440390587564e+00
3.403044474124909069e+00
3.400521650910378391e+00
3.397986659407616461e+00
3.395433875918389077e+00
3.392860144376755649e+00
3.390284651517868841e+00
3.387713924050332004e+00
3.385151180624962564e+00
3.382606452703476485e+00
3.380073446035385842e+00
3.377534949779511297e+00
3.374989336729050216e+00
3.372466585040093001e+00
3.369935411214829202e+00
3.367405042052269870e+00
3.364874306321144815e+00
3.362351402640343601e+00
3.359832674264908725e+00
3.357315483689308877e+00
3.354805257916451122e+00
3.352280530333519692e+00
3.349741515517235424e+00
3.347198987007141913e+00
3.344652202725411083e+00
3.342101037502289707e+00
3.339545696973801547e+00
3.336997821927071506e+00
3.334457483887673046e+00
3.331927919387818182e+00
3.329396522045136031e+00
3.326874288916588540e+00
3.324362963438034946e+00
3.321878808736801858e+00
3.319402861595154519e+00
3.316935256123543674e+00
3.314479738473893100e+00
3.312017479538918341e+00
3.309528782963753635e+00
3.307027265429497653e+00
3.304547867178917464e+00
3.302090373635292675e+00
3.299666720628739114e+00
3.297238740324974771e+00
3.294798386096954967e+00
3.292339864373207803e+00
3.289859741926194125e+00
3.287354862689972457e+00
3.284835991263390209e+00
3.282304888963699874e+00
3.279772025346756603e+00
3.277245393395424422e+00
3.274725279211998519e+00
3.272201937437058117e+00
3.269669878482819314e+00
3.267122521996498996e+00
3.264563140273094799e+00
3.261991170048714306e+00
3.259435820579529519e+00
3.256894391775131847e+00
3.254370611906052257e+00
3.251852250099182662e+00
3.249329131841660168e+00
3.246814802289009982e+00
3.244304567575455600e+00
3.241797193884850437e+00
3.239283293485642368e+00
3.236759513616562778e+00
3.234227088093758251e+00
3.231687930226326610e+00
3.229143273830414440e+00
3.226597374677658614e+00
3.224059459567070629e+00
3.221554356813431497e+00
3.219063907861710483e+00
3.216576892137528176e+00
3.214091932773590621e+00
3.211611872911453780e+00
3.209140682220459784e+00
3.206664216518402721e+00
3.204181447625161105e+00
3.201689675450325900e+00
3.199206101894378929e+00
3.196739819645881830e+00
3.194289496541023787e+00
3.191849285364151356e+00
3.189414796233177363e+00
3.186974075436592280e+00
3.184511011838913497e+00
3.182039016485214589e+00
3.179556399583816972e+00
3.177077296376228599e+00
3.174605596065521507e+00
3.172135943174362538e+00
3.169678297638893305e+00
3.167234796285629539e+00
3.164796265959739952e+00
3.162357226014137712e+00
3.159919723868370500e+00
3.157450070977211531e+00
3.154974114894867121e+00
3.152508637309074935e+00
3.150056052207947044e+00
3.147589322924614130e+00
3.145128020644188283e+00
3.142583140730858204e+00
3.140039727091789690e+00
3.137493979930877863e+00
3.134922966361046281e+00
3.132323163747787742e+00
3.129721090197563615e+00
3.127116227149963734e+00
3.124506312608719139e+00
3.121887394785881398e+00
3.119266420602798906e+00
3.116638267040253041e+00
3.113996201753616688e+00
3.111338901519775657e+00
3.108696541190147933e+00
3.106045758724213179e+00
3.103381797671318498e+00
3.100711014866829096e+00
3.098029977083206710e+00
3.095337003469467607e+00
3.092642787098884849e+00
3.089939272403717574e+00
3.087224689126014887e+00
3.084520003199577864e+00
3.081822201609611955e+00
3.079141458868980941e+00
3.076468119025230763e+00
3.073800420761108931e+00
3.071135574579239247e+00
3.068481644988060530e+00
3.065840536355972645e+00
3.063197514414787825e+00
3.060552158951759694e+00
3.057909584045410689e+00
3.055261296033859431e+00
3.052586051821708946e+00
3.049882832169533042e+00
3.047164377570152460e+00
3.044453683495521812e+00
3.041733762621880111e+00
3.038998463749885914e+00
3.036247339844703852e+00
3.033499220013618825e+00
3.030736884474754866e+00
3.027964740991592851e+00
3.025185418128967463e+00
3.022400748729705988e+00
3.019615569710731862e+00
3.016815379261970964e+00
3.013997825980186729e+00
3.011158296465874074e+00
3.008297675848007557e+00
3.005419397354126332e+00
3.002531534433365401e+00
2.999624699354172197e+00
2.996707242727279841e+00
2.993774184584617970e+00
2.990834170579910634e+00
2.987876141071319935e+00
2.984896501898766097e+00
2.981906321644783198e+00
2.978915113210678367e+00
2.975922653079033253e+00
2.972933930158615290e+00
2.969961684942245661e+00
2.966986149549484697e+00
2.963999482989311485e+00
2.960994139313698259e+00
2.957977512478828785e+00
2.954942056536674855e+00
2.951892474293709157e+00
2.948822820186615346e+00
2.945731055736541926e+00
2.942612111568451372e+00
2.939470753073692766e+00
2.936337307095528093e+00
2.933193758130073991e+00
2.930042001605034141e+00
2.926883289217949269e+00
2.923741573095322011e+00
2.920574072003364829e+00
2.917476299405098228e+00
2.914363068342209040e+00
2.911241701245308455e+00
2.908119529485702959e+00
2.904998904466629561e+00
2.901861354708672014e+00
2.898689088225364863e+00
2.895496168732643483e+00
2.892290794849396107e+00
2.889067476987839278e+00
2.885821244120598372e+00
2.882575297355652211e+00
2.879315286874771562e+00
2.876040479540825423e+00
2.872763481736183344e+00
2.869483327865601119e+00
2.866181063652038841e+00
2.862880113720894126e+00
2.859573960304260698e+00
2.856249943375587907e+00
2.852921456098556963e+00
2.849602633714676259e+00
2.846279922127723960e+00
2.842955824732780634e+00
2.839617377519608077e+00
2.836263176798820673e+00
2.832886999845505294e+00
2.829479771852493553e+00
2.826060456037521540e+00
2.822617849707603987e+00
2.819161698222160783e+00
2.815698805451393394e+00
2.812213274836540489e+00
2.808721154928207842e+00
2.805239513516426531e+00
2.801766294240951805e+00
2.798300477862358360e+00
2.794828429818153825e+00
2.791306868195534197e+00
2.787779593467712758e+00
2.784255474805832353e+00
2.780740949511528282e+00
2.777245986461639671e+00
2.773738130927086321e+00
2.770202371478081016e+00
2.766639879345894393e+00
2.763075840473175226e+00
2.759491801261902300e+00
2.755882281064987449e+00
2.752271366119384943e+00
2.748647120594978510e+00
2.745030868053436546e+00
2.741413506865501670e+00
2.737801125645638045e+00
2.734186553955078480e+00
2.730587074160576222e+00
2.726994764804840266e+00
2.723407945036888655e+00
2.719821277260780601e+00
2.716224345564842491e+00
2.712608531117439714e+00
2.708979457616806474e+00
2.705339395999908803e+00
2.701687246561050859e+00
2.698035687208176103e+00
2.694390127062797902e+00
2.690734311938286272e+00
2.687056601047516313e+00
2.683375009894371388e+00
2.679696351289749590e+00
2.676041707396507707e+00
2.672417971491813926e+00
2.668819367885590044e+00
2.665218859910965410e+00
2.661621794104576555e+00
2.658023253083229509e+00
2.654420250654220936e+00
2.650815263390541521e+00
2.647203391790390548e+00
2.643568748235702870e+00
2.639914551377296803e+00
2.636266067624092546e+00
2.632616189122200190e+00
2.628979131579399553e+00
2.625351738929748713e+00
2.621721708774567006e+00
2.618121853470802840e+00
2.614544850587845026e+00
2.610979568958282648e+00
2.607432821393013356e+00
2.603892877697945085e+00
2.600337627530098228e+00
2.596793803572654991e+00
2.593263238668442217e+00
2.589741757512093123e+00
2.586227375268936424e+00
2.582722881436348317e+00
2.579200962185860035e+00
2.575670030713081537e+00
2.572139903903007951e+00
2.568614605069160728e+00
2.565083235502243486e+00
2.561501771211624590e+00
2.557907262444496510e+00
2.554297956824302940e+00
2.550694006681442527e+00
2.547107338905334917e+00
2.543550407886505660e+00
2.540011206269264576e+00
2.536491629481315790e+00
2.532998856902122675e+00
2.529509454965591875e+00
2.526029431819916127e+00
2.522542810440064009e+00
2.519042706489563521e+00
2.515547153353691279e+00
2.512060379981995162e+00
2.508582189679146257e+00
2.505161336064339217e+00
2.501765543222427723e+00
2.498384824395180281e+00
2.495008218288421897e+00
2.491639515757561263e+00
2.488299155235290883e+00
2.485001200437546132e+00
2.481733572483062922e+00
2.478464040160179405e+00
2.475212451815605341e+00
2.471963796019554405e+00
2.468729570508003679e+00
2.465523687005043207e+00
2.462320950627327143e+00
2.459114852547645835e+00
2.455910435318947371e+00
2.452710774540901362e+00
2.449515950679779230e+00
2.446324273943901506e+00
2.443150255084038047e+00
2.439980483055115279e+00
2.436833339929580955e+00
2.433699813485145746e+00
2.430569291114807573e+00
2.427434816956520525e+00
2.424298733472824541e+00
2.421158251166343867e+00
2.418026190996170222e+00
2.414921087026596247e+00
2.411829242110252736e+00
2.408747947216034468e+00
2.405676826834679094e+00
2.402596193552017478e+00
2.399496516585350570e+00
2.396389651298523216e+00
2.393285056948662337e+00
2.390202653408050715e+00
2.387138935923576621e+00
2.384093233942985890e+00
2.381056910753250655e+00
2.378033033013344344e+00
2.375053608417511342e+00
2.372095936536789296e+00
2.369130575656891224e+00
2.366170203685761031e+00
2.363197886943817494e+00
2.360217148065567372e+00
2.357233190536499379e+00
2.354246962070465354e+00
2.351253554224968401e+00
2.348255532979965476e+00
2.345237511396408348e+00
2.342228206992149619e+00
2.339234352111816850e+00
2.336250689625740229e+00
2.333275154232979265e+00
2.330316534638405379e+00
2.327371102571487604e+00
2.324452912807465133e+00
2.321564307808876571e+00
2.318706762790680109e+00
2.315872874855995356e+00
2.313041481375694541e+00
2.310217553377151845e+00
2.307446286082268205e+00
2.304689154028892961e+00
2.301947847008705583e+00
2.299202731251717147e+00
2.296454754471779047e+00
2.293705901503563460e+00
2.290953382849693742e+00
2.288198012113571433e+00
2.285420155525208052e+00
2.282630363106727955e+00
2.279857629537582753e+00
2.277082633972168146e+00
2.274328291416168657e+00
2.271578705310822066e+00
2.268833222985267906e+00
2.266091254353523432e+00
2.263354489207268117e+00
2.260618600249290733e+00
2.257882425189018605e+00
2.255140456557274131e+00
2.252392917871475664e+00
2.249637842178345171e+00
2.246875953674316584e+00
2.244103658199310569e+00
2.241314303874969660e+00
2.238518583774566917e+00
2.235743874311447499e+00
2.232961618900299428e+00
2.230170217156410395e+00
2.227376249432563959e+00
2.224581763148308244e+00
2.221787795424461809e+00
2.218995437026024309e+00
2.216187396645546315e+00
2.213382074236870167e+00
2.210580408573151079e+00
2.207806289196014848e+00
2.205032241344452082e+00
2.202268815040588912e+00
2.199506855010986861e+00
2.196753093600273488e+00
2.194010838866234270e+00
2.191276559233665822e+00
2.188539946079254506e+00
2.185798129439354476e+00
2.183079236745834706e+00
2.180360192060470936e+00
2.177630159258842735e+00
2.174878588318825301e+00
2.172112157940865096e+00
2.169341990351677296e+00
2.166584795713425216e+00
2.163799840211868553e+00
2.161001259088516591e+00
2.158200398087501970e+00
2.155388772487640825e+00
2.152566829323768971e+00
2.149747157096863148e+00
2.146933779120445696e+00
2.144134974479675826e+00
2.141338512301445451e+00
2.138551357388496665e+00
2.135774305462837752e+00
2.133004719018936512e+00
2.130218440294266102e+00
2.127421692013740984e+00
2.124617245793342768e+00
2.121817126870155779e+00
2.119012242555618819e+00
2.116209271550178794e+00
2.113403144478798179e+00
2.110586252808571039e+00
2.107747018337250200e+00
2.104883688688278465e+00
2.101986446976662037e+00
2.099036034941673456e+00
2.096067821979523238e+00
2.093075218796730308e+00
2.090076392889023360e+00
2.087051567435264765e+00
2.083989164233208236e+00
2.080899447202682939e+00
2.077791491150856373e+00
2.074625957012176780e+00
2.071428933739662526e+00
2.068181958794593989e+00
2.064894920587540206e+00
2.061573460698128191e+00
2.058254933357239302e+00
2.054923433065414695e+00
2.051529535651207325e+00
2.048128530383110490e+00
2.044721302390098749e+00
2.041294226050377247e+00
2.037823867797851740e+00
2.034309628605842857e+00
2.030742147564888356e+00
2.027154961228371022e+00
2.023535472154617487e+00
2.019880318641662953e+00
2.016175732016563860e+00
2.012413576245308366e+00
2.008643731474876848e+00
2.004865097999573020e+00
2.001062002778053461e+00
1.997233551740646762e+00
1.993391126394272295e+00
1.989529657363891868e+00
1.985626873373985690e+00
1.981682997941971225e+00
1.977717083692551059e+00
1.973731535673141746e+00
1.969701382517814903e+00
1.965665963292122287e+00
1.961625045537948919e+00
1.957554024457931918e+00
1.953449529409408969e+00
1.949314278364181918e+00
1.945160198211670188e+00
1.940983927249908758e+00
1.936759322881699052e+00
1.932489961385727373e+00
1.928167501091957448e+00
1.923822259902954412e+00
1.919456580281257985e+00
1.915056112408638267e+00
1.910629135370254916e+00
1.906168836355209617e+00
1.901701724529266668e+00
1.897218126058578758e+00
1.892715564370155645e+00
1.888180261850357367e+00
1.883634185791015936e+00
1.879065704345703525e+00
1.874472466111183566e+00
1.869861435890198154e+00
1.865208581089973894e+00
1.860505622625351352e+00
1.855791613459587541e+00
1.851074743270874290e+00
1.846333849430084495e+00
1.841570907831192372e+00
1.836769664287567494e+00
1.831944468617439536e+00
1.827110484242439714e+00
1.822252771258354498e+00
1.817376676201820640e+00
1.812474206089973894e+00
1.807536661624908891e+00
1.802552089095116106e+00
1.797547373175621299e+00
1.792517167329788608e+00
1.787466165423393649e+00
1.782403370738029791e+00
1.777341237664223028e+00
1.772312578558922214e+00
1.767271098494530124e+00
1.762229180335998846e+00
1.757180815935135199e+00
1.752142921090126482e+00
1.747106420993805198e+00
1.742070654034614918e+00
1.737033858895302263e+00
1.732038602232933489e+00
1.727044445276260776e+00
1.722037467360496787e+00
1.717047038674354820e+00
1.712081438302994085e+00
1.707121694087982533e+00
1.702186340093613026e+00
1.697285345196724249e+00
1.692379736900329945e+00
1.687444606423378346e+00
1.682440042495727983e+00
1.677430570125580278e+00
1.672423073649406788e+00
1.667431330680847479e+00
1.662422224879265276e+00
1.657421541213989657e+00
1.652432578802109031e+00
1.647455480694771213e+00
1.642515879869461459e+00
1.637549546360969943e+00
1.632578232884407399e+00
1.627630504965782432e+00
1.622696107625961615e+00
1.617733582854271379e+00
1.612747696042061252e+00
1.607794326543808383e+00
1.602869084477424932e+00
1.597959658503532498e+00
1.593057921528816312e+00
1.588182926177978738e+00
1.583298400044441445e+00
1.578392049670219510e+00
1.573459118604660256e+00
1.568493589758873208e+00
1.563512316346168607e+00
1.558512517809867992e+00
1.553514981269836559e+00
1.548545205593109264e+00
1.543603995442390575e+00
1.538695892691612332e+00
1.533768299221992759e+00
1.528844085335731684e+00
1.523928070068359508e+00
1.519024875760078608e+00
1.514122191071510581e+00
1.509206837415695279e+00
1.504279252886772333e+00
1.499330210685730247e+00
1.494402912259102045e+00
1.489494147896766929e+00
1.484584498405456809e+00
1.479660499095917015e+00
1.474724483489990412e+00
1.469799160957336648e+00
1.464869743585586637e+00
1.459920763969421609e+00
1.454940742254257291e+00
1.449962106347084223e+00
1.444981637597084312e+00
1.440021088719368070e+00
1.435063910484314142e+00
1.430096405744552879e+00
1.425137466192245572e+00
1.420188924670219510e+00
1.415251451730728416e+00
1.410339754819870173e+00
1.405453038215637385e+00
1.400554528832435697e+00
1.395662975311279475e+00
1.390787461400032177e+00
1.385903748869896202e+00
1.380975207686424344e+00
1.376004770398140176e+00
1.371023496985435575e+00
1.366034749150276451e+00
1.361038017272949485e+00
1.356029644608497842e+00
1.351010802388191490e+00
1.345975911617279142e+00
1.340964096784591941e+00
1.335972201824188410e+00
1.330989095568657188e+00
1.326029422879219322e+00
1.321069169044494895e+00
1.316098660230636819e+00
1.311092558503151206e+00
1.306059214472770957e+00
1.301001256704330533e+00
1.295923227071762218e+00
1.290864393115043862e+00
1.285883191227913169e+00
1.280899941921234353e+00
1.275909879803657665e+00
1.270935195684433250e+00
1.265969961881637795e+00
1.260965397953987210e+00
1.255937391519546642e+00
1.250935241580009682e+00
1.245930230617523282e+00
1.240910136699676647e+00
1.235869756340980619e+00
1.230852219462394981e+00
1.225855201482773049e+00
1.220885202288627847e+00
1.215932708978653132e+00
1.210965275764465554e+00
1.205977261066436990e+00
1.200976800918579279e+00
1.195929321646690635e+00
1.190868359804153620e+00
1.185798242688179238e+00
1.180731934309005915e+00
1.175710669159889310e+00
1.170733571052551492e+00
1.165764752030372886e+00
1.160780760645866660e+00
1.155797877907753124e+00
1.150822827219963207e+00
1.145812916755676536e+00
1.140771070122718944e+00
1.135735750198364480e+00
1.130706867575645536e+00
1.125662678480148449e+00
1.120590433478355630e+00
1.115537893772125422e+00
1.110494437813759117e+00
1.105468702316284357e+00
1.100463986396789773e+00
1.095458027720451533e+00
1.090443575382232799e+00
1.085419020056724637e+00
1.080396583676338285e+00
1.075380155444145336e+00
1.070373910665512351e+00
1.065393146872520624e+00
1.060409164428711026e+00
1.055424153804779275e+00
1.050421860814094721e+00
1.045431360602379067e+00
1.040441146492958158e+00
1.035465738177299588e+00
1.030494129657745450e+00
1.025520107150077909e+00
1.020539271831512718e+00
1.015553680062294184e+00
1.010544717311859353e+00
1.005535316467285334e+00
1.000526800751686318e+00
9.955097109079362738e-01
9.904801666736604560e-01
9.854768455028535268e-01
9.805217236280443505e-01
9.755784660577775380e-01
9.706149935722352406e-01
9.656545966863634423e-01
9.607073783874513495e-01
9.557733476161958119e-01
9.508609890937806952e-01
9.459613084793092597e-01
9.410388469696047142e-01
9.360949993133547142e-01
9.311324745416642568e-01
9.261680543422701195e-01
9.211948364973070458e-01
9.162082880735399337e-01
9.112264245748521452e-01
9.062555491924287887e-01
9.013172626495362660e-01
8.963931918144227851e-01
8.914538055658342008e-01
8.864974319934846303e-01
8.815567314624788153e-01
8.766399115324021718e-01
8.717123180627824874e-01
8.667743265628816696e-01
8.618482083082200651e-01
8.569449424743653676e-01
8.520341217517855004e-01
8.471253573894502731e-01
8.422327041625978783e-01
8.373532384634019277e-01
8.324315905570985885e-01
8.274816632270814987e-01
8.225026607513429289e-01
8.175335466861726186e-01
8.125527828931810026e-01
8.075789749622346303e-01
8.026068478822709906e-01
7.976806491613388506e-01
7.927705615758896540e-01
7.878611445426941806e-01
7.829501092433930332e-01
7.780215680599213979e-01
7.730823338031769243e-01
7.681484460830689809e-01
7.632321447134018388e-01
7.583022087812424372e-01
7.533487677574158825e-01
7.483978122472764172e-01
7.434769600629806963e-01
7.385581552982330988e-01
7.336274862289429155e-01
7.287009209394456066e-01
7.237904757261277577e-01
7.188714563846588801e-01
7.139626920223237638e-01
7.090526849031449919e-01
7.041381359100343795e-01
6.992157459259035202e-01
6.943007588386537199e-01
6.894105195999147284e-01
6.845327436923982489e-01
6.796612620353700285e-01
6.747748315334322067e-01
6.698867201805116522e-01
6.650136202573777577e-01
6.601556122303010588e-01
6.553142249584199552e-01
6.504529178142549606e-01
6.455749899148942594e-01
6.406801372766496305e-01
6.357871979475022695e-01
6.309016525745393400e-01
6.259699642658235197e-01
6.210341006517412499e-01
6.161123007535935781e-01
6.111890345811845648e-01
6.062813609838487716e-01
6.013559758663179489e-01
5.964034914970399726e-01
5.914392858743668935e-01
5.864945530891420011e-01
5.815589040517809005e-01
5.766297727823259667e-01
5.716864347457887296e-01
5.667107313871385665e-01
5.617416173219682562e-01
5.567713320255280873e-01
5.517948865890505150e-01
5.468102425336839323e-01
5.418370962142946556e-01
5.368801325559617865e-01
5.319469779729845138e-01
5.270035684108735907e-01
5.220575213432313566e-01
5.171145498752596215e-01
5.121686547994614980e-01
5.072108954191210106e-01
5.022475659847260854e-01
4.972808659076692339e-01
4.923028111457826705e-01
4.872907012701036544e-01
4.822799861431123492e-01
4.772842109203340177e-01
4.723082840442659469e-01
4.673377752304078703e-01
4.623459517955781917e-01
4.573455631732942228e-01
4.523392468690873858e-01
4.473142445087434638e-01
4.422790586948396330e-01
4.372571319341661544e-01
4.322595953941347213e-01
4.272886484861375678e-01
4.223032712936403144e-01
4.173435360193254451e-01
4.123763263225557196e-01
4.074018657207491012e-01
4.024059385061266036e-01
3.974154382944108943e-01
3.924365073442460661e-01
3.874359667301179866e-01
3.823911964893342841e-01
3.773434937000276213e-01
3.722696393728258113e-01
3.672006219625474910e-01
3.621307283639909613e-01
3.570896148681642623e-01
3.520805805921556342e-01
3.470490604639054899e-01
3.419860512018205734e-01
3.369053214788438888e-01
3.318386465311052302e-01
3.267777562141420122e-01
3.217311531305314665e-01
3.166709244251252886e-01
3.115991175174714911e-01
3.065188884735109420e-01
3.014235764741899914e-01
2.963290691375734531e-01
2.912315666675570069e-01
2.861254096031191074e-01
2.810067266225816929e-01
2.758978694677355348e-01
2.707863748073580101e-01
2.656701147556307374e-01
2.605558305978777356e-01
2.554485827684404575e-01
2.503571510314943627e-01
2.452612578868868243e-01
2.401821374893190753e-01
2.351186096668245740e-01
2.300539821386339834e-01
2.250069409608843607e-01
2.199791580438616445e-01
2.149695426225664840e-01
2.099809378385546488e-01
2.049861192703249790e-01
2.000175148248675150e-01
1.950678020715716221e-01
1.901067346334460173e-01
1.850809276103975998e-01
1.800546109676364193e-01
1.750384062528613227e-01
1.700217545032504385e-01
1.650338113307955878e-01
1.600449919700625556e-01
1.550722122192385866e-01
1.500930666923526169e-01
1.451222628355029742e-01
1.401387184858325641e-01
1.351570069789889972e-01
1.301617413759235120e-01
1.251891851425174507e-01
1.202224135398868715e-01
1.152429729700092526e-01
1.102578908205036345e-01
1.052769035100941386e-01
1.003187686204914664e-01
9.536401331424768091e-02
9.042185544967715205e-02
8.550276458263474100e-02
8.056851029396146224e-02
7.556628882885067788e-02
7.055396437645047869e-02
6.554881036281674789e-02
6.055332124233334806e-02
5.555270910263150619e-02
5.055737197399227945e-02
4.559119045734494335e-02
4.063869714737027017e-02
3.568672239780514704e-02
3.071848452091305998e-02
2.576050162315457470e-02
2.082082927227109012e-02
1.588715612888424999e-02
1.097421646118252811e-02
6.070065498352939133e-03
1.171118021012240631e-03
-3.738012909888332840e-03
-8.640187978743617964e-03
-1.351672112941653195e-02
-1.836352646350771639e-02
-2.323032319545657171e-02
-2.807866632938296053e-02
-3.292489051818758838e-02
-3.775763213634401871e-02
-4.261344075202853215e-02
-4.748499393463045948e-02
-5.236049890518099797e-02
-5.720994174480349692e-02
-6.203697025775820745e-02
-6.685886681079775129e-02
-7.166714668273836686e-02
-7.647967338561922901e-02
-8.131271004676729475e-02
-8.612047135829836719e-02
-9.091497361659914289e-02
-9.569043219089419516e-02
-1.004811346530905397e-01
-1.052853107452383641e-01
-1.100869923830023467e-01
-1.148760050535193589e-01
-1.196609944105139905e-01
-1.244385093450537799e-01
-1.292245894670478457e-01
-1.340496420860282645e-01
-1.389023035764686276e-01
-1.437436819076530481e-01
-1.485487431287758064e-01
-1.533735007047645760e-01
-1.582271099090568622e-01
-1.630813091993324748e-01
-1.678885608911507288e-01
-1.727134704589836645e-01
-1.775758057832711179e-01
-1.824754148721688396e-01
-1.873820602893822573e-01
-1.922909766435616508e-01
-1.971772551536553897e-01
-2.020657241344445687e-01
-2.069542735815042001e-01
-2.118301540613168332e-01
-2.166752696037286818e-01
-2.214933574199670629e-01
-2.263225764036172760e-01
-2.311780989170068579e-01
-2.360389590263360926e-01
-2.408880352973932770e-01
-2.457629591226572485e-01
-2.506419152021402974e-01
-2.555191099643702168e-01
-2.604185760021204277e-01
-2.653416991233820688e-01
-2.702661365270609961e-01
-2.751487493515009652e-01
-2.800195783376688841e-01
-2.848940640687937509e-01
-2.897774815559382433e-01
-2.946446448564524756e-01
-2.994908601045603858e-01
-3.043062388896937698e-01
-3.091094583272929741e-01
-3.138593554496760807e-01
-3.186318904161448695e-01
-3.234013497829433259e-01
-3.281699955463405205e-01
-3.329284667968746003e-01
-3.377004206180568291e-01
-3.424677610397334759e-01
-3.472159773111339609e-01
-3.519459635019298593e-01
-3.566709607839580465e-01
-3.614169865846630358e-01
-3.661666691303249732e-01
-3.709057301282879249e-01
-3.756526231765743296e-01
-3.804384082555767321e-01
-3.852167278528210170e-01
-3.899920433759686000e-01
-3.948123306035992153e-01
-3.996650636196133477e-01
-4.044985383749004626e-01
-4.092998623847957651e-01
-4.140976637601848642e-01
-4.188830822706218759e-01
-4.236807405948635474e-01
-4.284767895936962279e-01
-4.332745999097820655e-01
-4.380487531423565284e-01
-4.427968978881832163e-01
-4.475380867719646605e-01
-4.522863030433652010e-01
-4.570534110069272016e-01
-4.618235319852826426e-01
-4.665678679943082163e-01
-4.713157176971433104e-01
-4.760568350553510131e-01
-4.808032989501950238e-01
-4.855447739362713788e-01
-4.902862578630444723e-01
-4.950160205364224630e-01
-4.997448980808255614e-01
-5.044937759637829755e-01
-5.092404544353482665e-01
-5.139723360538479557e-01
-5.186815172433850707e-01
-5.233846187591549848e-01
-5.280971705913540815e-01
-5.328369647264478148e-01
-5.375898748636243063e-01
-5.423213273286816571e-01
-5.470440536737439796e-01
-5.517733782529827824e-01
-5.565040886402127240e-01
-5.612304002046581974e-01
-5.659330546855924071e-01
-5.706223070621487814e-01
-5.753119975328442326e-01
-5.800102621316907126e-01
-5.847064077854153830e-01
-5.893800586462017987e-01
-5.940622836351392433e-01
-5.987455368041989523e-01
-6.034272521734235228e-01
-6.080864101648327802e-01
-6.127281337976453468e-01
-6.173843592405316993e-01
-6.220340669155118851e-01
-6.266701489686964388e-01
-6.312981039285657792e-01
-6.359269350767133844e-01
-6.405343800783155350e-01
-6.451394826173780794e-01
-6.497544735670087723e-01
-6.543852895498274425e-01
-6.590098023414610040e-01
-6.636334300041196732e-01
-6.682555288076399425e-01
-6.728870779275892833e-01
-6.775436699390409157e-01
-6.822313934564588900e-01
-6.869350135326384166e-01
-6.916513741016385719e-01
-6.963663399219510719e-01
-7.010895848274228959e-01
-7.058085113763807872e-01
-7.105259627103803766e-01
-7.152179330587384865e-01
-7.199194878339765236e-01
-7.246411859989164705e-01
-7.293803185224531083e-01
-7.341149181127546441e-01
-7.388391822576521051e-01
-7.435720920562742808e-01
-7.483599334955213234e-01
-7.531581819057462379e-01
-7.579217851161954567e-01
-7.626809895038603182e-01
-7.674446642398832230e-01
-7.721732556819913551e-01
-7.768852174282072642e-01
-7.816178321838377352e-01
-7.863610684871671364e-01
-7.911046713590620394e-01
-7.958906799554823497e-01
-8.006880432367322609e-01
-8.055159479379652154e-01
-8.103313982486722855e-01
-8.151582032442090675e-01
-8.200038284063337901e-01
-8.248759001493451981e-01
-8.297447532415388460e-01
-8.345948576927183504e-01
-8.394377738237379649e-01
-8.442780524492261573e-01
-8.491301327943799881e-01
-8.539974391460416481e-01
-8.588679730892179176e-01
-8.637263476848600074e-01
-8.685697823762892344e-01
-8.734158545732496615e-01
-8.782597988843916514e-01
-8.831090182065961525e-01
-8.879868745803831676e-01
-8.928525805473326304e-01
-8.977034807205198641e-01
-9.025613456964490799e-01
-9.074262380599973365e-01
-9.122664451599119539e-01
-9.170654177665709117e-01
-9.218762546777723443e-01
-9.266994029283521783e-01
-9.315352201461790660e-01
-9.363684713840483287e-01
-9.411979943513868463e-01
-9.460274368524549393e-01
-9.508711665868757601e-01
-9.557345211505887672e-01
-9.606011658906934425e-01
-9.654589504003523448e-01
-9.702910304069517489e-01
-9.751141071319577858e-01
-9.799594461917875421e-01
-9.848290234804151222e-01
-9.897324413061140413e-01
-9.946423053741453302e-01
-9.995404481887815162e-01
-1.004456168413162098e+00
-1.009395840764045538e+00
-1.014357408881187306e+00
-1.019310197234153614e+00
-1.024260705709457264e+00
-1.029192242026328863e+00
-1.034106862545013161e+00
-1.039022287726402149e+00
-1.043943139910697759e+00
-1.048857545852661000e+00
-1.053773561120033175e+00
-1.058708544075488867e+00
-1.063646388053893777e+00
-1.068586865067481906e+00
-1.073533636331557961e+00
-1.078470304608344810e+00
-1.083388885855674610e+00
-1.088293251395225258e+00
-1.093208971619605840e+00
-1.098132823407649727e+00
-1.103059965372085394e+00
-1.107977889478206412e+00
-1.112909215688705267e+00
-1.117867931723594443e+00
-1.122842754423618139e+00
-1.127805936336517156e+00
-1.132795050740241782e+00
-1.137757280468940646e+00
-1.142711454629897982e+00
-1.147665481269359411e+00
-1.152625368535518557e+00
-1.157579399645328300e+00
-1.162540534138679416e+00
-1.167505919933318870e+00
-1.172464855015277641e+00
-1.177429427206515999e+00
-1.182382063567638308e+00
-1.187299916148185641e+00
-1.192191027104854362e+00
-1.197057162225246163e+00
-1.201946739852428170e+00
-1.206842978298663827e+00
-1.211729404330253335e+00
-1.216597662866115481e+00
-1.221481741964816958e+00
-1.226387283205985890e+00
-1.231305055320262687e+00
-1.236216533184051336e+00
-1.241116946935653553e+00
-1.246020512282848269e+00
-1.250928686559200198e+00
-1.255852247774600805e+00
-1.260783202946185844e+00
-1.265713572502136008e+00
-1.270660866796970101e+00
-1.275591821968555362e+00
-1.280509375035762565e+00
-1.285433883965015234e+00
-1.290358102321624623e+00
-1.295262686908244865e+00
-1.300172841548919545e+00
-1.305101016163825900e+00
-1.310047501325607211e+00
-1.314989663660526054e+00
-1.319932335615157992e+00
-1.324871198832988650e+00
-1.329823835194110737e+00
-1.334773100912570731e+00
-1.339705526828765647e+00
-1.344616267085075201e+00
-1.349499474465846838e+00
-1.354395864903926716e+00
-1.359283171594142692e+00
-1.364178976416587696e+00
-1.369085317850112782e+00
-1.373998695611953647e+00
-1.378904531896114172e+00
-1.383791767060756461e+00
-1.388677307963371188e+00
-1.393571279942989127e+00
-1.398448917269706548e+00
-1.403281292319297657e+00
-1.408089205622672813e+00
-1.412911397218703957e+00
-1.417735426127910481e+00
-1.422576518356799991e+00
-1.427425885200500399e+00
-1.432290706038474859e+00
-1.437168414890765966e+00
-1.442051693797111289e+00
-1.446961410343646781e+00
-1.451858820021152408e+00
-1.456742241978645103e+00
-1.461611823737621219e+00
-1.466470421850681216e+00
-1.471321031451225059e+00
-1.476177206635475025e+00
-1.481035214662551613e+00
-1.485883772373199241e+00
-1.490741708874702365e+00
-1.495626744627952309e+00
-1.500539246201515020e+00
-1.505470715463161246e+00
-1.510382631421089084e+00
-1.515299603343009727e+00
-1.520245355367660256e+00
-1.525149944424629034e+00
-1.530043840408324973e+00
-1.534940811991691412e+00
-1.539843939244746940e+00
-1.544765229523181738e+00
-1.549697065353393466e+00
-1.554621426761150227e+00
-1.559519641101360099e+00
-1.564414198696613134e+00
-1.569312636554240914e+00
-1.574216715991496818e+00
-1.579120424389838906e+00
-1.584028822183608742e+00
-1.588919790089130313e+00
-1.593807606399059162e+00
-1.598691833019256325e+00
-1.603589318692683729e+00
-1.608505848050117093e+00
-1.613414393365382837e+00
-1.618314369022845867e+00
-1.623211197555064711e+00
-1.628126479685306105e+00
-1.633054578304290461e+00
-1.637978796660899850e+00
-1.642892397940158400e+00
-1.647805628180503579e+00
-1.652737902104854273e+00
-1.657680211961269023e+00
-1.662612780928611311e+00
-1.667518103122710871e+00
-1.672409585118293407e+00
-1.677342078089713695e+00
-1.682286439836024883e+00
-1.687220989167689922e+00
-1.692135176062583568e+00
-1.697060784697532299e+00
-1.702011588215827542e+00
-1.706952874362468453e+00
-1.711880391836166027e+00
-1.716806662082671853e+00
-1.721727657318114835e+00
-1.726647481322288069e+00
-1.731580050289630579e+00
-1.736527487635612044e+00
-1.741504952311515364e+00
-1.746486373245715651e+00
-1.751475340127944591e+00
-1.756487302482127699e+00
-1.761514428257941800e+00
-1.766510279476642298e+00
-1.771479545533656719e+00
-1.776451368629932137e+00
-1.781438578665256234e+00
-1.786427326500415358e+00
-1.791404643654822992e+00
-1.796376247704028817e+00
-1.801388576626777205e+00
-1.806440383195876631e+00
-1.811478564143180536e+00
-1.816515426337718564e+00
-1.821560201048850747e+00
-1.826580952107905942e+00
-1.831561930477618727e+00
-1.836542765796184140e+00
-1.841518911719321805e+00
-1.846486783027648571e+00
-1.851432096958160134e+00
-1.856373088061809229e+00
-1.861322425305842909e+00
-1.866293886303901362e+00
-1.871262124180793407e+00
-1.876246696710586193e+00
-1.881238372623920130e+00
-1.886234000325202498e+00
-1.891209784150123197e+00
-1.896183730661868738e+00
-1.901124502718448239e+00
-1.906048792600631314e+00
-1.910947592556476282e+00
-1.915820249915122675e+00
-1.920713122189044553e+00
-1.925613245368003490e+00
-1.930520619451999265e+00
-1.935414148867129924e+00
-1.940275380015372919e+00
-1.945112511515616927e+00
-1.949967591464519145e+00
-1.954843324422836037e+00
-1.959734068810939478e+00
-1.964617785811423989e+00
-1.969501279294490370e+00
-1.974395979940890999e+00
-1.979308477044105175e+00
-1.984230791032314034e+00
-1.989144973456859145e+00
-1.994055494666099104e+00
-1.998959793150424602e+00
-2.003851784765720012e+00
-2.008761791884898784e+00
-2.013670113682746621e+00
-2.018579168617725017e+00
-2.023482076823710951e+00
-2.028393040597438635e+00
-2.033310303092002336e+00
-2.038221190869808019e+00
-2.043112230300903054e+00
-2.047983492910861791e+00
-2.052857026457786116e+00
-2.057742424309253249e+00
-2.062643718719482155e+00
-2.067585809528827312e+00
-2.072511565685271950e+00
-2.077452409267425359e+00
-2.082404969632625225e+00
-2.087364418804645183e+00
-2.092314127087592901e+00
-2.097243401408195318e+00
-2.102188272774219158e+00
-2.107149769365787240e+00
-2.112123867869376781e+00
-2.117078775167464677e+00
-2.122017128765582683e+00
-2.126959510147571120e+00
-2.131912365555762801e+00
-2.136842444539069685e+00
-2.141745424270629528e+00
-2.146640567481517436e+00
-2.151501722633838209e+00
-2.156328384578227730e+00
-2.161170572042464766e+00
-2.166040149331092568e+00
-2.170918300747870955e+00
-2.175793591141700567e+00
-2.180696861445903245e+00
-2.185631553828716100e+00
-2.190594078600406114e+00
-2.195529575645923437e+00
-2.200421053171157659e+00
-2.205318467319011155e+00
-2.210198523104190294e+00
-2.215069566667079659e+00
-2.219951817393302385e+00
-2.224865928292274031e+00
-2.229775278270244243e+00
-2.234674744307994398e+00
-2.239604675769805375e+00
-2.244585511088371010e+00
-2.249579967558383409e+00
-2.254559484124183388e+00
-2.259519152343272719e+00
-2.264491274952888045e+00
-2.269453209638595315e+00
-2.274403941631316872e+00
-2.279340466856956127e+00
-2.284284166991710219e+00
-2.289229775965213598e+00
-2.294184754788875402e+00
-2.299146474897860948e+00
-2.304113470017909560e+00
-2.309078922867774608e+00
-2.314031045138835729e+00
-2.318991370499133620e+00
-2.323953086137771074e+00
-2.328927180171012523e+00
-2.333915118873119088e+00
-2.338931989669799538e+00
-2.343938605487346116e+00
-2.348939365148543956e+00
-2.353932945430278423e+00
-2.358930991590022508e+00
-2.363942368328570964e+00
-2.368943642079829992e+00
-2.373926676809787306e+00
-2.378916081786155434e+00
-2.383917427062987926e+00
-2.388920824229717077e+00
-2.393917551636695507e+00
-2.398917064070701155e+00
-2.403923389315604897e+00
-2.408936232328414473e+00
-2.413929155468940380e+00
-2.418925297260284157e+00
-2.423934622108935955e+00
-2.428933182358741227e+00
-2.433935475349426003e+00
-2.438945828378200176e+00
-2.443956252932548256e+00
-2.448985940217971446e+00
-2.454015408456325265e+00
-2.459019534289836439e+00
-2.463965871930121843e+00
-2.468910381197928938e+00
-2.473843902349471602e+00
-2.478796319663524095e+00
-2.483744414150714341e+00
-2.488695293664931807e+00
-2.493655180931090953e+00
-2.498624151945113780e+00
-2.503575178980827154e+00
-2.508504891395568315e+00
-2.513458260893821183e+00
-2.518430083990096602e+00
-2.523379425704479040e+00
-2.528298516571521493e+00
-2.533245073258876268e+00
-2.538208474218845101e+00
-2.543174365162848893e+00
-2.548137842118739727e+00
-2.553113035857677016e+00
-2.558130639791488470e+00
-2.563166625797748122e+00
-2.568191771209239693e+00
-2.573200953006744118e+00
-2.578193214535712929e+00
-2.583175002038478496e+00
-2.588137455284595045e+00
-2.593105107545852217e+00
-2.598090413212776006e+00
-2.603078937530517223e+00
-2.608084382116794053e+00
-2.613107775151729317e+00
-2.618152773380279186e+00
-2.623191615939139965e+00
-2.628200431168079110e+00
-2.633235169947147014e+00
-2.638257753849029275e+00
-2.643268616497516099e+00
-2.648253774642943981e+00
-2.653245964646338884e+00
-2.658258588612079087e+00
-2.663259491324424300e+00
-2.668263474106788102e+00
-2.673274926841258559e+00
-2.678281542658805581e+00
-2.683275780081748607e+00
-2.688249655067920241e+00
-2.693220677971839727e+00
-2.698204150795936229e+00
-2.703203882277011694e+00
-2.708204494416713182e+00
-2.713197708129882368e+00
-2.718178910017013283e+00
-2.723152203857898357e+00
-2.728109748661517564e+00
-2.733057552576064531e+00
-2.737981404364108862e+00
-2.742883722484111608e+00
-2.747774247825145455e+00
-2.752682207524776103e+00
-2.757589510083198192e+00
-2.762492270767688218e+00
-2.767402353882789434e+00
-2.772314265370368513e+00
-2.777220539748668227e+00
-2.782106818258761827e+00
-2.786998809874057237e+00
-2.791885673999785933e+00
-2.796754156053065987e+00
-2.801598833501338426e+00
-2.806437650322913591e+00
-2.811305104196071269e+00
-2.816152271628379555e+00
-2.820963184535503210e+00
-2.825763547420501176e+00
-2.830575998127460302e+00
-2.835392990708350602e+00
-2.840230931341647835e+00
-2.845036792755126775e+00
-2.849812184274196358e+00
-2.854597683250903906e+00
-2.859396289288997473e+00
-2.864185597002506078e+00
-2.868961207568645033e+00
-2.873707595467567266e+00
-2.878465700149535955e+00
-2.883214797079562963e+00
-2.887954662740230383e+00
-2.892685449123382213e+00
-2.897433227300643566e+00
-2.902198506891727092e+00
-2.906933906674384893e+00
-2.911643306910991491e+00
-2.916365742683410200e+00
-2.921112349629401805e+00
-2.925839912891387673e+00
-2.930562424659728826e+00
-2.935310131311416271e+00
-2.940082813799381078e+00
-2.944853368401527227e+00
-2.949609054625033977e+00
-2.954367159307002666e+00
-2.959123435616493047e+00
-2.963873118162154707e+00
-2.968600900471209947e+00
-2.973310591280459825e+00
-2.978037421405315133e+00
-2.982761175930499498e+00
-2.987480317056178780e+00
-2.992216745018958513e+00
-2.996959105134009871e+00
-3.001695966720580699e+00
-3.006406243145465673e+00
-3.011116743087768111e+00
-3.015847381949424477e+00
-3.020525655150413158e+00
-3.025189059972762884e+00
-3.029852831363677446e+00
-3.034530223906039659e+00
-3.039190110564231606e+00
-3.043841865658759804e+00
-3.048498967289924089e+00
-3.053170646727084936e+00
-3.057852433621882859e+00
-3.062538248300552102e+00
-3.067228533327579054e+00
-3.071905778348445359e+00
-3.076568669080733898e+00
-3.081209512054919664e+00
-3.085831387341022136e+00
-3.090475967526435497e+00
-3.095121937990188421e+00
-3.099769665300845745e+00
-3.104429771006107064e+00
-3.109115295112132582e+00
-3.113812312483787093e+00
-3.118524131178855630e+00
-3.123258216679095867e+00
-3.128001014888286413e+00
-3.132722717523574563e+00
-3.137458993494510295e+00
-3.142201715707778398e+00
-3.146935211122035447e+00
-3.151656989753246041e+00
-3.156383600831031533e+00
-3.161121709644794109e+00
-3.165840631723403575e+00
-3.170562119781970445e+00
-3.175279575586318792e+00
-3.179988314211368294e+00
-3.184717857837676469e+00
-3.189457432925700608e+00
-3.194196569919586004e+00
-3.198934388160705300e+00
-3.203694987297057484e+00
-3.208460271358489102e+00
-3.213239614665507560e+00
-3.217979703843592887e+00
-3.222708952426909690e+00
-3.227440543472765988e+00
-3.232189421355723624e+00
-3.236958880722522025e+00
-3.241725845634936487e+00
-3.246496471762656544e+00
-3.251278452575205868e+00
-3.256075011193751756e+00
-3.260893908143042808e+00
-3.265725040435790483e+00
-3.270549722015856808e+00
-3.275359901785849903e+00
-3.280147305130957758e+00
-3.284937274456023459e+00
-3.289757856726645890e+00
-3.294606123864650016e+00
-3.299445311725138996e+00
-3.304259595274924521e+00
-3.309085009992121851e+00
-3.313935838639735287e+00
-3.318774436414241080e+00
-3.323624241352080677e+00
-3.328456102311610376e+00
-3.333263063430785600e+00
-3.338054637610911701e+00
-3.342848411202429926e+00
-3.347660937905311052e+00
-3.352508695423602525e+00
-3.357329201698302512e+00
-3.362124808132647580e+00
-3.366951541602611009e+00
-3.371790872514247361e+00
-3.376598195731639329e+00
-3.381376515328883503e+00
-3.386174097657202786e+00
-3.390985596179961536e+00
-3.395816428959368860e+00
-3.400658687949179804e+00
-3.405497066676615781e+00
-3.410317939519881492e+00
-3.415144596993922477e+00
-3.419992864131926602e+00
-3.424842083454131547e+00
-3.429689179360865925e+00
-3.434508809447287980e+00
-3.439305073022841608e+00
-3.444111225008963828e+00
-3.448925651609896725e+00
-3.453764691948889798e+00
-3.458610250055789148e+00
-3.463460421562194025e+00
-3.468309859931468342e+00
-3.473164573311804837e+00
-3.478034812211989735e+00
-3.482911863923072282e+00
-3.487763282656668906e+00
-3.492587892711161768e+00
-3.497405837476252888e+00
-3.502223487198352192e+00
-3.507023559510707322e+00
-3.511839304864405875e+00
-3.516657397150992459e+00
-3.521452198922633503e+00
-3.526223562657832211e+00
-3.531000635027884638e+00
-3.535781520605086659e+00
-3.540559916198252832e+00
-3.545316997170447681e+00
-3.550081838667392020e+00
-3.554855102300643388e+00
-3.559650413691996640e+00
-3.564459279179572171e+00
-3.569251000881194180e+00
-3.574019874632357929e+00
-3.578799217939375943e+00
-3.583581417798995084e+00
-3.588346330821513330e+00
-3.593099164962767933e+00
-3.597829584777354484e+00
-3.602559418976306382e+00
-3.607290714979170865e+00
-3.612027947604655509e+00
-3.616775944828986233e+00
-3.621499846875666950e+00
-3.626210713386535112e+00
-3.630918575823306238e+00
-3.635617940127848779e+00
-3.640296941995619928e+00
-3.644965541362761741e+00
-3.649626670777796900e+00
-3.654278939962386286e+00
-3.658937507867812577e+00
-3.663593585789203022e+00
-3.668238161504267847e+00
-3.672855423390864793e+00
-3.677452908456324998e+00
-3.682048855721949732e+00
-3.686649635434149808e+00
-3.691225662827490872e+00
-3.695747125148772572e+00
-3.700280889868735379e+00
-3.704820296168326532e+00
-3.709368048608302271e+00
-3.713931183516978596e+00
-3.718508672714232688e+00
-3.723074373602866416e+00
-3.727606891095637476e+00
-3.732104396820067560e+00
-3.736604325473307675e+00
-3.741122269630431596e+00
-3.745606887340545033e+00
-3.750068214535712485e+00
-3.754549242556094235e+00
-3.759060744941233878e+00
-3.763577298820018235e+00
-3.768090115487574998e+00
-3.772608792781829035e+00
-3.777154350280761186e+00
-3.781718142330645627e+00
-3.786287061870097226e+00
-3.790846754610537772e+00
-3.795379129052161460e+00
-3.799884328246116105e+00
-3.804376420378684287e+00
-3.808876492083071774e+00
-3.813381986320018235e+00
-3.817871735990046922e+00
-3.822355182468890611e+00
-3.826822151243685965e+00
-3.831279817223548267e+00
-3.835734698176383350e+00
-3.840205252170561856e+00
-3.844658742845057819e+00
-3.849099417030810599e+00
-3.853512553870677149e+00
-3.857926709949969446e+00
-3.862347826361655301e+00
-3.866763819754122977e+00
-3.871170876920222437e+00
-3.875588332116603141e+00
-3.879985357820987080e+00
-3.884363116323947374e+00
-3.888735894858836417e+00
-3.893150345981120530e+00
-3.897561578452586328e+00
-3.901980276405810688e+00
-3.906398388743399952e+00
-3.910822585225104397e+00
-3.915233960747718012e+00
-3.919650906324386064e+00
-3.924064776301383173e+00
-3.928468824923037950e+00
-3.932868702709674036e+00
-3.937259863317012165e+00
-3.941643701493739549e+00
-3.946034133434294766e+00
-3.950426688790320551e+00
-3.954816973209380304e+00
-3.959201839566230063e+00
-3.963591171801089441e+00
-3.968023642897605008e+00
-3.972489292919635151e+00
-3.976939046382903520e+00
-3.981380011141299580e+00
-3.985819071531294888e+00
-3.990251980721949643e+00
-3.994688703119753992e+00
-3.999119931459426347e+00
-4.003546179831027452e+00
-4.007959683239459281e+00
-4.012371867895125455e+00
-4.016787128150462571e+00
-4.021237543225288036e+00
-4.025718356668948061e+00
-4.030209934711455944e+00
-4.034712643921374742e+00
-4.039213082194327953e+00
-4.043711692094801968e+00
-4.048216743767261150e+00
-4.052745380997657243e+00
-4.057267647981642966e+00
-4.061763839423655931e+00
-4.066231612861155753e+00
-4.070683491975068513e+00
-4.075170675665139797e+00
-4.079682904481886752e+00
-4.084192866832017543e+00
-4.088695944845675889e+00
-4.093219821155070548e+00
-4.097758787125348690e+00
-4.102257175743579509e+00
-4.106749410927294619e+00
-4.111242455244063621e+00
-4.115730515122413280e+00
-4.120181808620690944e+00
-4.124640867114066189e+00
-4.129107835888861544e+00
-4.133562352508305615e+00
-4.137991893291472323e+00
-4.142428834736346488e+00
-4.146906644105910367e+00
-4.151390895247458523e+00
-4.155883572995661801e+00
-4.160375660657882335e+00
-4.164873463660478059e+00
-4.169358812272547787e+00
-4.173821310698984988e+00
-4.178282640129326708e+00
-4.182756564766167529e+00
-4.187244843691586560e+00
-4.191741622984408444e+00
-4.196221408247946982e+00
-4.200693942606448239e+00
-4.205162375420330889e+00
-4.209648823738097789e+00
-4.214134176820516053e+00
-4.218617478013038102e+00
-4.223103414475916750e+00
-4.227605171501635617e+00
-4.232104219496249264e+00
-4.236616229265927736e+00
-4.241144207119941001e+00
-4.245692545175551835e+00
-4.250214445590971835e+00
-4.254746377468108243e+00
-4.259289737790822095e+00
-4.263826580345630113e+00
-4.268368986248969321e+00
-4.272915129363536124e+00
-4.277440981566905442e+00
-4.281958630681037548e+00
-4.286476650834083024e+00
-4.291008365899323884e+00
-4.295560881495474881e+00
-4.300114056468009593e+00
-4.304664225131272559e+00
-4.309218131005763119e+00
-4.313774305582045443e+00
-4.318345348536967165e+00
-4.322934042662381238e+00
-4.327489781379698641e+00
-4.332026474177836484e+00
-4.336568151414393668e+00
-4.341155602782963641e+00
-4.345756458491086605e+00
-4.350357680767773516e+00
-4.354954944550990525e+00
-4.359551477432249911e+00
-4.364158703386783245e+00
-4.368784825503825076e+00
-4.373414830118417029e+00
-4.378039854764937289e+00
-4.382645326107740047e+00
-4.387235634028910702e+00
-4.391829529404639665e+00
-4.396421889215707424e+00
-4.401027503609656222e+00
-4.405640368908643190e+00
-4.410242907702921933e+00
-4.414827574044465130e+00
-4.419405941665171866e+00
-4.424008480459450610e+00
-4.428627794235944215e+00
-4.433247910439967576e+00
-4.437843126803636018e+00
-4.442475183308124187e+00
-4.447139538079499133e+00
-4.451831946521997097e+00
-4.456520546227692670e+00
-4.461187171936034090e+00
-4.465883753448723681e+00
-4.470572131872176058e+00
-4.475263878703116482e+00
-4.479945520311593654e+00
-4.484634998440741427e+00
-4.489307849109172466e+00
-4.493952210247515566e+00
-4.498590491712092465e+00
-4.503242689371107943e+00
-4.507895251363515321e+00
-4.512506800144910457e+00
-4.517130653560160525e+00
-4.521774060279129870e+00
-4.526446691900490649e+00
-4.531103429198264365e+00
-4.535763463377952220e+00
-4.540450889617203778e+00
-4.545135240256785281e+00
-4.549817758053540828e+00
-4.554523423314093655e+00
-4.559244687855242617e+00
-4.563973862677811688e+00
-4.568703256547450131e+00
-4.573430967330931907e+00
-4.578156847506760663e+00
-4.582885877043008094e+00
-4.587619665265082247e+00
-4.592356897890566891e+00
-4.597085487097500867e+00
-4.601819130033254268e+00
-4.606545814871787492e+00
-4.611270376294850593e+00
-4.615977360308169963e+00
-4.620671599358319170e+00
-4.625350384414195659e+00
-4.630005731433628924e+00
-4.634653680026530331e+00
-4.639298698306083324e+00
-4.643964081257580645e+00
-4.648645430058239825e+00
-4.653310517966746218e+00
-4.657953924685715563e+00
-4.662590375542640331e+00
-4.667223455756902339e+00
-4.671872796863317134e+00
-4.676520673930644634e+00
-4.681150240451096955e+00
-4.685788595676421586e+00
-4.690434494614600602e+00
-4.695094455033539838e+00
-4.699769795686005835e+00
-4.704436714202165248e+00
-4.709162444621323829e+00
-4.713898358494042817e+00
-4.718616840243338828e+00
-4.723325507342814866e+00
-4.728030877560376766e+00
-4.732767082005738146e+00
-4.737487979978322272e+00
-4.742190274596213229e+00
-4.746910879760980251e+00
-4.751648257672785647e+00
-4.756389737129210538e+00
-4.761125575006007082e+00
-4.765868225693702165e+00
-4.770616737008094077e+00
-4.775346352159976604e+00
-4.780049306154250388e+00
-4.784757899492978694e+00
-4.789487221837043229e+00
-4.794221450388430839e+00
-4.798946523666381303e+00
-4.803667933493851905e+00
-4.808395425230264308e+00
-4.813119984418152697e+00
-4.817851063609122519e+00
-4.822585218399762397e+00
-4.827307506650685198e+00
-4.832009141892194215e+00
-4.836695834994315213e+00
-4.841382382810115459e+00
-4.846089878678321305e+00
-4.850783970206975049e+00
-4.855478502064942248e+00
-4.860180284827946728e+00
-4.864895617216824952e+00
-4.869626108556984967e+00
-4.874358066171406989e+00
-4.879082772880791730e+00
-4.883794222772120719e+00
-4.888498567044734067e+00
-4.893207012861966021e+00
-4.897903960943221335e+00
-4.902572857588529232e+00
-4.907252521067857032e+00
-4.911945074796675748e+00
-4.916634993255137864e+00
-4.921330036967992427e+00
-4.926023031026124599e+00
-4.930706136673688178e+00
-4.935376204550265378e+00
-4.940051254630088096e+00
-4.944730844348668164e+00
-4.949428818374871142e+00
-4.954127597063779476e+00
-4.958833260089158479e+00
-4.963541708141564257e+00
-4.968241512775420254e+00
-4.972948934882878369e+00
-4.977668368816375200e+00
-4.982403549551962740e+00
-4.987141439318656388e+00
-4.991888410598038561e+00
-4.996637288480996197e+00
-5.001406307518481142e+00
-5.006200961768626279e+00
-5.011013559997080868e+00
-5.015829233825206401e+00
-5.020636264234780377e+00
-5.025449374318122331e+00
-5.030295882374047345e+00
-5.035183774679898860e+00
-5.040058848261832480e+00
-5.044921105355023805e+00
-5.049770689010619762e+00
-5.054628037661313300e+00
-5.059504429996012576e+00
-5.064367051422594912e+00
-5.069212828576564078e+00
-5.074035093933343177e+00
-5.078842783719300868e+00
-5.083652232587336783e+00
-5.088415319472550991e+00
-5.093135998398064856e+00
-5.097872643172740581e+00
-5.102619469165801114e+00
-5.107363952696323040e+00
-5.112109021842479173e+00
-5.116871156543492560e+00
-5.121654237061738613e+00
-5.126433656364678626e+00
-5.131217470020055238e+00
-5.136011462658642834e+00
-5.140814686566590908e+00
-5.145592787116765265e+00
-5.150354700535535457e+00
-5.155126281082629269e+00
-5.159933678060768969e+00
-5.164747740328310854e+00
-5.169552354514598491e+00
-5.174355504661797944e+00
-5.179161144793033245e+00
-5.183975135535001222e+00
-5.188788976520299023e+00
-5.193612048774957302e+00
-5.198390953987836127e+00
-5.203167883306741182e+00
-5.207942248880862657e+00
-5.212729430943726427e+00
-5.217542469501494473e+00
-5.222367665171622875e+00
-5.227182020246981864e+00
-5.232005018740891522e+00
-5.236834313720463818e+00
-5.241687268018721646e+00
-5.246550036966800334e+00
-5.251409877836703544e+00
-5.256283194571732764e+00
-5.261157827824353816e+00
-5.266049528867005947e+00
-5.270983854681253078e+00
-5.275902654975651807e+00
-5.280826508998869961e+00
-5.285764057934283500e+00
-5.290707831829785768e+00
-5.295648603886364825e+00
-5.300600066781043118e+00
-5.305541643500327531e+00
-5.310482415556906588e+00
-5.315411394834518077e+00
-5.320347772538661424e+00
-5.325277263671159389e+00
-5.330214446038007203e+00
-5.335143277794122341e+00
-5.340089689195155032e+00
-5.345054630190133160e+00
-5.350029240548609621e+00
-5.355014248937367327e+00
-5.359995377063750510e+00
-5.364965517073868817e+00
-5.369940858334302014e+00
-5.374949526041745251e+00
-5.379957386851310197e+00
-5.384960634261369172e+00
-5.389938979595898516e+00
-5.394912709295748954e+00
-5.399893470853566413e+00
-5.404889686405658367e+00
-5.409858655184506482e+00
-5.414800745993852082e+00
-5.419751113653182628e+00
-5.424708877503871207e+00
-5.429673451930283612e+00
-5.434638392925261741e+00
-5.439617104828356808e+00
-5.444619471579789760e+00
-5.449637585133313422e+00
-5.454655041545628968e+00
-5.459670227020978039e+00
-5.464675233513116126e+00
-5.469665371626614814e+00
-5.474654117226600114e+00
-5.479635171592234677e+00
-5.484624576568602805e+00
-5.489624381810426001e+00
-5.494631657004355851e+00
-5.499656949937342887e+00
-5.504659318923949662e+00
-5.509671793133019690e+00
-5.514667349308728816e+00
-5.519647451490163448e+00
-5.524592910706996207e+00
-5.529552067071199062e+00
-5.534519790858029253e+00
-5.539514468610286180e+00
-5.544525845348834636e+00
-5.549543595686554198e+00
-5.554585734009742204e+00
-5.559652849286793597e+00
-5.564718644693493310e+00
-5.569762174412607791e+00
-5.574797061830758516e+00
-5.579837222024798038e+00
-5.584866983070968516e+00
-5.589867446571587628e+00
-5.594872012734412259e+00
-5.599879800900816385e+00
-5.604885465651749499e+00
-5.609879998117684785e+00
-5.614917301759122736e+00
-5.619966470822690852e+00
-5.624999821558594348e+00
-5.630057267472147409e+00
-5.635122039169072394e+00
-5.640182341635226138e+00
-5.645213494077323979e+00
-5.650235123559832040e+00
-5.655227310210465319e+00
-5.660229679197072095e+00
-5.665246914327143557e+00
-5.670256534218787614e+00
-5.675283071026205661e+00
-5.680297523364424173e+00
-5.685301356390118244e+00
-5.690293910726904159e+00
-5.695294521749018735e+00
-5.700286270305513270e+00
-5.705285855382680182e+00
-5.710262441635131303e+00
-5.715220789983868066e+00
-5.720173939317463763e+00
-5.725136024877428120e+00
-5.730104774609207752e+00
-5.735076528415083530e+00
-5.740040151774882915e+00
-5.744995279237627095e+00
-5.749944985285400989e+00
-5.754905166476964595e+00
-5.759878016635775033e+00
-5.764858046174048845e+00
-5.769812514260410197e+00
-5.774736147001385156e+00
-5.779672817513345606e+00
-5.784613001719116632e+00
-5.789559412002562411e+00
-5.794500404223798640e+00
-5.799427992105483654e+00
-5.804333974793552287e+00
-5.809270426258444253e+00
-5.814221451058982915e+00
-5.819176284596323079e+00
-5.824114271625875361e+00
-5.829058851301669009e+00
-5.834021229669451358e+00
-5.838975550234317247e+00
-5.843890541791915361e+00
-5.848782754689453967e+00
-5.853678775206207163e+00
-5.858593032509087806e+00
-5.863528090342878585e+00
-5.868481678888200825e+00
-5.873445080965757015e+00
-5.878421521931885607e+00
-5.883405578136443381e+00
-5.888389122486113791e+00
-5.893366295471786920e+00
-5.898325450718401974e+00
-5.903286070004105213e+00
-5.908232335001229352e+00
-5.913187243416905048e+00
-5.918146617710589474e+00
-5.923140123113989297e+00
-5.928152231872081401e+00
-5.933172398433088190e+00
-5.938191099837421660e+00
-5.943204820156096524e+00
-5.948208212852477139e+00
-5.953164511546491511e+00
-5.958094735816120036e+00
-5.963038657233118656e+00
-5.968012460693715937e+00
-5.972984579950570527e+00
-5.977938535064458492e+00
-5.982906699180602139e+00
-5.987900059297680322e+00
-5.992890854552387125e+00
-5.997868100181221074e+00
-6.002850838750600104e+00
-6.007842659950255459e+00
-6.012799838185309831e+00
-6.017739511653780404e+00
-6.022698959708213451e+00
-6.027639951929449680e+00
-6.032568198069929721e+00
-6.037484726309775951e+00
-6.042428940534590787e+00
-6.047394029051064379e+00
-6.052375596389174106e+00
-6.057349033281206552e+00
-6.062300498411058669e+00
-6.067244859039782945e+00
-6.072189586237072056e+00
-6.077155626937746469e+00
-6.082119030132888682e+00
-6.087095543742178982e+00
-6.092083336040376551e+00
-6.097082921117543464e+00
-6.102086387574671811e+00
-6.107110509276389543e+00
-6.112138586118816441e+00
-6.117169664800166551e+00
-6.122203527390956523e+00
-6.127253503352402930e+00
-6.132315710186957425e+00
-6.137353013828396264e+00
-6.142384899407624665e+00
-6.147430700063704734e+00
-6.152480968832969133e+00
-6.157494762912391728e+00
-6.162493176758288449e+00
-6.167510339245199091e+00
-6.172538927942513354e+00
-6.177564733847974665e+00
-6.182585706189273722e+00
-6.187634509801863913e+00
-6.192685583233832780e+00
-6.197749913483857398e+00
-6.202815562486647671e+00
-6.207868906855582125e+00
-6.212918588891624516e+00
-6.217945054173468655e+00
-6.222968883067368395e+00
-6.227994909137486879e+00
-6.233023863285779065e+00
-6.238070103153585677e+00
-6.243142710253595240e+00
-6.248203086480497603e+00
-6.253267197683452849e+00
-6.258343832567333287e+00
-6.263428232446312194e+00
-6.268489047884940213e+00
-6.273526865616440240e+00
-6.278558090701698902e+00
-6.283585141599177248e+00
-6.288597177714108533e+00
-6.293603720888494735e+00
-6.298611509054898860e+00
-6.303639584779738847e+00
-6.308673080801963096e+00
-6.313703720271586661e+00
-6.318738241679965562e+00
-6.323758407123386327e+00
-6.328741146251558369e+00
-6.333689168654381696e+00
-6.338642610795795385e+00
-6.343613704666494435e+00
-6.348574398271738417e+00
-6.353544613718986156e+00
-6.358530722372233157e+00
-6.363513973914086463e+00
-6.368513778038321860e+00
-6.373497102782129886e+00
-6.378470174223183520e+00
-6.383482943475245364e+00
-6.388494979031383636e+00
-6.393500716984271470e+00
-6.398510921932755835e+00
-6.403521054238079380e+00
-6.408537338301537822e+00
-6.413551937602458786e+00
-6.418574007973073314e+00
-6.423603475652633676e+00
-6.428633236140011142e+00
-6.433645785786209714e+00
-6.438666830211876579e+00
-6.443691683374344059e+00
-6.448696834594009886e+00
-6.453688363544641149e+00
-6.458671835809944639e+00
-6.463649228401481039e+00
-6.468622372485695493e+00
-6.473601156473158369e+00
-6.478573201969264339e+00
-6.483556820079682481e+00
-6.488525350205598841e+00
-6.493498202040790090e+00
-6.498469882085918137e+00
-6.503450058586894400e+00
-6.508439096435902904e+00
-6.513435458391903410e+00
-6.518426767177878389e+00
-6.523406723514197481e+00
-6.528363534621893116e+00
-6.533312216401098382e+00
-6.538278915919361722e+00
-6.543234335072336982e+00
-6.548162801936267208e+00
-6.553077499009667406e+00
-6.558016586303709872e+00
-6.562949080951510084e+00
-6.567868465743957884e+00
-6.572764486260711081e+00
-6.577657064609228499e+00
-6.582563851401208588e+00
-6.587458113953469585e+00
-6.592339266650377283e+00
-6.597191342525182911e+00
-6.602048617973922617e+00
-6.606903329677878745e+00
-6.611754526570438273e+00
-6.616605356335638177e+00
-6.621446078643201005e+00
-6.626276107877491661e+00
-6.631097275204955288e+00
-6.635901450179515493e+00
-6.640705991163848410e+00
-6.645533895865081142e+00
-6.650364510715006006e+00
-6.655167294293640623e+00
-6.659946786239741456e+00
-6.664747811295090862e+00
-6.669556307420132946e+00
-6.674343197233973513e+00
-6.679105990752576716e+00
-6.683879037573932536e+00
-6.688665341492741057e+00
-6.693465341441331873e+00
-6.698255161009727843e+00
-6.703038535173980961e+00
-6.707810117118059523e+00
-6.712573349848388382e+00
-6.717320469208059919e+00
-6.722071250621228344e+00
-6.726839683204888232e+00
-6.731597422435878109e+00
-6.736325718276201080e+00
-6.741068076994269020e+00
-6.745824278146026920e+00
-6.750583042763172337e+00
-6.755345689319073088e+00
-6.760083726607261312e+00
-6.764861314464359232e+00
-6.769649155903605831e+00
-6.774403525888918587e+00
-6.779147935099897992e+00
-6.783891684934495458e+00
-6.788629282731561077e+00
-6.793364756274966609e+00
-6.798103159293530595e+00
-6.802842881064860237e+00
-6.807589999865738761e+00
-6.812335873674600251e+00
-6.817065414506940257e+00
-6.821805575489996443e+00
-6.826530795171855459e+00
-6.831246346887200005e+00
-6.835965926945208437e+00
-6.840687118284402679e+00
-6.845405087061225302e+00
-6.850128841865806173e+00
-6.854861898627130579e+00
-6.859596566390244732e+00
-6.864351156260816822e+00
-6.869096078304572472e+00
-6.873846200061960232e+00
-6.878561825258655560e+00
-6.883273861324413545e+00
-6.887989632645620475e+00
-6.892703865747897396e+00
-6.897416487848384570e+00
-6.902114681061355839e+00
-6.906835432769729444e+00
-6.911570467241107352e+00
-6.916294515412299226e+00
-6.920977547857908974e+00
-6.925647616432978104e+00
-6.930332113616167078e+00
-6.935011850157751567e+00
-6.939700961299239523e+00
-6.944405233766882013e+00
-6.949101669574154982e+00
-6.953809384210034139e+00
-6.958533871453253639e+00
-6.963273226935415394e+00
-6.968003866774959754e+00
-6.972715243604032942e+00
-6.977457748376762581e+00
-6.982217831537125718e+00
-6.986959750554523119e+00
-6.991707162512464713e+00
-6.996488339081404995e+00
-7.001275741378774953e+00
-7.006040951120665383e+00
-7.010818905336781093e+00
-7.015605575509833436e+00
-7.020383456523994425e+00
-7.025127133366185106e+00
-7.029850156081373314e+00
-7.034584604500558669e+00
-7.039332236326298009e+00
-7.044069541001225510e+00
-7.048791757656725387e+00
-7.053554111238916846e+00
-7.058354989949291891e+00
-7.063150375537951220e+00
-7.067927084500114532e+00
-7.072715072744903075e+00
-7.077518075615079063e+00
-7.082292953428257931e+00
-7.087064755257595827e+00
-7.091848861650940528e+00
-7.096656259083100160e+00
-7.101440365511369812e+00
-7.106212606761981299e+00
-7.110996273734052409e+00
-7.115789682084139756e+00
-7.120573568662074138e+00
-7.125363461083177974e+00
-7.130150497091380046e+00
-7.134919442437966275e+00
-7.139670956219923426e+00
-7.144376327275675287e+00
-7.149100228763562548e+00
-7.153812338101123380e+00
-7.158513168121134029e+00
-7.163197958112140107e+00
-7.167879965031896283e+00
-7.172552450528745460e+00
-7.177220980884884582e+00
-7.181876181081314314e+00
-7.186518710494418372e+00
-7.191164535811547687e+00
-7.195815707665313532e+00
-7.200459188983221459e+00
-7.205108676353846775e+00
-7.209752231153105484e+00
-7.214392929399762622e+00
-7.219038388288025132e+00
-7.223684945764397014e+00
-7.228320810027797805e+00
-7.232930014111478734e+00
-7.237530868562314978e+00
-7.242119052229826437e+00
-7.246716903724153447e+00
-7.251308969190721321e+00
-7.255908798395101833e+00
-7.260491049351547765e+00
-7.265047226163003913e+00
-7.269586923454333771e+00
-7.274127939219032335e+00
-7.278677743967999270e+00
-7.283202939169858503e+00
-7.287712460492183020e+00
-7.292239413518835534e+00
-7.296812142912675547e+00
-7.301404867476229299e+00
-7.305977011114736186e+00
-7.310559481816743421e+00
-7.315130526867140937e+00
-7.319708969366182316e+00
-7.324307773044710146e+00
-7.328907089556013332e+00
-7.333492050521452477e+00
-7.338072763398666432e+00
-7.342663803479079654e+00
-7.347271982316304850e+00
-7.351851523193907667e+00
-7.356401620820541609e+00
-7.360961240009781470e+00
-7.365507455697660077e+00
-7.370008847412099051e+00
-7.374516391233918000e+00
-7.379063779061105777e+00
-7.383592050491277980e+00
-7.388117538675577300e+00
-7.392630356111475010e+00
-7.397160605251700716e+00
-7.401696200928562064e+00
-7.406215170768699174e+00
-7.410719492045608092e+00
-7.415216855312609212e+00
-7.419720517335370857e+00
-7.424180380657342759e+00
-7.428613217704695515e+00
-7.433036826178430090e+00
-7.437481967831262253e+00
-7.441906162234952937e+00
-7.446306479547637025e+00
-7.450726059731094253e+00
-7.455152305029331572e+00
-7.459583603846839495e+00
-7.464013217936734002e+00
-7.468463779729789920e+00
-7.472912070900200376e+00
-7.477331358101217518e+00
-7.481747422809711168e+00
-7.486178721557370075e+00
-7.490635289018972465e+00
-7.495078746206125686e+00
-7.499509239103643310e+00
-7.503947056666946835e+00
-7.508415489480829486e+00
-7.512868834310209465e+00
-7.517308409558607352e+00
-7.521747545385731648e+00
-7.526186681073157914e+00
-7.530629039322955798e+00
-7.535077916318549285e+00
-7.539526573428882550e+00
-7.543966368213294693e+00
-7.548397593758998880e+00
-7.552806114265694148e+00
-7.557217197958378208e+00
-7.561646299529819260e+00
-7.566072178678585836e+00
-7.570490294089539773e+00
-7.574907090747727167e+00
-7.579315537912769685e+00
-7.583726695226504333e+00
-7.588148399628697582e+00
-7.592584459297357924e+00
-7.597012974834068011e+00
-7.601429478684439189e+00
-7.605858946545048127e+00
-7.610299986600874256e+00
-7.614760509133337685e+00
-7.619234508369116199e+00
-7.623722423240541168e+00
-7.628218467999248631e+00
-7.632721763942389437e+00
-7.637226231675593446e+00
-7.641743810102342493e+00
-7.646275377646087001e+00
-7.650803283136336397e+00
-7.655332799907772490e+00
-7.659868176188318500e+00
-7.664426476974038671e+00
-7.668981994688509829e+00
-7.673521471954880546e+00
-7.678039928805081793e+00
-7.682531799096612879e+00
-7.687008654605596014e+00
-7.691485217027365096e+00
-7.695946838147937008e+00
-7.700399377197025608e+00
-7.704858727660028883e+00
-7.709317858517168887e+00
-7.713785046059636663e+00
-7.718267614115028152e+00
-7.722762340679762971e+00
-7.727266149036585041e+00
-7.731750988028942118e+00
-7.736207774747161814e+00
-7.740646763890980608e+00
-7.745092857535927244e+00
-7.749565757624803375e+00
-7.754040489159523375e+00
-7.758515220694242487e+00
-7.763026719726620506e+00
-7.767572056502102029e+00
-7.772138194367288477e+00
-7.776707701198755096e+00
-7.781283213943241961e+00
-7.785860704258082521e+00
-7.790445371996609580e+00
-7.795015391241757463e+00
-7.799574351124464400e+00
-7.804113023169337637e+00
-7.808680918440221497e+00
-7.813254380412398170e+00
-7.817807334102688799e+00
-7.822335605323313068e+00
-7.826878744363783724e+00
-7.831451254151760466e+00
-7.836025448702274687e+00
-7.840599276684223184e+00
-7.845173324272034954e+00
-7.849708260782061409e+00
-7.854218221455811388e+00
-7.858732504397629270e+00
-7.863260995782910712e+00
-7.867778573930261921e+00
-7.872267368063329052e+00
-7.876742831617592699e+00
-7.881249056756495008e+00
-7.885796151496469619e+00
-7.890339071489870904e+00
-7.894863533973693670e+00
-7.899390780366957188e+00
-7.903923226892947795e+00
-7.908437143266200842e+00
-7.912932602688670158e+00
-7.917451645433902563e+00
-7.921968637965619564e+00
-7.926451938040554701e+00
-7.930938388593494537e+00
-7.935427402332424940e+00
-7.939912900701164844e+00
-7.944404843635856750e+00
-7.948911215178668499e+00
-7.953397445008159039e+00
-7.957874301075935186e+00
-7.962347274646162987e+00
-7.966809920594096539e+00
-7.971263191662728786e+00
-7.975691120885312735e+00
-7.980116339959204552e+00
-7.984536066651344299e+00
-7.988966999948024394e+00
-7.993399397283792673e+00
-7.997831867821514784e+00
-8.002263312414289231e+00
-8.006669049710035679e+00
-8.011057868413626437e+00
-8.015435847081244347e+00
-8.019798225350678322e+00
-8.024173566512763145e+00
-8.028544732928276417e+00
-8.032922784797847271e+00
-8.037295416928827763e+00
-8.041666876710952039e+00
-8.046039142273366807e+00
-8.050392364710569737e+00
-8.054746613092721219e+00
-8.059085626527666690e+00
-8.063410724326967483e+00
-8.067735382914543507e+00
-8.072048981860280747e+00
-8.076354231312871335e+00
-8.080668196827172522e+00
-8.084977401420474052e+00
-8.089299496263265610e+00
-8.093641219846904988e+00
-8.098002572730184312e+00
-8.102344883047043922e+00
-8.106658994965254550e+00
-8.110958969965576415e+00
-8.115244516916572337e+00
-8.119477109238506074e+00
-8.123656674847007153e+00
-8.127810971252619865e+00
-8.131965195015073533e+00
-8.136134140193462372e+00
-8.140307845734060521e+00
-8.144475400075316784e+00
-8.148646909557282214e+00
-8.152827427349985001e+00
-8.157031968235969543e+00
-8.161210068687797303e+00
-8.165402524545788410e+00
-8.169606699422001128e+00
-8.173816220834851265e+00
-8.177994687855242972e+00
-8.182150961831212044e+00
-8.186319833248854039e+00
-8.190494784340263124e+00
-8.194682919606567140e+00
-8.198872226104139571e+00
-8.203122616559266334e+00
-8.207383187115192769e+00
-8.211639876291155105e+00
-8.215913484618067031e+00
-8.220209944248200173e+00
-8.224525886774063821e+00
-8.228821028769015555e+00
-8.233081746846437454e+00
-8.237331112474203465e+00
-8.241595565527678247e+00
-8.245854525640606170e+00
-8.250107187032700296e+00
-8.254372299462556128e+00
-8.258656600862741115e+00
-8.262948080524802563e+00
-8.267239486426115391e+00
-8.271555941924452426e+00
-8.275854159519075992e+00
-8.280135678127408028e+00
-8.284433236345648766e+00
-8.288722152262925746e+00
-8.292979500815272687e+00
-8.297251424938441033e+00
-8.301527449488640187e+00
-8.305804134532809968e+00
-8.310069980099797249e+00
-8.314335238933562522e+00
-8.318621592223644612e+00
-8.322913877665996552e+00
-8.327209238708018546e+00
-8.331487827003002167e+00
-8.335755356773734803e+00
-8.340021495148539188e+00
-8.344276353716850281e+00
-8.348533776029944065e+00
-8.352791490033268929e+00
-8.357044883444904926e+00
-8.361291978135705349e+00
-8.365511827170848846e+00
-8.369725523889064434e+00
-8.373942516371608136e+00
-8.378170567378401046e+00
-8.382400377467273955e+00
-8.386629087850451469e+00
-8.390870689600706811e+00
-8.395125254243613000e+00
-8.399391026049851661e+00
-8.403672617301344516e+00
-8.407963656634091620e+00
-8.412267806380986812e+00
-8.416581551730633493e+00
-8.420896687358617072e+00
-8.425215925648808835e+00
-8.429539411887526867e+00
-8.433859822526574845e+00
-8.438181037828325515e+00
-8.442510676383971457e+00
-8.446848297864198329e+00
-8.451204377412796731e+00
-8.455581843107939477e+00
-8.459979670122265816e+00
-8.464407745748758316e+00
-8.468871344998479600e+00
-8.473358161002398248e+00
-8.477832086756825092e+00
-8.482290997728705761e+00
-8.486737237498164887e+00
-8.491176226362586732e+00
-8.495619609579444287e+00
-8.500067168101669068e+00
-8.504516997560859437e+00
-8.508933720737696049e+00
-8.513327373564242961e+00
-8.517710186913609149e+00
-8.522081866860389709e+00
-8.526457355543971772e+00
-8.530855769291520119e+00
-8.535250080376863835e+00
-8.539621466398239491e+00
-8.543984430283307674e+00
-8.548290118947624805e+00
-8.552574421465397592e+00
-8.556854548677801375e+00
-8.561139948666095734e+00
-8.565428498014806991e+00
-8.569711042568087578e+00
-8.573992414772510173e+00
-8.578280891478062387e+00
-8.582582112029195187e+00
-8.586883626505732892e+00
-8.591174738481640816e+00
-8.595461090654135106e+00
-8.599759382009505515e+00
-8.604061407223344560e+00
-8.608308941125869751e+00
-8.612525273114442825e+00
-8.616760721430182457e+00
-8.621011038124560599e+00
-8.625248245522380230e+00
-8.629469851404428127e+00
-8.633733206987381337e+00
-8.637986746802926774e+00
-8.642253398150206323e+00
-8.646542753279209848e+00
-8.650811015069484355e+00
-8.655078252032399888e+00
-8.659368559345603344e+00
-8.663639456406235340e+00
-8.667887356877326255e+00
-8.672149978205561993e+00
-8.676408426463604329e+00
-8.680633913725614548e+00
-8.684841017797589657e+00
-8.689052956551313045e+00
-8.693260426074266078e+00
-8.697445998713373427e+00
-8.701672951132058742e+00
-8.705914405360818620e+00
-8.710138576105237007e+00
-8.714380909875035996e+00
-8.718610573559999466e+00
-8.722816652804613824e+00
-8.727038552612066624e+00
-8.731263820827006583e+00
-8.735477003455162759e+00
-8.739661842957138660e+00
-8.743835036084055545e+00
-8.747990285232663865e+00
-8.752124806493521092e+00
-8.756245118752122636e+00
-8.760366163030266051e+00
-8.764469410851598141e+00
-8.768560500442982075e+00
-8.772639723494648933e+00
-8.776703711599111557e+00
-8.780760451033710723e+00
-8.784797194600105996e+00
-8.788814602792262676e+00
-8.792824466153978946e+00
-8.796833449974656105e+00
-8.800838992744683509e+00
-8.804825053736568208e+00
-8.808794340863823180e+00
-8.812745097279549356e+00
-8.816698344796895626e+00
-8.820655328407884355e+00
-8.824614655598997714e+00
-8.828573687747120147e+00
-8.832520271092652919e+00
-8.836436091735958342e+00
-8.840348835662007687e+00
-8.844268391281365993e+00
-8.848197760432958248e+00
-8.852143974974751472e+00
-8.856092022359371541e+00
-8.860027617588638549e+00
-8.863932304829358344e+00
-8.867836846783756499e+00
-8.871749005094169860e+00
-8.875667463243008370e+00
-8.879595295712352510e+00
-8.883529939875007386e+00
-8.887459602952002768e+00
-8.891358505561948178e+00
-8.895263560488819721e+00
-8.899181796237826347e+00
-8.903117246180773492e+00
-8.907053794711828232e+00
-8.910994151979684474e+00
-8.914937511086463928e+00
-8.918897131085396168e+00
-8.922869201004505868e+00
-8.926826183497905021e+00
-8.930780090391635895e+00
-8.934752381592989678e+00
-8.938738074898719077e+00
-8.942695350199937110e+00
-8.946646840870380757e+00
-8.950621841102838872e+00
-8.954596255719661002e+00
-8.958525917679072137e+00
-8.962484145164490101e+00
-8.966424940526485088e+00
-8.970349770039319992e+00
-8.974294374138116481e+00
-8.978238756954670663e+00
-8.982152600586413627e+00
-8.986052382737398148e+00
-8.989957656711339951e+00
-8.993844620138407464e+00
-8.997735975682735088e+00
-9.001661976426840184e+00
-9.005602478981018066e+00
-9.009525549411772971e+00
-9.013446351140737889e+00
-9.017384216189384460e+00
-9.021277697384357808e+00
-9.025208532810211182e+00
-9.029149109125137684e+00
-9.033060315251351113e+00
-9.036972837895154598e+00
-9.040891954302788136e+00
-9.044795542955398560e+00
-9.048696496337651496e+00
-9.052606678754091973e+00
-9.056523890793323872e+00
-9.060441981256008859e+00
-9.064365639537573571e+00
-9.068292813748120906e+00
-9.072226286679505591e+00
-9.076149578392506356e+00
-9.080083563178778405e+00
-9.084033366292715073e+00
-9.087982952594757080e+00
-9.091933929175137763e+00
-9.095882415771484375e+00
-9.099833318591118214e+00
-9.103799016028641944e+00
-9.107767350971698761e+00
-9.111737444996833801e+00
-9.115720281749963405e+00
-9.119718717783689144e+00
-9.123712102323770168e+00
-9.127704315632581000e+00
-9.131690668314695003e+00
-9.135690789669752121e+00
-9.139711859077214839e+00
-9.143752705305814743e+00
-9.147810981422662024e+00
-9.151881635934113746e+00
-9.155955587327479606e+00
-9.160034006834029796e+00
-9.164111181348562951e+00
-9.168181469291448948e+00
-9.172255711257458088e+00
-9.176338230073451285e+00
-9.180429392307996039e+00
-9.184509861469269509e+00
-9.188575681298971176e+00
-9.192627365887165780e+00
-9.196674070507288690e+00
-9.200729197263717296e+00
-9.204783517122269387e+00
-9.208847577869892831e+00
-9.212909734249114635e+00
-9.216965886950493569e+00
-9.220998015999793296e+00
-9.225018133223056083e+00
-9.229031877964734676e+00
-9.233047160506249185e+00
-9.237065739929676056e+00
-9.241090399026870017e+00
-9.245117986202240346e+00
-9.249135980010033009e+00
-9.253139398247004266e+00
-9.257134613394736533e+00
-9.261138545721768978e+00
-9.265136615186928992e+00
-9.269131242483855004e+00
-9.273131363838910346e+00
-9.277135293930768967e+00
-9.281117471307515743e+00
-9.285079945623873954e+00
-9.289024916291236167e+00
-9.292964906990528462e+00
-9.296919620782137628e+00
-9.300885832309722545e+00
-9.304852774739265087e+00
-9.308814077824354882e+00
-9.312770767509936931e+00
-9.316734196245670674e+00
-9.320673161000012641e+00
-9.324625382572412136e+00
-9.328602579981088994e+00
-9.332584245502948406e+00
-9.336579313129186986e+00
-9.340594083815812354e+00
-9.344554434716702218e+00
-9.348512955009937286e+00
-9.352495572715998406e+00
-9.356491668522357585e+00
-9.360483734309672954e+00
-9.364487809687853215e+00
-9.368491594493388419e+00
-9.372462419420481083e+00
-9.376427312195300345e+00
-9.380407073348759894e+00
-9.384370721131563897e+00
-9.388352750986815209e+00
-9.392341008037329075e+00
-9.396313882619143243e+00
-9.400281191617249732e+00
-9.404266080260276439e+00
-9.408242251724004745e+00
-9.412206120789051056e+00
-9.416189616918563488e+00
-9.420183953642844443e+00
-9.424150091409682517e+00
-9.428112201392650604e+00
-9.432083685696124320e+00
-9.436027263849974034e+00
-9.439933856576681492e+00
-9.443846160173416493e+00
-9.447744547575712915e+00
-9.451623086631297355e+00
-9.455477897077798843e+00
-9.459331460297107697e+00
-9.463178212940693612e+00
-9.467008045315742137e+00
-9.470831359922886605e+00
-9.474632043391466141e+00
-9.478424888104200363e+00
-9.482211141288280132e+00
-9.486019370704889653e+00
-9.489840490370989201e+00
-9.493669665604830499e+00
-9.497477892786264420e+00
-9.501278135925531387e+00
-9.505080578476190922e+00
-9.508889903128146415e+00
-9.512702158093452098e+00
-9.516509944945573451e+00
-9.520311801880598779e+00
-9.524108090996742604e+00
-9.527886217087507603e+00
-9.531650279462336783e+00
-9.535412363708019257e+00
-9.539161483943463082e+00
-9.542888998985290527e+00
-9.546602085977792029e+00
-9.550291149318217876e+00
-9.553967541456222179e+00
-9.557644738256930950e+00
-9.561329845339059830e+00
-9.565022277086972835e+00
-9.568725182861090417e+00
-9.572470275312662480e+00
-9.576218664646148682e+00
-9.579964637756347656e+00
-9.583701162785292382e+00
-9.587428970634936931e+00
-9.591155681014061685e+00
-9.594889787584543583e+00
-9.598632171005011315e+00
-9.602391324937343597e+00
-9.606122427433728461e+00
-9.609834193438292260e+00
-9.613547792285681126e+00
-9.617267616093158722e+00
-9.620985902100802178e+00
-9.624691371619700675e+00
-9.628409293293952231e+00
-9.632116374373435264e+00
-9.635795477777719498e+00
-9.639461103081703897e+00
-9.643101752549409156e+00
-9.646706880629063008e+00
-9.650301975011824851e+00
-9.653887692838907242e+00
-9.657451072335243580e+00
-9.661007491499185917e+00
-9.664580319076776505e+00
-9.668143332004547119e+00
-9.671698946505784988e+00
-9.675271993130445836e+00
-9.678850898146629689e+00
-9.682429217547177558e+00
-9.686032879352570291e+00
-9.689637493342161179e+00
-9.693227019906043296e+00
-9.696820062398909812e+00
-9.700407172739506478e+00
-9.703953193873166683e+00
-9.707489326596260071e+00
-9.711035200208424811e+00
-9.714555219560860877e+00
-9.718073698878288980e+00
-9.721606608480215073e+00
-9.725135561823844199e+00
-9.728642103075980430e+00
-9.732161536812782288e+00
-9.735714880377054570e+00
-9.739257019013166428e+00
-9.742817615717649815e+00
-9.746393959224224801e+00
-9.749975939840078709e+00
-9.753538512438534980e+00
-9.757078599184751511e+00
-9.760611875355243328e+00
-9.764138633757829311e+00
-9.767662899941205623e+00
-9.771174937486648560e+00
-9.774682799726724269e+00
-9.778166197985409980e+00
-9.781639195978641510e+00
-9.785091686248780007e+00
-9.788535606861113791e+00
-9.791976378113030677e+00
-9.795418613404034858e+00
-9.798865830898284557e+00
-9.802325279265641456e+00
-9.805783408880234475e+00
-9.809234946966171265e+00
-9.812680260092019324e+00
-9.816129893809556251e+00
-9.819574473798274639e+00
-9.823009824752807262e+00
-9.826450229436158423e+00
-9.829901912808418629e+00
-9.833352865278721211e+00
-9.836807186156510951e+00
-9.840247590839862113e+00
-9.843672541528940556e+00
-9.847088996320962906e+00
-9.850499371439218166e+00
-9.853907256573439355e+00
