2.622604370117187500e-06
1.238541603088378906e-01
2.525193691253662109e-01
3.980252742767333984e-01
5.326035022735595703e-01
6.672096252441406250e-01
7.973740100860595703e-01
9.289944171905517578e-01
1.060214757919311523e+00
1.192650079727172852e+00
1.313838720321655273e+00
1.444004297256469727e+00
1.547067880630493164e+00
1.655693292617797852e+00
1.766054153442382812e+00
1.875337839126586914e+00
1.979291677474975586e+00
2.087579011917114258e+00
2.210218191146850586e+00
2.316258430480957031e+00
2.420615434646606445e+00
2.526457548141479492e+00
2.625745773315429688e+00
2.721539735794067383e+00
2.818711280822753906e+00
2.919949531555175781e+00
3.018961429595947266e+00
3.117781877517700195e+00
3.217508554458618164e+00
3.317128419876098633e+00
3.423329591751098633e+00
3.524617433547973633e+00
3.625288963317871094e+00
3.723291158676147461e+00
3.824130296707153320e+00
3.925714731216430664e+00
4.027317285537719727e+00
4.130933046340942383e+00
4.230131864547729492e+00
4.329556703567504883e+00
4.434627294540405273e+00
4.537889242172241211e+00
4.638828039169311523e+00
4.738726139068603516e+00
4.838094949722290039e+00
4.940535783767700195e+00
5.042208194732666016e+00
5.142034530639648438e+00
5.241321563720703125e+00
5.341627597808837891e+00
5.443315267562866211e+00
5.564063072204589844e+00
5.666518688201904297e+00
5.790330171585083008e+00
5.916794061660766602e+00
6.044067621231079102e+00
6.277255058288574219e+00
6.385611295700073242e+00
6.485278367996215820e+00
6.585108041763305664e+00
6.690060377120971680e+00
6.792628049850463867e+00
6.896560192108154297e+00
7.008747816085815430e+00
7.118406772613525391e+00
7.220612049102783203e+00
7.324202299118041992e+00
7.423506259918212891e+00
7.546325683593750000e+00
7.648459672927856445e+00
7.752389192581176758e+00
7.897204399108886719e+00
7.997508049011230469e+00
8.098711490631103516e+00
8.201834678649902344e+00
8.307445526123046875e+00
8.410472154617309570e+00
8.623904705047607422e+00
8.826924085617065430e+00
8.948856592178344727e+00
9.194601774215698242e+00
9.321909904479980469e+00
9.445898532867431641e+00
9.571429014205932617e+00
9.694250345230102539e+00
9.822714805603027344e+00
9.947592258453369141e+00
1.007180929183959961e+01
1.019499349594116211e+01
1.032034182548522949e+01
1.044652247428894043e+01
1.057325839996337891e+01
1.069594335556030273e+01
1.082724595069885254e+01
1.095048308372497559e+01
1.108652019500732422e+01
1.121366095542907715e+01
1.133536314964294434e+01
1.146547770500183105e+01
1.158870673179626465e+01
1.172389554977416992e+01
1.184897494316101074e+01
1.197668099403381348e+01
1.210009694099426270e+01
1.222648620605468750e+01
1.235649347305297852e+01
1.248335671424865723e+01
1.260752463340759277e+01
1.273040366172790527e+01
1.285597753524780273e+01
1.298375725746154785e+01
1.311201143264770508e+01
1.323528313636779785e+01
1.333643841743469238e+01
1.343483877182006836e+01
1.353858399391174316e+01
1.363988208770751953e+01
1.375357913970947266e+01
1.385375261306762695e+01
1.395016002655029297e+01
1.405982375144958496e+01
1.416117453575134277e+01
1.426196241378784180e+01
1.436258077621459961e+01
1.446256375312805176e+01
1.456518125534057617e+01
1.466836261749267578e+01
1.476819562911987305e+01
1.486994910240173340e+01
1.496972060203552246e+01
1.507428121566772461e+01
1.517656159400939941e+01
1.527664089202880859e+01
1.538166761398315430e+01
1.549028897285461426e+01
1.559998607635498047e+01
1.571125030517578125e+01
1.585291051864624023e+01
1.596308159828186035e+01
1.608260846138000488e+01
1.619356250762939453e+01
1.630277395248413086e+01
1.641139936447143555e+01
1.651691198348999023e+01
1.662375187873840332e+01
1.673245310783386230e+01
1.684797120094299316e+01
1.695524239540100098e+01
1.706190800666809082e+01
1.716592001914978027e+01
1.726788401603698730e+01
1.737862372398376465e+01
