1.188676506379532327e+02
1.188676506379532327e+02
1.188676506379532327e+02
1.190270395971370476e+02
1.189697970111575387e+02
1.189470775141841017e+02
1.189634437718747790e+02
1.188768759517152631e+02
1.188685993240801650e+02
1.188489413506917884e+02
1.188423595420945844e+02
1.188389758105399920e+02
1.189805863307471157e+02
1.189546979267558129e+02
1.189223885455178333e+02
1.189292635074018563e+02
1.188734960052923242e+02
1.189093744711270801e+02
1.190255064572719448e+02
1.189974696925717836e+02
1.189043464383401272e+02
1.188808750266528023e+02
1.189490819820607328e+02
1.189666989781730848e+02
1.188671988429156841e+02
1.188865345506635265e+02
1.188637640055218441e+02
1.189200782578995472e+02
1.189022888252197703e+02
1.188563667952436020e+02
1.188957409636968805e+02
1.191652610337314400e+02
1.191726140196137891e+02
1.189337182268313313e+02
1.189196461527648410e+02
1.190617247579503442e+02
1.201743134417807681e+02
1.203816202214762257e+02
1.203559479832977104e+02
1.200662882090949353e+02
1.200197981656960877e+02
1.199418961859962565e+02
1.198572182928805745e+02
1.190855520893668711e+02
1.187730117430413941e+02
1.186510946986403070e+02
1.190138713985683410e+02
1.194446138500289720e+02
1.195531871015694207e+02
1.190784416000961272e+02
1.190184319036690113e+02
1.197046264625716674e+02
1.197088959875389946e+02
1.196374773786984633e+02
1.195416511966067219e+02
1.203500903749849726e+02
1.200168341368578666e+02
1.186181862402837197e+02
1.188821821445545055e+02
1.193588775593275528e+02
1.186587684577132933e+02
1.186594607500262271e+02
1.185302874193358065e+02
1.187335617850007452e+02
1.189288486376301535e+02
1.186162281821610378e+02
1.188002714121291490e+02
1.190436315337419160e+02
1.184633242543747826e+02
1.187265585344090510e+02
1.185975253603782420e+02
1.180746468724596383e+02
1.181125978659238172e+02
1.182388429155151925e+02
1.182260345952973211e+02
1.190902361722316698e+02
1.189763165947370425e+02
1.193785960557837171e+02
1.191084042498652877e+02
1.191084042498652877e+02
1.192545150143971853e+02
1.199793678490610631e+02
1.199983433457931312e+02
1.196608862124911639e+02
1.194225072033403023e+02
1.188666605886595136e+02
1.195694064356133595e+02
1.203656636733929872e+02
1.176225731144761113e+02
1.199480452295855031e+02
1.223660301094406151e+02
1.190055080012982671e+02
1.169079051689031843e+02
1.219839247209165904e+02
1.222654726922461634e+02
1.218149109406193418e+02
1.193091096541265728e+02
1.199590187617533275e+02
1.219223293065797122e+02
1.219223293065797122e+02
1.177651067284859892e+02
1.184992730716946028e+02
1.188045405412813551e+02
1.212875090725894012e+02
1.226705820059694787e+02
1.218170531656187165e+02
1.228102107014892681e+02
1.239662897709472276e+02
1.225769600838212341e+02
1.235952300730610318e+02
1.259821687323801456e+02
1.260143948927362203e+02
1.271258815703422442e+02
1.238981887672308915e+02
1.256814066538581045e+02
1.292796697882780279e+02
1.273787004391541728e+02
1.243091844996699820e+02
1.260450542965376570e+02
1.250877429568404722e+02
1.264383896493624349e+02
1.242654849632519927e+02
1.245494651686671972e+02
1.239997400214480479e+02
1.267101457167484142e+02
1.282011746407348198e+02
1.265925310184217665e+02
1.263982298519451462e+02
1.235757525151874177e+02
1.184118216632801790e+02
1.223304223002468660e+02
1.222450328196366627e+02
1.208979500470983197e+02
1.207878923697995646e+02
1.195523379115240061e+02
1.198602591554491852e+02
1.204285738308753366e+02
1.210925440095515313e+02
1.210057313539522141e+02
1.215866475930546642e+02
1.217391628997217055e+02
1.223378892490470236e+02
1.198442481021219237e+02
1.189156371184596708e+02
1.208298032495381307e+02
1.196449535984371693e+02
1.193387374304190587e+02
1.189594456958777329e+02
1.190040380877297110e+02
1.189393094998042955e+02
1.188550917069289028e+02
1.189051394331163891e+02
1.189165409387006349e+02
1.188553451782211994e+02
1.189016705353094210e+02
1.189115532137200404e+02
1.188731277436981202e+02
1.188593695266891217e+02
1.188498817783230663e+02
1.188451511348328182e+02
1.188561617429852788e+02
1.188632776179308337e+02
1.188455767846926108e+02
1.188496091987231438e+02
1.188542244395130609e+02
1.188596491483436353e+02
1.188631877511176214e+02
1.188672160139532537e+02
1.188650812514696042e+02
