1.006293106079101562e+01
1.020181417465209961e+01
1.006772263844808002e+01
8.810924887657165527e+00
7.826574802398681641e+00
7.098948796590168975e+00
6.718198980603899528e+00
6.572094261646270752e+00
6.374971230824788115e+00
6.187748050689696910e+00
5.982213670557195329e+00
5.771778782208760283e+00
5.728155026069054578e+00
5.672283683504376839e+00
5.526003821690877338e+00
5.385368302464485168e+00
5.268221224055571028e+00
5.136555857128566771e+00
5.031806067416542128e+00
4.923785102367401301e+00
4.837985140936715389e+00
4.763095682317560531e+00
4.683877623599508766e+00
4.649830371141433716e+00
4.606593837738037323e+00
4.560205312875600825e+00
4.532760417019879640e+00
4.539303192070552662e+00
4.515796801139568828e+00
4.492465893427531221e+00
4.522517419630481150e+00
4.512507498264312744e+00
4.492013179894649433e+00
4.486611913232242621e+00
4.450226211547851918e+00
4.415051672193738952e+00
4.381310636932785663e+00
4.365376340715508618e+00
4.356172103148240105e+00
4.353962963819503429e+00
4.354136763549432132e+00
4.341981183914911391e+00
4.302431101022764715e+00
4.266675938259471224e+00
4.221744701597425653e+00
4.208398907080940887e+00
4.185112450985198684e+00
4.183826004465420745e+00
4.199216925368016717e+00
4.184896216392517410e+00
4.180094863854202814e+00
4.154873967170715332e+00
4.130460302784757509e+00
4.114739378293355010e+00
4.095205996253273639e+00
4.082257917949131176e+00
4.072807939429032409e+00
4.068384437725462099e+00
4.060566582922207957e+00
4.051715823014577111e+00
4.049520308854149597e+00
4.028229648067105373e+00
4.006171328680856014e+00
3.991131860762834549e+00
3.969404503015371510e+00
3.963750882582230961e+00
3.955510395676342217e+00
3.930782104239744168e+00
3.938075069068134759e+00
3.934433548791067992e+00
3.910837186893946882e+00
3.899952418274349686e+00
3.896895650314958104e+00
3.873694584176347266e+00
3.865918814341227083e+00
3.868355543989884016e+00
3.859681863289374792e+00
3.854277623005402553e+00
3.833290329462365253e+00
3.826269596815109253e+00
3.760199403762817472e+00
3.691875934600830078e+00
3.630007481575012296e+00
3.624424654245376409e+00
3.615430274605750949e+00
3.614861917495727717e+00
3.604955807328224182e+00
3.572293099761009394e+00
3.547021591663360507e+00
3.525704732537269681e+00
3.514320206642151057e+00
3.513719546794891180e+00
3.486581018567085355e+00
3.464065319299697965e+00
3.462729358673095614e+00
3.471789884567260565e+00
3.460794070363044650e+00
3.457063648104667486e+00
3.459109994769096197e+00
3.468240767717361450e+00
3.459143638610839844e+00
3.460306641459465204e+00
3.453898951411247253e+00
3.435703128576278687e+00
3.445782676339149475e+00
3.459955152869224726e+00
3.440946653485298157e+00
3.425990754365920932e+00
3.411071524024009705e+00
3.390608963370323359e+00
3.353513491153717219e+00
3.326757997274398804e+00
3.306275603175163447e+00
3.279149201512336909e+00
3.289394047856331049e+00
3.286060479283333002e+00
3.281687381863593878e+00
3.270685848593712031e+00
3.257529732584953486e+00
3.243047684431076050e+00
3.235444507002830594e+00
3.213762715458869934e+00
3.221761095523834051e+00
3.231855571269989014e+00
3.231565442681312739e+00
3.207830457389354795e+00
3.202330477535724640e+00
3.179424922168254675e+00
3.147568161785602392e+00
3.141386200487613856e+00
3.128110672533511938e+00
3.132126276195049464e+00
3.134011186659336090e+00
3.116180084645748138e+00
3.106178279221057714e+00
3.086866471171378912e+00
3.068607744574546992e+00
3.065516883134841830e+00
3.058883988857269198e+00
3.039879944920540034e+00
3.016169014573097051e+00
3.024330747127533137e+00
3.018292558193206965e+00
3.004134008288383395e+00
3.009381988644599826e+00
2.983827565610408961e+00
2.978313826024532318e+00
2.978842957317829221e+00
2.955427022278308780e+00
2.945639957487583338e+00
2.953691940009593786e+00
2.941333280503749759e+00
2.930355025827884763e+00
2.946238861978053958e+00
2.938288132846355261e+00
2.923464338481426061e+00
2.914062039554119021e+00
2.892410282790661036e+00
2.893868555128574549e+00
2.872938124835491269e+00
2.836703535914421259e+00
2.812977603077888578e+00
2.788304066658020108e+00
2.760552048683166504e+00
2.758827564120292841e+00
2.752097722887993037e+00
2.727862067520618439e+00
2.720618809759616674e+00
2.719663704931735815e+00
2.716479663550853907e+00
2.717471979558467865e+00
2.708116276562213987e+00
2.696839867532253354e+00
2.699677284061908544e+00
2.691800253093242556e+00
2.682033072412013830e+00
2.700054447352886022e+00
2.708915536105632960e+00
2.697213290631771176e+00
2.685157142579555511e+00
2.684388516843319028e+00
2.671960906684398562e+00
2.662735001742839724e+00
2.658652164041996002e+00
2.643435530364513397e+00
2.619562749564647852e+00
2.619164396822452723e+00
2.598397466540336431e+00
2.607062032818794339e+00
2.612141951918601990e+00
2.624646049737930475e+00
2.640204143524170100e+00
2.645897558331489652e+00
2.656123054027557551e+00
2.642703261971473871e+00
2.641500696539878845e+00
2.644707894325256436e+00
2.650482726097107111e+00
2.650842040777206421e+00
2.648548847436904996e+00
2.637434989213943481e+00
2.638454836606979548e+00
2.625920745730399908e+00
2.623179167509078979e+00
2.635728326439857661e+00
2.647076539695262909e+00
2.641069786250591189e+00
2.646258883178234100e+00
2.654066957533359528e+00
2.645941661298274905e+00
2.637495954334736048e+00
2.624298484623432071e+00
2.607010290026664734e+00
2.607529050111770719e+00
2.611731597781181247e+00
2.604452157020568759e+00
2.619155439734458746e+00
2.612421545386314214e+00
2.609931600093841730e+00
2.618011346459388822e+00
2.613719931244850248e+00
2.613509428501129328e+00
2.630962711572647272e+00
2.641040554642677396e+00
2.630821606516838163e+00
2.652964602410793127e+00
2.644687755405902951e+00
2.640583746135234833e+00
2.625294806063175113e+00
2.612029922008514582e+00
2.597311010956764310e+00
2.609440076351165594e+00
2.598228779435157954e+00
2.583002504706382929e+00
2.578201192617416204e+00
2.578579416871070951e+00
2.583994013071060358e+00
2.606319493055343717e+00
2.599793101847171606e+00
2.610884393751621069e+00
2.638469281792640508e+00
2.638180762529373169e+00
2.631130769848823547e+00
2.647916036844253362e+00
2.639426991343498230e+00
2.637282192707061768e+00
2.644828085601329981e+00
2.649478144943714142e+00
2.658009375631809057e+00
2.655253742635250269e+00
2.639873754978180109e+00
2.627980481088161291e+00
2.624338108301162542e+00
2.612550309300422757e+00
2.622728821635246454e+00
2.617752683162689387e+00
2.602701500058174133e+00
2.598968872427940280e+00
2.605812811851501376e+00
2.604901289939880460e+00
2.607915538549423040e+00
2.617313495278358548e+00
2.619295611977577209e+00
2.619995775818824590e+00
2.592800137400627314e+00
2.588642808794975103e+00
2.597151443362236023e+00
2.615893776714801611e+00
2.617390860617160975e+00
2.622663567960262121e+00
2.613138116896152496e+00
2.603600664436817258e+00
2.608293892443179995e+00
2.608498267829418182e+00
2.596554465591907501e+00
2.589201267063617529e+00
2.578284884989261450e+00
2.561756740510463537e+00
2.549042609333992182e+00
2.549226650595664889e+00
2.539656969904899420e+00
2.549411070346832453e+00
2.562733110785484492e+00
2.554972559213638306e+00
2.546396437287330450e+00
2.540952000021934332e+00
2.545411825180053711e+00
2.535757011175155728e+00
2.541455194354057312e+00
2.548395973443985163e+00
2.548757231235504239e+00
2.555470368266105741e+00
2.562552787363529205e+00
2.575050015747547327e+00
2.578216890990733923e+00
2.602435126900672913e+00
2.613608771562576205e+00
2.619522306323051275e+00
2.622266131639480413e+00
2.621813526749610990e+00
2.634792757034301935e+00
2.617472958564758478e+00
2.585050213336944402e+00
2.571697711944580078e+00
2.571145620942115961e+00
2.553467044234275729e+00
2.547695440053939997e+00
2.548930200934409918e+00
2.553933253884315580e+00
2.549999682605266660e+00
2.554031641781330020e+00
2.553858713805675418e+00
2.568981797993183047e+00
2.569010855257511050e+00
2.573140718042850494e+00
2.564675937592983068e+00
2.559603066742420108e+00
2.546645008027553558e+00
2.554401990771293818e+00
2.547868582606315435e+00
2.531728115677833735e+00
2.533723148703574957e+00
2.529545570909976782e+00
2.510005660355091095e+00
2.519584666192531408e+00
2.521329809725284754e+00
2.535310097038745880e+00
2.537167374789714991e+00
2.528391088545322241e+00
2.528470195829868317e+00
2.524153347313403906e+00
2.525352466106414617e+00
2.539567770063877017e+00
2.533030062913894653e+00
2.517325678467750460e+00
2.512870875000953852e+00
2.505190563201904475e+00
2.496792295575141818e+00
2.487254643440246493e+00
2.479136398434639066e+00
2.472804859280586243e+00
2.477124530076980413e+00
2.490007558465003878e+00
2.493842798471450628e+00
2.517866435647010626e+00
2.527295157313346863e+00
2.529707801342010676e+00
2.519248971343040377e+00
2.502033615112304599e+00
2.497067227959632874e+00
2.492260718345642001e+00
2.482846005260944455e+00
2.471159218251705258e+00
2.472378750145435511e+00
2.476816929876804352e+00
2.467853535711765467e+00
2.468786932528018951e+00
2.470958866178989410e+00
2.468871937692165286e+00
2.468579186499118894e+00
2.473982344567775549e+00
2.459849876165390192e+00
2.458240821957588196e+00
2.462858992815017523e+00
2.448506818711757571e+00
2.447059161961078644e+00
2.442190153896808713e+00
2.450715158879757105e+00
2.453476397693157285e+00
2.459861554205417633e+00
2.473061569035053253e+00
2.480426050722599030e+00
2.491632078588009058e+00
2.487658439576625913e+00
2.487972463667392553e+00
2.480915068089962094e+00
2.441169129312038333e+00
2.426357738673686981e+00
2.409699498116970151e+00
2.397971989214420230e+00
2.391372074186802088e+00
2.407366453111171811e+00
2.424956910312175751e+00
2.443971915543079465e+00
2.446779410541057409e+00
2.444720476865768433e+00
2.458476892113685697e+00
2.473213407397270025e+00
2.473211246728896917e+00
2.485513398051261813e+00
2.497256231307983576e+00
2.489567431807517828e+00
2.482056820392608554e+00
2.499337771534919650e+00
2.499195787310600103e+00
2.514869418740272700e+00
2.524270701408386053e+00
2.522649741172790616e+00
2.524173089861869723e+00
2.537742954492569147e+00
2.534392654895782471e+00
2.527387994527816595e+00
2.527573999762535273e+00
2.520261147618293673e+00
2.505286976695060730e+00
2.504072871804237543e+00
2.483879643678664983e+00
2.480365246534347534e+00
2.484807333350181668e+00
2.495713725686073303e+00
2.511749432981014163e+00
2.529440920054912390e+00
2.514865314960479825e+00
2.523782388865947635e+00
2.527296541631221860e+00
2.531119479238987058e+00
2.534037928283214391e+00
2.546716685593128027e+00
2.552189262211322696e+00
2.571162216365337372e+00
2.590520213544368566e+00
2.585555808246135623e+00
2.585834600031375885e+00
2.597585095465183347e+00
2.588742904365062714e+00
2.576038391888141543e+00
2.568231521546840757e+00
2.559183709323406219e+00
2.558929176628589541e+00
2.549024268984794617e+00
2.546853408217430115e+00
2.558546166121959509e+00
2.556630411744117648e+00
2.549329292774200617e+00
2.548138764500618159e+00
2.567723476886749179e+00
2.571554881334304987e+00
2.588691774010658087e+00
2.593124340474605383e+00
2.596952097117900760e+00
2.613201512396335691e+00
2.624224701523780734e+00
2.617549860477447421e+00
2.614997154474258512e+00
2.627741532027721316e+00
2.644965748488902868e+00
2.659352530539035975e+00
2.653007127344608307e+00
2.637823851406574160e+00
2.623903666436672388e+00
2.621047697961330414e+00
2.611152546107768924e+00
2.602003256976604284e+00
2.601057429611683069e+00
2.587325336039066226e+00
2.588351635634899228e+00
2.601832868158817202e+00
2.590823195874691010e+00
2.590217414498328985e+00
2.589110650122165680e+00
2.587343476712703705e+00
2.579882703721523285e+00
2.582810698449611753e+00
2.574244548380375086e+00
2.575750215351581662e+00
2.583062365651130676e+00
2.581953698396682650e+00
2.568726861476898105e+00
2.585493782162666232e+00
2.581511205434799283e+00
2.577703970670699896e+00
2.581858900189399897e+00
2.590623247623443426e+00
2.579542502760887146e+00
2.574397242069244474e+00
2.570608675479888916e+00
2.568133234977722168e+00
2.578024023771285922e+00
2.585968828201294034e+00
2.588132888078689575e+00
2.597788041830062955e+00
2.598915553092956632e+00
2.612150301039219080e+00
2.629568733274936676e+00
2.634183560311794459e+00
2.638214989006519406e+00
2.651951329410076053e+00
2.649728135764598758e+00
2.655719770491123288e+00
2.655175413191318334e+00
2.655673064291477203e+00
2.646698524057865320e+00
2.667149648070335388e+00
2.666126558184623629e+00
2.664350387454033076e+00
2.662006607651710599e+00
2.664013504981994629e+00
2.638858129084110438e+00
2.627888762950897128e+00
2.614016750454902560e+00
2.603254708647727789e+00
2.595614618062973111e+00
2.582469676434993922e+00
2.567450959980488001e+00
2.570302800834178836e+00
2.569718636572360992e+00
2.568564377725124359e+00
2.574935363233089358e+00
2.576597045361995519e+00
2.587669864296913147e+00
2.587315741181373419e+00
2.576107482612132848e+00
2.578640526533126920e+00
2.583826336264610113e+00
2.582322034239768804e+00
2.577518001198768616e+00
2.587775987386703669e+00
2.579222059249878019e+00
2.581553286314010709e+00
2.560891477763652890e+00
2.555060566961765200e+00
2.544805334508418948e+00
2.547537048161029993e+00
2.550416310131550013e+00
2.561830274760723114e+00
2.544753073155880063e+00
2.535097806155681699e+00
2.536350001394748865e+00
2.543335162103176117e+00
2.556788121163845240e+00
2.561640362441539587e+00
2.560843934118747889e+00
2.557328946888446808e+00
2.556160618364811121e+00
2.566434569656848907e+00
2.574376283586025327e+00
2.584180213510990143e+00
2.617218257486820132e+00
2.639165112376212985e+00
2.672769080102443517e+00
2.683932669460773468e+00
2.684676168859005063e+00
2.684890140593052088e+00
2.695501632988452911e+00
2.699116669595241547e+00
2.703256939351558863e+00
2.707015465199947180e+00
2.718687705695629120e+00
2.711658076941966922e+00
2.715473784506321042e+00
2.725255258381366730e+00
2.717245794832706451e+00
2.718721456825733185e+00
2.718694414198398412e+00
2.722837223112583249e+00
2.714931525290012360e+00
2.692055179178714841e+00
2.687189184129238129e+00
2.681678740680217832e+00
2.676600755751132876e+00
2.671202333271503360e+00
2.663764138519764124e+00
2.647278966009616763e+00
2.635441188514232813e+00
2.632397405803203583e+00
2.632821704447269262e+00
2.629062326252460391e+00
2.621503594517707647e+00
2.612377575039863675e+00
2.603783380985260187e+00
2.598482421040535062e+00
2.595966967940330328e+00
2.590776610374450506e+00
2.598422822356224238e+00
2.595630705356597900e+00
2.601513853669166654e+00
2.598623427748679937e+00
2.608839730918407263e+00
2.614572295546531588e+00
2.618027967214584528e+00
2.621223971247673035e+00
2.631303858757019221e+00
2.634673093259334742e+00
2.654773418605327784e+00
2.658471874892711639e+00
2.666968359053135007e+00
2.675951267778873266e+00
2.676462380588054746e+00
2.685943393409252256e+00
2.691167326271533877e+00
2.703572465479374021e+00
2.724312624335289090e+00
2.730036157369613470e+00
2.737880274653434753e+00
2.742385751008987516e+00
2.744696456193923773e+00
2.744492110610008417e+00
2.741267940402031034e+00
2.749737510085105807e+00
2.782087926566600977e+00
2.772085441648960202e+00
2.785629095137119204e+00
2.782267932593822657e+00
2.787309490144252777e+00
2.786918736994266510e+00
2.793445248901844202e+00
2.800199891626834692e+00
2.803637604415416540e+00
2.800136990845203400e+00
2.803617484867572784e+00
2.792760165035724551e+00
2.802375937998294653e+00
2.809058968722820460e+00
2.816423575580119909e+00
2.816304711997509092e+00
2.797508497536182581e+00
2.797482366859912695e+00
2.780268906056881040e+00
2.775509105622768313e+00
2.754461838304996579e+00
2.742829118669033228e+00
2.754222221672534943e+00
2.750968052446842282e+00
2.736444918811321347e+00
2.732662431895732880e+00
2.733731879293918698e+00
2.725460685789585114e+00
2.709143772721290588e+00
2.695817820727825165e+00
2.691987635195255191e+00
2.679514138400554746e+00
2.675487351417541682e+00
2.670017349720001043e+00
2.670990985631942927e+00
2.672352024912834079e+00
2.670512324571609586e+00
2.698950290679931641e+00
2.696801236271858304e+00
2.704305163025856107e+00
2.700619459152221680e+00
2.689481849968433202e+00
2.690914790332317175e+00
2.698040388524532318e+00
2.696839493513107477e+00
2.696973782777786433e+00
2.691380608081817449e+00
2.691653540730476468e+00
2.709514935314655482e+00
2.718033440411090851e+00
2.726971666514873327e+00
2.741982726752758115e+00
2.768494342267513453e+00
2.789233161509037107e+00
2.798483105003833682e+00
2.820077230036258875e+00
2.823888938128948034e+00
2.835897587239742279e+00
2.840922953188419253e+00
2.850110168755054296e+00
2.852263720333576114e+00
2.857905717194080264e+00
2.858812467753887088e+00
2.859707333147525787e+00
2.841646228730678736e+00
2.851079009473323822e+00
2.854555402696132838e+00
2.858650763332843958e+00
2.875917275249958216e+00
2.888378487527370364e+00
2.878693585097789942e+00
2.868524990975856781e+00
2.854737307131290258e+00
2.858522777259350001e+00
2.840995933115482153e+00
2.838052953779697241e+00
2.831452418863773524e+00
2.808281268179416479e+00
2.793833759427070795e+00
2.777739933133125394e+00
2.753701794147491277e+00
2.737079593539237798e+00
2.726663804054260343e+00
2.729876089096069158e+00
2.709450896084308447e+00
2.706338216364383875e+00
2.707643710076808929e+00
2.700726892054080785e+00
2.709813977777957739e+00
2.721970109641552060e+00
2.717899720370769323e+00
2.722890149056911291e+00
2.727824999392032712e+00
2.726054035127162933e+00
2.718401582539081485e+00
2.715704889595508487e+00
2.735220368206500829e+00
2.727124796807765872e+00
2.720641107857227237e+00
2.719495056569576352e+00
2.720032195746898473e+00
2.714249303936958402e+00
2.702746909856796442e+00
2.701932874321937739e+00
2.711060613393783569e+00
2.707520529627799988e+00
2.707725104689598261e+00
2.711260223388671786e+00
2.723326940834522425e+00
2.735160538554191501e+00
2.739754343032836825e+00
2.753727069497108548e+00
2.768271221220493405e+00
2.772764344513416468e+00
2.766083638370036901e+00
2.769416029751300634e+00
2.771642531454562963e+00
2.775737978518009186e+00
2.786765934526920230e+00
2.792220734059810638e+00
2.813813655078411191e+00
2.837399461865425021e+00
2.856028938293456942e+00
2.870134761929512113e+00
2.892347262799739749e+00
2.902054826915263952e+00
2.911519764363765805e+00
2.906820280849933713e+00
2.912714944779872805e+00
2.899307538568973719e+00
2.887640364468097687e+00
2.871919377148151487e+00
2.851414151489734650e+00
2.817943932116031558e+00
2.810336117446422755e+00
2.791611589491367340e+00
2.773056200146675199e+00
2.760793438553810208e+00
2.766274732351303278e+00
2.767873069643974393e+00
2.777694213390350164e+00
2.770135632157325833e+00
2.774965670704841791e+00
2.790444219112396151e+00
2.794630602002143860e+00
2.784965395927429199e+00
2.788897264003753484e+00
2.792805764079093755e+00
2.793411910533905029e+00
2.778503403067588806e+00
2.791142660379409612e+00
2.808272272348403931e+00
2.811548769474029541e+00
2.812097451090812772e+00
2.819167175889015109e+00
2.834283876419067205e+00
2.836318287253379644e+00
2.856774234771728427e+00
2.869088493287563324e+00
2.894273112714290441e+00
2.913831473886966617e+00
2.948868067562580020e+00
2.959644939005374731e+00
2.968539528548717499e+00
3.003902748227119446e+00
3.015357607603073031e+00
3.034967651963234037e+00
3.045613980293274015e+00
3.056090605258941828e+00
3.069061541557311923e+00
3.077625721693038940e+00
3.071017336845398127e+00
3.066319367289543241e+00
3.082088086009025396e+00
3.090218341350555509e+00
3.102655392885208308e+00
3.104468110203742803e+00
3.121676531434059321e+00
3.132143545150756658e+00
3.120117145776748480e+00
3.129980602860450656e+00
3.153977088630199432e+00
3.160130347311496557e+00
3.165624617040157407e+00
3.161624743044376462e+00
3.171301566064357758e+00
3.175640924274921506e+00
3.166977582871913999e+00
3.159660775959491907e+00
3.160213090479373932e+00
3.171533472836017609e+00
3.158041207492351621e+00
3.150089336931705564e+00
3.149029873311519623e+00
3.155423234403133215e+00
3.154281784594059168e+00
3.167048741877079188e+00
3.160016851127147586e+00
3.157967673242092044e+00
3.152643670141697108e+00
3.131355591118335724e+00
3.120815046131610870e+00
3.126856796443462372e+00
3.119284810125827700e+00
3.116727103292942225e+00
3.122103433310985388e+00
3.128734795749187558e+00
3.136494980752468020e+00
3.120071198046207250e+00
3.137918640673160731e+00
3.157308094203472137e+00
3.176371382176875979e+00
3.195949237048625768e+00
3.213944606482982635e+00
3.216216449439525782e+00
3.220060198009014218e+00
3.226414445042609991e+00
3.239587363600731074e+00
3.255702021718025030e+00
3.271005448698997675e+00
3.270509442687034696e+00
3.284489545226096929e+00
3.296744072437286288e+00
3.301757237315178006e+00
3.330946269631385626e+00
3.342452976107597173e+00
3.361793112754821955e+00
3.365003421902656555e+00
3.356641554832458407e+00
3.361377817392349421e+00
3.365220093727111728e+00
3.369691598415374578e+00
3.391888490319252103e+00
3.400475302338600070e+00
3.401919701695442111e+00
3.393800032138824641e+00
3.405213183164596646e+00
3.399614644050598322e+00
3.415115332603454679e+00
3.423257407546043574e+00
3.426537641882896335e+00
3.407092493772506892e+00
3.398507869243621915e+00
3.371289604902267367e+00
3.337379060685634613e+00
3.315151150524616064e+00
3.299044506251811892e+00
3.281980793178081335e+00
3.256429396569728851e+00
3.227304984629154383e+00
3.206083585321903406e+00
3.203795023262500763e+00
3.197055564820766360e+00
3.184213434159755884e+00
3.185273973643779843e+00
3.184993954002857119e+00
3.170507387816905887e+00
3.166331733763217748e+00
3.157697780430317014e+00
3.164399136602878748e+00
3.158731012046337217e+00
3.148904146254062564e+00
3.151652960479259580e+00
3.154663045704364954e+00
3.165027143061160952e+00
3.172002409398555933e+00
3.169801329076290308e+00
3.180883653461933136e+00
3.195229084789752871e+00
3.206869150698184789e+00
3.199531336128711878e+00
3.202549733221530914e+00
3.211297129094600855e+00
3.205593852698803037e+00
3.215610720217227936e+00
3.239977766573429285e+00
3.251674555242061615e+00
3.262544895708560766e+00
3.281892962753772736e+00
3.300280345976352780e+00
3.317919223010540097e+00
3.332829247415065588e+00
3.340711592137813657e+00
3.356469543278217227e+00
3.362181784212589175e+00
3.381378538906574249e+00
3.366102053225040525e+00
3.367748208343982697e+00
3.379142932593822479e+00
3.377167923748493283e+00
3.385304398834705353e+00
3.396070311963558019e+00
3.395350407063960851e+00
3.406116507947444916e+00
3.426315467059612097e+00
3.448125369846820831e+00
3.462827451527118683e+00
3.479906485974788577e+00
3.470498274266719640e+00
3.475025098025798620e+00
3.483518119156360449e+00
3.477608866989612579e+00
3.470423699915408999e+00
3.464417679607868283e+00
3.442454005777835668e+00
3.432862703502178370e+00
3.415212668478488922e+00
3.407345853745937347e+00
3.408621938526630313e+00
3.410519613325595945e+00
3.412031944096088232e+00
3.401058791577816098e+00
3.389932726323604761e+00
3.384975324571132482e+00
3.380635477602481842e+00
3.396605111658573151e+00
3.407998557388782324e+00
3.411988402903079809e+00
3.404451648890971960e+00
3.399370889365672888e+00
3.386035077273845673e+00
3.406610818207263858e+00
3.419972009956836700e+00
3.447924505174159826e+00
3.461629188060760587e+00
3.469855239987373441e+00
3.469097253680229365e+00
3.495578938722610385e+00
3.526234394311904996e+00
3.537953290343284429e+00
3.554469060897827326e+00
3.573108112812042325e+00
3.573819124698638827e+00
3.580026647448539823e+00
3.585458156466484247e+00
3.593048983812332065e+00
3.611624494194984436e+00
3.628244712948799133e+00
3.645839694142341436e+00
3.669292360544204712e+00
3.697022733092308222e+00
3.731624805927276523e+00
3.736023291945457458e+00
3.756440511345863431e+00
3.790428113937378107e+00
3.822258299589157193e+00
3.853643813729286105e+00
3.881105649471282781e+00
3.888430243730545133e+00
3.889070045948028742e+00
3.894811835885048090e+00
3.909333071112632840e+00
3.901777336001396090e+00
3.896273440122604459e+00
3.888690039515495300e+00
3.865017148852348150e+00
3.840662980079650790e+00
3.819264689087867648e+00
3.792575138807296575e+00
3.757365252077579321e+00
3.752674017846584498e+00
3.746484018862247467e+00
3.721696303784847171e+00
3.715526576340198339e+00
3.705393056571483434e+00
3.692590562999248593e+00
3.698119018971920191e+00
3.706505273282528101e+00
3.718767888844013214e+00
3.735891301929950892e+00
3.730187337100505651e+00
3.716213901340961634e+00
3.716067607700824560e+00
3.715387661755085169e+00
3.707381536066532313e+00
3.709059806168079287e+00
3.724431957304477514e+00
3.729871489107608795e+00
3.746349383890628992e+00
3.743573845922946841e+00
3.738736115396022797e+00
3.749986754357814700e+00
3.752888838946819128e+00
3.752137579023838043e+00
3.754151378571987330e+00
3.769552640616893768e+00
3.772796155512332827e+00
3.772830440104007810e+00
3.783591474592685522e+00
3.790979631245136261e+00
3.799880187213420690e+00
3.844582720100879758e+00
3.884652347862720401e+00
3.932340969145298182e+00
3.986495168507099063e+00
4.011148072779178619e+00
4.030077476799488245e+00
4.047312317788600566e+00
4.055686442553996685e+00
4.055459798872471211e+00
4.058804558217525837e+00
4.050184826552867712e+00
4.054860736429691137e+00
4.059899015724658611e+00
4.077055402100086212e+00
4.105113716423511860e+00
4.135719381272792816e+00
4.141813282668590723e+00
4.149743162095546722e+00
4.165607939660548986e+00
4.177376140654087244e+00
4.195234791934490559e+00
4.231663466989994404e+00
4.258540661633015034e+00
4.280085949599742534e+00
4.298290483653545380e+00
4.318923904001712444e+00
4.326263065636157812e+00
4.339045993983745575e+00
4.314385126531123937e+00
4.297665493190288899e+00
4.275792483985424219e+00
4.285658951103687109e+00
4.287586595118045629e+00
4.266854895651340129e+00
4.259125490486622034e+00
4.272893543541431249e+00
4.305037774145603180e+00
4.351793988049029949e+00
4.390219177305698217e+00
4.435270111262798132e+00
4.473543788492679418e+00
4.537432892620563152e+00
4.591884015500545146e+00
4.621551330387592138e+00
4.635081450641155065e+00
4.669958706200122656e+00
4.709169082343578339e+00
4.730424590408802032e+00
4.777434593439101818e+00
4.800530564785003840e+00
4.821983298659324291e+00
4.842049163579940974e+00
4.842677393555641530e+00
4.868345639109611156e+00
4.878964254260063527e+00
4.900683188438415883e+00
4.926104485988616943e+00
4.943184983730316340e+00
4.940994006395340143e+00
4.959403792023659108e+00
4.972850698232650579e+00
4.993132132291793646e+00
5.019231927394867121e+00
5.035842823982238592e+00
5.063483387231826782e+00
5.088254648447036566e+00
5.106817656755447743e+00
5.119274258613586426e+00
5.144221889972686590e+00
5.175486841797829030e+00
5.210095962882041576e+00
5.233630827069282176e+00
5.276638737320899608e+00
5.297999584674835560e+00
5.310422945022582830e+00
5.328155755996704102e+00
5.341816422343254267e+00
5.363654068112372997e+00
5.373582220077514293e+00
5.372324067354202093e+00
5.347252243757248280e+00
5.337136900424956920e+00
5.311337459087371649e+00
5.286398088932036998e+00
5.276814115047455012e+00
5.275401169061661122e+00
5.297242563962936579e+00
5.315574517846107128e+00
5.331245392560958862e+00
5.354751250147819164e+00
5.386398348212241949e+00
5.422124627232551397e+00
5.445954003930092213e+00
5.469241484999656677e+00
5.495217934250831604e+00
5.524924024939537048e+00
5.564643272757530568e+00
5.588777282834053395e+00
5.629081478714942577e+00
5.657729259133338573e+00
5.684056952595710754e+00
5.697038492560386302e+00
5.724727758765220997e+00
5.745606312155723927e+00
5.769791325926780345e+00
5.794741538166999995e+00
5.819587352871894659e+00
5.844575801491737721e+00
5.901500031352043152e+00
5.946812906861305592e+00
5.990444549918175099e+00
6.024340626597404658e+00
6.048653253912926075e+00
6.081692829728126526e+00
6.087312451004981639e+00
6.086377498507499872e+00
6.071460166573524830e+00
6.063475617766380665e+00
6.066248837113380254e+00
6.075252261757850825e+00
6.084658518433570862e+00
6.090410760045051219e+00
6.097549310326575878e+00
6.114717319607734680e+00
6.145106536149978815e+00
6.150346791744231822e+00
6.155861771106719615e+00
6.185417407751083729e+00
6.188186860084533336e+00
6.191561883687972667e+00
6.202076065540313543e+00
6.210669237375259222e+00
6.244419366121292114e+00
6.271315431594848278e+00
6.309457844495772960e+00
6.338947367668152033e+00
6.366158658266067860e+00
6.378853583335876820e+00
6.390554320812225519e+00
6.404228848218918024e+00
6.434284818172455012e+00
6.443142247200012385e+00
6.450330114364623668e+00
6.474416589736938121e+00
6.466074091196060358e+00
6.479043775796890614e+00
6.507261270284653065e+00
6.540969884395599010e+00
6.552841746807098744e+00
6.586641591787338434e+00
6.611410129070281805e+00
6.630031991004943670e+00
6.622071236371994019e+00
6.628907740116119385e+00
6.659977471828460338e+00
6.680952042341232300e+00
6.697085815668105901e+00
6.689156281948089422e+00
6.715432626008987604e+00
6.746748930215835216e+00
6.773788267374039052e+00
6.794307798147201538e+00
6.817401278018951238e+00
6.830124473571776988e+00
6.843094438314437866e+00
6.860303586721419933e+00
6.873997628688812256e+00
6.906395614147186279e+00
6.942295527458190563e+00
6.977905488014220836e+00
6.997278845310210826e+00
7.014649343490600764e+00
7.032277292013167980e+00
7.062174898386001765e+00
7.079051649570464733e+00
7.089671629667281927e+00
7.082260799407959162e+00
7.055985486507415416e+00
7.042305511236190974e+00
7.036157232522964655e+00
7.029307156801223755e+00
7.028034597635269165e+00
7.036798804998397827e+00
7.042416584491729914e+00
7.027994471788406194e+00
7.028491514921188177e+00
7.050926548242569147e+00
7.096221643686294378e+00
7.131890201568603871e+00
7.165936392545700251e+00
7.189529490470886408e+00
7.210178518295288441e+00
7.224985980987549183e+00
7.233794194459915339e+00
7.270553839206695734e+00
7.288916915655136108e+00
7.309360158443451105e+00
7.339467680454253795e+00
7.358945435285567882e+00
7.363043057918548406e+00
7.386448490619659246e+00
7.398186087608337402e+00
7.435582840442657826e+00
7.479686433076858876e+00
7.518791389465332209e+00
7.556464695930481312e+00
7.592776304483413341e+00
7.611584722995758057e+00
7.632264298200607477e+00
7.642238640785217640e+00
7.649366408586502075e+00
7.687475609779357733e+00
7.685322803258896052e+00
7.671907520294189098e+00
7.672859919071197687e+00
7.682603973150253118e+00
7.681621754169464467e+00
7.691724371910095392e+00
7.718758624792099177e+00
7.735846275091171620e+00
7.749184459447860718e+00
7.787886732816696522e+00
7.812079292535782038e+00
7.826010042428970692e+00
7.855340397357940319e+00
7.869490396976471125e+00
7.871047163009643910e+00
7.870558130741119207e+00
7.879925876855850220e+00
7.866318410634994152e+00
7.846992975473403575e+00
7.855230683088302968e+00
7.876762425899505260e+00
7.912955182790756048e+00
7.918756228685379206e+00
7.939461719989776789e+00
7.977746832370757879e+00
8.024374979734421487e+00
8.059748846292496438e+00
8.094586104154586792e+00
8.139608532190322876e+00
8.171526533365248923e+00
8.190613871812820079e+00
8.208080291748046875e+00
8.216416352987289784e+00
8.232289588451385143e+00
8.246478217840195413e+00
8.247197228670120950e+00
8.238297390937805886e+00
8.248367547988891602e+00
8.273549544811249490e+00
8.280510127544403076e+00
8.287654751539230702e+00
8.285795491933821921e+00
8.290547877550125122e+00
8.300237113237381337e+00
8.325638693571089988e+00
8.378347659111023304e+00
8.392895805835724587e+00
8.413181769847870584e+00
8.430810916423798318e+00
8.445642876625061746e+00
8.441947907209396362e+00
8.455506992340087180e+00
8.482393801212310791e+00
8.494084721803664806e+00
8.504440134763717296e+00
8.502693718671798351e+00
8.488977998495101929e+00
8.476996904611587169e+00
8.486532014608382468e+00
8.489896470308304188e+00
8.512005674839020486e+00
8.529420101642608998e+00
8.539565002918243053e+00
8.560608315467835183e+00
8.561969447135926004e+00
8.558048188686370850e+00
8.549407255649565940e+00
8.546542358398436789e+00
8.518057757616043446e+00
8.492591714859008434e+00
8.462293332815169933e+00
8.443365913629531150e+00
8.431812447309493308e+00
8.433591383695603128e+00
8.432099038362503407e+00
8.452435928583145852e+00
8.480029791593551636e+00
8.509708863496779685e+00
8.542466640472412109e+00
8.558030462265014293e+00
8.600679492950439098e+00
8.649292320013046265e+00
8.675692325830459239e+00
8.690539389848709106e+00
8.696072834730149026e+00
8.728253948688507791e+00
8.752729773521423340e+00
8.773172134160995839e+00
8.798345142602920887e+00
8.799276214838027244e+00
8.796847778558731790e+00
8.801510637998580577e+00
8.807329303026198986e+00
8.787253093719481711e+00
8.778950202465058084e+00
8.793928158283232932e+00
8.808298623561858776e+00
8.830458462238311768e+00
8.845048904418945312e+00
8.860892105102539773e+00
8.873658889532089589e+00
8.876016348600387573e+00
8.894882923364638927e+00
8.906766396760939841e+00
8.899396675825119729e+00
8.902038794755934958e+00
8.891460210084915161e+00
8.882402986288070679e+00
8.865109199285507557e+00
8.862796634435653687e+00
8.881362265348434093e+00
8.925568628311157937e+00
8.955668848752974753e+00
8.973661881685256247e+00
8.992361420392990468e+00
9.015400761365890858e+00
9.030197489261627908e+00
9.035980343818664551e+00
9.034995484352112527e+00
9.045455050468444114e+00
9.069362527132033946e+00
9.087507742643357034e+00
9.090978401899338479e+00
9.080538612604140525e+00
9.077348703145981190e+00
9.071168297529220936e+00
9.085650521516800637e+00
9.113719832897185569e+00
9.137642157077788596e+00
9.169068628549576161e+00
9.188704395294189808e+00
9.207685291767120361e+00
9.225221419334411976e+00
9.252563202381134388e+00
9.254846870899200439e+00
9.252168953418731689e+00
9.269869208335876465e+00
9.286040318012236838e+00
9.284074974060057883e+00
9.294742023944854381e+00
9.300670146942138672e+00
9.307037401199341531e+00
9.312358474731444957e+00
9.314316296577453969e+00
9.331959939002990367e+00
9.348776078224181774e+00
9.376976156234741566e+00
9.407933557033539174e+00
9.448628824949263816e+00
9.488705301284790394e+00
9.522015017271041160e+00
9.534871155023575184e+00
9.554164773225783946e+00
9.562525194883345847e+00
9.582782572507857921e+00
9.590249460935591941e+00
9.600015097856521962e+00
9.613511472940444946e+00
9.620551699399948475e+00
9.632677310705185292e+00
9.644249421358107810e+00
9.646998983621596579e+00
9.638253861665726063e+00
9.639549702405929565e+00
9.658319741487503052e+00
9.661125046014785056e+00
9.665691465139389038e+00
9.670642083883285167e+00
9.670211058855056052e+00
9.671777194738387706e+00
9.689174228906631825e+00
9.698055785894393210e+00
9.714461749792098644e+00
9.743989777565001731e+00
9.765367162227629905e+00
9.767312669754028676e+00
9.780457389354705100e+00
9.792273128032684681e+00
9.806706774234772439e+00
9.809398376941681263e+00
9.822173023223877308e+00
9.835951554775238748e+00
9.847119402885436301e+00
9.854862129688262584e+00
9.874158585071564076e+00
9.887611520290374045e+00
9.908055090904236195e+00
9.918976891040802712e+00
9.937958657741546631e+00
9.942100298404692893e+00
9.942212283611297607e+00
9.937752914428710227e+00
9.946102476119994762e+00
9.949937164783477783e+00
9.947970247268676403e+00
9.957991075515746360e+00
9.975551033020019887e+00
9.978729557991027121e+00
9.988584828376769309e+00
1.000354703664779699e+01
1.000302493572235107e+01
9.996434736251831765e+00
1.000557307004928553e+01
1.002264815568923950e+01
1.003358262777328491e+01
1.005852721929550242e+01
1.006306437253951991e+01
1.006135722398757970e+01
1.007017803192138672e+01
1.007367120981216502e+01
1.008928306102752614e+01
1.009824607372283900e+01
1.009487525224685633e+01
1.007956119775772130e+01
1.007789201736450124e+01
1.008722367286682164e+01
1.007967690229415858e+01
1.007548867464065623e+01
1.008489794731140066e+01
1.009144966602325511e+01
1.008527431488037074e+01
1.008971507549285818e+01
1.008775779008865392e+01
1.008437812328338623e+01
1.008686794042587209e+01
1.007812942266464162e+01
1.008705888986587595e+01
1.007931579351425100e+01
1.006918271780014074e+01
1.007215273380279541e+01
1.006497852802276682e+01
1.007315311431884730e+01
1.007222011089324987e+01
1.007978048324584996e+01
1.007566155195236135e+01
1.007206555604934728e+01
1.006543431282043422e+01
1.006749435663223302e+01
1.006579030752181936e+01
1.006216534376144445e+01
1.005645265579223668e+01
1.005102802515029836e+01
1.006301200389862061e+01
1.006990857124328542e+01
1.007493311166763306e+01
1.007117871046066249e+01
1.006930041313171387e+01
1.006941484212875437e+01
1.006622217893600535e+01
1.006889414787292480e+01
1.006929292678833043e+01
1.006570268869399953e+01
1.006329196691513062e+01
1.006629145145416260e+01
1.006237720251083445e+01
1.006642518043518031e+01
1.006168988943099940e+01
1.005326734781265330e+01
1.005874505043029821e+01
1.006657072305679357e+01
1.007150435447692871e+01
1.007688578367233312e+01
1.008030213117599416e+01
1.007954132556915283e+01
1.008466764688491857e+01
1.008538126945495605e+01
1.007117931842804026e+01
1.007109420299530100e+01
1.006387578248977732e+01
1.006151734590530467e+01
1.006479856967925990e+01
1.005155457258224416e+01
1.005227687358856237e+01
1.005455052852630615e+01
1.005619074106216360e+01
1.005181744098663366e+01
1.005235636234283447e+01
1.006147837638854980e+01
1.005921859741210866e+01
1.004958677291870117e+01
1.005547645092010534e+01
1.006058652400970388e+01
1.006289492845535349e+01
1.006124262809753489e+01
1.006289724111556971e+01
1.005126945972442698e+01
1.005710276365280187e+01
1.005852581262588430e+01
1.005472681522369349e+01
1.004552822113037180e+01
1.004067028760909963e+01
1.002873178720474279e+01
1.003017016649246251e+01
1.003909516334533691e+01
1.004648597240447927e+01
1.003191255331039500e+01
1.003263591527938914e+01
1.002210707664489675e+01
1.002605844736099172e+01
1.002825753688812327e+01
1.002774817943572927e+01
1.002332808971405065e+01
1.002173500061035227e+01
1.002237150669097865e+01
1.002209802865982091e+01
1.002186164855956996e+01
1.001188507080078161e+01
1.001656669378280640e+01
1.001806060075759852e+01
1.001206555366516149e+01
1.001362261772155726e+01
1.000873172283172607e+01
1.000989130735397303e+01
1.000945203304290843e+01
1.000609443187713588e+01
1.000612492561340261e+01
1.000606169700622594e+01
9.993898653984070179e+00
9.985023641586304066e+00
9.975845611095428112e+00
9.978979110717773438e+00
9.972577130794524791e+00
9.966172456741333008e+00
9.963211178779602051e+00
9.955999553203582764e+00
9.963966453075409291e+00
9.966985797882079723e+00
9.967831766605376842e+00
9.973424768447875621e+00
9.968822216987609508e+00
9.970551455020904896e+00
9.970098829269408824e+00
9.968701231479645486e+00
9.971043801307677867e+00
9.974515259265899658e+00
9.973837780952454324e+00
9.979482209682464244e+00
9.978910946846008656e+00
9.976387584209442494e+00
9.970593488216399791e+00
9.966921973228455300e+00
9.964903175830841064e+00
9.953819978237152810e+00
9.955538475513458607e+00
9.954079413414001820e+00
9.951577353477478738e+00
9.960615563392639871e+00
9.963383603096009011e+00
9.963019061088562722e+00
9.963147306442261097e+00
9.961404252052307839e+00
9.970389151573181508e+00
9.967058384418487904e+00
9.966896390914916637e+00
9.970025789737700705e+00
9.968393349647522328e+00
9.969838702678680775e+00
9.964369654655456543e+00
9.962096273899078369e+00
9.964738178253174539e+00
9.963572323322296143e+00
9.967228746414184215e+00
9.965879833698272350e+00
9.966297316551209207e+00
9.967501413822173362e+00
9.971246349811554666e+00
9.969718968868255260e+00
9.968897557258605602e+00
9.960663390159606223e+00
9.968219983577728982e+00
9.962931716442108510e+00
9.966110551357269642e+00
9.969056081771849875e+00
9.964554035663605092e+00
9.957944440841675515e+00
9.968232369422912242e+00
9.974362897872925515e+00
9.979058074951172586e+00
9.968529057502745871e+00
9.955836260318756459e+00
9.958599984645843506e+00
9.957012128829955344e+00
9.963221609592437744e+00
9.972644603252410533e+00
9.972251141071319935e+00
9.971276390552521462e+00
9.972546148300171609e+00
9.971571183204650524e+00
9.976663589477539062e+00
9.972266614437103271e+00
9.967523634433746338e+00
9.976509475708008168e+00
9.980675888061522727e+00
9.974944055080413818e+00
9.976459944248199818e+00
9.969802260398864746e+00
9.969251227378844504e+00
9.985483574867249246e+00
9.999482703208922629e+00
1.000345407724380564e+01
9.995159363746642711e+00
1.000676982402801585e+01
1.000510700941085851e+01
1.001686608791351318e+01
1.003018482923507726e+01
1.001468236446380544e+01
1.000612261295318639e+01
1.000107306241989136e+01
9.994571924209594727e+00
9.992991447448730469e+00
9.989182364940642600e+00
9.996484684944153543e+00
1.000021917819976736e+01
9.999982476234436035e+00
9.995925474166870828e+00
9.992973875999449973e+00
9.984715390205384011e+00
9.990377700328826549e+00
9.990711772441864369e+00
1.000099163055419993e+01
1.000927842855453420e+01
1.001996183395385742e+01
1.001610722541809118e+01
1.001751725673675608e+01
1.000968000888824427e+01
1.000484751462936472e+01
9.998607265949249978e+00
1.000508252382278407e+01
1.000184789896011317e+01
1.000523985624313283e+01
1.001777100563049316e+01
1.001766531467437815e+01
1.001288672685623204e+01
1.000231840610504186e+01
9.998576843738556263e+00
9.999616813659667258e+00
9.995394480228423362e+00
9.999804997444153187e+00
9.994113612174988504e+00
9.988070666790008545e+00
9.981858813762665150e+00
9.979704082012176514e+00
9.982533407211303000e+00
9.989105701446533203e+00
9.984305453300475364e+00
9.986855256557465310e+00
9.993230950832366233e+00
9.988169348239898326e+00
9.996174311637878063e+00
9.986326587200164084e+00
9.988663697242737172e+00
9.981739807128906961e+00
9.983552563190460916e+00
9.993006777763365989e+00
9.996927130222321267e+00
9.990982985496520641e+00
9.987159752845764515e+00
9.989176261425019021e+00
9.983658540248871560e+00
9.986816275119782205e+00
9.981980919837951660e+00
9.992795276641846414e+00
9.987597084045409801e+00
9.981472146511077170e+00
9.985576677322388406e+00
9.991913509368895774e+00
9.995316016674042459e+00
9.996656870841979625e+00
9.988855946063996072e+00
9.994692790508270974e+00
9.996842181682586315e+00
9.988258576393127086e+00
9.981593120098114724e+00
9.984675168991088867e+00
9.985921394824980979e+00
9.987022006511688588e+00
9.990492260456084850e+00
9.984503901004790904e+00
9.980778074264526012e+00
9.982548987865447643e+00
9.989456284046173806e+00
9.985347115993500111e+00
9.991607511043548939e+00
9.985572993755340576e+00
9.974837720394134521e+00
9.983238780498504994e+00
9.985745954513550515e+00
9.990332603454589844e+00
9.992783343791961315e+00
9.996811890602112172e+00
9.997515952587127330e+00
9.991817390918731334e+00
9.990153276920318959e+00
9.989517581462859397e+00
9.994606351852416637e+00
9.993312227725983377e+00
9.995110511779785156e+00
9.989710569381713867e+00
9.988101220130920055e+00
9.981673014163970237e+00
9.975070226192475076e+00
9.964599144458770041e+00
9.971482515335083008e+00
9.969712018966674805e+00
9.979448795318603516e+00
9.985543000698090310e+00
9.989190685749054666e+00
9.982784008979797008e+00
9.982806122303008678e+00
9.982330417633056285e+00
9.971581447124481912e+00
9.972514009475707653e+00
9.973017740249634500e+00
9.984329986572266336e+00
9.989933383464812522e+00
9.991081452369689586e+00
9.990893852710723166e+00
9.987268507480621338e+00
9.993469333648681285e+00
1.000057845115661692e+01
1.000301102399826014e+01
1.000553829669952322e+01
9.996727097034455056e+00
9.994995784759520774e+00
9.993232095241546986e+00
9.996456921100616455e+00
9.997962558269501088e+00
1.000564798116683995e+01
1.000401436090469431e+01
1.000135256052017141e+01
1.000311192274093663e+01
1.000941026210784912e+01
1.000534251928329432e+01
9.987873327732085471e+00
9.990771222114563699e+00
1.000046111345291067e+01
1.000353515148162842e+01
1.000756976604461634e+01
1.000735872983932495e+01
1.000870331525802648e+01
1.001234117746353114e+01
1.000949107408523631e+01
1.001509373188018870e+01
1.001104580163955760e+01
1.000566536188125610e+01
1.000137257575988770e+01
1.000163263082504272e+01
1.000133184194564784e+01
1.000330774784088206e+01
1.000512808561325073e+01
1.000722372531890869e+01
1.000520883798599314e+01
1.000630676746368408e+01
1.000863691568374669e+01
1.001059570312500036e+01
1.000931314229965174e+01
1.000266072750091517e+01
1.000458648204803502e+01
9.999554741382599587e+00
1.000914031267166138e+01
1.000259454250335622e+01
9.993457520008087513e+00
9.987657248973846436e+00
9.984465026855469105e+00
9.989981782436370139e+00
9.991550278663634543e+00
9.990381145477295277e+00
9.991409873962401988e+00
9.984371232986450906e+00
9.987572288513183238e+00
9.988776230812073109e+00
9.997249865531921742e+00
9.989147174358368630e+00
9.988444256782532449e+00
9.985920703411101940e+00
9.980112171173095348e+00
9.986403465270996094e+00
9.986851072311401012e+00
9.988724136352539418e+00
9.978477203845978138e+00
9.975129520893096569e+00
9.974967849254607444e+00
9.976498055458069558e+00
9.963046479225159402e+00
9.947274541854858043e+00
9.931132233142852428e+00
9.910493516921997426e+00
9.901399862766265159e+00
9.886301553249358776e+00
9.851169139146804810e+00
9.826174110174179077e+00
9.803820186853409169e+00
9.777007436752318981e+00
9.734728902578353882e+00
9.707394987344741821e+00
9.681545501947402599e+00
9.660965913534164784e+00
9.632019120454788919e+00
9.600746941566466575e+00
9.582470798492431996e+00
9.566117870807648416e+00
9.535019373893737438e+00
9.509777462482452037e+00
9.488389468193053844e+00
9.471751904487609508e+00
9.444764757156372426e+00
9.409426951408386586e+00
9.365358966588974710e+00
9.332632660865783691e+00
9.298840719461441751e+00
9.252822184562683461e+00
9.206096702814102528e+00
9.165715456008911133e+00
9.124338799715042470e+00
9.070175999403000233e+00
9.022061020135879517e+00
8.964739114046096802e+00
8.928877365589141135e+00
8.903503608703612571e+00
8.866284948587416892e+00
8.813815271854400279e+00
8.766355198621749167e+00
8.714666712284088845e+00
8.674958360195159202e+00
8.625541996955870871e+00
8.572859776020049338e+00
8.519412130117416382e+00
8.482223409414292092e+00
8.445140236616134999e+00
8.392411941289902089e+00
8.358432322740554810e+00
8.316609382629394531e+00
8.273222118616104126e+00
8.227649039030074718e+00
8.172615575790405984e+00
8.133527201414107566e+00
8.082915472984314675e+00
8.027759498357772472e+00
7.984039330482483265e+00
7.918824607133865712e+00
7.873902863264083507e+00
7.841597467660903931e+00
7.804532343149185536e+00
7.778082805871963323e+00
7.748110747337340953e+00
7.690576177835464655e+00
7.644586902856826960e+00
7.600092941522598622e+00
7.546224349737167714e+00
7.483548629283904852e+00
7.441824209690094172e+00
7.378907144069671631e+00
7.333976125717162731e+00
7.293464952707291005e+00
7.249910086393356323e+00
7.211244356632232844e+00
7.167868381738662364e+00
7.125176000595092596e+00
7.071160298585891901e+00
7.031562685966491699e+00
6.979652333259582342e+00
6.913739073276519598e+00
6.855728751420974376e+00
6.804247480630874811e+00
6.751951181888580678e+00
6.722355622053146185e+00
6.703852236270904541e+00
6.665792530775069835e+00
6.629127943515777943e+00
6.620170199871063588e+00
6.597739768028259455e+00
6.560808032751083374e+00
6.532975524663925171e+00
6.514375519752502619e+00
6.489922291040420177e+00
6.455019736289978383e+00
6.420569652318954823e+00
6.407442009449004772e+00
6.386681896448135554e+00
6.333562648296355846e+00
6.310453307628631769e+00
6.300182056427002131e+00
6.265805220603942516e+00
6.235945451259612859e+00
6.200013142824173151e+00
6.159421318769455311e+00
6.128370702266693115e+00
6.119823098182678223e+00
6.092716473340987982e+00
6.077735751867294312e+00
6.078998941183090032e+00
6.088452231884002863e+00
6.097633069753646495e+00
6.112751388549805043e+00
6.123234015703201472e+00
6.114442199468612671e+00
6.107508581876754938e+00
6.073756998777389171e+00
6.035981130599975764e+00
6.012923216819762828e+00
6.005301386117935181e+00
5.984240889549255371e+00
5.963767141103744507e+00
5.948188096284866333e+00
5.934828174114227473e+00
5.942660129070281627e+00
5.942836570739745916e+00
5.926424968242645086e+00
5.906307953596114935e+00
5.901579070091247381e+00
5.862954628467559992e+00
5.845729160308837713e+00
5.818602842092514216e+00
5.792588740587234497e+00
5.792639774084091364e+00
5.781619673967361095e+00
5.767408162355422974e+00
5.749945950508117853e+00
5.728765034675598500e+00
5.717627841234206976e+00
5.691675597429275868e+00
5.661060237884521840e+00
5.640216684341430309e+00
5.628209239244460704e+00
5.600480037927627386e+00
5.593631410598755238e+00
5.579912364482879639e+00
5.565211302042007091e+00
5.573162275552749456e+00
5.578561073541640880e+00
5.553077638149261475e+00
5.548517161607742665e+00
5.541305714845657704e+00
5.515438151359558283e+00
5.497471624612808583e+00
5.487719875574112116e+00
5.471879452466964722e+00
5.462040567398071644e+00
5.455882889032364069e+00
5.442195957899093273e+00
5.445975464582443415e+00
5.455606967210769653e+00
5.436497718095779419e+00
5.424554762244224726e+00
5.408427286148071111e+00
5.376503106951713740e+00
5.337313014268874944e+00
5.307166028022765936e+00
5.290039330720901489e+00
5.271758776903152643e+00
5.251924932003021240e+00
5.246302807331085560e+00
5.249057763814926503e+00
5.254097181558608831e+00
5.238695603609085261e+00
5.229050230979919611e+00
5.212065249681472778e+00
5.177579692006110790e+00
5.172256037592887878e+00
5.176396957039832714e+00
5.144285264611244024e+00
5.112624987959861755e+00
5.115989449620246710e+00
5.111996749043465016e+00
5.110104736685753046e+00
5.105601188540458857e+00
5.105878320336342036e+00
5.092265239357947948e+00
5.078322443366050543e+00
5.065875855088234125e+00
5.030907130241393688e+00
4.991176795959472834e+00
4.948720982670783641e+00
4.923476496338844655e+00
4.892560097575187505e+00
4.887939241528511225e+00
4.897028502821922480e+00
4.888230559229850947e+00
4.890176954865455450e+00
4.878194019198417664e+00
4.871717116236686351e+00
4.871112099289893749e+00
4.862554222345352173e+00
4.857859599590301336e+00
4.878087890148163019e+00
4.875984066724777577e+00
4.871835887432098389e+00
4.866555464267730891e+00
4.860527092218399403e+00
4.850708693265914917e+00
4.863409972190856578e+00
4.847482258081436512e+00
4.838861751556396307e+00
4.836996412277221324e+00
4.833283007144927979e+00
4.820424288511276245e+00
4.820384502410888672e+00
4.818707829713821056e+00
4.822757387161255238e+00
4.827845585346222101e+00
4.839892917871475575e+00
4.833177775144577026e+00
4.817261508107185008e+00
4.789320227503776728e+00
4.757406857609749018e+00
4.749251112341880798e+00
4.740304931998252869e+00
4.728790435194969000e+00
4.708322498202323736e+00
4.688381579518318354e+00
4.692755970358848394e+00
4.689872869849205372e+00
4.676124772429465892e+00
4.662020921707153320e+00
4.640816649794578197e+00
4.619139552116394043e+00
4.608138877153396429e+00
4.576509472727775751e+00
4.560589346289634527e+00
4.547387382388114574e+00
4.537829414010047913e+00
4.530482473969459356e+00
4.542161229252815069e+00
4.549802178144455311e+00
4.566879281401634572e+00
4.559695583581924616e+00
4.558947527408600209e+00
4.550380894541740773e+00
4.557170835137367426e+00
4.544677284359932123e+00
4.552730956673622487e+00
4.559520372748375294e+00
4.563292244076729176e+00
4.568240407109260381e+00
4.567709407210349681e+00
