-3.846054315567016602e+00
1.457713127136230469e+00
-1.016529679298400879e+00
4.109377861022949219e-01
4.994614422321319580e-02
-3.272912800312042236e-01
-5.419726967811584473e-01
-4.508599340915679932e-01
9.891837090253829956e-02
2.052465975284576416e-01
-6.319598555564880371e-01
1.920894980430603027e-01
8.253959566354751587e-02
-1.216856002807617188e+00
-9.598573446273803711e-01
1.547002494335174561e-01
2.633678019046783447e-01
-1.454495787620544434e-01
2.700566053390502930e-01
8.068700432777404785e-01
1.882799118757247925e-01
-6.404315829277038574e-01
-1.269739866256713867e+00
-1.262715578079223633e+00
-9.035525918006896973e-01
-7.335062026977539062e-01
-1.365427374839782715e-01
9.293709695339202881e-02
2.493950575590133667e-01
-7.883987575769424438e-02
-3.895253241062164307e-01
-1.501755714416503906e-01
4.428114891052246094e-01
1.020639419555664062e+00
1.746145784854888916e-01
-7.293006181716918945e-01
-1.233450412750244141e+00
-1.163694500923156738e+00
-3.606944680213928223e-01
-2.246401160955429077e-01
-7.210703194141387939e-02
9.142915904521942139e-02
4.224100708961486816e-02
2.623489499092102051e-01
4.340727329254150391e-01
8.584772944450378418e-01
9.784277081489562988e-01
1.558868139982223511e-01
-4.173771440982818604e-01
-6.564958691596984863e-01
-1.044455051422119141e+00
-1.270701169967651367e+00
-9.257227182388305664e-01
-3.131608664989471436e-01
3.844502568244934082e-02
-9.160602092742919922e-02
-3.586520552635192871e-01
-4.733974933624267578e-01
4.545783400535583496e-01
1.446412324905395508e+00
1.278389573097229004e+00
5.697216391563415527e-01
-4.053398072719573975e-01
-5.493515729904174805e-01
-2.969027459621429443e-01
-1.403999328613281250e-01
1.567130088806152344e-01
-6.000925898551940918e-01
-6.033839583396911621e-01
-2.051215767860412598e-01
3.127640187740325928e-01
1.087273955345153809e+00
9.125767946243286133e-01
2.275403439998626709e-01
-6.054588556289672852e-01
-7.108165621757507324e-01
-5.122957229614257812e-01
-1.481861025094985962e-01
3.393093943595886230e-01
6.713857054710388184e-01
1.742081344127655029e-01
-3.924585580825805664e-01
-7.456156015396118164e-01
-5.146368741989135742e-01
-8.613740652799606323e-02
2.042364031076431274e-01
6.861918568611145020e-01
7.188645601272583008e-01
6.605690121650695801e-01
4.932982921600341797e-01
-2.540386617183685303e-01
-4.247604310512542725e-01
-1.586169004440307617e-02
-3.924900665879249573e-02
6.451461911201477051e-01
1.058859586715698242e+00
7.110291123390197754e-01
2.329043149948120117e-01
-6.494823843240737915e-02
8.107330203056335449e-01
9.213997721672058105e-01
-1.185087338089942932e-01
-1.920679450035095215e+00
-2.613821744918823242e+00
-3.643270134925842285e-01
2.332484960556030273e+00
2.016546249389648438e+00
-2.062931060791015625e+00
-1.932627439498901367e+00
9.473481774330139160e-01
1.753118991851806641e+00
1.716400980949401855e+00
4.270706474781036377e-01
-1.183759808540344238e+00
-1.491076827049255371e+00
-3.208353519439697266e-01
4.918178319931030273e-01
4.661690294742584229e-01
-3.904048800468444824e-01
-1.283436059951782227e+00
5.415579080581665039e-01
2.334021329879760742e+00
-3.021183609962463379e-02
-1.508356928825378418e+00
9.250899404287338257e-02
2.796108245849609375e+00
8.151334524154663086e-02
-3.342883586883544922e+00
2.033510208129882812e-01
-8.619948476552963257e-02
-1.159636378288269043e+00
-1.708184242248535156e+00
1.050525307655334473e-01
7.499603033065795898e-01
9.115981459617614746e-01
8.237949609756469727e-01
-1.364861428737640381e-01
1.298461556434631348e-01
1.972884893417358398e+00
-1.660442501306533813e-01
-3.665523767471313477e+00
-5.233735442161560059e-01
1.729206442832946777e+00
3.830344080924987793e-01
-2.738211154937744141e+00
5.393373966217041016e-02
-1.225403904914855957e+00
1.776469826698303223e+00
-5.617509037256240845e-02
-2.367340326309204102e+00
-1.664479017257690430e+00
8.813511133193969727e-01
2.548460960388183594e-01
-1.163237690925598145e+00
-8.960284590721130371e-01
-3.465740382671356201e-01
-2.900345027446746826e-01
-3.067489266395568848e-01
1.266327649354934692e-01
8.250416517257690430e-01
9.530677199363708496e-01
4.841800630092620850e-01
-4.822766184806823730e-01
-8.743843436241149902e-01
-5.671076178550720215e-01
-1.481386423110961914e-01
3.457637429237365723e-01
6.402560472488403320e-01
-8.667016774415969849e-02
-6.852415800094604492e-01
-5.270581245422363281e-01
5.889983102679252625e-02
4.497458040714263916e-01
7.887350767850875854e-02
-8.223532438278198242e-01
-9.273414611816406250e-01
-7.738958001136779785e-01
-2.326222658157348633e-01
-2.680016458034515381e-01
-1.601185649633407593e-02
1.329222023487091064e-01
-2.720610499382019043e-01
-5.407626032829284668e-01
-5.578072667121887207e-01
-2.470717728137969971e-01
4.601569473743438721e-02
2.853989601135253906e-01
-1.993704438209533691e-01
-1.026620149612426758e+00
-1.233966469764709473e+00
-9.336488842964172363e-01
-3.920108079910278320e-02
4.320648312568664551e-01
5.674268007278442383e-01
-3.724305331707000732e-02
-4.174355268478393555e-01
2.257452160120010376e-01
7.960206866264343262e-01
3.287365734577178955e-01
-1.890514940023422241e-01
-1.418967843055725098e+00
-1.689051985740661621e+00
-1.484728097915649414e+00
-1.135625958442687988e+00
-3.750241398811340332e-01
-1.988650411367416382e-01
-3.777346014976501465e-01
-6.461809277534484863e-01
-2.188725620508193970e-01
6.629134416580200195e-01
8.166489601135253906e-01
1.945666223764419556e-01
-1.393518805503845215e+00
-1.356615900993347168e+00
-2.489911019802093506e-01
-1.279668360948562622e-01
1.059945225715637207e-01
3.239208459854125977e-01
4.038942158222198486e-01
5.548989176750183105e-01
4.942554533481597900e-01
6.652793884277343750e-01
1.019163250923156738e+00
1.956011056900024414e-01
-3.797542154788970947e-01
-6.764231324195861816e-01
-1.770612835884094238e+00
-9.203210473060607910e-01
-6.032921671867370605e-01
-1.250303536653518677e-01
-2.055904269218444824e-01
-4.764522314071655273e-01
-5.711432099342346191e-01
1.041328310966491699e-01
1.288773775100708008e+00
1.257071495056152344e+00
4.738023877143859863e-02
-9.082881808280944824e-01
-5.551933646202087402e-01
2.667350172996520996e-01
2.379439175128936768e-01
2.071923315525054932e-01
-3.382677733898162842e-01
-6.002141237258911133e-01
-3.284953236579895020e-01
1.269322752952575684e+00
8.167501091957092285e-01
-1.714694797992706299e-01
-7.875707149505615234e-01
-1.070491909980773926e+00
-5.011285543441772461e-01
2.060867547988891602e-01
4.438929259777069092e-01
-3.764076232910156250e-01
-6.666262149810791016e-01
-3.914067745208740234e-01
1.779902577400207520e-01
7.191559672355651855e-01
5.224810838699340820e-01
7.075745612382888794e-03
-4.074889421463012695e-02
-4.609027802944183350e-01
-4.426338076591491699e-01
1.241230666637420654e-01
1.037742853164672852e+00
9.012664556503295898e-01
4.391773939132690430e-01
-2.522382140159606934e-01
-2.432738840579986572e-01
5.697113871574401855e-01
9.299599528312683105e-01
-1.256088614463806152e-01
-3.189851999282836914e+00
1.354797929525375366e-01
1.737901210784912109e+00
1.468854188919067383e+00
-2.045887947082519531e+00
-8.468580842018127441e-01
1.418822765350341797e+00
1.730779886245727539e+00
1.166975975036621094e+00
-2.894750237464904785e-01
-1.401016950607299805e+00
1.866717189550399780e-01
8.470293879508972168e-01
4.544636309146881104e-01
1.589008420705795288e-01
-1.040833219885826111e-01
-9.583759307861328125e-02
7.268271446228027344e-01
1.491288661956787109e+00
1.385681986808776855e+00
1.875862479209899902e-01
-2.683778285980224609e+00
-2.953881740570068359e+00
-3.635046482086181641e-01
4.493515193462371826e-02
3.667518496513366699e-01
4.472556114196777344e-01
2.064836323261260986e-01
-8.087552785873413086e-01
-1.306422114372253418e+00
-1.327272772789001465e+00
-8.230223655700683594e-01
3.363905549049377441e-01
1.826376199722290039e+00
2.140170335769653320e+00
1.958549499511718750e+00
5.803908109664916992e-01
-6.812592744827270508e-01
-1.244110941886901855e+00
-5.812647342681884766e-01
-2.000223994255065918e-01
9.357704222202301025e-02
1.953791826963424683e-01
2.436642050743103027e-01
-8.572802543640136719e-01
-1.136187911033630371e+00
-1.014644622802734375e+00
-2.863553762435913086e-01
1.689074188470840454e-01
7.065426707267761230e-01
7.965869903564453125e-01
3.041447401046752930e-01
-6.959114223718643188e-03
-1.185431003570556641e+00
-8.455058336257934570e-01
4.975894987583160400e-01
2.160853624343872070e+00
2.615092515945434570e+00
2.222670793533325195e+00
1.062425673007965088e-01
-2.136160850524902344e+00
-3.783184289932250977e+00
-1.750659584999084473e+00
-2.096142172813415527e-01
5.988901257514953613e-01
4.458337128162384033e-01
-2.727125212550163269e-02
-1.937336325645446777e-01
-7.034897804260253906e-03
-9.015450477600097656e-01
-6.842211484909057617e-01
-1.064388513565063477e+00
-5.569203495979309082e-01
-2.993921041488647461e-01
1.218108087778091431e-01
8.634297847747802734e-01
1.091417789459228516e+00
8.019818067550659180e-01
3.132757842540740967e-01
-1.800041496753692627e-01
-6.340073347091674805e-01
-9.296540021896362305e-01
-2.308034002780914307e-01
4.227869957685470581e-02
5.244612097740173340e-01
4.853645265102386475e-01
4.171548187732696533e-01
4.412956237792968750e-01
1.592743396759033203e-01
-1.808766722679138184e-01
-2.460273504257202148e-01
-5.845489501953125000e-01
-4.812993481755256653e-02
3.188420832157135010e-01
5.713362097740173340e-01
4.806300699710845947e-01
3.247958421707153320e-01
-1.204009950160980225e-01
-4.912081956863403320e-01
-8.296455144882202148e-01
-6.672701835632324219e-01
-9.755936861038208008e-01
-7.432693839073181152e-01
-7.611127495765686035e-01
-2.717530727386474609e-01
-1.871869713068008423e-01
1.891965419054031372e-01
7.675528526306152344e-02
-2.512798011302947998e-01
-2.433635741472244263e-01
-7.886015176773071289e-01
-3.869302272796630859e-01
-1.935379505157470703e-01
1.309090256690979004e-01
1.664087623357772827e-01
-5.165246725082397461e-01
-1.204765915870666504e+00
-1.233885169029235840e+00
-1.256713271141052246e+00
3.739342093467712402e-01
5.055690407752990723e-01
4.276372492313385010e-01
5.843512713909149170e-03
-3.684979379177093506e-01
1.250917315483093262e-01
7.013998627662658691e-01
5.371514558792114258e-01
-1.302258074283599854e-01
-1.334169864654541016e+00
-1.820998311042785645e+00
-1.293966412544250488e+00
-9.788106083869934082e-01
-2.295517772436141968e-01
-5.036147832870483398e-01
-7.269480824470520020e-01
-6.386183947324752808e-02
6.224152445793151855e-01
1.107726097106933594e+00
6.192524433135986328e-01
-3.624872267246246338e-01
-1.225316405296325684e+00
-1.273776531219482422e+00
-1.077262401580810547e+00
-5.372655987739562988e-01
-5.580659210681915283e-02
-1.385119408369064331e-01
1.588966101408004761e-01
2.728129625320434570e-01
5.686001777648925781e-01
5.388733148574829102e-01
8.039080500602722168e-01
8.632918000221252441e-01
2.723626494407653809e-01
-3.566189408302307129e-01
-1.391702651977539062e+00
-1.478500127792358398e+00
-1.014950156211853027e+00
-4.733591973781585693e-01
-3.487111926078796387e-01
-7.021240592002868652e-01
-5.742063522338867188e-01
-4.662704169750213623e-01
-1.401363760232925415e-01
6.383303403854370117e-01
1.198202610015869141e+00
-9.269038438796997070e-01
-3.845557868480682373e-01
2.667891085147857666e-01
2.718967199325561523e-01
7.764150202274322510e-02
-6.377745270729064941e-01
-3.399379849433898926e-01
-5.537699162960052490e-02
6.066858768463134766e-01
6.808068752288818359e-01
-2.662363350391387939e-01
-8.077452778816223145e-01
-1.065206527709960938e+00
-1.257329434156417847e-01
2.123348712921142578e-01
9.504848718643188477e-02
-1.547621935606002808e-01
-9.452250599861145020e-01
-7.287955880165100098e-01
-3.835167884826660156e-01
8.986161649227142334e-02
6.402584910392761230e-01
7.262921333312988281e-01
4.511985480785369873e-01
4.884238168597221375e-02
-3.217848539352416992e-01
-7.342261075973510742e-01
-2.279607057571411133e-01
2.337481379508972168e-01
1.088840484619140625e+00
1.009178280830383301e+00
3.271951973438262939e-01
-2.563097476959228516e-01
-2.465409189462661743e-01
5.172932147979736328e-01
7.642413377761840820e-01
1.549251824617385864e-01
-1.206121563911437988e+00
-2.275990962982177734e+00
-1.714329004287719727e+00
1.689894914627075195e+00
-8.401440978050231934e-01
-2.430198669433593750e+00
-2.207561731338500977e-01
1.607029318809509277e+00
2.151852130889892578e+00
4.652772843837738037e-01
-2.088818311691284180e+00
-1.426993489265441895e+00
-8.692814111709594727e-01
4.711318612098693848e-01
1.885652899742126465e+00
8.741271495819091797e-01
-1.376820087432861328e+00
6.452465653419494629e-01
1.777563810348510742e+00
4.341868758201599121e-01
-1.470329403877258301e+00
-3.546743392944335938e+00
-2.088505268096923828e+00
5.325061678886413574e-01
6.181901693344116211e-01
-1.093089431524276733e-01
-9.907144308090209961e-01
-1.587360858917236328e+00
-1.153138875961303711e+00
6.729653477668762207e-01
2.048207044601440430e+00
1.641671180725097656e+00
1.893776357173919678e-01
-8.072154521942138672e-01
-4.364424049854278564e-01
1.001368641853332520e+00
5.307646393775939941e-01
-1.944211363792419434e+00
-3.271565675735473633e+00
-8.465879410505294800e-02
1.989548325538635254e+00
1.931217312812805176e+00
-9.208261966705322266e-01
-2.677126884460449219e+00
-1.726474165916442871e+00
1.260741710662841797e+00
1.238725423812866211e+00
-5.398290157318115234e-01
-2.301100492477416992e+00
1.066346019506454468e-01
2.862302064895629883e-01
8.673620223999023438e-02
-3.102520704269409180e-01
-3.535135090351104736e-01
-7.897619605064392090e-01
-3.081110715866088867e-01
1.105934679508209229e-01
6.413803100585937500e-01
9.847799539566040039e-01
1.698281317949295044e-01
-7.419328093528747559e-01
-6.968649625778198242e-01
1.082934141159057617e-01
3.986456096172332764e-01
5.353960394859313965e-01
8.497029542922973633e-03
-5.563170909881591797e-01
-3.519281446933746338e-01
8.536353707313537598e-04
5.935896039009094238e-01
5.387805104255676270e-01
3.712493181228637695e-02
-6.261945962905883789e-01
-8.369723558425903320e-01
-9.269471168518066406e-01
-8.327404856681823730e-01
-7.100558280944824219e-02
5.150804668664932251e-02
-1.767528951168060303e-01
8.296006917953491211e-02
-3.456720709800720215e-02
-7.167093753814697266e-01
-4.901635646820068359e-01
2.242165058851242065e-02
1.439568996429443359e-01
1.299972385168075562e-01
-2.771287262439727783e-01
-9.376813769340515137e-01
-7.478604316711425781e-01
-2.383319139480590820e-01
3.953050374984741211e-01
4.487945437431335449e-01
1.521384119987487793e-01
-1.786742955446243286e-01
-1.858675479888916016e-01
2.656658589839935303e-01
5.306014418601989746e-01
7.562657594680786133e-01
1.575661003589630127e-01
-1.138610601425170898e+00
-1.459791302680969238e+00
-1.402095556259155273e+00
-1.302895307540893555e+00
-7.674127817153930664e-01
-1.944613903760910034e-01
-6.867364794015884399e-02
-1.597582548856735229e-02
-2.656792402267456055e-01
-5.750162601470947266e-01
4.916095435619354248e-01
1.046470522880554199e+00
1.694623678922653198e-01
-9.293391704559326172e-01
-1.356740355491638184e+00
-1.261620759963989258e+00
-9.520015716552734375e-01
-4.768242686986923218e-02
-4.601930081844329834e-02
-9.835285693407058716e-02
3.927138149738311768e-01
8.412799239158630371e-01
9.600340127944946289e-01
5.067425370216369629e-01
-3.103074729442596436e-01
-1.027592778205871582e+00
-1.911182284355163574e+00
-1.092145442962646484e+00
-4.792975187301635742e-01
-4.893176257610321045e-02
-2.258948683738708496e-01
1.123382225632667542e-01
7.898269295692443848e-01
1.134828448295593262e+00
1.304461061954498291e-01
-5.362921357154846191e-01
-8.399776220321655273e-01
-3.846961557865142822e-01
2.375874370336532593e-01
3.506648838520050049e-01
2.012964487075805664e-01
-1.319065839052200317e-01
-5.578047037124633789e-01
-5.616324543952941895e-01
-5.462164878845214844e-01
-6.329783052206039429e-02
3.779386878013610840e-01
1.038916707038879395e+00
1.273197293281555176e+00
8.180301189422607422e-01
2.761417925357818604e-01
-4.675317108631134033e-01
-9.553246498107910156e-01
-5.725315213203430176e-01
-6.076831221580505371e-01
-4.209778904914855957e-01
4.976439476013183594e-02
6.177791208028793335e-02
4.363035857677459717e-01
-3.106358647346496582e-01
-7.910970449447631836e-01
-8.807842731475830078e-01
-6.294780373573303223e-01
-1.359066367149353027e-01
8.020458370447158813e-02
4.493843913078308105e-01
1.343016624450683594e-01
-3.140821754932403564e-01
-8.288657069206237793e-01
-6.041333675384521484e-01
-7.467830777168273926e-01
-4.633912444114685059e-02
3.992805778980255127e-01
1.114181518554687500e+00
1.036713361740112305e+00
6.995252370834350586e-01
2.593591511249542236e-01
-3.339523673057556152e-01
1.977363228797912598e-01
1.498156666755676270e+00
1.280452728271484375e+00
-3.556557297706604004e-01
-3.176708698272705078e+00
-2.798251628875732422e+00
-9.743364155292510986e-02
1.390697836875915527e+00
1.179551839828491211e+00
1.365060806274414062e-01
-1.362846016883850098e+00
-7.587394118309020996e-02
1.067499995231628418e+00
1.639100790023803711e+00
1.757735848426818848e+00
8.626618981361389160e-01
-1.029710531234741211e+00
-1.652357220649719238e+00
-1.573381543159484863e+00
-2.548822164535522461e-01
3.258345723152160645e-01
4.068404138088226318e-01
5.293589830398559570e-01
1.097770109772682190e-01
-2.653178572654724121e-01
-9.814833998680114746e-01
-3.621739745140075684e-01
4.445648938417434692e-02
8.747058510780334473e-01
9.772974848747253418e-01
7.636964321136474609e-01
1.074134469032287598e+00
9.168863892555236816e-01
5.120598673820495605e-01
-1.553622484207153320e-01
-1.785287499427795410e+00
-2.900639533996582031e+00
-3.037722826004028320e+00
2.793991565704345703e-01
1.277421116828918457e-01
2.978851497173309326e-01
-2.065423130989074707e-02
-3.943621814250946045e-01
-8.383468985557556152e-01
-7.450451254844665527e-01
-1.070599332451820374e-01
3.375955224037170410e-01
1.383073925971984863e+00
1.517870903015136719e+00
1.254993081092834473e+00
8.135710358619689941e-01
-1.992990523576736450e-01
-1.540260195732116699e+00
-1.967439055442810059e+00
-8.244821429252624512e-01
5.283013582229614258e-01
1.074298262596130371e+00
4.478847384452819824e-01
-1.015519022941589355e+00
-2.302269697189331055e+00
-9.033691287040710449e-01
1.113434791564941406e+00
1.893666505813598633e+00
1.407938957214355469e+00
1.722284555435180664e-01
3.756394237279891968e-02
-5.376476645469665527e-01
-3.928431570529937744e-01
-1.314162164926528931e-01
-7.629424333572387695e-02
-2.800667285919189453e-02
-3.547956943511962891e-01
-9.289985299110412598e-01
-9.823928475379943848e-01
-6.231598854064941406e-01
-3.074719607830047607e-01
1.635890156030654907e-01
-3.531299233436584473e-01
-5.407454967498779297e-01
-5.973970293998718262e-01
-4.218081235885620117e-01
2.049127370119094849e-01
2.833686470985412598e-01
4.923692643642425537e-01
1.739868670701980591e-01
-7.845135033130645752e-02
-6.013329029083251953e-01
-5.186412334442138672e-01
-3.403931260108947754e-01
-2.641319110989570618e-02
3.382573425769805908e-01
5.343716740608215332e-01
1.093397140502929688e-01
-1.577987372875213623e-01
-8.807847499847412109e-01
-8.924571275711059570e-01
-5.650373101234436035e-01
-2.864723205566406250e-01
-3.457622230052947998e-02
6.703940033912658691e-02
1.646690964698791504e-01
-3.153937458992004395e-01
-6.376378536224365234e-01
-6.276562809944152832e-01
-3.331029787659645081e-02
8.148854225873947144e-02
2.052942365407943726e-01
8.700778335332870483e-02
-5.133277773857116699e-01
-1.285498261451721191e+00
-1.266318440437316895e+00
4.817575216293334961e-01
3.592447042465209961e-01
-7.547957450151443481e-02
-3.299605846405029297e-01
-1.689599454402923584e-01
2.801969349384307861e-01
7.551406025886535645e-01
2.285728156566619873e-01
-1.725191622972488403e-01
-1.262064099311828613e+00
-1.672836303710937500e+00
-1.085293292999267578e+00
-3.220226466655731201e-01
-2.401873022317886353e-01
1.228605806827545166e-01
-1.154644414782524109e-01
-5.639952421188354492e-01
-3.941578269004821777e-01
4.678522050380706787e-01
1.159144997596740723e+00
6.605184078216552734e-01
-5.135940313339233398e-01
-1.524582982063293457e+00
-1.496999263763427734e+00
-1.338439226150512695e+00
-6.454632282257080078e-01
-3.523560762405395508e-01
-2.757639586925506592e-01
-2.149531841278076172e-01
-1.185272634029388428e-01
1.995785534381866455e-02
3.307915329933166504e-01
3.180752992630004883e-01
5.202293992042541504e-01
7.528263330459594727e-01
9.175595641136169434e-01
2.686123549938201904e-01
-3.915026485919952393e-01
-9.440736174583435059e-01
-1.219656109809875488e+00
-1.497219800949096680e+00
-9.476912617683410645e-01
-4.483646750450134277e-01
-1.442497968673706055e-01
-1.093588545918464661e-01
-3.994398415088653564e-01
-6.483273506164550781e-01
2.802760712802410126e-02
6.365064382553100586e-01
1.535700440406799316e+00
6.982666254043579102e-01
1.313273608684539795e-01
-6.217017769813537598e-01
-3.237786293029785156e-01
-4.667013287544250488e-01
2.063661813735961914e-01
4.085677266120910645e-01
-4.889585375785827637e-01
-5.523099899291992188e-01
-8.442362397909164429e-02
3.693491518497467041e-01
1.171580195426940918e+00
1.071441054344177246e+00
1.495142132043838501e-01
-5.962424874305725098e-01
-9.767577052116394043e-01
-6.595815420150756836e-01
-3.803773820400238037e-01
2.174604833126068115e-01
-1.817751675844192505e-02
-7.107846140861511230e-01
-8.258497714996337891e-01
-6.297537088394165039e-01
-2.249815315008163452e-01
2.529307901859283447e-01
7.248995900154113770e-01
4.520621299743652344e-01
3.715650141239166260e-01
-1.946134269237518311e-01
3.658574819564819336e-01
9.453868269920349121e-01
8.528097867965698242e-01
7.535862922668457031e-01
4.711205065250396729e-01
7.497107982635498047e-02
-4.890705645084381104e-01
-7.384725809097290039e-01
-5.752654671669006348e-01
2.813197374343872070e-01
9.421081542968750000e-01
8.290903568267822266e-01
2.523192465305328369e-01
-1.430891156196594238e-01
-1.777587413787841797e+00
-3.232776403427124023e+00
-2.326719284057617188e+00
4.321970045566558838e-02
1.489700675010681152e+00
1.771109938621520996e+00
1.464452266693115234e+00
-7.259592413902282715e-02
-1.860913753509521484e+00
-2.248214483261108398e+00
-7.643826007843017578e-01
8.139254450798034668e-01
1.742739439010620117e+00
2.280628204345703125e+00
1.900908946990966797e+00
-1.123555302619934082e-01
-1.809400677680969238e+00
-2.058588981628417969e+00
-9.221062660217285156e-01
7.582271099090576172e-01
1.054524898529052734e+00
-6.419142484664916992e-01
-1.398232460021972656e+00
5.448743104934692383e-01
2.173190593719482422e+00
1.082050681114196777e+00
1.877654075622558594e+00
-6.206113100051879883e-01
-3.447221279144287109e+00
-2.612289905548095703e+00
-1.777699589729309082e-02
3.713209033012390137e-01
1.159940958023071289e-01
-4.578809738159179688e-01
-7.314020395278930664e-01
-1.190765619277954102e+00
-8.058139681816101074e-01
5.212224721908569336e-01
1.788222074508666992e+00
1.153358817100524902e+00
6.864580512046813965e-02
-5.076431035995483398e-01
-6.933678388595581055e-01
5.344192683696746826e-02
1.541236937046051025e-01
-2.387300133705139160e-03
-4.845750331878662109e-01
-1.290776491165161133e+00
1.256849318742752075e-01
9.406125545501708984e-01
2.680361270904541016e-01
-1.138512134552001953e+00
-1.081763148307800293e+00
1.921330094337463379e+00
3.463210582733154297e+00
5.563272237777709961e-01
-2.388259887695312500e+00
-2.329838514328002930e+00
8.994640409946441650e-02
-2.480133175849914551e-01
-2.294799804687500000e+00
-5.463415980339050293e-01
8.155757784843444824e-01
-6.025879383087158203e-01
-1.727534413337707520e+00
-2.015408992767333984e+00
7.225034832954406738e-01
2.313684701919555664e+00
1.469319224357604980e+00
4.944826364517211914e-01
-1.225699186325073242e+00
4.625234603881835938e-01
2.118958979845046997e-01
-3.511143326759338379e-01
-4.041095674037933350e-01
-1.755488663911819458e-01
4.309933185577392578e-01
4.987996816635131836e-01
2.814151346683502197e-02
-6.172600388526916504e-01
-1.223021507263183594e+00
-7.032483816146850586e-01
-5.443193912506103516e-01
-2.051030099391937256e-01
-3.415863215923309326e-02
6.927599012851715088e-02
-7.577941566705703735e-02
-7.672345042228698730e-01
-5.712931752204895020e-01
-7.275828719139099121e-02
1.972918957471847534e-01
3.625476360321044922e-01
-8.009951114654541016e-01
-1.015545248985290527e+00
-1.224355697631835938e+00
-9.163294434547424316e-01
-1.005865782499313354e-01
1.706898510456085205e-01
3.733704388141632080e-01
3.623678982257843018e-01
7.879325747489929199e-02
4.297956824302673340e-01
6.641175150871276855e-01
1.547380834817886353e-01
-8.653897643089294434e-01
-1.847777128219604492e+00
-1.672378897666931152e+00
-1.358872175216674805e+00
-8.146807551383972168e-01
-3.254662156105041504e-01
-3.039794564247131348e-01
-5.322095751762390137e-01
-7.414868474006652832e-01
-2.370884567499160767e-01
3.586420714855194092e-01
8.706715106964111328e-01
7.246548533439636230e-01
-1.161566823720932007e-01
-7.321511507034301758e-01
-1.285183668136596680e+00
-5.828179121017456055e-01
-3.539001941680908203e-01
-2.751494646072387695e-01
-1.179563924670219421e-01
1.164604723453521729e-01
3.665790557861328125e-01
3.656785190105438232e-01
4.312315881252288818e-01
8.507710099220275879e-01
8.261453509330749512e-01
1.077617332339286804e-01
-5.501235127449035645e-01
-1.095123410224914551e+00
-2.108843803405761719e+00
-1.063682079315185547e+00
-4.555744826793670654e-01
-4.116240739822387695e-01
-2.346218228340148926e-01
-5.827493071556091309e-01
-7.466174960136413574e-01
-3.907020688056945801e-01
5.764178633689880371e-01
3.592253625392913818e-01
-5.330382585525512695e-01
-6.860759854316711426e-01
1.825316250324249268e-01
1.980691105127334595e-01
-1.834520250558853149e-01
-6.259276270866394043e-01
-5.184009671211242676e-01
9.464645981788635254e-01
9.236724376678466797e-01
-6.222395896911621094e-01
-1.168898105621337891e+00
-5.147479772567749023e-01
-3.295248150825500488e-01
2.807755768299102783e-02
-5.592109560966491699e-01
-2.777330577373504639e-01
2.416632920503616333e-01
5.262591242790222168e-01
-3.831107914447784424e-01
-5.286013484001159668e-01
-3.568917512893676758e-02
9.759789109230041504e-01
4.414808154106140137e-01
-2.550251781940460205e-01
-6.655316352844238281e-01
-5.707042813301086426e-01
3.947994709014892578e-01
7.833936810493469238e-01
4.698286056518554688e-01
-2.360945343971252441e-01
-1.064670920372009277e+00
-2.600941896438598633e+00
-3.144116163253784180e+00
-3.249367952346801758e+00
-1.414833784103393555e+00
-1.203486025333404541e-01
1.404911756515502930e+00
1.929635167121887207e+00
6.671541929244995117e-01
-1.961557030677795410e+00
-2.860361576080322266e+00
-1.122725486755371094e+00
5.397730469703674316e-01
9.352843165397644043e-01
9.899165630340576172e-01
1.091475963592529297e+00
7.129825949668884277e-01
2.073908597230911255e-01
-4.434832036495208740e-01
-1.273967981338500977e+00
-1.805330395698547363e+00
-1.840880751609802246e+00
-1.552941203117370605e+00
-9.148483872413635254e-01
9.447131752967834473e-01
1.546052932739257812e+00
1.055584549903869629e+00
8.848819732666015625e-01
1.954275369644165039e-01
-1.148121953010559082e+00
-1.136588692665100098e+00
-2.837976515293121338e-01
5.680207014083862305e-01
1.501150369644165039e+00
1.591097116470336914e+00
1.225036144256591797e+00
1.447379142045974731e-01
-6.129226684570312500e-01
-7.969747185707092285e-01
-1.377265930175781250e+00
-2.259944915771484375e+00
-2.292706489562988281e+00
-1.967835545539855957e+00
-1.608677983283996582e+00
-1.285615712404251099e-01
3.987472951412200928e-01
7.857409715652465820e-01
-1.183909848332405090e-01
-1.277823686599731445e+00
-2.050281047821044922e+00
-7.258308529853820801e-01
7.912296652793884277e-01
2.064624786376953125e+00
2.218425512313842773e+00
1.694481849670410156e+00
5.672754645347595215e-01
-9.959195256233215332e-01
-1.803454041481018066e+00
-7.167915105819702148e-01
9.437453746795654297e-01
5.672445297241210938e-01
-1.245026707649230957e+00
-1.892156124114990234e+00
7.679874300956726074e-01
-2.346962928771972656e+00
3.731673657894134521e-01
3.372032642364501953e+00
-3.764949738979339600e-01
-3.283638477325439453e+00
-1.919970959424972534e-01
7.446152567863464355e-01
-4.230044782161712646e-02
-1.031144142150878906e+00
-5.608148574829101562e-01
3.401918709278106689e-02
8.452529907226562500e-01
6.971281170845031738e-01
-1.073837503790855408e-01
-8.747520446777343750e-01
2.067791819572448730e-01
2.804594635963439941e-01
4.885877072811126709e-01
-3.544590473175048828e-01
-6.492204070091247559e-01
6.706895679235458374e-02
3.690542876720428467e-01
1.862755715847015381e-01
-3.722532093524932861e-01
-1.273769140243530273e+00
-5.670362710952758789e-01
-2.826591134071350098e-01
2.605103254318237305e-01
-1.486237049102783203e-01
-7.360748648643493652e-01
-7.125348448753356934e-01
-1.195887401700019836e-01
-3.655003011226654053e-02
-1.294275522232055664e+00
-2.616072297096252441e-01
2.039439976215362549e-01
3.674060404300689697e-01
-2.038618177175521851e-02
-5.454857349395751953e-01
1.402481198310852051e-01
7.681924104690551758e-01
4.182638823986053467e-01
-9.413062930107116699e-01
-1.467686295509338379e+00
-1.362580895423889160e+00
-1.305544018745422363e+00
-2.006262540817260742e-01
-1.941031217575073242e-01
-1.663397997617721558e-01
-6.504582166671752930e-01
5.363061428070068359e-01
6.585637927055358887e-01
-2.748548984527587891e-01
-1.502905249595642090e+00
-1.250712394714355469e+00
-3.891006112098693848e-01
1.130734980106353760e-01
-2.270684391260147095e-02
8.989006280899047852e-01
7.133824229240417480e-01
1.010930418968200684e+00
6.688019633293151855e-01
1.920252293348312378e-01
-4.576199054718017578e-01
-9.038783311843872070e-01
-7.571813464164733887e-01
-1.635746598243713379e+00
-1.643141984939575195e+00
-1.190295696258544922e+00
-5.277421474456787109e-01
-5.218939781188964844e-01
-3.029904067516326904e-01
-3.598425388336181641e-01
-6.724711060523986816e-01
-6.840511560440063477e-01
-5.685530900955200195e-01
-4.827261567115783691e-01
-1.522986292839050293e-01
3.258214294910430908e-01
1.238754630088806152e+00
1.467514991760253906e+00
5.244925022125244141e-01
-2.461362034082412720e-01
-6.020631790161132812e-01
-7.375746965408325195e-01
-5.519652962684631348e-01
-2.775860726833343506e-01
8.860482275485992432e-02
3.718962669372558594e-01
2.902908027172088623e-01
1.764622628688812256e-01
-1.251932978630065918e-02
-6.194949150085449219e-01
-5.295003056526184082e-01
-5.250308513641357422e-01
6.901460140943527222e-02
7.765141725540161133e-01
1.157278537750244141e+00
-1.686393022537231445e-01
-9.391499161720275879e-01
-1.073912501335144043e+00
-9.853073954582214355e-01
-2.346685826778411865e-01
-5.070860311388969421e-02
3.161063790321350098e-02
2.943031191825866699e-01
8.779197931289672852e-02
-2.228005528450012207e-01
-1.084894657135009766e+00
-7.223148345947265625e-01
-3.977128863334655762e-01
3.907709717750549316e-01
4.601569473743438721e-01
6.015220284461975098e-01
8.599665760993957520e-02
-4.556944593787193298e-02
-4.487430751323699951e-01
-3.170325756072998047e-01
-8.329518437385559082e-01
-5.565133094787597656e-01
-2.821010053157806396e-01
2.887360751628875732e-01
6.201078891754150391e-01
9.742813706398010254e-01
7.180879712104797363e-01
4.443230330944061279e-01
2.515352368354797363e-01
-5.224226713180541992e-01
-1.669313907623291016e-01
-2.024313062429428101e-01
2.047006040811538696e-01
5.056490302085876465e-01
6.085982918739318848e-01
2.835236489772796631e-01
1.089513078331947327e-01
-4.385577738285064697e-01
-1.012520432472229004e+00
-1.374545812606811523e+00
-1.188982248306274414e+00
-1.514599561691284180e+00
-2.053307592868804932e-01
1.129172921180725098e+00
1.043324828147888184e+00
2.611613571643829346e-01
-1.198868513107299805e+00
-1.807759523391723633e+00
-1.541428089141845703e+00
1.217237859964370728e-02
2.128999233245849609e+00
2.840496301651000977e+00
7.129922509193420410e-01
-1.770707011222839355e+00
-2.526508331298828125e+00
-3.009425878524780273e+00
-3.558523356914520264e-01
1.365729570388793945e+00
1.297710895538330078e+00
-1.361604928970336914e+00
-1.646503567695617676e+00
-5.514632165431976318e-02
1.050793528556823730e+00
1.452000260353088379e+00
1.232927560806274414e+00
9.623932242393493652e-01
-9.148214012384414673e-03
-7.181664109230041504e-01
-5.825279951095581055e-01
1.098329305648803711e+00
1.890708684921264648e+00
1.134312868118286133e+00
-1.115861058235168457e+00
-3.561362266540527344e+00
-3.400846242904663086e+00
-2.520202398300170898e-01
1.951248943805694580e-01
5.926884412765502930e-01
-4.628886282444000244e-02
3.829194307327270508e-01
1.124592199921607971e-01
7.377161383628845215e-01
-4.296568930149078369e-01
-8.059465885162353516e-01
-1.067488431930541992e+00
-6.455548405647277832e-01
7.645326200872659683e-03
1.663031816482543945e+00
2.398561239242553711e+00
2.606079339981079102e+00
1.457147002220153809e+00
-1.122087597846984863e+00
-2.794366598129272461e+00
-1.590574979782104492e+00
3.961781561374664307e-01
1.464645028114318848e+00
2.164731770753860474e-01
-1.676908731460571289e+00
-2.350527524948120117e+00
-8.118872642517089844e-01
9.644625186920166016e-01
1.497529983520507812e+00
9.807531535625457764e-02
-1.438661575317382812e+00
-1.281036257743835449e+00
1.750759124755859375e+00
3.228277921676635742e+00
2.154997110366821289e+00
-3.709687590599060059e-01
-2.238758802413940430e+00
-1.915017724037170410e+00
3.575335443019866943e-01
4.569380283355712891e-01
-1.092616021633148193e-01
-8.600553274154663086e-01
-5.407277345657348633e-01
-3.728827536106109619e-01
-7.747989892959594727e-01
-1.276719212532043457e+00
-1.146040201187133789e+00
7.665646076202392578e-01
8.833184838294982910e-01
6.088085770606994629e-01
3.066179156303405762e-02
-1.006999254226684570e+00
-1.101097464561462402e+00
6.488808989524841309e-02
5.492094755172729492e-01
5.160580873489379883e-01
2.372471690177917480e-01
2.090404778718948364e-01
-5.597300529479980469e-01
-6.917786002159118652e-01
-5.175611972808837891e-01
4.228626936674118042e-02
4.955007731914520264e-01
6.370441317558288574e-01
1.553764045238494873e-01
-4.574345350265502930e-01
-6.880083084106445312e-01
-8.853446245193481445e-01
-1.892451941967010498e-01
-2.025749534368515015e-02
3.266352415084838867e-01
-9.068611264228820801e-02
-4.559024572372436523e-01
-5.688952207565307617e-01
-5.821868777275085449e-01
-2.048576176166534424e-01
7.118456065654754639e-02
2.426571696996688843e-01
-2.767193317413330078e-01
-9.241182804107666016e-01
-1.220088601112365723e+00
-8.654907345771789551e-01
-1.791564524173736572e-01
3.039692342281341553e-01
3.694797456264495850e-01
3.828921914100646973e-01
4.250057041645050049e-02
-3.279457986354827881e-01
-6.622616201639175415e-02
3.606132268905639648e-01
6.348789334297180176e-01
4.406687617301940918e-01
-1.478891074657440186e-01
-1.097591280937194824e+00
-1.773383021354675293e+00
-1.225830435752868652e+00
-7.618913650512695312e-01
-6.315047740936279297e-01
-1.005197167396545410e-01
-1.394251137971878052e-01
-4.342877864837646484e-02
-2.259998321533203125e-01
-5.174550414085388184e-01
-4.133730232715606689e-01
-3.582119569182395935e-02
7.709864377975463867e-01
-4.371579587459564209e-01
-1.172336578369140625e+00
-1.198696374893188477e+00
-1.012511134147644043e+00
-3.090256452560424805e-01
-4.666408300399780273e-01
-7.202377170324325562e-02
-1.034568697214126587e-01
-2.646654844284057617e-03
2.670053541660308838e-01
3.199839591979980469e-01
3.900736868381500244e-01
6.787252426147460938e-01
6.094397306442260742e-01
4.093355834484100342e-01
-1.335634291172027588e-01
-9.936788082122802734e-01
-1.311412572860717773e+00
-1.871988773345947266e+00
-9.696791768074035645e-01
-5.428543090820312500e-01
-5.397251844406127930e-01
-3.803787827491760254e-01
-5.811243057250976562e-01
-8.057469129562377930e-01
-6.517613530158996582e-01
-3.287613987922668457e-01
1.969048380851745605e-01
1.049508690834045410e+00
1.309421300888061523e+00
1.001650929450988770e+00
-1.167414858937263489e-01
-8.003180623054504395e-01
-9.904764890670776367e-01
-2.214386761188507080e-01
1.247083246707916260e-01
2.943219840526580811e-01
-5.928831696510314941e-01
-5.207681655883789062e-01
-1.511613726615905762e-01
1.543639600276947021e-02
7.375462651252746582e-01
1.183869481086730957e+00
6.832858324050903320e-01
-3.695245981216430664e-01
-1.149428129196166992e+00
-8.660171031951904297e-01
-2.548293769359588623e-01
1.130309402942657471e-01
2.507822513580322266e-01
-2.636829912662506104e-01
-8.168134093284606934e-01
-9.964393377304077148e-01
-5.654379129409790039e-01
1.414519995450973511e-01
7.185584306716918945e-01
5.485576987266540527e-01
1.277897208929061890e-01
-5.025727748870849609e-01
-2.196568250656127930e-01
8.499389141798019409e-02
2.176357209682464600e-01
6.493975520133972168e-01
6.388576626777648926e-01
2.325869202613830566e-01
-7.544714957475662231e-02
-4.793764650821685791e-01
3.029598295688629150e-01
5.473151803016662598e-01
-9.943143129348754883e-01
-1.578494906425476074e+00
-1.354842424392700195e+00
-2.001136094331741333e-01
1.350115060806274414e+00
1.483578324317932129e+00
6.587982773780822754e-01
-1.295024871826171875e+00
-2.374854803085327148e+00
4.117103815078735352e-01
2.791548490524291992e+00
2.456078529357910156e+00
-7.733777165412902832e-01
-2.737621068954467773e+00
-1.892192125320434570e+00
5.428398251533508301e-01
1.087137818336486816e+00
9.384270310401916504e-01
-3.589039146900177002e-01
-1.479293942451477051e+00
4.862653315067291260e-01
2.267430782318115234e+00
1.297787547111511230e+00
-6.581077575683593750e-01
-2.931107878684997559e-01
1.648291587829589844e+00
-1.367706209421157837e-01
-2.778136253356933594e+00
-3.504587411880493164e+00
-2.493324130773544312e-01
7.619470953941345215e-01
8.240762352943420410e-02
-1.738827347755432129e+00
1.614346504211425781e-01
2.263239860534667969e+00
2.208650350570678711e+00
1.507901072502136230e+00
-5.129094719886779785e-01
-1.565714955329895020e+00
-5.201479792594909668e-01
2.055636346340179443e-01
1.271572589874267578e+00
-1.292043924331665039e+00
-3.082851409912109375e+00
4.981637001037597656e-01
-5.923399329185485840e-01
-2.465162038803100586e+00
3.951859176158905029e-01
2.953663825988769531e+00
2.100360631942749023e+00
-1.413876891136169434e+00
-3.267897844314575195e+00
1.888455599546432495e-01
8.044363260269165039e-01
-2.055913656949996948e-01
-8.506233692169189453e-01
-2.168343544006347656e+00
-2.992618978023529053e-01
-3.721696510910987854e-02
-9.764755368232727051e-01
-2.671162597835063934e-03
1.181327223777770996e+00
1.063735961914062500e+00
4.122049212455749512e-01
-5.147823691368103027e-01
-9.848504662513732910e-01
-9.697757959365844727e-01
-4.090734720230102539e-01
2.085523307323455811e-01
6.104032993316650391e-01
4.003472030162811279e-01
1.206819489598274231e-01
-9.315441250801086426e-01
-5.700736641883850098e-01
-3.698000907897949219e-01
2.252172529697418213e-01
6.069734096527099609e-01
1.588638275861740112e-01
-5.713505744934082031e-01
-7.831141948699951172e-01
-1.164267778396606445e+00
-7.813856005668640137e-01
-4.492388069629669189e-01
-2.083605229854583740e-01
6.005301699042320251e-02
-7.313723117113113403e-02
-2.242554426193237305e-01
-5.376863479614257812e-01
-1.307712197303771973e-01
2.001173347234725952e-01
2.308574467897415161e-01
-8.560861349105834961e-01
-1.197719335556030273e+00
-7.874938845634460449e-01
-4.670618176460266113e-01
2.086329758167266846e-01
4.917240738868713379e-01
3.125507533550262451e-01
-6.600181758403778076e-02
-1.822717189788818359e-01
-1.560022383928298950e-01
2.893083393573760986e-01
7.895417213439941406e-01
2.891547679901123047e-01
-6.148173809051513672e-01
-1.910562396049499512e+00
-1.636392712593078613e+00
-1.633297801017761230e+00
-1.179230809211730957e+00
-6.292517185211181641e-01
-3.663784563541412354e-01
-3.728724718093872070e-01
-1.449814438819885254e-01
-4.286555945873260498e-01
-6.592655181884765625e-01
-1.193241029977798462e-01
6.079202294349670410e-01
9.574836492538452148e-01
4.110816419124603271e-01
-7.330038547515869141e-01
-1.181512355804443359e+00
-1.078240275382995605e+00
-7.340297102928161621e-01
-7.489365339279174805e-02
-1.976212114095687866e-01
-6.149998679757118225e-02
1.134703308343887329e-01
2.415282726287841797e-01
3.171398043632507324e-01
7.791039943695068359e-01
7.580254077911376953e-01
7.039975523948669434e-01
-1.142990231513977051e+00
-1.810757517814636230e+00
-1.252778530120849609e+00
-4.708063304424285889e-01
-4.428031742572784424e-01
-5.477257966995239258e-01
-6.303063035011291504e-01
-6.835817098617553711e-01
-5.289103388786315918e-01
-4.049079120159149170e-02
1.186909794807434082e+00
1.211365580558776855e+00
-9.299998055212199688e-05
-2.590565085411071777e-01
-8.065801858901977539e-01
-4.162642657756805420e-01
2.044139802455902100e-01
2.780502140522003174e-01
3.381973505020141602e-02
-6.238203048706054688e-01
-2.494675815105438232e-01
1.208898201584815979e-01
5.359190106391906738e-01
1.095399618148803711e+00
1.138409733772277832e+00
4.466607868671417236e-01
-7.141828536987304688e-01
-1.084294199943542480e+00
-5.087138414382934570e-01
-4.898690432310104370e-02
1.551745533943176270e-01
5.855732560157775879e-01
-1.421697735786437988e-01
-4.855704009532928467e-01
-1.519388258457183838e-01
3.210286796092987061e-01
6.134377717971801758e-01
3.663184940814971924e-01
1.353389024734497070e-01
-4.602271616458892822e-01
-7.112989425659179688e-01
-4.416751861572265625e-01
2.149967670440673828e+00
1.780861377716064453e+00
-4.813938736915588379e-01
-2.142216920852661133e+00
1.101623296737670898e+00
2.815861940383911133e+00
5.179868340492248535e-01
-2.871657133102416992e+00
-2.548073768615722656e+00
-4.631913900375366211e-01
7.143445014953613281e-01
1.042099833488464355e+00
3.665056526660919189e-01
-9.628472477197647095e-02
-1.084723949432373047e+00
-1.359198570251464844e+00
-6.591374427080154419e-02
1.960491538047790527e+00
2.303901433944702148e+00
7.798411846160888672e-01
-1.976517200469970703e+00
-2.937121152877807617e+00
1.071760654449462891e+00
1.189488053321838379e+00
-1.978177875280380249e-01
-1.520323991775512695e+00
-3.946211934089660645e-02
2.400938272476196289e+00
1.463493466377258301e+00
-2.025154590606689453e+00
1.098200201988220215e+00
2.379518985748291016e+00
-3.220573186874389648e+00
-9.326041340827941895e-01
7.122448086738586426e-01
-4.272319748997688293e-02
-1.304805159568786621e+00
-2.069758653640747070e+00
1.031802177429199219e+00
2.009539604187011719e+00
-7.210741639137268066e-01
-2.332727432250976562e+00
1.649922728538513184e+00
2.877350747585296631e-01
-2.526048898696899414e+00
-1.781533360481262207e+00
-4.877818524837493896e-01
4.505665004253387451e-01
7.619141936302185059e-01
-3.660555183887481689e-01
-1.614652395248413086e+00
-1.048882246017456055e+00
3.686330616474151611e-01
1.694719314575195312e+00
1.493891716003417969e+00
6.306029558181762695e-01
-6.885522603988647461e-02
4.699638485908508301e-02
1.010237932205200195e+00
3.736333847045898438e-01
-7.387694716453552246e-01
-1.214365363121032715e+00
-2.214632749557495117e+00
1.984921097755432129e-02
5.592752099037170410e-01
3.853811323642730713e-01
-1.114352643489837646e-01
-1.748806357383728027e+00
-2.883044481277465820e+00
-2.422053664922714233e-01
7.261625528335571289e-01
1.250439763069152832e+00
1.073556065559387207e+00
2.878390252590179443e-01
1.976882517337799072e-01
-5.357058644294738770e-01
-8.367735743522644043e-01
-1.079971671104431152e+00
-6.439425945281982422e-01
-1.041834279894828796e-01
6.181080341339111328e-01
3.585560917854309082e-01
-4.329156279563903809e-01
-1.768400967121124268e-01
-1.692957878112792969e-01
1.749888211488723755e-01
4.838257431983947754e-01
3.050534725189208984e-01
1.592425256967544556e-01
-4.356049895286560059e-01
-6.795292496681213379e-01
-1.027444958686828613e+00
-7.176541686058044434e-01
7.362982630729675293e-02
1.184837073087692261e-01
1.163828149437904358e-01
-9.931094944477081299e-02
-1.767870783805847168e-01
-6.138316392898559570e-01
-8.928289413452148438e-01
-4.690649509429931641e-01
-7.352277636528015137e-02
2.033506333827972412e-02
-4.788786172866821289e-01
-9.406886100769042969e-01
-1.185994386672973633e+00
-1.047436952590942383e+00
-9.509359598159790039e-01
-5.724962353706359863e-01
2.963217198848724365e-01
5.286979079246520996e-01
3.104000687599182129e-01
1.788671761751174927e-01
-3.032618165016174316e-01
-3.335572779178619385e-01
-1.413833796977996826e-01
1.116562485694885254e-01
4.509535431861877441e-01
2.680402994155883789e-01
-3.363587856292724609e-01
-1.328158140182495117e+00
-1.835989832878112793e+00
-1.614414215087890625e+00
-1.399255633354187012e+00
-8.427200913429260254e-01
-6.714065074920654297e-01
-2.869616448879241943e-01
-4.017491638660430908e-02
1.856283843517303467e-02
-2.303468585014343262e-01
-2.404466718435287476e-01
2.497665435075759888e-01
7.587499618530273438e-01
8.201472163200378418e-01
-1.121095716953277588e-01
-1.337402224540710449e+00
-1.361142992973327637e+00
-1.448331356048583984e+00
-1.264701485633850098e+00
-2.853769361972808838e-01
-2.733537852764129639e-01
3.443342447280883789e-02
1.640265136957168579e-01
1.790897101163864136e-01
5.658643841743469238e-01
9.701485633850097656e-01
1.041459321975708008e+00
5.450416207313537598e-01
3.784103691577911377e-02
-5.380599498748779297e-01
-1.160568356513977051e+00
-1.446466326713562012e+00
-1.485752463340759277e+00
-6.179822683334350586e-01
-4.540363550186157227e-01
-2.415888309478759766e-01
-5.931773185729980469e-01
-9.125658273696899414e-01
-6.862154603004455566e-01
-4.135683476924896240e-01
1.718704104423522949e-01
1.321450829505920410e+00
1.033050179481506348e+00
1.985577046871185303e-01
-5.436643362045288086e-01
-8.664296865463256836e-01
-1.065481185913085938e+00
-1.301134526729583740e-01
1.261509656906127930e-01
2.167529016733169556e-01
-1.878577917814254761e-01
-2.655820250511169434e-01
-7.047813534736633301e-01
-2.143093049526214600e-01
8.339397609233856201e-02
8.792397975921630859e-01
1.218920588493347168e+00
9.034064412117004395e-01
-1.674738377332687378e-01
-6.272261142730712891e-01
-8.441570401191711426e-01
-8.845922946929931641e-01
-2.524430453777313232e-01
2.725517749786376953e-01
7.270678281784057617e-01
-2.770758867263793945e-01
-3.639729022979736328e-01
-8.193809390068054199e-01
-5.715034604072570801e-01
-3.257292807102203369e-01
5.956044793128967285e-01
6.643791794776916504e-01
4.289032816886901855e-01
1.298942863941192627e-01
-4.254627525806427002e-01
-8.783510327339172363e-01
-6.464183330535888672e-01
-4.365741312503814697e-01
3.761363327503204346e-01
9.665085077285766602e-01
1.208988666534423828e+00
1.151520729064941406e+00
2.629743218421936035e-01
-2.411195635795593262e-02
-6.457331180572509766e-01
-7.124765515327453613e-01
-1.463816016912460327e-01
1.172405004501342773e+00
1.138319373130798340e+00
-2.134158849716186523e+00
-2.983175992965698242e+00
-2.078754007816314697e-01
1.437910079956054688e+00
1.656973361968994141e+00
1.309102654457092285e+00
4.025327265262603760e-01
-2.492919206619262695e+00
-7.784916162490844727e-01
8.706373572349548340e-01
2.020416259765625000e+00
2.106594324111938477e+00
1.347234845161437988e+00
-1.131188988685607910e+00
-1.821588754653930664e+00
-1.740094661712646484e+00
-3.430874645709991455e-01
4.267370402812957764e-01
3.587637245655059814e-01
2.963542342185974121e-01
-3.793942630290985107e-01
2.928050756454467773e-01
4.120450019836425781e-01
4.590096771717071533e-01
2.514593601226806641e-01
1.109421372413635254e+00
1.291893839836120605e+00
8.884263038635253906e-01
2.824370563030242920e-01
-4.969653487205505371e-01
-1.934527516365051270e+00
-2.381417036056518555e+00
1.324040412902832031e+00
1.279330611228942871e+00
-1.757897138595581055e-01
-2.186189413070678711e+00
-1.177372455596923828e+00
1.041821837425231934e+00
1.806016564369201660e+00
1.277899146080017090e+00
1.617400348186492920e-01
-8.639956712722778320e-01
-6.027473211288452148e-01
1.796581894159317017e-01
4.165930747985839844e-01
-5.617499947547912598e-01
-2.502271413803100586e+00
-1.768754124641418457e+00
5.602200627326965332e-01
2.025545358657836914e+00
3.716911375522613525e-01
-2.055959701538085938e+00
-1.925644397735595703e+00
9.688247442245483398e-01
2.679629802703857422e+00
2.584417581558227539e+00
7.477998733520507812e-01
-1.132126569747924805e+00
-3.177567243576049805e+00
-7.642003297805786133e-01
1.408625543117523193e-01
3.323504924774169922e-01
1.121442466974258423e-01
4.208359867334365845e-02
-9.285234212875366211e-01
-9.483836889266967773e-01
-8.300165534019470215e-01
-1.016864299774169922e+00
-7.614025473594665527e-01
-4.795409142971038818e-01
3.529147803783416748e-01
9.493036866188049316e-01
9.456709027290344238e-01
3.589563071727752686e-01
-1.072391867637634277e-03
-8.125139474868774414e-01
-5.617004632949829102e-01
-1.219990402460098267e-01
3.599517941474914551e-01
4.885548055171966553e-01
2.192976474761962891e-01
-9.130929410457611084e-02
-5.482570528984069824e-01
-8.483899235725402832e-01
-3.432812690734863281e-01
1.003518477082252502e-01
5.305278897285461426e-01
3.512387871742248535e-01
-3.780600056052207947e-02
-5.211139321327209473e-01
-1.074213504791259766e+00
-8.327242732048034668e-01
-6.598671674728393555e-01
-3.515481352806091309e-01
-1.829322278499603271e-01
-9.611755609512329102e-02
-6.550816446542739868e-02
-1.853508651256561279e-01
-4.065254330635070801e-01
-7.203707098960876465e-01
-6.970797777175903320e-01
-2.279915809631347656e-01
2.228178828954696655e-02
2.102390080690383911e-01
-4.477795958518981934e-01
-1.147692441940307617e+00
-1.467568874359130859e+00
-5.540005564689636230e-01
2.811827957630157471e-01
4.000020027160644531e-01
2.094367742538452148e-01
1.725824177265167236e-02
-6.058266162872314453e-01
-1.930760145187377930e-01
-8.895112574100494385e-02
2.304023802280426025e-01
7.233476638793945312e-01
3.375820517539978027e-01
-2.787989675998687744e-01
-1.405182242393493652e+00
-1.683093309402465820e+00
-1.616181850433349609e+00
-1.073010325431823730e+00
-6.163373589515686035e-01
-2.753062248229980469e-01
-4.301311373710632324e-01
3.980260342359542847e-02
3.036729246377944946e-02
-2.994779348373413086e-01
-3.909781277179718018e-01
-4.641065001487731934e-01
3.687883317470550537e-01
8.675374388694763184e-01
1.432134509086608887e-01
-5.261710882186889648e-01
-1.151296138763427734e+00
-1.440683364868164062e+00
-1.453459024429321289e+00
-8.523966670036315918e-01
-6.101634502410888672e-01
-4.180273711681365967e-01
-7.322350144386291504e-02
9.960406459867954254e-03
9.380510449409484863e-02
1.857733726501464844e-01
3.882823586463928223e-01
6.508049964904785156e-01
7.868979573249816895e-01
7.856878638267517090e-01
3.683632016181945801e-01
-3.954147994518280029e-01
-6.962264180183410645e-01
-1.473025918006896973e+00
-1.172608256340026855e+00
-9.293204545974731445e-01
-4.609956741333007812e-01
-3.788783252239227295e-01
-1.599403470754623413e-01
-4.890268445014953613e-01
-6.995000243186950684e-01
-6.053558588027954102e-01
-2.656822502613067627e-01
1.800590008497238159e-01
1.189279675483703613e+00
1.371116876602172852e+00
6.736729145050048828e-01
-1.200920641422271729e-01
-7.067950367927551270e-01
-4.412493109703063965e-01
-3.084446489810943604e-01
3.024199604988098145e-01
1.016235351562500000e-01
-7.110291719436645508e-01
-6.781311035156250000e-01
-6.927996128797531128e-02
7.853689193725585938e-01
1.126006841659545898e+00
3.675988912582397461e-01
-6.514468193054199219e-01
-1.032219409942626953e+00
-1.807278990745544434e-01
3.577425479888916016e-01
-1.484353244304656982e-01
-2.486449778079986572e-01
-7.966848015785217285e-01
-2.301363348960876465e-01
5.251722931861877441e-01
7.954261302947998047e-01
3.852828741073608398e-01
1.965827494859695435e-02
-5.175465345382690430e-01
-6.703051924705505371e-01
-4.882372617721557617e-01
1.880409568548202515e-01
1.306147217750549316e+00
8.371242880821228027e-01
1.349830031394958496e-01
-7.474624514579772949e-01
-6.960148215293884277e-01
3.467370867729187012e-01
1.283266663551330566e+00
-1.575559973716735840e-01
-3.409821987152099609e+00
-5.428985357284545898e-01
1.845292329788208008e+00
1.226435303688049316e+00
2.777260839939117432e-01
-1.667184591293334961e+00
-1.848917722702026367e+00
9.817448854446411133e-01
1.734708786010742188e+00
1.174600601196289062e+00
-1.342594861984252930e+00
-2.272771596908569336e+00
-1.293038725852966309e+00
8.161481618881225586e-01
1.148059964179992676e+00
3.072354197502136230e-02
-7.921775579452514648e-01
-4.008371531963348389e-01
1.492518067359924316e+00
9.985373616218566895e-01
-5.960385799407958984e-01
-1.878213882446289062e+00
-1.605243086814880371e+00
-2.996047437191009521e-01
1.004317104816436768e-01
-5.615530610084533691e-01
-2.611607611179351807e-01
1.869153082370758057e-01
6.878381371498107910e-01
8.309591412544250488e-01
3.972791433334350586e-01
-7.149189710617065430e-02
-9.536195397377014160e-01
-9.562814235687255859e-01
-1.531156599521636963e-01
-6.669109314680099487e-02
-1.875017583370208740e-02
-2.288638204336166382e-01
2.361195385456085205e-01
1.479231834411621094e+00
1.016854882240295410e+00
1.279309391975402832e-01
-9.177529215812683105e-01
-1.992695093154907227e+00
-6.175812482833862305e-01
4.728819429874420166e-02
8.211669325828552246e-02
7.803238928318023682e-03
-2.304013669490814209e-01
-1.116167068481445312e+00
-1.443962812423706055e+00
-5.799117088317871094e-01
-2.053707838058471680e-01
1.716956794261932373e-01
8.780711889266967773e-01
9.841127395629882812e-01
9.817780852317810059e-01
1.888604462146759033e-01
-8.437418937683105469e-01
-7.973190546035766602e-01
-6.384249925613403320e-01
-9.932592511177062988e-02
3.131583929061889648e-01
4.635546803474426270e-01
1.318474411964416504e-01
-3.564448356628417969e-01
-6.806750297546386719e-01
-8.735617399215698242e-01
-1.883742958307266235e-01
3.766924738883972168e-01
-2.727552056312561035e-01
-4.908584058284759521e-01
-1.028865456581115723e+00
-8.883342742919921875e-01
-6.233039498329162598e-01
-2.303397059440612793e-01
-6.289653480052947998e-02
2.907961905002593994e-01
1.763516217470169067e-01
2.470160275697708130e-02
-4.817857146263122559e-01
-6.010866165161132812e-01
-1.366084367036819458e-01
2.101237624883651733e-01
6.230125948786735535e-02
-2.908975780010223389e-01
-1.123052716255187988e+00
-1.383667349815368652e+00
-1.270892977714538574e+00
-1.657606214284896851e-01
3.126591444015502930e-01
5.165666341781616211e-01
4.254838526248931885e-01
-1.782617568969726562e-01
-6.073552370071411133e-01
-1.634896397590637207e-01
3.487721830606460571e-02
7.545115351676940918e-01
4.115766882896423340e-01
-6.557667255401611328e-01
-1.659443020820617676e+00
-1.123442769050598145e+00
-1.546675682067871094e+00
-1.264151334762573242e+00
-7.253319621086120605e-01
-2.981384098529815674e-01
-1.685106754302978516e-02
-2.136675864458084106e-01
-3.940933644771575928e-01
-3.824369013309478760e-01
-1.069114804267883301e-01
1.433349847793579102e-01
9.377427101135253906e-01
4.647274315357208252e-01
-3.747078180313110352e-01
-1.543719649314880371e+00
-1.047547340393066406e+00
-9.612148404121398926e-01
-4.797440171241760254e-01
-4.673005640506744385e-01
-1.926599144935607910e-01
-1.649926900863647461e-01
1.286682486534118652e-01
3.603302240371704102e-01
4.193749427795410156e-01
6.123813390731811523e-01
8.766099214553833008e-01
9.439839124679565430e-01
-4.775881767272949219e-01
-1.577100396156311035e+00
-1.061250805854797363e+00
-9.276315569877624512e-01
-4.479556679725646973e-01
-3.124761283397674561e-01
-2.423914968967437744e-01
-9.077372550964355469e-01
-3.675812780857086182e-01
-1.722399145364761353e-02
7.776638865470886230e-01
1.365469098091125488e+00
9.349154829978942871e-01
1.945700198411941528e-01
-5.287507176399230957e-01
-5.523973107337951660e-01
-3.310538232326507568e-01
-6.621259450912475586e-02
-3.822192549705505371e-02
4.515435546636581421e-02
-4.296028614044189453e-02
-6.072412729263305664e-01
-8.034138083457946777e-01
-5.625319480895996094e-01
-1.207210123538970947e-01
6.097723245620727539e-01
1.089415788650512695e+00
9.406573176383972168e-01
3.330613672733306885e-01
-4.374724626541137695e-01
-7.387166619300842285e-01
-8.061520457267761230e-01
-5.137434005737304688e-01
2.870068252086639404e-01
1.236387714743614197e-01
2.100160866975784302e-01
-5.921907424926757812e-01
-5.367383360862731934e-01
-6.851811707019805908e-02
3.821425437927246094e-01
4.470087587833404541e-01
2.988431155681610107e-01
2.087605372071266174e-02
-2.664507329463958740e-01
-5.893106460571289062e-01
-1.031523704528808594e+00
-9.010794758796691895e-01
-3.649800121784210205e-01
9.302161931991577148e-01
8.379263877868652344e-01
1.003205776214599609e-03
-3.145813941955566406e-01
-3.330534696578979492e-01
-2.166812121868133545e-02
8.661157488822937012e-01
5.382006764411926270e-01
1.971536427736282349e-01
-2.490990877151489258e+00
-1.859076023101806641e+00
3.026812374591827393e-01
2.399512767791748047e+00
1.408631205558776855e+00
-8.794059753417968750e-01
-1.672906756401062012e+00
-1.437294185161590576e-01
1.157658696174621582e+00
1.740819454193115234e+00
1.279936790466308594e+00
-6.376668214797973633e-01
-1.750888943672180176e+00
-2.027251958847045898e+00
-1.413950443267822266e+00
2.715225815773010254e-01
1.316091418266296387e+00
1.100494742393493652e+00
1.221834421157836914e-01
-1.014432549476623535e+00
-1.140590071678161621e+00
-8.962574601173400879e-02
1.653516292572021484e+00
1.862861275672912598e+00
1.410413980484008789e+00
-1.280127286911010742e+00
-2.444257736206054688e+00
-1.930048704147338867e+00
-3.238078057765960693e-01
7.909281253814697266e-01
1.140244007110595703e+00
-2.793077528476715088e-01
-1.187506914138793945e+00
2.884754538536071777e-01
1.253184437751770020e+00
-8.097274899482727051e-01
-1.596261262893676758e+00
-2.055387347936630249e-01
3.724433779716491699e-01
3.534030914306640625e-01
-1.442599892616271973e+00
-2.443232059478759766e+00
-1.145174384117126465e+00
1.349503248929977417e-01
5.048792362213134766e-01
1.186634302139282227e+00
1.913359314203262329e-01
-1.057191610336303711e+00
-1.583738327026367188e+00
-1.155419945716857910e+00
1.140513539314270020e+00
3.541706562042236328e+00
1.822576522827148438e+00
-4.309048354625701904e-01
-2.837458610534667969e+00
-2.011776208877563477e+00
2.539320103824138641e-02
4.786321520805358887e-01
1.055866956710815430e+00
1.003260731697082520e+00
7.075379043817520142e-02
-3.569076955318450928e-01
-1.263531565666198730e+00
-1.318251729011535645e+00
-4.472629725933074951e-01
-1.607198119163513184e-01
-4.684098660945892334e-01
-2.948356866836547852e-01
4.293740689754486084e-01
1.071871161460876465e+00
1.235333681106567383e+00
8.764965534210205078e-01
-9.718259423971176147e-02
-3.720884621143341064e-01
-5.355513691902160645e-01
-1.117193818092346191e+00
-6.756027340888977051e-01
-4.724349379539489746e-01
2.526377737522125244e-01
3.391491770744323730e-01
9.316328167915344238e-02
-1.211621388792991638e-01
-6.274475455284118652e-01
-9.518185257911682129e-01
-8.298881649971008301e-01
-8.223785758018493652e-01
-4.383079707622528076e-01
-5.052907019853591919e-02
1.627168804407119751e-01
3.245230913162231445e-01
2.111355215311050415e-01
2.013301998376846313e-01
-6.385316699743270874e-02
-3.431656062602996826e-01
-8.589000105857849121e-01
-8.425087332725524902e-01
-4.816179871559143066e-01
-1.504241079092025757e-01
-6.274516880512237549e-02
-2.419207692146301270e-01
3.108120262622833252e-01
4.278976917266845703e-01
3.542057573795318604e-01
1.636365354061126709e-01
-8.595278859138488770e-02
-3.416726291179656982e-01
-4.593076407909393311e-01
-2.145162075757980347e-01
-1.595288515090942383e-02
2.114591002464294434e-01
1.934540420770645142e-01
-8.465277552604675293e-01
-1.412128329277038574e+00
-1.478825449943542480e+00
-1.332776188850402832e+00
-9.309194087982177734e-01
-6.515066623687744141e-01
3.303147852420806885e-03
-3.783089295029640198e-02
-3.701035678386688232e-02
-3.843260407447814941e-01
-6.717175841331481934e-01
-5.975306034088134766e-01
-2.883138656616210938e-01
-1.977917104959487915e-01
-1.354975581169128418e+00
-1.874475121498107910e+00
-1.326131820678710938e+00
-1.453244924545288086e+00
-5.254892706871032715e-01
-1.244216337800025940e-01
-1.973187923431396484e-01
1.667821705341339111e-01
2.335338145494461060e-01
-1.873766630887985229e-01
-4.190163612365722656e-01
-1.335403174161911011e-01
2.383674979209899902e-01
5.647878050804138184e-01
1.140791177749633789e+00
5.513119101524353027e-01
-5.709568038582801819e-02
-8.283566236495971680e-01
-1.368767619132995605e+00
-1.437470793724060059e+00
-1.362618446350097656e+00
-1.396265387535095215e+00
-4.998776316642761230e-01
-7.364981174468994141e-01
-4.918379783630371094e-01
-3.240853846073150635e-01
-2.803114056587219238e-01
-8.958098292350769043e-02
2.068532407283782959e-01
3.189646601676940918e-01
8.466281890869140625e-01
7.317500710487365723e-01
2.188127487897872925e-01
-8.624856173992156982e-02
-7.700981497764587402e-01
-1.656061410903930664e+00
-2.289316058158874512e-01
8.228466659784317017e-02
-2.545619904994964600e-01
-3.834658563137054443e-01
-8.022472262382507324e-03
2.560506165027618408e-01
1.632947087287902832e+00
1.617992639541625977e+00
2.617626786231994629e-01
-6.893829107284545898e-01
-9.344422817230224609e-01
-3.426966667175292969e-01
2.459999918937683105e-02
7.771897315979003906e-02
-4.500414431095123291e-01
-1.136285781860351562e+00
-5.992220044136047363e-01
-4.348096847534179688e-01
1.236008703708648682e-01
9.077637195587158203e-01
9.848889708518981934e-01
1.826253533363342285e-01
-4.153149127960205078e-01
-1.168187856674194336e+00
-8.362996578216552734e-01
2.380602955818176270e-01
2.638767361640930176e-01
5.065923929214477539e-01
-1.016403734683990479e-02
-1.630897074937820435e-01
-3.192984163761138916e-01
-2.101369500160217285e-01
3.831772506237030029e-01
8.410009741783142090e-01
6.167022585868835449e-01
1.831159442663192749e-01
-5.304436087608337402e-01
-1.138611912727355957e+00
-9.477410912513732910e-01
-2.546799182891845703e-02
1.095057368278503418e+00
8.402485847473144531e-01
5.213511586189270020e-01
-1.900764584541320801e+00
-1.276481032371520996e+00
1.038413405418395996e+00
1.889585494995117188e+00
1.313421964645385742e+00
-2.835707902908325195e+00
-1.640948176383972168e+00
7.808784842491149902e-01
1.478663921356201172e+00
6.917645931243896484e-01
-4.687151014804840088e-01
-6.104179620742797852e-01
1.652055382728576660e-01
2.090931177139282227e+00
1.757790684700012207e+00
-1.366533637046813965e+00
-3.342236995697021484e+00
-1.075684905052185059e+00
2.164097130298614502e-01
4.516083300113677979e-01
6.488924026489257812e-01
-7.440769076347351074e-01
-1.119932293891906738e+00
3.300539851188659668e-01
1.172656655311584473e+00
1.113982319831848145e+00
4.681723713874816895e-01
-4.513577818870544434e-01
-1.117192506790161133e+00
-1.784321188926696777e+00
-1.213159114122390747e-01
3.355579376220703125e-01
4.587367773056030273e-01
7.663846015930175781e-03
2.993970811367034912e-01
9.651059508323669434e-01
9.815992116928100586e-01
9.240130186080932617e-01
9.202244877815246582e-02
-1.263352155685424805e+00
-1.978947758674621582e+00
-7.050753235816955566e-01
1.160089373588562012e-01
1.705435216426849365e-01
-1.257509827613830566e+00
-1.090795159339904785e+00
-1.168091073632240295e-01
4.593033790588378906e-01
1.096825838088989258e+00
8.859673142433166504e-01
-2.926236987113952637e-01
-9.329046010971069336e-01
-1.077164649963378906e+00
-3.508455157279968262e-01
3.786871731281280518e-01
-5.945773422718048096e-02
-4.102813303470611572e-01
-7.656603455543518066e-01
-1.950397640466690063e-01
7.371586561203002930e-01
1.060573935508728027e+00
3.933005928993225098e-01
-5.710770487785339355e-01
-1.185971140861511230e+00
-8.270046114921569824e-01
-6.312699317932128906e-01
-1.502087712287902832e-02
-4.009563624858856201e-01
-1.986885219812393188e-01
-1.018637061119079590e+00
-7.149764299392700195e-01
6.806343793869018555e-03
2.506657838821411133e-01
1.090986654162406921e-01
-2.628405690193176270e-01
-7.270938158035278320e-01
-7.371683120727539062e-01
-5.666446089744567871e-01
-2.935327291488647461e-01
3.824999332427978516e-01
2.341289967298507690e-01
2.093706727027893066e-01
-2.594721317291259766e-01
-8.123325705528259277e-01
-2.444476634263992310e-01
2.780614048242568970e-02
1.379706859588623047e-01
-4.261485934257507324e-01
-1.332766532897949219e+00
-1.338919281959533691e+00
-7.434147596359252930e-01
-7.348640263080596924e-02
-7.103340327739715576e-02
-2.363656610250473022e-01
-5.820166468620300293e-01
-5.037453770637512207e-01
-2.058815956115722656e-01
4.859348237514495850e-01
3.241039216518402100e-01
-3.770465850830078125e-01
-1.367123603820800781e+00
-1.388307094573974609e+00
-5.101714730262756348e-01
-1.663964539766311646e-01
1.128003671765327454e-01
1.995563507080078125e-03
5.207423865795135498e-02
-2.221545875072479248e-01
1.098939850926399231e-01
8.177214860916137695e-01
-1.610978126525878906e+00
-1.283553242683410645e+00
-1.083337664604187012e+00
-8.922882676124572754e-01
-5.629331469535827637e-01
-5.615244507789611816e-01
-2.422234714031219482e-01
-3.558320105075836182e-01
-6.097196787595748901e-02
1.590286642313003540e-01
8.015227913856506348e-01
8.299449682235717773e-01
6.077074408531188965e-01
-2.499320507049560547e-01
-1.122009038925170898e+00
-1.201889991760253906e+00
-4.020342230796813965e-01
7.806584239006042480e-02
-1.222696080803871155e-01
-3.052595555782318115e-01
-6.964693665504455566e-01
-4.448647499084472656e-01
2.258086949586868286e-01
1.181059479713439941e+00
1.388483524322509766e+00
3.800179958343505859e-01
-3.479151427745819092e-01
-9.514534473419189453e-01
-6.338863372802734375e-01
-3.553984463214874268e-01
-3.726384937763214111e-01
-5.876066684722900391e-01
-9.327043294906616211e-01
-3.548547327518463135e-01
5.609837174415588379e-01
1.291725516319274902e+00
7.622663378715515137e-01
-1.912392675876617432e-01
-6.018254756927490234e-01
-3.536071181297302246e-01
3.270571827888488770e-01
7.849330306053161621e-01
2.520351409912109375e-01
-4.508722722530364990e-01
-6.081990003585815430e-01
-1.541979908943176270e-01
3.835697770118713379e-01
4.168311655521392822e-01
3.407278358936309814e-01
-4.638678431510925293e-01
-1.215592622756958008e+00
-1.011571049690246582e+00
-1.239115446805953979e-01
6.610385775566101074e-01
7.252319455146789551e-01
2.975258231163024902e-01
-4.501770436763763428e-01
-6.102660298347473145e-01
-7.606844902038574219e-01
4.596290588378906250e-01
1.040905714035034180e+00
4.289602041244506836e-01
-1.382678747177124023e+00
-3.133802413940429688e+00
-6.876664608716964722e-02
1.775502443313598633e+00
2.294578552246093750e+00
-4.089171886444091797e-01
-1.676207065582275391e+00
-6.254165172576904297e-01
1.152367115020751953e+00
2.127652883529663086e+00
-1.625797986984252930e+00
-2.513791561126708984e+00
-1.986946582794189453e+00
-1.003813371062278748e-01
1.956189423799514771e-01
1.532113403081893921e-01
-8.001011610031127930e-01
-1.262086629867553711e+00
-7.593195438385009766e-01
1.738693267107009888e-01
7.503391504287719727e-01
1.077000856399536133e+00
9.786220192909240723e-01
2.868905365467071533e-01
-6.325260549783706665e-02
-7.307206392288208008e-01
-9.498025178909301758e-01
-1.548954844474792480e+00
-4.113084673881530762e-01
3.532112836837768555e-01
-1.635134220123291016e-03
-9.539301395416259766e-01
-8.591622114181518555e-03
2.958013057708740234e+00
-2.960186600685119629e-01
-2.853687524795532227e+00
-8.354343771934509277e-01
1.609354019165039062e-01
-6.387409567832946777e-01
-2.365522146224975586e+00
1.412427425384521484e+00
-1.195483326911926270e+00
-2.945525407791137695e+00
-7.098374962806701660e-01
2.092771291732788086e+00
3.213994979858398438e+00
5.650221705436706543e-01
-2.833340406417846680e+00
-1.051349282264709473e+00
6.632878780364990234e-01
7.944789528846740723e-01
-8.224248886108398438e-03
6.142236292362213135e-02
-4.775585532188415527e-01
-7.467632293701171875e-01
-3.587915897369384766e-01
2.163433730602264404e-01
8.805788159370422363e-01
7.074748277664184570e-01
1.331579685211181641e-01
-9.245492219924926758e-01
-1.082895517349243164e+00
-1.149791836738586426e+00
-2.284962981939315796e-01
-1.428605318069458008e-01
-5.062581300735473633e-01
-1.092533230781555176e+00
-1.280048489570617676e+00
-9.130324125289916992e-01
-2.938607037067413330e-01
4.234575033187866211e-01
-6.633492186665534973e-03
-6.812978386878967285e-01
-2.003057301044464111e-01
-4.852791428565979004e-01
1.373402178287506104e-01
5.558861494064331055e-01
2.603256106376647949e-01
7.320791482925415039e-02
-5.805266499519348145e-01
-1.986252367496490479e-01
1.770002096891403198e-01
1.927085965871810913e-01
-4.093612432479858398e-01
-1.209666132926940918e+00
-1.752644896507263184e+00
-1.327675580978393555e+00
-6.458220481872558594e-01
-3.725219964981079102e-01
1.865513026714324951e-01
-6.731951832771301270e-01
-1.266306638717651367e-01
4.833143055438995361e-01
4.653436243534088135e-01
-4.988874867558479309e-02
-1.008566737174987793e+00
-1.749845147132873535e+00
-8.992805480957031250e-01
-2.925299406051635742e-01
-4.813194870948791504e-01
-3.144993633031845093e-02
6.811248660087585449e-01
7.120678424835205078e-01
-3.223772048950195312e-01
-1.618240118026733398e+00
-1.889538645744323730e+00
-1.181523680686950684e+00
-3.925739228725433350e-01
-6.130390167236328125e-01
-5.393010377883911133e-01
-3.286547064781188965e-01
-1.257645785808563232e-01
3.539857864379882812e-01
8.679875731468200684e-01
9.243178367614746094e-01
2.944547235965728760e-01
-6.195900440216064453e-01
-9.438252449035644531e-01
-2.359613776206970215e-01
-3.264334797859191895e-02
3.632963597774505615e-01
5.245290696620941162e-02
-2.236903011798858643e-01
-3.790352642536163330e-01
2.548924982547760010e-01
-7.459368556737899780e-03
-7.402641773223876953e-01
-1.078290939331054688e+00
-4.375882148742675781e-01
-4.625579714775085449e-01
-2.813094556331634521e-01
-5.417281389236450195e-01
-1.023379087448120117e+00
-1.219088435173034668e+00
-5.491847991943359375e-01
2.837689518928527832e-01
9.895924329757690430e-01
9.429629445075988770e-01
-1.903663873672485352e-01
-9.611362218856811523e-01
-7.159531712532043457e-01
-7.568770647048950195e-02
7.722669839859008789e-01
6.830540895462036133e-01
7.983173727989196777e-01
-7.709363102912902832e-02
-2.491984963417053223e-01
-4.112425744533538818e-01
-3.966999650001525879e-01
-8.478383533656597137e-03
7.757107615470886230e-01
8.031255006790161133e-01
3.755977451801300049e-01
-1.516105413436889648e+00
-2.219322681427001953e+00
-1.246776342391967773e+00
6.076931953430175781e-01
5.280270576477050781e-01
-1.217697143554687500e+00
-2.423539876937866211e+00
-2.732514739036560059e-01
1.294496536254882812e+00
1.692573904991149902e+00
6.521453261375427246e-01
-1.760821700096130371e+00
-2.610268354415893555e+00
1.321164250373840332e+00
7.198175787925720215e-01
4.466608762741088867e-01
-9.907252192497253418e-01
-1.264543771743774414e+00
-3.928277492523193359e-01
1.277903556823730469e+00
2.422512292861938477e+00
1.583759427070617676e+00
-3.215782403945922852e+00
6.410779058933258057e-02
-5.044182538986206055e-01
-1.190428018569946289e+00
-1.667364954948425293e+00
-8.253186345100402832e-01
6.655645966529846191e-01
7.648979425430297852e-01
-2.213853448629379272e-01
-8.445382714271545410e-01
-9.682828783988952637e-01
-1.305411905050277710e-01
1.258191347122192383e+00
1.380688428878784180e+00
-9.214366078376770020e-01
-2.943934440612792969e+00
-2.278108835220336914e+00
-1.113855719566345215e+00
2.611982226371765137e-01
3.896907567977905273e-01
5.770066976547241211e-01
-2.774265408515930176e-02
-2.813950479030609131e-01
-6.957407593727111816e-01
1.132147461175918579e-01
5.712978243827819824e-01
1.636491537094116211e+00
1.908180594444274902e+00
9.792518615722656250e-01
-9.615212678909301758e-01
-3.066112518310546875e+00
-2.270792484283447266e+00
-1.346030831336975098e-01
6.081938743591308594e-01
4.217885434627532959e-01
-1.400502920150756836e+00
-2.529187917709350586e+00
-1.861736297607421875e+00
3.287616670131683350e-01
9.070125818252563477e-01
-4.481419324874877930e-01
-1.556363701820373535e+00
-3.249881565570831299e-01
1.782551884651184082e+00
2.905346870422363281e+00
1.579801559448242188e+00
-3.469451665878295898e-01
-3.096777915954589844e+00
-3.052259445190429688e+00
-6.471554040908813477e-01
-3.237214386463165283e-01
1.373605728149414062e+00
-1.166841149330139160e+00
-9.630892276763916016e-01
3.548622131347656250e-01
5.425742268562316895e-01
2.909968793392181396e-01
2.550322115421295166e-01
4.129544794559478760e-01
6.141821146011352539e-01
1.441121995449066162e-01
-9.609466046094894409e-02
-9.149047732353210449e-01
-1.109402179718017578e+00
-1.023374080657958984e+00
-3.210005164146423340e-01
-8.348679542541503906e-02
3.606633543968200684e-01
4.025706350803375244e-01
-2.110163867473602295e-02
-3.398974239826202393e-01
-1.063597559928894043e+00
-9.322353601455688477e-01
-5.224106907844543457e-01
-2.952768802642822266e-01
-8.996373414993286133e-02
6.392637640237808228e-02
3.595988452434539795e-01
3.633942008018493652e-01
-9.747993201017379761e-03
-2.225299924612045288e-01
-3.891490995883941650e-01
-7.033802866935729980e-01
-9.502469897270202637e-01
-7.169345021247863770e-01
-1.791694015264511108e-01
-5.008913576602935791e-02
9.482090920209884644e-02
6.449688971042633057e-02
-2.350656092166900635e-01
-6.863889098167419434e-01
-8.262071013450622559e-01
-4.640161395072937012e-01
1.468508541584014893e-01
-1.590203166007995605e+00
-1.560116648674011230e+00
-7.346826195716857910e-01
1.313614249229431152e-01
4.308458566665649414e-01
-1.510311365127563477e-01
-2.592781186103820801e-01
-3.530510365962982178e-01
5.150777697563171387e-01
6.112849116325378418e-01
-7.519873976707458496e-02
-1.539992451667785645e+00
-1.473508954048156738e+00
-1.358611106872558594e+00
-8.172739744186401367e-01
-1.702484637498855591e-01
-1.686565577983856201e-01
-2.214047312736511230e-02
-1.439323425292968750e-01
-5.661680698394775391e-01
-3.898553252220153809e-01
-4.467984661459922791e-02
7.979142069816589355e-01
7.918021082878112793e-01
8.277564495801925659e-02
-1.028756976127624512e+00
-1.701379537582397461e+00
-1.503265857696533203e+00
-1.286392807960510254e+00
-6.528050303459167480e-01
-2.455263882875442505e-01
-3.059106171131134033e-01
-7.456199824810028076e-02
7.727820426225662231e-02
2.564248740673065186e-01
6.693875789642333984e-01
5.131900310516357422e-01
4.994263947010040283e-01
-7.641707062721252441e-01
-1.666653871536254883e+00
-1.346428036689758301e+00
-6.050335764884948730e-01
-4.369959235191345215e-01
-3.054139018058776855e-01
-8.291507363319396973e-01
-4.143627882003784180e-01
1.784929335117340088e-01
1.249398469924926758e+00
7.904769182205200195e-01
-7.685654163360595703e-01
3.092181496322154999e-02
2.019492834806442261e-01
1.345317363739013672e-01
-2.297735363245010376e-01
-6.431549787521362305e-01
-5.636278986930847168e-01
-5.450384616851806641e-01
-4.350056499242782593e-02
6.235309839248657227e-01
1.381848335266113281e+00
7.342283129692077637e-01
-1.188680082559585571e-01
-1.176969647407531738e+00
-1.856002688407897949e+00
-9.045941233634948730e-01
-6.081420779228210449e-01
-1.653846353292465210e-01
-7.058841735124588013e-02
-2.147508561611175537e-01
-8.859586119651794434e-01
-7.569688558578491211e-01
-7.432094812393188477e-01
-4.113202989101409912e-01
-1.029657274484634399e-01
3.466144502162933350e-01
3.548477590084075928e-01
2.503072619438171387e-01
-1.597809493541717529e-01
-3.113337457180023193e-01
-8.543714880943298340e-01
-9.624894261360168457e-01
-8.087668418884277344e-01
-8.869692683219909668e-01
-3.575451374053955078e-01
-1.166669577360153198e-01
8.872139453887939453e-02
6.091341376304626465e-01
4.403821527957916260e-01
-6.141951084136962891e-01
-1.135000228881835938e+00
-1.064721465110778809e+00
-4.405286908149719238e-01
4.754020273685455322e-01
7.776630520820617676e-01
6.427931189537048340e-01
4.671337455511093140e-02
-7.085765600204467773e-01
-3.149307727813720703e+00
-3.341995954513549805e+00
-9.908506870269775391e-01
9.076754450798034668e-01
1.693157434463500977e+00
1.377779483795166016e+00
-1.672139286994934082e+00
-3.054470062255859375e+00
-1.261608004570007324e+00
4.356296956539154053e-01
1.643638253211975098e+00
1.665194630622863770e+00
1.466394543647766113e+00
1.626674532890319824e-01
-1.355703711509704590e+00
-1.799776434898376465e+00
-1.855343341827392578e+00
-1.455619812011718750e+00
-8.264765143394470215e-01
-4.089683294296264648e-02
-5.950788035988807678e-02
4.719796776771545410e-02
-2.823407053947448730e-01
-5.880401730537414551e-01
-1.158093094825744629e+00
-1.101962089538574219e+00
-1.462015271186828613e+00
-3.556256890296936035e-01
3.933202624320983887e-01
1.217533588409423828e+00
1.352046966552734375e+00
9.900569915771484375e-01
1.808166503906250000e-01
-8.133902549743652344e-01
-1.381161212921142578e+00
-9.779146909713745117e-01
9.998032450675964355e-01
1.785598158836364746e+00
7.772159576416015625e-01
-2.287982702255249023e+00
-3.981278419494628906e+00
-3.857557058334350586e+00
-8.473787903785705566e-01
1.015547811985015869e-01
4.606441855430603027e-01
3.657658696174621582e-01
-3.990763425827026367e-02
-8.315664529800415039e-01
-1.448089122772216797e+00
-1.531463146209716797e+00
-9.555627703666687012e-01
1.320077478885650635e-01
4.440986812114715576e-01
1.031443476676940918e+00
1.457252502441406250e+00
1.181810259819030762e+00
-7.511649280786514282e-03
-2.066904753446578979e-01
-8.313652276992797852e-01
-1.222633957862854004e+00
-8.216947913169860840e-01
-4.950690865516662598e-01
-4.493682086467742920e-01
-4.155161678791046143e-01
-1.209617853164672852e+00
-1.997962117195129395e+00
-2.268395662307739258e+00
-1.754131555557250977e+00
-1.351484179496765137e+00
-1.498951762914657593e-01
1.806738972663879395e-01
5.447636842727661133e-01
5.289072990417480469e-01
-3.248066306114196777e-01
-2.106638193130493164e+00
-2.969439506530761719e+00
-2.068811893463134766e+00
5.268270969390869141e-01
2.870479583740234375e+00
2.153433084487915039e+00
-2.556512832641601562e+00
-3.040099143981933594e+00
-6.553286910057067871e-01
-3.178054094314575195e-01
3.983162343502044678e-03
1.438157111406326294e-01
-2.451637238264083862e-01
-6.491421461105346680e-01
-1.469312191009521484e+00
-1.721032500267028809e+00
-9.988534450531005859e-01
-9.494541287422180176e-01
-5.694414377212524414e-01
-5.081422328948974609e-01
-5.150263905525207520e-01
-3.654178678989410400e-01
9.152477234601974487e-02
3.377515375614166260e-01
5.162300467491149902e-01
2.861911654472351074e-01
-5.151132941246032715e-01
-1.024677991867065430e+00
-1.483094573020935059e+00
-1.424083590507507324e+00
-1.036462664604187012e+00
-8.623892664909362793e-01
-1.577524691820144653e-01
-8.346857130527496338e-02
-1.738300174474716187e-01
-9.146232604980468750e-01
-1.229290366172790527e+00
-1.102309823036193848e+00
-4.818821549415588379e-01
-5.493098869919776917e-02
-3.854709863662719727e-01
-9.361465573310852051e-01
-1.178741574287414551e+00
-1.006809115409851074e+00
-8.696666359901428223e-01
-2.380889803171157837e-01
-1.892157047986984253e-01
-9.525330066680908203e-01
-8.280532360076904297e-01
-5.814675092697143555e-01
-2.793189585208892822e-01
-9.345355629920959473e-01
-1.675342440605163574e+00
-1.718715906143188477e+00
-1.158017396926879883e+00
-5.018944144248962402e-01
-5.017545223236083984e-01
-9.276598691940307617e-01
-8.998629450798034668e-01
-1.140504121780395508e+00
-4.625984132289886475e-01
-7.626125961542129517e-02
-1.053437888622283936e-01
-1.561266541481018066e+00
-1.891020894050598145e+00
-1.729846715927124023e+00
-1.178437471389770508e+00
-7.771224975585937500e-01
-1.562780290842056274e-01
-9.215475916862487793e-01
-8.206501603126525879e-01
-5.157206058502197266e-01
1.887598931789398193e-01
5.808030068874359131e-02
-9.403418302536010742e-01
-2.248931884765625000e+00
-1.876422047615051270e+00
-1.626913189888000488e+00
-8.336061835289001465e-01
-1.046753287315368652e+00
-9.285076260566711426e-01
-4.387433230876922607e-01
-3.092913925647735596e-01
-1.134225353598594666e-01
4.559426009654998779e-02
6.388974189758300781e-02
-6.067438125610351562e-01
-2.276846408843994141e+00
-1.436671137809753418e+00
-7.825951576232910156e-01
-1.018872857093811035e+00
-1.109841346740722656e+00
-1.169250130653381348e+00
-3.588199615478515625e-01
3.311190903186798096e-01
2.618152499198913574e-01
-5.391294956207275391e-01
-1.710121750831604004e+00
-1.542009592056274414e+00
-7.178257703781127930e-01
-6.859303712844848633e-01
-8.411406874656677246e-01
-1.596323728561401367e+00
-1.518521666526794434e+00
-1.031935811042785645e+00
-1.077577397227287292e-01
-6.192959845066070557e-03
-4.180394709110260010e-01
-1.588019490242004395e+00
-1.711422681808471680e+00
-7.952648997306823730e-01
-5.178396701812744141e-01
-6.424810886383056641e-01
-1.212051153182983398e+00
-9.916442632675170898e-01
-5.220401287078857422e-01
-3.839973509311676025e-01
-7.031349539756774902e-01
-1.404660224914550781e+00
-1.734359860420227051e+00
-1.517747402191162109e+00
-1.017656922340393066e+00
-5.456145405769348145e-01
-1.556366980075836182e-01
-8.023650646209716797e-01
-1.430736780166625977e+00
-1.275486469268798828e+00
-5.921629667282104492e-01
-3.684780597686767578e-01
-5.901315212249755859e-01
-1.975146889686584473e+00
-1.710842609405517578e+00
-9.281430244445800781e-01
-1.268302500247955322e-01
-3.996763527393341064e-01
-1.272265672683715820e+00
-8.215892314910888672e-01
-5.222515463829040527e-01
3.948368132114410400e-03
-4.121146723628044128e-02
-1.833699345588684082e+00
-1.812598854303359985e-01
-2.033564895391464233e-01
-3.275872945785522461e+00
-8.044795393943786621e-01
1.816546767950057983e-01
-1.442698836326599121e+00
-2.068390846252441406e+00
7.215951681137084961e-01
1.349013209342956543e+00
-3.159756422042846680e+00
-3.909129142761230469e+00
-9.526772499084472656e-01
-5.226922035217285156e-01
-2.049744844436645508e+00
-2.955189704895019531e+00
3.822588622570037842e-01
3.568384051322937012e-01
-2.082992553710937500e+00
-1.845392465591430664e+00
1.337239146232604980e+00
5.813106298446655273e-01
-4.143168449401855469e+00
-2.985217094421386719e+00
-1.145475655794143677e-01
-3.589804172515869141e+00
-9.982868432998657227e-01
2.119708508253097534e-01
-3.433834314346313477e+00
-1.459879517555236816e+00
1.813656568527221680e+00
-6.170929074287414551e-01
-3.504444599151611328e+00
-6.354073286056518555e-01
-4.436350166797637939e-01
-1.777727246284484863e+00
-2.857633113861083984e+00
-1.551334023475646973e+00
2.019130587577819824e-01
-3.468019723892211914e+00
-1.445570945739746094e+00
-1.616565138101577759e-01
-1.289236247539520264e-01
-7.240230441093444824e-01
-2.000166893005371094e+00
-2.073539018630981445e+00
-2.011425733566284180e+00
-1.635557174682617188e+00
-1.175936579704284668e+00
-1.190178751945495605e+00
-1.756417870521545410e+00
-2.167420148849487305e+00
-2.139982461929321289e+00
-1.671508312225341797e+00
-1.089299678802490234e+00
-1.142500877380371094e+00
-1.245167255401611328e+00
-1.718597173690795898e+00
-1.823018908500671387e+00
-2.080938100814819336e+00
-1.420414447784423828e+00
-1.492923259735107422e+00
-1.280680298805236816e+00
-1.697465181350708008e+00
-2.027761697769165039e+00
-1.680874109268188477e+00
-1.628131508827209473e+00
-1.330653071403503418e+00
-2.313537836074829102e+00
-3.034297943115234375e+00
-2.948236703872680664e+00
-1.598432064056396484e+00
-1.661333441734313965e+00
-1.914876818656921387e+00
-2.339479446411132812e+00
-1.739562153816223145e+00
-1.599432587623596191e+00
-1.028113961219787598e+00
-1.351742744445800781e+00
-2.546427249908447266e+00
-2.917443513870239258e+00
-3.017902374267578125e+00
-2.912136316299438477e+00
-2.129955768585205078e+00
-1.719828963279724121e+00
-1.300590038299560547e+00
-1.647330403327941895e+00
-2.058382034301757812e+00
-2.116096735000610352e+00
-1.182469606399536133e+00
-7.828745841979980469e-01
-1.073205232620239258e+00
-2.801240682601928711e+00
-2.874837636947631836e+00
-2.871152162551879883e+00
-2.760590314865112305e+00
-2.510773897171020508e+00
-2.136320590972900391e+00
-2.063290357589721680e+00
-1.922560453414916992e+00
-1.754822373390197754e+00
-1.303790688514709473e+00
-1.172742486000061035e+00
-1.438098192214965820e+00
-2.221593379974365234e+00
-2.955256223678588867e+00
-2.694325447082519531e+00
-2.221429586410522461e+00
-2.070157051086425781e+00
-2.078180313110351562e+00
-2.586235284805297852e+00
-2.212680578231811523e+00
-1.638874053955078125e+00
-9.986091256141662598e-01
-7.835158705711364746e-01
-1.388730168342590332e+00
-2.796494722366333008e+00
-2.696821212768554688e+00
-2.853354454040527344e+00
-2.375681877136230469e+00
-2.162478923797607422e+00
-2.388692855834960938e+00
-2.468694448471069336e+00
-3.171691894531250000e+00
-2.147046089172363281e+00
-2.404894351959228516e+00
-1.370948553085327148e+00
-9.902063608169555664e-01
-1.727036237716674805e+00
-2.543792009353637695e+00
-3.044060230255126953e+00
-2.353126764297485352e+00
-1.773233890533447266e+00
-2.047579050064086914e+00
-1.912847757339477539e+00
-2.314847707748413086e+00
-2.429598331451416016e+00
-2.391148090362548828e+00
-1.729640245437622070e+00
-1.597975850105285645e+00
-1.995293140411376953e+00
-2.661267042160034180e+00
-3.303376436233520508e+00
-2.755584239959716797e+00
-2.177745819091796875e+00
-1.612812995910644531e+00
-2.266047954559326172e+00
-2.688110113143920898e+00
-2.659759998321533203e+00
-2.092942714691162109e+00
-1.416682243347167969e+00
-2.216813325881958008e+00
-3.268866300582885742e+00
-3.410519838333129883e+00
-3.010029077529907227e+00
-2.418578386306762695e+00
-1.562419414520263672e+00
-1.845127344131469727e+00
-2.391428709030151367e+00
-2.720808029174804688e+00
-1.941564917564392090e+00
-1.429022669792175293e+00
-1.449330925941467285e+00
-2.341393470764160156e+00
-3.288350820541381836e+00
-4.217265605926513672e+00
-3.535645484924316406e+00
-3.121349334716796875e+00
-1.576216936111450195e+00
-1.459695816040039062e+00
-2.344721317291259766e+00
-3.690365076065063477e+00
-3.654213666915893555e+00
-1.625649213790893555e+00
-9.771569371223449707e-01
-1.558469891548156738e+00
-3.650860071182250977e+00
-5.207376003265380859e+00
-2.372416019439697266e+00
-2.156692743301391602e+00
-4.998806953430175781e+00
-1.290844321250915527e+00
-7.176809906959533691e-01
-4.060750007629394531e+00
-3.733767986297607422e+00
-5.805031657218933105e-01
-7.057240009307861328e-01
-3.276689767837524414e+00
-4.121984958648681641e+00
-2.333847999572753906e+00
-2.205571174621582031e+00
-6.012481212615966797e+00
-3.357348918914794922e+00
-1.338833093643188477e+00
-4.078667640686035156e+00
-4.773654460906982422e+00
-1.240747213363647461e+00
-2.800937652587890625e+00
-4.631048202514648438e+00
6.589262932538986206e-02
-2.634637594223022461e+00
-5.750352382659912109e+00
-1.674674034118652344e+00
-1.529402256011962891e+00
-4.678705215454101562e+00
-2.067180395126342773e+00
-1.927486419677734375e+00
-5.347793579101562500e+00
-1.781468510627746582e+00
-1.286880612373352051e+00
-4.187211036682128906e+00
-1.298251509666442871e+00
-1.013405561447143555e+00
-4.774046421051025391e+00
-5.541915416717529297e+00
-2.200028181076049805e+00
-3.691484212875366211e+00
-2.527919769287109375e+00
-2.812381505966186523e+00
-3.963961124420166016e+00
-3.826064825057983398e+00
-3.061553478240966797e+00
-2.770984411239624023e+00
-3.001143217086791992e+00
-3.187317132949829102e+00
-3.653760433197021484e+00
-3.840769529342651367e+00
-3.605325460433959961e+00
-2.934181690216064453e+00
-3.191800594329833984e+00
-3.331447839736938477e+00
-3.650385856628417969e+00
-3.561815023422241211e+00
-3.152394771575927734e+00
-3.322101593017578125e+00
-4.267878532409667969e+00
-4.083151340484619141e+00
-4.101901054382324219e+00
-2.998822689056396484e+00
-3.747801780700683594e+00
-4.105711936950683594e+00
-3.668563127517700195e+00
-3.139348745346069336e+00
-3.484598875045776367e+00
-4.169882774353027344e+00
-4.785336494445800781e+00
-4.658344268798828125e+00
-4.772881984710693359e+00
-3.962127208709716797e+00
-3.814855098724365234e+00
-3.223150968551635742e+00
-3.809228181838989258e+00
-3.639652729034423828e+00
-3.645788192749023438e+00
-2.953288316726684570e+00
-3.009116172790527344e+00
-3.404032945632934570e+00
-4.903796672821044922e+00
-5.123375415802001953e+00
-5.122755527496337891e+00
-4.466858863830566406e+00
-4.339114189147949219e+00
-4.550409317016601562e+00
-4.005496025085449219e+00
-3.479286432266235352e+00
-4.167594909667968750e+00
-3.324821233749389648e+00
-3.492973804473876953e+00
-3.495584487915039062e+00
-4.486443996429443359e+00
-4.753815174102783203e+00
-4.821680545806884766e+00
-4.326777458190917969e+00
-3.983663797378540039e+00
-3.954995632171630859e+00
-4.535586357116699219e+00
-4.374424934387207031e+00
-3.716705799102783203e+00
-3.043429136276245117e+00
-3.299656152725219727e+00
-4.569293498992919922e+00
-4.628781318664550781e+00
-4.751728057861328125e+00
-4.896304607391357422e+00
-4.123141288757324219e+00
-4.710363388061523438e+00
-4.231557369232177734e+00
-4.750668048858642578e+00
-4.891606807708740234e+00
-4.731205940246582031e+00
-3.700258255004882812e+00
-3.510568380355834961e+00
-3.539982795715332031e+00
-3.979966402053833008e+00
-4.790762424468994141e+00
-4.947006702423095703e+00
-5.161223888397216797e+00
-4.454546928405761719e+00
-4.177045822143554688e+00
-4.887306213378906250e+00
-5.002527236938476562e+00
-4.046333312988281250e+00
-4.313708782196044922e+00
-4.617722511291503906e+00
-4.887048244476318359e+00
-5.107417106628417969e+00
-5.071701049804687500e+00
-4.579802513122558594e+00
-4.582535743713378906e+00
-4.339603900909423828e+00
-4.286848545074462891e+00
-4.534007549285888672e+00
-4.628623962402343750e+00
-4.894886016845703125e+00
-4.481378078460693359e+00
-4.429666519165039062e+00
-4.613856315612792969e+00
-4.913618087768554688e+00
-5.831865787506103516e+00
-5.814858913421630859e+00
-5.669658184051513672e+00
-5.756855487823486328e+00
-4.936143398284912109e+00
-4.661577224731445312e+00
-4.951658725738525391e+00
-4.609719276428222656e+00
-4.898155212402343750e+00
-4.675030231475830078e+00
-4.091888427734375000e+00
-3.963814496994018555e+00
-4.408664226531982422e+00
-5.052675247192382812e+00
-5.863441467285156250e+00
-6.041716575622558594e+00
-5.932186603546142578e+00
-5.825265407562255859e+00
-5.256349563598632812e+00
-5.206194877624511719e+00
-4.726769447326660156e+00
-5.143027305603027344e+00
-5.574044704437255859e+00
-5.847238063812255859e+00
-5.722000598907470703e+00
-4.659212589263916016e+00
-4.571287155151367188e+00
-4.206547737121582031e+00
-4.408675670623779297e+00
-5.048399925231933594e+00
-6.060693740844726562e+00
-6.889333248138427734e+00
-7.048247337341308594e+00
-6.457971096038818359e+00
-5.989061355590820312e+00
-5.671316623687744141e+00
-5.690574169158935547e+00
-5.592425823211669922e+00
-5.325145721435546875e+00
-5.548642158508300781e+00
-5.152129650115966797e+00
-5.011551380157470703e+00
-4.958811283111572266e+00
-4.495193958282470703e+00
-4.641642570495605469e+00
-4.793854713439941406e+00
-5.259397983551025391e+00
-5.531954765319824219e+00
-6.639370441436767578e+00
-6.763182640075683594e+00
-6.795768260955810547e+00
-6.109222412109375000e+00
-6.072720050811767578e+00
-6.316363811492919922e+00
-5.947390556335449219e+00
-6.531710624694824219e+00
-6.498317718505859375e+00
-6.270596504211425781e+00
-6.005119323730468750e+00
-5.700888633728027344e+00
-4.879517078399658203e+00
-5.270973682403564453e+00
-6.052648067474365234e+00
-5.857979774475097656e+00
-6.704264640808105469e+00
-6.463939189910888672e+00
-6.354640007019042969e+00
-5.621951580047607422e+00
-5.784619808197021484e+00
-6.408739089965820312e+00
-6.752157688140869141e+00
-6.434182643890380859e+00
-6.856456756591796875e+00
-6.928009510040283203e+00
-6.426595211029052734e+00
-6.481739044189453125e+00
-5.537764549255371094e+00
-5.323288917541503906e+00
-5.538153171539306641e+00
-6.086822509765625000e+00
-5.951408386230468750e+00
-6.495975017547607422e+00
-6.453683376312255859e+00
-6.711229801177978516e+00
-6.889174938201904297e+00
-6.363553047180175781e+00
-5.988513946533203125e+00
-5.852095603942871094e+00
-6.007449626922607422e+00
-5.773233890533447266e+00
-6.591907024383544922e+00
-6.982595443725585938e+00
-6.762798786163330078e+00
-6.947766304016113281e+00
-6.747940540313720703e+00
-6.473695278167724609e+00
-6.278980255126953125e+00
-6.500307559967041016e+00
-6.941186904907226562e+00
-6.876611232757568359e+00
-6.661750793457031250e+00
-7.130510330200195312e+00
-7.296857833862304688e+00
-6.895943164825439453e+00
-6.787286281585693359e+00
-6.642603397369384766e+00
-6.393804550170898438e+00
-6.480942726135253906e+00
-6.763900756835937500e+00
-6.629949092864990234e+00
-6.954734802246093750e+00
-6.771331310272216797e+00
-6.365109920501708984e+00
-6.146292686462402344e+00
-6.263806343078613281e+00
-6.498664379119873047e+00
-6.988885402679443359e+00
-7.199054718017578125e+00
-7.608670711517333984e+00
-7.685021400451660156e+00
-7.067151546478271484e+00
-6.468517780303955078e+00
-6.919992446899414062e+00
-7.162270069122314453e+00
-7.230924606323242188e+00
-7.349545955657958984e+00
-7.244575977325439453e+00
-7.145762920379638672e+00
-6.445594787597656250e+00
-6.412429809570312500e+00
-6.942273139953613281e+00
-7.567063808441162109e+00
-7.792468547821044922e+00
-8.429763793945312500e+00
-8.511651992797851562e+00
-8.036245346069335938e+00
-8.048516273498535156e+00
-7.948188304901123047e+00
-7.266311645507812500e+00
-6.866912364959716797e+00
-6.884825229644775391e+00
-6.575657844543457031e+00
-6.845012187957763672e+00
-7.125642776489257812e+00
-7.139737129211425781e+00
-7.110287189483642578e+00
-6.478203296661376953e+00
-6.421137332916259766e+00
-6.136601448059082031e+00
-6.729404449462890625e+00
-8.670116424560546875e+00
-8.655007362365722656e+00
-9.188120841979980469e+00
-8.695980072021484375e+00
-8.259773254394531250e+00
-7.843561172485351562e+00
-7.767452716827392578e+00
-7.986395359039306641e+00
-7.725924015045166016e+00
-7.705038547515869141e+00
-7.399793624877929688e+00
-7.086152553558349609e+00
-6.797983169555664062e+00
-6.873131275177001953e+00
-6.660229206085205078e+00
-6.632757186889648438e+00
-7.340202331542968750e+00
-7.366339206695556641e+00
-7.831225395202636719e+00
-8.045998573303222656e+00
-8.460363388061523438e+00
-8.419219970703125000e+00
-8.455575942993164062e+00
-8.021059036254882812e+00
-7.950636386871337891e+00
-8.058708190917968750e+00
-8.062173843383789062e+00
-8.166212081909179688e+00
-8.190609931945800781e+00
-8.814740180969238281e+00
-8.340995788574218750e+00
-8.400137901306152344e+00
-7.911767482757568359e+00
-7.539567470550537109e+00
-7.654467105865478516e+00
-7.774694442749023438e+00
-8.439307212829589844e+00
-8.473225593566894531e+00
-8.118869781494140625e+00
-8.410803794860839844e+00
-8.351612091064453125e+00
-7.763956546783447266e+00
-8.076392173767089844e+00
-7.998857021331787109e+00
-8.009601593017578125e+00
-8.765228271484375000e+00
-8.570535659790039062e+00
-8.110455513000488281e+00
-8.063749313354492188e+00
-7.877754211425781250e+00
-7.135988235473632812e+00
-7.743679046630859375e+00
-7.316517829895019531e+00
-7.571589469909667969e+00
-8.123252868652343750e+00
-8.773992538452148438e+00
