9.381485939025878906e+00
9.374953269958496094e+00
9.713934898376464844e+00
9.265382766723632812e+00
9.797039985656738281e+00
8.913476943969726562e+00
9.915686607360839844e+00
9.082294464111328125e+00
6.674879550933837891e+00
3.857647180557250977e+00
2.155640840530395508e+00
1.596956372261047363e+00
1.857379913330078125e+00
1.828607559204101562e+00
1.993922472000122070e+00
1.062286138534545898e+00
5.511758923530578613e-01
1.076176643371582031e+00
9.359981417655944824e-01
1.923747658729553223e+00
1.180520057678222656e+00
1.838595986366271973e+00
1.012811183929443359e+00
4.517652392387390137e-01
3.936197161674499512e-01
2.258147716522216797e+00
2.082541704177856445e+00
2.035922527313232422e+00
1.735815644264221191e+00
1.680421471595764160e+00
1.141402959823608398e+00
2.029123067855834961e+00
4.902757406234741211e-01
9.676010608673095703e-01
1.245148062705993652e+00
1.509161829948425293e+00
9.219149351119995117e-01
1.802853226661682129e+00
5.835711956024169922e-01
4.382167160511016846e-01
1.341982483863830566e+00
2.545957565307617188e+00
1.412005782127380371e+00
2.204715490341186523e+00
1.043995022773742676e+00
2.133172273635864258e+00
5.361574888229370117e-01
1.539097547531127930e+00
7.977531552314758301e-01
1.746806502342224121e+00
8.664523363113403320e-01
7.321299910545349121e-01
8.962292075157165527e-01
1.794409394264221191e+00
1.114177346229553223e+00
1.565854668617248535e+00
1.482597708702087402e+00
1.390343189239501953e+00
1.628824472427368164e+00
1.567135453224182129e+00
1.473593831062316895e+00
1.645861864089965820e+00
1.640841364860534668e+00
1.956436634063720703e+00
3.884868025779724121e-01
9.194476008415222168e-01
7.512935996055603027e-01
1.845757961273193359e+00
8.250149488449096680e-01
1.697561740875244141e+00
3.688207864761352539e-01
7.541059851646423340e-01
1.546346187591552734e+00
2.328861951828002930e+00
1.542861104011535645e+00
1.766414523124694824e+00
1.091054439544677734e+00
1.867123723030090332e+00
1.737269639968872070e+00
1.231063842773437500e+00
4.265316128730773926e-01
1.218596339225769043e+00
1.101013898849487305e+00
2.143153429031372070e+00
1.489526033401489258e+00
1.988405108451843262e+00
7.574768662452697754e-01
1.743792653083801270e+00
1.343994736671447754e+00
1.362671017646789551e+00
7.995131611824035645e-01
2.023094415664672852e+00
1.166378617286682129e+00
9.239058494567871094e-01
1.081230878829956055e+00
1.473267197608947754e+00
1.524740695953369141e+00
6.943053603172302246e-01
5.268221497535705566e-01
2.354320287704467773e+00
1.101316213607788086e+00
1.271007895469665527e+00
1.151189684867858887e+00
1.465178012847900391e+00
2.248045682907104492e+00
2.960967719554901123e-01
2.200772285461425781e+00
1.263207197189331055e+00
2.313779354095458984e+00
1.432864308357238770e+00
1.977896332740783691e+00
1.155437946319580078e+00
2.048350811004638672e+00
1.249691128730773926e+00
2.034236192703247070e+00
6.964662075042724609e-01
1.438177108764648438e+00
1.174921512603759766e+00
7.542785406112670898e-01
9.736273884773254395e-01
1.767944931983947754e+00
8.763565421104431152e-01
1.029763579368591309e+00
1.063262104988098145e+00
1.147643327713012695e+00
2.040268898010253906e+00
1.569618821144104004e+00
2.050923109054565430e+00
1.429772973060607910e+00
2.050423145294189453e+00
1.724921941757202148e+00
1.630683422088623047e+00
3.172257244586944580e-01
1.210398912429809570e+00
2.204559445381164551e-01
1.207027077674865723e+00
9.814543724060058594e-01
1.690622806549072266e+00
7.607632279396057129e-01
1.199577808380126953e+00
1.649802446365356445e+00
1.160748600959777832e+00
2.163855791091918945e+00
1.529418945312500000e+00
1.152088165283203125e+00
5.892733335494995117e-01
1.591459870338439941e+00
8.104838728904724121e-01
6.973865032196044922e-01
1.047196030616760254e+00
1.318288922309875488e+00
1.534582018852233887e+00
1.910382270812988281e+00
1.333540081977844238e+00
1.367926716804504395e+00
1.427110552787780762e+00
4.411301910877227783e-01
2.333513021469116211e+00
7.080982923507690430e-01
1.626011252403259277e+00
1.670552968978881836e+00
1.952057003974914551e+00
3.594664633274078369e-01
1.290118098258972168e+00
1.702253699302673340e+00
6.709156632423400879e-01
1.267884373664855957e+00
1.018724560737609863e+00
7.438775300979614258e-01
1.654405474662780762e+00
1.886347651481628418e+00
7.634845376014709473e-01
1.151204347610473633e+00
1.087725043296813965e+00
1.620973467826843262e+00
6.539861559867858887e-01
1.466984152793884277e+00
9.174543023109436035e-01
1.876216530799865723e+00
1.121702194213867188e+00
4.144333302974700928e-01
1.599049568176269531e+00
1.972190022468566895e+00
1.023262500762939453e+00
1.668532490730285645e+00
1.904528379440307617e+00
1.696266174316406250e+00
1.129009723663330078e+00
1.997326135635375977e+00
-3.394601345062255859e-01
2.329239368438720703e+00
1.194442868232727051e+00
1.150996804237365723e+00
9.369466900825500488e-01
4.949417710304260254e-01
2.255745172500610352e+00
8.602337837219238281e-01
2.018574237823486328e+00
1.513943791389465332e+00
1.501865983009338379e+00
2.152296781539916992e+00
1.466562390327453613e+00
1.472814679145812988e+00
1.383382439613342285e+00
1.040465950965881348e+00
-1.009593605995178223e-01
1.508489012718200684e+00
1.497899889945983887e+00
1.411438822746276855e+00
1.020962119102478027e+00
6.035446524620056152e-01
2.026460170745849609e+00
1.319974064826965332e+00
2.318280696868896484e+00
1.218863844871520996e+00
1.599031925201416016e+00
2.189544916152954102e+00
1.009399890899658203e+00
6.458786129951477051e-01
6.481924057006835938e-01
1.663398742675781250e+00
4.933812916278839111e-01
1.771348953247070312e+00
3.079695701599121094e-01
1.407344341278076172e+00
1.183566808700561523e+00
9.829765558242797852e-01
1.343454480171203613e+00
6.113963127136230469e-01
1.771700143814086914e+00
5.356010198593139648e-01
1.718953728675842285e+00
1.444475531578063965e+00
1.488351464271545410e+00
1.591029524803161621e+00
9.428290724754333496e-01
2.103611707687377930e+00
1.805481672286987305e+00
4.415291845798492432e-01
7.477995753288269043e-01
1.534589648246765137e+00
1.921011090278625488e+00
8.338071703910827637e-01
2.031389713287353516e+00
1.070901036262512207e+00
1.823155760765075684e+00
1.619697213172912598e+00
8.303868174552917480e-01
2.138431787490844727e+00
6.322091221809387207e-01
1.586282372474670410e+00
1.096490621566772461e+00
2.610770702362060547e+00
8.651912212371826172e-01
8.932545781135559082e-01
1.422457575798034668e+00
9.329452514648437500e-01
1.337857127189636230e+00
1.022657871246337891e+00
2.050146818161010742e+00
8.507937788963317871e-01
1.893362522125244141e+00
9.868617057800292969e-01
1.408830881118774414e+00
1.628794550895690918e+00
1.584389209747314453e-01
1.795771002769470215e+00
2.739638686180114746e-01
8.538044095039367676e-01
1.153190374374389648e+00
1.432643651962280273e+00
2.219429492950439453e+00
9.401762485504150391e-01
1.678451061248779297e+00
8.017807602882385254e-01
5.321058630943298340e-01
8.559880256652832031e-01
1.343981027603149414e+00
6.899606585502624512e-01
1.250174164772033691e+00
2.377477169036865234e+00
8.077327609062194824e-01
1.502389788627624512e+00
2.122518777847290039e+00
1.293551445007324219e+00
9.956510663032531738e-01
2.058222055435180664e+00
1.082598209381103516e+00
1.634898066520690918e+00
1.189402818679809570e+00
1.068687438964843750e+00
1.749753594398498535e+00
2.077462911605834961e+00
1.282636761665344238e+00
1.863156795501708984e+00
2.088202476501464844e+00
8.825040459632873535e-01
6.520627140998840332e-01
8.751817941665649414e-01
9.188176393508911133e-01
1.206442832946777344e+00
1.059870600700378418e+00
1.351351857185363770e+00
1.965870022773742676e+00
1.559896588325500488e+00
6.240273714065551758e-01
1.720476746559143066e+00
1.503733038902282715e+00
1.103099346160888672e+00
2.399782896041870117e+00
1.032823204994201660e+00
7.432284355163574219e-01
1.853068828582763672e+00
1.901699662208557129e+00
1.088970899581909180e+00
1.876136064529418945e+00
1.688807964324951172e+00
4.509179592132568359e-01
1.895550012588500977e+00
1.101962566375732422e+00
6.109192967414855957e-01
1.723062634468078613e+00
1.241128742694854736e-01
1.850528597831726074e+00
2.088253259658813477e+00
5.890727639198303223e-01
1.212562441825866699e+00
1.718932628631591797e+00
1.549223065376281738e+00
1.371967554092407227e+00
8.328656554222106934e-01
4.212282299995422363e-01
1.326648712158203125e+00
9.027966856956481934e-01
1.854222893714904785e+00
2.280678510665893555e+00
1.923495650291442871e+00
1.412131190299987793e+00
2.492382526397705078e+00
1.669082641601562500e+00
1.041474103927612305e+00
1.883500576019287109e+00
7.974961400032043457e-01
1.093320369720458984e+00
1.585647702217102051e+00
1.359093904495239258e+00
7.515050768852233887e-01
1.728492021560668945e+00
1.521469473838806152e+00
9.799763560295104980e-01
1.573149085044860840e+00
9.733355641365051270e-01
1.838055014610290527e+00
1.056785106658935547e+00
7.695574760437011719e-01
1.139500021934509277e+00
2.076012611389160156e+00
1.166946291923522949e+00
1.529921412467956543e+00
1.796932220458984375e+00
2.140043973922729492e+00
2.058281183242797852e+00
2.040661334991455078e+00
1.867055535316467285e+00
5.864891409873962402e-01
2.320439100265502930e+00
2.092809200286865234e+00
1.160557746887207031e+00
1.327632784843444824e+00
1.519085288047790527e+00
3.914902806282043457e-01
2.046953439712524414e+00
1.175305247306823730e+00
9.084305167198181152e-01
1.980349063873291016e+00
1.537182092666625977e+00
9.550356268882751465e-01
1.711727023124694824e+00
1.425002932548522949e+00
1.308832883834838867e+00
1.128486514091491699e+00
1.116203904151916504e+00
2.232286214828491211e+00
1.215842962265014648e+00
1.598320722579956055e+00
1.550850629806518555e+00
7.391811013221740723e-01
2.023018121719360352e+00
1.258111119270324707e+00
1.556070446968078613e+00
1.639563441276550293e+00
2.990933060646057129e-01
1.037302494049072266e+00
6.899618506431579590e-01
6.470300555229187012e-01
9.796589016914367676e-01
8.327316641807556152e-01
1.379095554351806641e+00
1.672380566596984863e+00
1.032877564430236816e+00
1.313756823539733887e+00
9.017081260681152344e-01
1.461551189422607422e+00
2.301970720291137695e+00
1.214995741844177246e+00
1.753987431526184082e+00
1.558090090751647949e+00
6.617492437362670898e-01
2.232314586639404297e+00
2.225039482116699219e+00
9.246424436569213867e-01
1.799776077270507812e+00
8.218521475791931152e-01
1.403026819229125977e+00
1.309645652770996094e+00
1.723582267761230469e+00
8.141984939575195312e-01
1.734951853752136230e+00
8.101159334182739258e-02
1.289802908897399902e+00
9.370798468589782715e-01
9.961824417114257812e-01
1.519606351852416992e+00
1.661715745925903320e+00
1.204519033432006836e+00
2.562531471252441406e+00
1.846268415451049805e+00
1.503850936889648438e+00
1.247359037399291992e+00
1.019067645072937012e+00
2.101027011871337891e+00
9.404724836349487305e-01
1.754438042640686035e+00
2.109890460968017578e+00
1.434073567390441895e+00
1.079236626625061035e+00
1.009721636772155762e+00
1.539348810911178589e-01
1.564793467521667480e+00
1.703980684280395508e+00
6.864379644393920898e-01
1.324991345405578613e+00
9.327808618545532227e-01
1.095563888549804688e+00
1.480994343757629395e+00
1.198860049247741699e+00
4.841475188732147217e-01
8.450967073440551758e-01
2.336604833602905273e+00
9.504165053367614746e-01
1.611104011535644531e+00
2.455835580825805664e+00
1.361554622650146484e+00
2.183872938156127930e+00
1.707527279853820801e+00
1.402336597442626953e+00
9.816755056381225586e-01
1.435883760452270508e+00
8.295013308525085449e-01
1.566180348396301270e+00
4.076617956161499023e-01
2.067778825759887695e+00
1.427121400833129883e+00
1.041685342788696289e+00
8.878724575042724609e-01
1.536959648132324219e+00
1.899577856063842773e+00
1.245120882987976074e+00
1.517193078994750977e+00
2.184161901473999023e+00
1.709075450897216797e+00
1.544197678565979004e+00
8.911495804786682129e-01
1.611773014068603516e+00
7.718779444694519043e-01
1.348979711532592773e+00
1.193467736244201660e+00
6.953557133674621582e-01
1.090531587600708008e+00
1.075817942619323730e+00
1.268635749816894531e+00
7.511182427406311035e-01
3.754107654094696045e-01
1.739283561706542969e+00
2.492248773574829102e+00
3.414940237998962402e-01
1.997621178627014160e+00
1.419711947441101074e+00
9.794913530349731445e-01
2.539640665054321289e+00
1.299992561340332031e+00
7.448199987411499023e-01
2.407376289367675781e+00
1.868132233619689941e+00
8.486953973770141602e-01
1.161705732345581055e+00
2.025988101959228516e+00
1.671632289886474609e+00
1.693137407302856445e+00
2.075519800186157227e+00
9.507741928100585938e-01
1.436827421188354492e+00
1.039704918861389160e+00
8.978255391120910645e-01
1.462161064147949219e+00
5.110795497894287109e-01
6.698062419891357422e-01
8.926538228988647461e-01
1.325857043266296387e+00
1.434036493301391602e+00
1.163273811340332031e+00
8.552302122116088867e-01
2.296923637390136719e+00
2.212986946105957031e+00
1.178040742874145508e+00
2.483768463134765625e+00
1.539424180984497070e+00
1.946133375167846680e+00
1.737717509269714355e+00
8.658509254455566406e-01
1.826735615730285645e+00
1.319985389709472656e+00
1.657174468040466309e+00
2.168620824813842773e+00
5.637945532798767090e-01
6.978812217712402344e-01
1.626080513000488281e+00
8.189606070518493652e-01
1.911269187927246094e+00
1.786624073982238770e+00
1.459211707115173340e+00
1.314810276031494141e+00
2.644453525543212891e+00
7.369167804718017578e-01
1.701585769653320312e+00
1.434065222740173340e+00
1.664442777633666992e+00
1.922068476676940918e+00
1.318130135536193848e+00
1.476736783981323242e+00
1.614269137382507324e+00
9.775616526603698730e-01
1.315629601478576660e+00
1.741201996803283691e+00
1.484129548072814941e+00
9.686540365219116211e-01
8.944914340972900391e-01
1.153126835823059082e+00
2.296477556228637695e+00
9.612876176834106445e-01
1.823468327522277832e+00
1.329610228538513184e+00
1.401434183120727539e+00
2.383121967315673828e+00
9.877513647079467773e-01
2.570760011672973633e+00
1.132137775421142578e+00
1.327107071876525879e+00
1.260980248451232910e+00
1.923708438873291016e+00
1.116209387779235840e+00
6.629332900047302246e-01
1.790015697479248047e+00
7.099889516830444336e-01
8.201456069946289062e-01
4.803669452667236328e-01
2.386181354522705078e+00
1.322765827178955078e+00
1.506626367568969727e+00
1.727673888206481934e+00
1.488155364990234375e+00
2.340188026428222656e+00
1.413825988769531250e+00
1.912273526191711426e+00
1.844854474067687988e+00
1.142096638679504395e+00
1.700985074043273926e+00
5.631968975067138672e-01
1.290100574493408203e+00
7.078326940536499023e-01
1.941977977752685547e+00
1.041090965270996094e+00
8.833374977111816406e-01
1.452945113182067871e+00
7.451757788658142090e-01
9.146231412887573242e-01
1.346793532371520996e+00
2.118910551071166992e+00
9.436078071594238281e-01
1.357141494750976562e+00
1.796617031097412109e+00
1.833038210868835449e+00
1.528197169303894043e+00
1.228039145469665527e+00
1.642716884613037109e+00
1.917939424514770508e+00
1.924380898475646973e+00
9.515824913978576660e-01
2.172631025314331055e+00
3.223383426666259766e-01
1.512173175811767578e+00
1.366051673889160156e+00
3.883869647979736328e-01
1.675863862037658691e+00
1.498438477516174316e+00
6.317869424819946289e-01
1.457889199256896973e+00
7.242399454116821289e-01
1.771397829055786133e+00
1.915068268775939941e+00
1.535213589668273926e+00
1.357501626014709473e+00
1.234015941619873047e+00
1.456390857696533203e+00
1.272443652153015137e+00
1.674843072891235352e+00
8.950014710426330566e-01
1.951086282730102539e+00
1.457670807838439941e+00
1.705893516540527344e+00
1.272652626037597656e+00
9.268504977226257324e-01
1.489915013313293457e+00
1.371103167533874512e+00
1.261303544044494629e+00
2.140443801879882812e+00
1.927205324172973633e+00
2.067022562026977539e+00
1.069089293479919434e+00
2.345500469207763672e+00
1.235044360160827637e+00
1.190023064613342285e+00
1.349976778030395508e+00
9.982073307037353516e-01
1.675651669502258301e+00
1.427381157875061035e+00
9.644339084625244141e-01
4.957281351089477539e-01
1.464907646179199219e+00
8.788729906082153320e-01
2.121379852294921875e+00
1.410531282424926758e+00
1.056708335876464844e+00
1.629026293754577637e+00
1.473984122276306152e+00
1.528968095779418945e+00
2.191035509109497070e+00
1.527603626251220703e+00
1.900217533111572266e+00
6.494820117950439453e-01
1.654789686203002930e+00
1.622101426124572754e+00
1.864165544509887695e+00
1.134565234184265137e+00
1.421327352523803711e+00
1.189745187759399414e+00
1.070979833602905273e+00
1.808845758438110352e+00
1.064671516418457031e+00
1.699236154556274414e+00
7.141485810279846191e-01
2.171797275543212891e+00
5.079058408737182617e-01
3.171703100204467773e+00
9.170908331871032715e-01
7.773620486259460449e-01
1.787792682647705078e+00
1.286377787590026855e+00
1.678573250770568848e+00
1.612762451171875000e+00
1.361545324325561523e+00
1.568347215652465820e+00
1.054448246955871582e+00
1.063192486763000488e+00
1.528325080871582031e+00
1.300689697265625000e+00
7.021613717079162598e-01
1.534633278846740723e+00
1.725356101989746094e+00
1.960212826728820801e+00
1.095080733299255371e+00
1.365855574607849121e+00
2.431682586669921875e+00
1.644801259040832520e+00
2.243592023849487305e+00
1.707414031028747559e+00
2.010474681854248047e+00
1.110623598098754883e+00
2.223741292953491211e+00
1.716676592826843262e+00
1.695788025856018066e+00
1.404398918151855469e+00
1.476780891418457031e+00
1.462088704109191895e+00
1.444324254989624023e+00
2.120234727859497070e+00
1.048003911972045898e+00
1.162495136260986328e+00
1.460863113403320312e+00
1.313127398490905762e+00
1.309737801551818848e+00
1.519612073898315430e+00
1.499987721443176270e+00
1.476156830787658691e+00
1.077517628669738770e+00
2.355502367019653320e+00
1.015329957008361816e+00
1.698912978172302246e+00
2.644544839859008789e+00
1.102797985076904297e+00
1.525844454765319824e+00
2.629301548004150391e+00
2.123841285705566406e+00
1.444618821144104004e+00
1.348264217376708984e+00
1.388393044471740723e+00
1.700151920318603516e+00
4.650676548480987549e-01
1.259205460548400879e+00
1.565682649612426758e+00
1.853557229042053223e+00
1.426677227020263672e+00
1.392603635787963867e+00
2.015361785888671875e+00
2.547332763671875000e+00
1.176814198493957520e+00
1.422721385955810547e+00
1.715546727180480957e+00
6.696226000785827637e-01
1.116990089416503906e+00
1.123781681060791016e+00
7.223584055900573730e-01
1.814218640327453613e+00
1.604429006576538086e+00
9.749909043312072754e-01
2.835830688476562500e+00
1.991460561752319336e+00
1.882893204689025879e+00
1.785832047462463379e+00
2.252535581588745117e+00
1.266438961029052734e+00
8.435378074645996094e-01
1.547167539596557617e+00
1.680917382240295410e+00
1.979020714759826660e+00
1.420995235443115234e+00
2.227915048599243164e+00
1.285039424896240234e+00
9.378420114517211914e-01
1.712365984916687012e+00
9.473359584808349609e-01
1.506058454513549805e+00
1.464687347412109375e+00
1.712293386459350586e+00
2.028097867965698242e+00
1.677826404571533203e+00
2.408997058868408203e+00
1.257025480270385742e+00
2.517829179763793945e+00
1.703104376792907715e+00
2.324734687805175781e+00
2.367505311965942383e+00
1.469649910926818848e+00
2.255998611450195312e+00
4.540834426879882812e-01
1.545624732971191406e+00
7.450364232063293457e-01
1.974856615066528320e+00
6.154717206954956055e-01
2.043292045593261719e+00
1.605626344680786133e+00
1.266843438148498535e+00
2.112072944641113281e+00
1.205678105354309082e+00
1.632859706878662109e+00
1.123766303062438965e+00
1.796655893325805664e+00
2.248049259185791016e+00
1.726294398307800293e+00
1.997680544853210449e+00
2.640838384628295898e+00
1.269107937812805176e+00
2.302064418792724609e+00
1.816150426864624023e+00
1.510905146598815918e+00
2.063893079757690430e+00
1.653626084327697754e+00
1.275082111358642578e+00
1.981112718582153320e+00
1.474977374076843262e+00
1.314298868179321289e+00
2.317767620086669922e+00
1.506977677345275879e+00
2.648853302001953125e+00
6.586366891860961914e-01
2.437481641769409180e+00
1.633780956268310547e+00
1.674995899200439453e+00
1.269440412521362305e+00
1.525217175483703613e+00
2.231381893157958984e+00
1.405053019523620605e+00
2.027069807052612305e+00
1.844044566154479980e+00
1.585048675537109375e+00
1.947256565093994141e+00
1.065584301948547363e+00
2.243789672851562500e+00
1.148706316947937012e+00
2.521904706954956055e+00
9.164617061614990234e-01
1.665564179420471191e+00
2.080196857452392578e+00
1.887589693069458008e+00
1.783947944641113281e+00
1.428387641906738281e+00
1.473090529441833496e+00
1.165712952613830566e+00
1.391112208366394043e+00
2.452428817749023438e+00
1.127487659454345703e+00
2.246788978576660156e+00
3.137060105800628662e-01
1.313412189483642578e+00
1.876869678497314453e+00
7.163997888565063477e-01
2.096929311752319336e+00
2.221008390188217163e-01
2.433012723922729492e+00
9.265785813331604004e-01
2.395197391510009766e+00
1.596847772598266602e+00
1.528292536735534668e+00
1.600059032440185547e+00
1.135190844535827637e+00
1.964305400848388672e+00
1.574428677558898926e+00
2.172316789627075195e+00
1.330406308174133301e+00
2.027789354324340820e+00
1.292854666709899902e+00
6.195890307426452637e-01
1.431101679801940918e+00
1.060320019721984863e+00
1.111357927322387695e+00
2.264768600463867188e+00
1.404503464698791504e+00
2.538277149200439453e+00
1.934451222419738770e+00
1.638508796691894531e+00
1.795022606849670410e+00
1.738146185874938965e+00
1.857728242874145508e+00
1.131806373596191406e+00
1.341354727745056152e+00
2.040843486785888672e+00
1.640230774879455566e+00
1.883398175239562988e+00
1.179158568382263184e+00
2.590335369110107422e+00
9.882621169090270996e-01
1.643807291984558105e+00
1.409595131874084473e+00
2.455925941467285156e+00
1.905768394470214844e+00
1.793155431747436523e+00
1.556339025497436523e+00
1.771420001983642578e+00
1.576771259307861328e+00
1.314472436904907227e+00
2.341769933700561523e+00
2.714123964309692383e+00
1.627520918846130371e+00
1.870704174041748047e+00
1.566124200820922852e+00
2.690064191818237305e+00
1.055850505828857422e+00
1.887881040573120117e+00
2.028497457504272461e+00
2.007657289505004883e+00
1.701002597808837891e+00
2.078825950622558594e+00
2.661392211914062500e+00
1.341569542884826660e+00
3.044347524642944336e+00
2.010433435440063477e+00
1.012175202369689941e+00
3.320499181747436523e+00
1.403521060943603516e+00
2.090773820877075195e+00
2.307964324951171875e+00
2.797757863998413086e+00
1.848888754844665527e+00
1.443916678428649902e+00
2.109048128128051758e+00
2.018006324768066406e+00
2.467267990112304688e+00
1.909827113151550293e+00
1.720324754714965820e+00
2.489978075027465820e+00
1.447407007217407227e+00
2.485075712203979492e+00
1.403101921081542969e+00
2.391291856765747070e+00
1.237116336822509766e+00
2.562952756881713867e+00
1.710256695747375488e+00
1.205098390579223633e+00
3.164351463317871094e+00
2.086916923522949219e+00
1.699523687362670898e+00
7.186708450317382812e-01
2.911837339401245117e+00
1.707283020019531250e+00
1.677633166313171387e+00
1.145507693290710449e+00
1.291916728019714355e+00
3.349487543106079102e+00
2.040655374526977539e+00
2.364043951034545898e+00
1.097698330879211426e+00
2.008020401000976562e+00
1.518334984779357910e+00
1.115776419639587402e+00
2.397118568420410156e+00
1.183850884437561035e+00
2.122463226318359375e+00
1.434247612953186035e+00
1.761277079582214355e+00
1.723930120468139648e+00
1.501092553138732910e+00
1.172103047370910645e+00
1.301401495933532715e+00
2.446687459945678711e+00
7.965711355209350586e-01
2.242528200149536133e+00
2.149774074554443359e+00
2.580518722534179688e+00
2.129384279251098633e+00
2.456169843673706055e+00
1.352641582489013672e+00
1.767820954322814941e+00
1.356876254081726074e+00
1.475678682327270508e+00
2.757721185684204102e+00
2.115265846252441406e+00
1.418285489082336426e+00
2.380875825881958008e+00
1.105021953582763672e+00
2.816329479217529297e+00
1.864691019058227539e+00
1.328918933868408203e+00
1.820257544517517090e+00
1.699330210685729980e+00
2.575326442718505859e+00
1.956472754478454590e+00
2.071816444396972656e+00
1.812777400016784668e+00
2.704540967941284180e+00
1.855421423912048340e+00
1.030518651008605957e+00
2.386088848114013672e+00
1.965802669525146484e+00
1.832265973091125488e+00
2.397163152694702148e+00
2.399715900421142578e+00
3.027312755584716797e+00
1.043986678123474121e+00
1.870965957641601562e+00
1.246171832084655762e+00
3.060852289199829102e+00
8.216437697410583496e-01
2.496107816696166992e+00
2.106336593627929688e+00
2.132708787918090820e+00
1.897357463836669922e+00
1.012212395668029785e+00
2.846791028976440430e+00
1.664028525352478027e+00
1.642470121383666992e+00
1.955905675888061523e+00
2.633274555206298828e+00
2.069774866104125977e+00
1.710590958595275879e+00
1.409880399703979492e+00
1.563069343566894531e+00
2.014964342117309570e+00
2.630682706832885742e+00
1.994715213775634766e+00
1.411190629005432129e+00
1.452967524528503418e+00
1.981235146522521973e+00
2.294515371322631836e+00
1.898487687110900879e+00
1.607642889022827148e+00
1.364506721496582031e+00
1.665702223777770996e+00
1.843078613281250000e+00
1.396868109703063965e+00
1.758672475814819336e+00
2.004472732543945312e+00
1.484891533851623535e+00
1.712605118751525879e+00
2.374114751815795898e+00
7.510698437690734863e-01
2.330162286758422852e+00
1.393977761268615723e+00
1.829227209091186523e+00
1.688208460807800293e+00
1.571797251701354980e+00
3.141053199768066406e+00
1.918464303016662598e+00
1.082697749137878418e+00
1.930125832557678223e+00
2.077845096588134766e+00
1.657209753990173340e+00
2.396059274673461914e+00
1.341993331909179688e+00
1.787736296653747559e+00
2.403606653213500977e+00
2.959736347198486328e+00
1.980097174644470215e+00
2.031119823455810547e+00
1.430314779281616211e+00
1.858436226844787598e+00
1.912043333053588867e+00
2.636591911315917969e+00
2.334474802017211914e+00
1.800413131713867188e+00
1.545301318168640137e+00
1.443397641181945801e+00
2.659422159194946289e+00
1.272396087646484375e+00
1.754857420921325684e+00
1.468594193458557129e+00
1.406538963317871094e+00
2.020086526870727539e+00
2.623095989227294922e+00
2.268871068954467773e+00
2.050936222076416016e+00
2.469196081161499023e+00
1.740999460220336914e+00
1.581808328628540039e+00
2.350219249725341797e+00
2.184493064880371094e+00
2.328862428665161133e+00
1.836357951164245605e+00
9.993770122528076172e-01
1.824864268302917480e+00
1.711489319801330566e+00
1.752493977546691895e+00
1.466351151466369629e+00
2.339939355850219727e+00
2.841758251190185547e+00
3.423727750778198242e+00
2.025185346603393555e+00
2.235257625579833984e+00
2.557170391082763672e+00
1.557812094688415527e+00
2.513729572296142578e+00
2.438425779342651367e+00
1.413914680480957031e+00
2.551835775375366211e+00
2.766566276550292969e+00
2.523424863815307617e+00
3.191722393035888672e+00
1.887030005455017090e+00
2.273171663284301758e+00
2.884880781173706055e+00
2.545556068420410156e+00
2.739748001098632812e+00
1.692644238471984863e+00
1.687852501869201660e+00
2.326498270034790039e+00
2.851533174514770508e+00
1.486463546752929688e+00
1.749288320541381836e+00
2.999161005020141602e+00
2.942675352096557617e+00
3.021890401840209961e+00
2.230246543884277344e+00
2.695646286010742188e+00
2.850620269775390625e+00
2.448372364044189453e+00
2.360233545303344727e+00
1.903258800506591797e+00
1.932806849479675293e+00
2.551523923873901367e+00
2.501574993133544922e+00
1.398380160331726074e+00
2.263409852981567383e+00
2.268438816070556641e+00
1.985961079597473145e+00
2.143278837203979492e+00
3.164977788925170898e+00
1.939703822135925293e+00
2.568338155746459961e+00
2.101229906082153320e+00
2.632370233535766602e+00
3.345788717269897461e+00
2.956390142440795898e+00
2.334957599639892578e+00
2.525830268859863281e+00
3.065990686416625977e+00
3.613762140274047852e+00
3.042557954788208008e+00
2.183857679367065430e+00
2.142839908599853516e+00
2.549892187118530273e+00
3.212828397750854492e+00
1.883977890014648438e+00
2.321745872497558594e+00
2.013303041458129883e+00
1.879735589027404785e+00
2.692714929580688477e+00
2.456948518753051758e+00
1.690507292747497559e+00
3.012483596801757812e+00
2.273097515106201172e+00
2.467555046081542969e+00
2.145282506942749023e+00
2.206447601318359375e+00
1.981855630874633789e+00
2.147375822067260742e+00
1.993643999099731445e+00
8.697533607482910156e-01
2.130637407302856445e+00
3.829982280731201172e+00
2.853147029876708984e+00
1.949499726295471191e+00
2.379975080490112305e+00
1.544733643531799316e+00
2.415920019149780273e+00
3.195294141769409180e+00
3.219282865524291992e+00
2.367327928543090820e+00
2.216100454330444336e+00
3.111615180969238281e+00
2.305624246597290039e+00
2.875088930130004883e+00
1.400393486022949219e+00
2.271667718887329102e+00
2.691390037536621094e+00
3.017765045166015625e+00
3.611793994903564453e+00
2.949127674102783203e+00
2.019880294799804688e+00
3.122850894927978516e+00
2.092250347137451172e+00
2.769125938415527344e+00
3.591468334197998047e+00
2.768201589584350586e+00
1.604388952255249023e+00
1.240210294723510742e+00
2.386210441589355469e+00
2.686507225036621094e+00
2.587996244430541992e+00
1.593291401863098145e+00
2.755408763885498047e+00
2.627726793289184570e+00
2.066745519638061523e+00
2.509062051773071289e+00
1.954864740371704102e+00
2.151404142379760742e+00
2.323210477828979492e+00
3.809429645538330078e+00
2.828666210174560547e+00
2.048244953155517578e+00
1.544677615165710449e+00
1.756357669830322266e+00
2.955865621566772461e+00
1.948974490165710449e+00
1.732301712036132812e+00
2.124388933181762695e+00
1.639821648597717285e+00
2.974247694015502930e+00
3.064978361129760742e+00
2.525761365890502930e+00
2.189916849136352539e+00
2.927380084991455078e+00
2.968801498413085938e+00
3.895758390426635742e+00
3.323565483093261719e+00
2.993127346038818359e+00
2.728364706039428711e+00
3.478889226913452148e+00
2.436148881912231445e+00
2.846749782562255859e+00
3.074245452880859375e+00
2.149128913879394531e+00
3.437192916870117188e+00
3.568800687789916992e+00
3.276609420776367188e+00
2.633607864379882812e+00
2.831804513931274414e+00
2.638330698013305664e+00
1.572217822074890137e+00
2.159300804138183594e+00
3.061649799346923828e+00
2.550256967544555664e+00
2.678785800933837891e+00
2.636257886886596680e+00
2.339311361312866211e+00
2.437324047088623047e+00
2.736086845397949219e+00
3.079723596572875977e+00
2.185674190521240234e+00
1.279022455215454102e+00
1.955563187599182129e+00
2.428242921829223633e+00
2.459025621414184570e+00
2.634884357452392578e+00
2.690502166748046875e+00
2.195401191711425781e+00
2.367785692214965820e+00
2.641278743743896484e+00
3.387090444564819336e+00
2.474757432937622070e+00
3.401885747909545898e+00
2.069021701812744141e+00
3.318269491195678711e+00
3.104819059371948242e+00
3.302788496017456055e+00
3.010040044784545898e+00
2.448859691619873047e+00
2.956831455230712891e+00
1.811276555061340332e+00
2.678619623184204102e+00
3.247004032135009766e+00
1.979730129241943359e+00
2.400146961212158203e+00
3.085732460021972656e+00
3.274599313735961914e+00
3.443710088729858398e+00
1.559401273727416992e+00
3.897098779678344727e+00
2.319044589996337891e+00
1.883655309677124023e+00
3.009007453918457031e+00
2.090694189071655273e+00
3.295065641403198242e+00
2.366645812988281250e+00
2.618052244186401367e+00
3.923805475234985352e+00
1.752672553062438965e+00
3.784829854965209961e+00
3.271685838699340820e+00
2.608451843261718750e+00
3.226548433303833008e+00
1.573441386222839355e+00
2.560409545898437500e+00
2.252252340316772461e+00
2.871727705001831055e+00
3.882782220840454102e+00
2.694944143295288086e+00
3.426819801330566406e+00
3.140043258666992188e+00
2.818655729293823242e+00
3.898329734802246094e+00
2.332210063934326172e+00
2.953781127929687500e+00
3.141025781631469727e+00
2.849359750747680664e+00
4.038383007049560547e+00
1.722061872482299805e+00
2.798465967178344727e+00
2.579798936843872070e+00
2.410341739654541016e+00
2.737363815307617188e+00
2.554043769836425781e+00
3.665452003479003906e+00
2.064224243164062500e+00
3.563900947570800781e+00
2.850898742675781250e+00
1.258665323257446289e+00
3.352027893066406250e+00
2.338351249694824219e+00
1.978764176368713379e+00
2.884978294372558594e+00
2.495232820510864258e+00
3.604743480682373047e+00
2.982682228088378906e+00
3.086802244186401367e+00
3.184239149093627930e+00
2.981555461883544922e+00
3.486330509185791016e+00
2.252269268035888672e+00
2.326119184494018555e+00
2.992251873016357422e+00
2.989349365234375000e+00
3.923410177230834961e+00
3.018999814987182617e+00
3.242522239685058594e+00
3.052914142608642578e+00
1.910431742668151855e+00
3.766200304031372070e+00
2.428607702255249023e+00
2.844352245330810547e+00
3.108828783035278320e+00
3.544492006301879883e+00
4.048915863037109375e+00
2.464348316192626953e+00
3.165787220001220703e+00
4.236261844635009766e+00
2.299981117248535156e+00
3.857980489730834961e+00
2.568787813186645508e+00
2.626484870910644531e+00
3.486841917037963867e+00
2.151568889617919922e+00
3.653988122940063477e+00
2.801157951354980469e+00
3.728345632553100586e+00
3.691317558288574219e+00
2.428574800491333008e+00
4.134815216064453125e+00
3.195534467697143555e+00
3.376645803451538086e+00
3.564821958541870117e+00
2.970198869705200195e+00
3.256467819213867188e+00
3.473670482635498047e+00
3.934433937072753906e+00
3.196500778198242188e+00
2.902186155319213867e+00
3.776179075241088867e+00
3.104643106460571289e+00
4.011796951293945312e+00
3.873167276382446289e+00
3.795131206512451172e+00
3.852839469909667969e+00
2.687241315841674805e+00
3.990689039230346680e+00
3.045434474945068359e+00
2.883217096328735352e+00
3.481400728225708008e+00
2.731601238250732422e+00
2.968401432037353516e+00
3.798270702362060547e+00
2.923649549484252930e+00
4.429323673248291016e+00
4.866547584533691406e+00
4.025733470916748047e+00
4.790596485137939453e+00
4.821770191192626953e+00
4.123148441314697266e+00
4.634977817535400391e+00
4.328372001647949219e+00
4.478258132934570312e+00
3.664119005203247070e+00
4.556835174560546875e+00
3.222900629043579102e+00
3.678878784179687500e+00
3.607602834701538086e+00
3.753292322158813477e+00
3.837467908859252930e+00
3.673906326293945312e+00
4.228454113006591797e+00
4.006579875946044922e+00
3.520649433135986328e+00
4.052508354187011719e+00
4.180706501007080078e+00
3.206570386886596680e+00
4.103463649749755859e+00
4.294759273529052734e+00
4.014247894287109375e+00
3.190722703933715820e+00
4.165442943572998047e+00
4.201082229614257812e+00
4.041211128234863281e+00
2.892884254455566406e+00
3.941887140274047852e+00
3.152574062347412109e+00
4.107961177825927734e+00
3.526863098144531250e+00
4.051201820373535156e+00
4.232562065124511719e+00
3.906726360321044922e+00
4.479347229003906250e+00
3.799130201339721680e+00
4.610462188720703125e+00
5.146921157836914062e+00
4.134524822235107422e+00
4.666925907135009766e+00
3.297215461730957031e+00
4.181444168090820312e+00
4.758634567260742188e+00
3.592630863189697266e+00
4.834572315216064453e+00
3.580251455307006836e+00
3.586871862411499023e+00
3.489013195037841797e+00
3.179072856903076172e+00
3.099616289138793945e+00
3.478692293167114258e+00
3.499545097351074219e+00
4.281267642974853516e+00
3.533886671066284180e+00
4.143549442291259766e+00
4.140660285949707031e+00
3.925200462341308594e+00
5.153738975524902344e+00
3.661129951477050781e+00
4.329886436462402344e+00
3.277843713760375977e+00
4.002843379974365234e+00
4.788719654083251953e+00
3.136058568954467773e+00
4.397956848144531250e+00
3.803903579711914062e+00
3.145917892456054688e+00
4.138025760650634766e+00
3.622077941894531250e+00
3.466170310974121094e+00
3.291730403900146484e+00
4.322043418884277344e+00
4.657604694366455078e+00
3.542234182357788086e+00
4.194431781768798828e+00
2.995187759399414062e+00
4.089382648468017578e+00
4.448522090911865234e+00
3.424613237380981445e+00
3.695683002471923828e+00
2.700029850006103516e+00
4.256869792938232422e+00
4.024249553680419922e+00
4.989341735839843750e+00
4.101319313049316406e+00
4.646195888519287109e+00
4.962376117706298828e+00
3.945803880691528320e+00
4.428270816802978516e+00
4.889180660247802734e+00
3.989723682403564453e+00
5.331236839294433594e+00
3.700954914093017578e+00
3.937420368194580078e+00
4.633638381958007812e+00
4.002856254577636719e+00
5.454229354858398438e+00
4.350518226623535156e+00
5.098173141479492188e+00
6.043904781341552734e+00
3.524895668029785156e+00
5.701557159423828125e+00
5.207334995269775391e+00
3.654227256774902344e+00
5.462728977203369141e+00
3.411266088485717773e+00
4.069742679595947266e+00
4.115097999572753906e+00
5.044929981231689453e+00
5.365161895751953125e+00
3.825991153717041016e+00
4.621255397796630859e+00
5.309174060821533203e+00
4.057068824768066406e+00
5.598299980163574219e+00
5.174792289733886719e+00
4.519482135772705078e+00
6.182590484619140625e+00
5.735719680786132812e+00
4.493333339691162109e+00
5.578813076019287109e+00
3.973567485809326172e+00
4.282227516174316406e+00
4.974798679351806641e+00
4.557230472564697266e+00
5.126247406005859375e+00
4.744620800018310547e+00
5.629986286163330078e+00
5.369560718536376953e+00
4.575852394104003906e+00
5.424016952514648438e+00
4.572494506835937500e+00
4.434692382812500000e+00
4.459908485412597656e+00
4.352901458740234375e+00
5.025864601135253906e+00
4.863085269927978516e+00
5.332459926605224609e+00
6.108682155609130859e+00
5.324394702911376953e+00
5.283843517303466797e+00
5.174010276794433594e+00
6.055668830871582031e+00
5.946582794189453125e+00
4.562020778656005859e+00
5.302330493927001953e+00
4.754407405853271484e+00
4.747749328613281250e+00
4.550566196441650391e+00
4.239788055419921875e+00
4.607122421264648438e+00
4.888654232025146484e+00
4.851392269134521484e+00
4.676904201507568359e+00
4.381989955902099609e+00
4.052413940429687500e+00
5.947155952453613281e+00
4.154456615447998047e+00
4.589152812957763672e+00
4.918073654174804688e+00
4.818577289581298828e+00
3.914684534072875977e+00
5.188112258911132812e+00
5.463980674743652344e+00
5.297158241271972656e+00
4.584584712982177734e+00
4.499685287475585938e+00
4.573882579803466797e+00
3.563155889511108398e+00
5.624976634979248047e+00
5.994411945343017578e+00
5.448424816131591797e+00
4.870184898376464844e+00
5.281935691833496094e+00
4.236937522888183594e+00
4.732419013977050781e+00
5.942712783813476562e+00
5.282501220703125000e+00
5.441726207733154297e+00
5.891469955444335938e+00
6.221021652221679688e+00
5.672794342041015625e+00
5.396592140197753906e+00
6.693916797637939453e+00
4.288214206695556641e+00
4.539564609527587891e+00
5.395575523376464844e+00
5.533925533294677734e+00
4.047512531280517578e+00
6.342000484466552734e+00
4.586436271667480469e+00
5.255402565002441406e+00
4.523125648498535156e+00
5.593921184539794922e+00
4.913843631744384766e+00
5.301734924316406250e+00
6.125643253326416016e+00
4.551564693450927734e+00
5.670184612274169922e+00
4.265233993530273438e+00
4.930261611938476562e+00
6.518423557281494141e+00
5.232722282409667969e+00
5.010286808013916016e+00
5.131538867950439453e+00
5.339924812316894531e+00
6.406756877899169922e+00
5.184347152709960938e+00
4.411367893218994141e+00
4.584078311920166016e+00
5.124845504760742188e+00
5.199892044067382812e+00
4.459068298339843750e+00
4.767694950103759766e+00
4.862948894500732422e+00
4.929745197296142578e+00
5.124509334564208984e+00
3.717290878295898438e+00
6.360294818878173828e+00
6.355482578277587891e+00
5.130345821380615234e+00
5.173582077026367188e+00
5.482480525970458984e+00
5.496855735778808594e+00
5.362227916717529297e+00
6.370999813079833984e+00
4.594727516174316406e+00
6.046722888946533203e+00
5.636414051055908203e+00
6.109700679779052734e+00
6.314553260803222656e+00
6.269511699676513672e+00
6.546268463134765625e+00
4.759260654449462891e+00
7.238703250885009766e+00
6.541267871856689453e+00
5.029640674591064453e+00
5.521622657775878906e+00
6.193564891815185547e+00
5.728874206542968750e+00
4.715991497039794922e+00
6.300925254821777344e+00
5.324116230010986328e+00
5.288153171539306641e+00
5.822103023529052734e+00
6.572672367095947266e+00
6.077095508575439453e+00
5.754491806030273438e+00
5.766668319702148438e+00
4.980928421020507812e+00
6.131574153900146484e+00
6.042444705963134766e+00
5.750795364379882812e+00
4.677273273468017578e+00
5.595361232757568359e+00
6.838517665863037109e+00
5.101499080657958984e+00
4.731299877166748047e+00
5.456132888793945312e+00
6.081513404846191406e+00
4.979587554931640625e+00
6.312625885009765625e+00
5.590357780456542969e+00
6.519206523895263672e+00
5.611350536346435547e+00
5.618918418884277344e+00
6.548261642456054688e+00
5.617884635925292969e+00
6.578558921813964844e+00
5.197580337524414062e+00
5.483206272125244141e+00
5.813109397888183594e+00
6.295447826385498047e+00
5.812413692474365234e+00
4.917907714843750000e+00
7.398796081542968750e+00
6.915247917175292969e+00
5.007299423217773438e+00
7.018060684204101562e+00
5.948312759399414062e+00
5.132129192352294922e+00
6.819314479827880859e+00
7.610444068908691406e+00
6.631918430328369141e+00
6.662975311279296875e+00
7.727360248565673828e+00
5.525132179260253906e+00
5.993112087249755859e+00
5.706872940063476562e+00
6.151361465454101562e+00
6.725093364715576172e+00
7.316575527191162109e+00
6.998843669891357422e+00
5.941601276397705078e+00
5.625143051147460938e+00
6.264732360839843750e+00
6.779608249664306641e+00
6.762118816375732422e+00
6.061694145202636719e+00
6.842562198638916016e+00
5.644159317016601562e+00
6.372859477996826172e+00
5.519676685333251953e+00
6.374165534973144531e+00
6.683903694152832031e+00
6.452218532562255859e+00
7.240242004394531250e+00
6.878432273864746094e+00
7.495470523834228516e+00
5.643945693969726562e+00
7.297120571136474609e+00
6.081622600555419922e+00
7.076447963714599609e+00
6.391873359680175781e+00
6.316694736480712891e+00
6.655796527862548828e+00
5.605737209320068359e+00
5.817059516906738281e+00
7.237006187438964844e+00
6.660690784454345703e+00
7.002264499664306641e+00
7.673556327819824219e+00
6.793253421783447266e+00
6.744861602783203125e+00
6.470215320587158203e+00
6.148867607116699219e+00
8.015454292297363281e+00
6.081477642059326172e+00
6.132076263427734375e+00
7.130965232849121094e+00
6.393980503082275391e+00
6.426972866058349609e+00
6.779826164245605469e+00
6.559481143951416016e+00
5.270089149475097656e+00
6.018519878387451172e+00
6.443737030029296875e+00
6.635916709899902344e+00
5.285973548889160156e+00
6.645529270172119141e+00
6.111937046051025391e+00
5.393313884735107422e+00
6.263785839080810547e+00
7.279912948608398438e+00
5.440589427947998047e+00
6.252515316009521484e+00
6.480556964874267578e+00
5.838965415954589844e+00
7.827834606170654297e+00
7.774742603302001953e+00
8.292355537414550781e+00
6.965180397033691406e+00
7.195583820343017578e+00
5.781089305877685547e+00
6.391222476959228516e+00
6.381576061248779297e+00
7.490262508392333984e+00
6.159325122833251953e+00
7.512632369995117188e+00
6.222812175750732422e+00
5.859963893890380859e+00
5.718945503234863281e+00
7.276035308837890625e+00
6.981371879577636719e+00
6.520363807678222656e+00
6.937864303588867188e+00
6.351494789123535156e+00
7.176763534545898438e+00
8.592949867248535156e+00
7.962833404541015625e+00
8.030081748962402344e+00
7.989740371704101562e+00
8.690858840942382812e+00
7.424221515655517578e+00
8.495494842529296875e+00
1.007455635070800781e+01
8.437514305114746094e+00
8.096793174743652344e+00
7.190735816955566406e+00
7.785986900329589844e+00
8.149178504943847656e+00
7.975536823272705078e+00
7.746821403503417969e+00
6.975981712341308594e+00
7.613681793212890625e+00
7.265264034271240234e+00
6.982817649841308594e+00
7.461645126342773438e+00
8.216842651367187500e+00
7.934648990631103516e+00
7.175202369689941406e+00
7.788946628570556641e+00
6.736306190490722656e+00
7.780131816864013672e+00
7.974708557128906250e+00
8.133038520812988281e+00
6.508223533630371094e+00
6.962127208709716797e+00
7.234398365020751953e+00
7.505636692047119141e+00
8.938633918762207031e+00
8.789341926574707031e+00
9.932233810424804688e+00
7.994007110595703125e+00
9.749280929565429688e+00
8.759174346923828125e+00
8.034825325012207031e+00
6.105237483978271484e+00
8.011465072631835938e+00
7.377933025360107422e+00
7.662637710571289062e+00
8.643197059631347656e+00
8.246427536010742188e+00
9.028135299682617188e+00
7.492096900939941406e+00
7.730358123779296875e+00
6.357844829559326172e+00
7.787985801696777344e+00
7.060914039611816406e+00
7.431853771209716797e+00
8.488112449645996094e+00
8.147122383117675781e+00
6.671683788299560547e+00
7.842401504516601562e+00
8.192460060119628906e+00
7.913360118865966797e+00
8.249840736389160156e+00
8.691117286682128906e+00
6.896669864654541016e+00
7.392267227172851562e+00
7.157300472259521484e+00
7.654036998748779297e+00
8.048184394836425781e+00
8.226619720458984375e+00
6.887836933135986328e+00
7.962114334106445312e+00
7.199669837951660156e+00
7.306334972381591797e+00
7.512121677398681641e+00
7.234037876129150391e+00
7.080665111541748047e+00
7.456753253936767578e+00
7.118569850921630859e+00
6.422821521759033203e+00
6.737337112426757812e+00
7.857662677764892578e+00
7.420528411865234375e+00
7.511620044708251953e+00
7.422187805175781250e+00
7.476669788360595703e+00
7.883348464965820312e+00
7.524067401885986328e+00
8.313575744628906250e+00
6.886012077331542969e+00
7.130899429321289062e+00
7.273222923278808594e+00
7.203274726867675781e+00
7.752511501312255859e+00
7.444087028503417969e+00
8.074851036071777344e+00
7.698495388031005859e+00
8.373184204101562500e+00
8.529983520507812500e+00
8.506562232971191406e+00
7.232069015502929688e+00
8.123990058898925781e+00
7.801407814025878906e+00
6.998835086822509766e+00
7.410109996795654297e+00
7.528843879699707031e+00
6.868252754211425781e+00
8.211093902587890625e+00
7.690756320953369141e+00
8.298993110656738281e+00
8.440445899963378906e+00
7.324729919433593750e+00
8.979509353637695312e+00
8.239032745361328125e+00
7.895872116088867188e+00
8.389510154724121094e+00
8.391220092773437500e+00
8.259395599365234375e+00
8.015628814697265625e+00
8.666726112365722656e+00
8.695792198181152344e+00
8.770455360412597656e+00
8.409484863281250000e+00
8.575097084045410156e+00
7.792663574218750000e+00
7.697502613067626953e+00
7.986427307128906250e+00
6.585938453674316406e+00
6.881146907806396484e+00
6.532456398010253906e+00
6.315464496612548828e+00
6.802334785461425781e+00
7.240681171417236328e+00
7.464395523071289062e+00
7.958586215972900391e+00
7.060740470886230469e+00
8.689991950988769531e+00
7.960809230804443359e+00
8.048406600952148438e+00
8.076730728149414062e+00
7.647490501403808594e+00
8.199565887451171875e+00
7.482625007629394531e+00
8.261889457702636719e+00
8.154416084289550781e+00
8.694230079650878906e+00
7.512299537658691406e+00
8.611150741577148438e+00
7.440144538879394531e+00
8.157315254211425781e+00
8.265649795532226562e+00
8.113195419311523438e+00
6.698639869689941406e+00
7.558265686035156250e+00
7.438932895660400391e+00
6.861725807189941406e+00
6.392838478088378906e+00
9.812214851379394531e+00
7.805202007293701172e+00
7.441272258758544922e+00
7.626069545745849609e+00
7.266145229339599609e+00
7.061436176300048828e+00
9.076948165893554688e+00
9.099478721618652344e+00
8.741722106933593750e+00
8.639391899108886719e+00
8.788059234619140625e+00
8.730532646179199219e+00
9.510625839233398438e+00
8.301233291625976562e+00
7.850551605224609375e+00
9.364780426025390625e+00
7.781715393066406250e+00
7.800521373748779297e+00
8.004276275634765625e+00
9.394550323486328125e+00
6.937114238739013672e+00
8.048132896423339844e+00
8.305079460144042969e+00
8.065299987792968750e+00
8.092782974243164062e+00
7.794144153594970703e+00
8.889729499816894531e+00
9.045662879943847656e+00
8.711714744567871094e+00
8.871652603149414062e+00
9.837695121765136719e+00
8.790220260620117188e+00
1.013120841979980469e+01
9.334297180175781250e+00
9.153887748718261719e+00
9.066589355468750000e+00
7.676113128662109375e+00
9.265612602233886719e+00
8.191364288330078125e+00
8.633185386657714844e+00
9.146039009094238281e+00
8.605753898620605469e+00
8.102092742919921875e+00
8.086476325988769531e+00
9.013797760009765625e+00
7.799746513366699219e+00
9.340871810913085938e+00
8.443599700927734375e+00
8.209156036376953125e+00
8.704954147338867188e+00
8.858755111694335938e+00
8.092767715454101562e+00
8.934619903564453125e+00
8.299388885498046875e+00
8.408604621887207031e+00
8.770768165588378906e+00
9.611190795898437500e+00
8.937744140625000000e+00
8.758426666259765625e+00
9.202802658081054688e+00
8.591530799865722656e+00
7.757481098175048828e+00
9.107604026794433594e+00
8.252993583679199219e+00
8.623567581176757812e+00
9.436529159545898438e+00
9.546283721923828125e+00
8.814846038818359375e+00
8.515711784362792969e+00
9.180282592773437500e+00
8.355620384216308594e+00
7.446890830993652344e+00
9.465723991394042969e+00
8.826354980468750000e+00
8.036905288696289062e+00
8.432865142822265625e+00
9.441368103027343750e+00
1.021334266662597656e+01
1.006562519073486328e+01
9.828574180603027344e+00
9.242489814758300781e+00
1.005260658264160156e+01
9.001873970031738281e+00
7.932944297790527344e+00
1.065316200256347656e+01
8.153061866760253906e+00
9.303730010986328125e+00
8.817424774169921875e+00
9.312427520751953125e+00
8.548495292663574219e+00
9.118101119995117188e+00
8.771261215209960938e+00
1.034527778625488281e+01
8.895982742309570312e+00
8.878920555114746094e+00
9.946981430053710938e+00
9.451741218566894531e+00
7.712657928466796875e+00
1.033175849914550781e+01
8.535044670104980469e+00
9.635491371154785156e+00
9.157141685485839844e+00
9.244481086730957031e+00
9.889493942260742188e+00
7.253909587860107422e+00
8.929831504821777344e+00
9.913909912109375000e+00
9.312350273132324219e+00
1.030306529998779297e+01
1.113337135314941406e+01
1.034727764129638672e+01
9.084978103637695312e+00
9.505990982055664062e+00
1.054180049896240234e+01
9.656722068786621094e+00
9.036304473876953125e+00
8.995479583740234375e+00
8.696645736694335938e+00
9.918703079223632812e+00
9.465024948120117188e+00
9.726087570190429688e+00
8.696706771850585938e+00
8.287394523620605469e+00
9.965270042419433594e+00
9.624445915222167969e+00
8.743162155151367188e+00
1.026071548461914062e+01
8.213899612426757812e+00
1.080789089202880859e+01
9.210992813110351562e+00
9.720703125000000000e+00
8.758576393127441406e+00
1.095924282073974609e+01
8.681874275207519531e+00
1.004434299468994141e+01
9.609386444091796875e+00
1.086431598663330078e+01
9.495456695556640625e+00
9.813466072082519531e+00
1.048104286193847656e+01
9.417572021484375000e+00
8.867294311523437500e+00
1.032353782653808594e+01
1.087673759460449219e+01
9.986169815063476562e+00
9.078639984130859375e+00
9.284542083740234375e+00
9.664501190185546875e+00
9.945627212524414062e+00
8.288779258728027344e+00
9.586057662963867188e+00
8.245415687561035156e+00
9.443145751953125000e+00
9.541822433471679688e+00
1.053448200225830078e+01
9.677990913391113281e+00
9.616938591003417969e+00
9.265885353088378906e+00
9.186539649963378906e+00
9.422925949096679688e+00
1.006927967071533203e+01
9.053526878356933594e+00
8.977233886718750000e+00
9.430954933166503906e+00
9.093081474304199219e+00
1.017023181915283203e+01
1.012245464324951172e+01
9.678743362426757812e+00
1.021249103546142578e+01
9.690382003784179688e+00
1.013351345062255859e+01
9.501066207885742188e+00
9.634537696838378906e+00
1.036050224304199219e+01
1.031090450286865234e+01
8.625455856323242188e+00
1.031911182403564453e+01
1.079944992065429688e+01
9.332489967346191406e+00
9.561875343322753906e+00
1.035251331329345703e+01
1.024876689910888672e+01
1.005518627166748047e+01
8.457168579101562500e+00
9.844287872314453125e+00
9.676455497741699219e+00
9.926216125488281250e+00
9.519626617431640625e+00
9.020798683166503906e+00
9.342547416687011719e+00
1.016288185119628906e+01
9.424158096313476562e+00
1.017928981781005859e+01
1.009189414978027344e+01
1.061888027191162109e+01
1.089076137542724609e+01
1.054077911376953125e+01
1.007066631317138672e+01
9.562168121337890625e+00
1.067022418975830078e+01
1.089732837677001953e+01
9.965471267700195312e+00
9.651397705078125000e+00
9.806064605712890625e+00
9.714343070983886719e+00
1.059566497802734375e+01
9.508421897888183594e+00
1.014841079711914062e+01
1.012025451660156250e+01
9.540279388427734375e+00
9.949680328369140625e+00
9.981026649475097656e+00
8.860043525695800781e+00
1.026568031311035156e+01
9.476769447326660156e+00
9.963697433471679688e+00
1.022541332244873047e+01
9.766392707824707031e+00
1.050125408172607422e+01
9.608062744140625000e+00
1.063120746612548828e+01
1.011643314361572266e+01
1.066299724578857422e+01
9.465691566467285156e+00
9.841402053833007812e+00
9.341586112976074219e+00
9.727931976318359375e+00
9.693303108215332031e+00
9.657120704650878906e+00
1.014387989044189453e+01
9.682266235351562500e+00
9.534307479858398438e+00
1.032378959655761719e+01
1.010613536834716797e+01
9.839415550231933594e+00
1.027639293670654297e+01
1.005606079101562500e+01
9.822917938232421875e+00
9.991068840026855469e+00
1.007347393035888672e+01
9.785022735595703125e+00
9.576642036437988281e+00
9.802965164184570312e+00
9.972983360290527344e+00
1.005763530731201172e+01
1.073301315307617188e+01
9.173560142517089844e+00
1.042469882965087891e+01
9.962200164794921875e+00
1.078411769866943359e+01
1.042361736297607422e+01
1.059601688385009766e+01
9.576041221618652344e+00
9.930293083190917969e+00
9.527731895446777344e+00
1.009002590179443359e+01
9.327903747558593750e+00
9.959507942199707031e+00
1.083041477203369141e+01
1.014821624755859375e+01
9.774502754211425781e+00
1.060444355010986328e+01
9.880767822265625000e+00
9.669838905334472656e+00
1.044863891601562500e+01
9.944828033447265625e+00
1.054080104827880859e+01
9.994757652282714844e+00
9.164202690124511719e+00
9.313177108764648438e+00
9.314895629882812500e+00
1.008349323272705078e+01
1.010353565216064453e+01
1.035419082641601562e+01
1.061015510559082031e+01
9.913943290710449219e+00
1.036631298065185547e+01
1.063156127929687500e+01
1.045682525634765625e+01
1.037680625915527344e+01
9.399769783020019531e+00
9.492444038391113281e+00
9.756009101867675781e+00
9.701995849609375000e+00
9.621560096740722656e+00
1.016868782043457031e+01
1.053996467590332031e+01
9.892402648925781250e+00
1.025387191772460938e+01
9.586803436279296875e+00
1.084478282928466797e+01
9.636642456054687500e+00
9.278029441833496094e+00
9.467337608337402344e+00
9.870009422302246094e+00
9.868912696838378906e+00
9.241818428039550781e+00
9.847245216369628906e+00
9.932353019714355469e+00
1.026685619354248047e+01
1.021080112457275391e+01
1.031690788269042969e+01
1.035588836669921875e+01
1.049345874786376953e+01
1.036935806274414062e+01
9.771617889404296875e+00
1.007605934143066406e+01
9.964096069335937500e+00
9.593125343322753906e+00
9.540910720825195312e+00
1.007821655273437500e+01
1.010260200500488281e+01
9.555604934692382812e+00
9.566740989685058594e+00
1.053288841247558594e+01
1.057082080841064453e+01
9.759510040283203125e+00
1.038747882843017578e+01
1.027229404449462891e+01
1.003803920745849609e+01
1.057401084899902344e+01
1.073932361602783203e+01
1.016525459289550781e+01
9.975251197814941406e+00
1.045017814636230469e+01
9.720973968505859375e+00
9.992913246154785156e+00
1.045669269561767578e+01
1.027862071990966797e+01
9.693154335021972656e+00
9.481660842895507812e+00
9.973105430603027344e+00
9.909704208374023438e+00
1.019894599914550781e+01
1.005035972595214844e+01
1.059022998809814453e+01
9.964290618896484375e+00
9.649894714355468750e+00
9.696952819824218750e+00
9.627260208129882812e+00
1.031057453155517578e+01
9.856672286987304688e+00
9.827054977416992188e+00
9.822534561157226562e+00
9.902520179748535156e+00
1.015797901153564453e+01
9.943911552429199219e+00
9.853910446166992188e+00
9.971042633056640625e+00
1.020504760742187500e+01
9.913153648376464844e+00
9.814253807067871094e+00
1.019298171997070312e+01
1.002103519439697266e+01
1.047843742370605469e+01
1.030938434600830078e+01
1.013093757629394531e+01
9.604783058166503906e+00
1.045118427276611328e+01
1.015552043914794922e+01
1.028441238403320312e+01
1.001755714416503906e+01
1.023777961730957031e+01
1.028429508209228516e+01
1.021970748901367188e+01
1.018584918975830078e+01
1.008010292053222656e+01
9.902506828308105469e+00
1.012881278991699219e+01
1.011445140838623047e+01
1.011207485198974609e+01
9.877073287963867188e+00
9.923186302185058594e+00
9.871344566345214844e+00
1.008157825469970703e+01
1.019184303283691406e+01
9.826953887939453125e+00
9.876227378845214844e+00
1.018699741363525391e+01
1.013119697570800781e+01
1.005433750152587891e+01
1.015002441406250000e+01
9.908671379089355469e+00
9.946198463439941406e+00
1.008586978912353516e+01
9.716011047363281250e+00
9.982481956481933594e+00
1.014232063293457031e+01
1.017578887939453125e+01
1.016458034515380859e+01
9.943943977355957031e+00
9.940345764160156250e+00
9.961403846740722656e+00
1.017985820770263672e+01
9.856192588806152344e+00
1.021761417388916016e+01
1.010824108123779297e+01
1.014890575408935547e+01
9.971675872802734375e+00
1.010175323486328125e+01
9.907912254333496094e+00
1.003138351440429688e+01
9.854130744934082031e+00
9.929358482360839844e+00
9.970901489257812500e+00
9.947750091552734375e+00
9.946776390075683594e+00
9.900465011596679688e+00
1.020013809204101562e+01
9.948991775512695312e+00
1.015335178375244141e+01
1.019496250152587891e+01
9.850673675537109375e+00
9.989600181579589844e+00
9.986560821533203125e+00
1.007591152191162109e+01
1.005943393707275391e+01
9.938318252563476562e+00
9.885672569274902344e+00
1.017566776275634766e+01
1.019490909576416016e+01
1.038376712799072266e+01
1.019830989837646484e+01
9.774150848388671875e+00
9.924452781677246094e+00
1.007910156250000000e+01
9.928918838500976562e+00
9.916742324829101562e+00
9.859446525573730469e+00
1.003719711303710938e+01
9.850079536437988281e+00
1.023439025878906250e+01
1.019009208679199219e+01
9.940817832946777344e+00
1.016960525512695312e+01
1.024648857116699219e+01
9.788637161254882812e+00
1.006248855590820312e+01
9.989048004150390625e+00
9.784047126770019531e+00
9.923953056335449219e+00
1.026219272613525391e+01
9.979859352111816406e+00
9.897212982177734375e+00
1.024574470520019531e+01
1.016346645355224609e+01
9.904643058776855469e+00
9.873248100280761719e+00
1.009343433380126953e+01
9.875549316406250000e+00
9.951819419860839844e+00
9.988424301147460938e+00
9.961009979248046875e+00
9.860552787780761719e+00
1.007450103759765625e+01
9.859277725219726562e+00
1.017777729034423828e+01
9.921995162963867188e+00
9.836494445800781250e+00
1.000931835174560547e+01
9.828128814697265625e+00
1.028611660003662109e+01
9.883599281311035156e+00
9.801878929138183594e+00
9.848034858703613281e+00
1.026805973052978516e+01
9.822235107421875000e+00
1.010143661499023438e+01
1.005657291412353516e+01
9.910075187683105469e+00
1.008685779571533203e+01
1.000625801086425781e+01
9.877118110656738281e+00
9.848903656005859375e+00
9.868082046508789062e+00
1.002217197418212891e+01
1.012011909484863281e+01
9.844980239868164062e+00
9.992236137390136719e+00
9.962127685546875000e+00
1.013342952728271484e+01
1.028527641296386719e+01
1.013065814971923828e+01
1.020957279205322266e+01
9.924080848693847656e+00
1.023103237152099609e+01
9.911487579345703125e+00
9.825901031494140625e+00
1.011264324188232422e+01
9.867904663085937500e+00
1.025831604003906250e+01
9.781100273132324219e+00
1.008899307250976562e+01
9.945996284484863281e+00
1.015738201141357422e+01
1.004652786254882812e+01
9.860430717468261719e+00
1.013241958618164062e+01
1.003244495391845703e+01
1.018899440765380859e+01
1.013119411468505859e+01
9.882930755615234375e+00
9.986679077148437500e+00
9.887711524963378906e+00
1.001031398773193359e+01
9.843005180358886719e+00
1.018710613250732422e+01
1.023437213897705078e+01
1.023152446746826172e+01
9.919979095458984375e+00
9.820673942565917969e+00
1.001563072204589844e+01
1.021360492706298828e+01
1.016698265075683594e+01
9.988166809082031250e+00
9.819941520690917969e+00
1.014947128295898438e+01
1.018999958038330078e+01
1.004382133483886719e+01
9.880869865417480469e+00
1.006066131591796875e+01
1.021527576446533203e+01
9.897209167480468750e+00
1.003590393066406250e+01
1.022807693481445312e+01
1.011355876922607422e+01
1.025884056091308594e+01
1.024360942840576172e+01
9.882610321044921875e+00
9.882891654968261719e+00
9.928873062133789062e+00
9.994705200195312500e+00
9.999778747558593750e+00
9.858061790466308594e+00
9.838426589965820312e+00
9.926237106323242188e+00
9.905234336853027344e+00
1.018632698059082031e+01
1.027686309814453125e+01
1.007996463775634766e+01
9.932071685791015625e+00
9.839143753051757812e+00
9.916488647460937500e+00
9.898388862609863281e+00
9.979486465454101562e+00
1.005768394470214844e+01
9.858835220336914062e+00
9.979328155517578125e+00
9.994706153869628906e+00
9.890671730041503906e+00
9.922922134399414062e+00
9.863235473632812500e+00
9.873367309570312500e+00
1.000200843811035156e+01
9.998602867126464844e+00
9.983311653137207031e+00
9.947758674621582031e+00
9.904054641723632812e+00
9.889007568359375000e+00
9.830417633056640625e+00
1.022633171081542969e+01
1.015721225738525391e+01
9.926912307739257812e+00
9.954483032226562500e+00
1.018778896331787109e+01
1.037817955017089844e+01
1.023356723785400391e+01
9.903240203857421875e+00
1.022666168212890625e+01
9.796707153320312500e+00
1.001041793823242188e+01
1.018595886230468750e+01
9.931700706481933594e+00
1.024104976654052734e+01
9.854808807373046875e+00
1.011965751647949219e+01
1.019471454620361328e+01
9.832756042480468750e+00
1.003271961212158203e+01
1.018948173522949219e+01
9.820613861083984375e+00
9.741654396057128906e+00
1.030030441284179688e+01
9.992124557495117188e+00
9.985489845275878906e+00
9.936131477355957031e+00
1.000760555267333984e+01
1.000675773620605469e+01
1.009021377563476562e+01
9.995602607727050781e+00
9.896572113037109375e+00
9.792170524597167969e+00
1.011691188812255859e+01
1.016780185699462891e+01
9.990865707397460938e+00
9.998437881469726562e+00
1.027963066101074219e+01
9.946110725402832031e+00
1.002109146118164062e+01
1.001001930236816406e+01
1.014216232299804688e+01
9.922058105468750000e+00
1.010716056823730469e+01
1.008291721343994141e+01
9.942816734313964844e+00
1.001905345916748047e+01
1.012012195587158203e+01
1.003502845764160156e+01
9.908962249755859375e+00
1.000617980957031250e+01
9.959603309631347656e+00
1.016999530792236328e+01
9.915882110595703125e+00
9.986276626586914062e+00
1.023300075531005859e+01
9.928503036499023438e+00
9.878109931945800781e+00
9.856005668640136719e+00
9.998372077941894531e+00
9.862160682678222656e+00
9.886817932128906250e+00
1.016751861572265625e+01
9.979633331298828125e+00
9.839517593383789062e+00
9.884569168090820312e+00
9.882217407226562500e+00
9.972222328186035156e+00
1.003977012634277344e+01
1.006051921844482422e+01
1.015036869049072266e+01
1.000772190093994141e+01
9.959342002868652344e+00
9.771909713745117188e+00
9.982883453369140625e+00
9.918194770812988281e+00
1.023142623901367188e+01
1.017806053161621094e+01
1.002027797698974609e+01
9.886599540710449219e+00
9.827526092529296875e+00
9.856792449951171875e+00
1.005016040802001953e+01
9.837898254394531250e+00
9.854777336120605469e+00
9.873679161071777344e+00
9.998114585876464844e+00
1.027327823638916016e+01
9.897958755493164062e+00
9.940444946289062500e+00
1.001896953582763672e+01
1.003918075561523438e+01
9.819767951965332031e+00
9.964815139770507812e+00
1.000665187835693359e+01
1.015683937072753906e+01
1.011354827880859375e+01
1.015781784057617188e+01
9.921731948852539062e+00
9.997303009033203125e+00
1.022684860229492188e+01
9.999435424804687500e+00
9.923618316650390625e+00
1.033992958068847656e+01
1.019869899749755859e+01
1.005069541931152344e+01
9.944065093994140625e+00
1.024651050567626953e+01
9.901375770568847656e+00
9.944103240966796875e+00
9.970916748046875000e+00
9.953191757202148438e+00
1.010461711883544922e+01
1.013451194763183594e+01
9.887331008911132812e+00
9.882944107055664062e+00
1.015902042388916016e+01
1.000032901763916016e+01
9.977514266967773438e+00
1.011534976959228516e+01
9.930149078369140625e+00
9.834079742431640625e+00
9.837938308715820312e+00
1.003507900238037109e+01
1.003118228912353516e+01
9.921185493469238281e+00
1.007359123229980469e+01
9.903783798217773438e+00
9.863364219665527344e+00
1.018307495117187500e+01
9.949354171752929688e+00
1.001158142089843750e+01
9.876404762268066406e+00
1.011770153045654297e+01
9.975132942199707031e+00
9.899561882019042969e+00
9.925244331359863281e+00
1.002805233001708984e+01
1.000886344909667969e+01
9.986378669738769531e+00
9.972589492797851562e+00
1.011000347137451172e+01
9.961111068725585938e+00
1.000733661651611328e+01
1.004280948638916016e+01
1.015420436859130859e+01
9.874636650085449219e+00
1.002810668945312500e+01
9.785120964050292969e+00
9.948406219482421875e+00
9.869144439697265625e+00
9.921236991882324219e+00
1.001361656188964844e+01
9.919301033020019531e+00
9.896334648132324219e+00
9.964612007141113281e+00
1.006316852569580078e+01
9.893367767333984375e+00
9.970482826232910156e+00
1.000612449645996094e+01
1.007372283935546875e+01
1.006520080566406250e+01
9.883236885070800781e+00
1.027543830871582031e+01
9.916897773742675781e+00
9.982521057128906250e+00
1.010062313079833984e+01
9.897809028625488281e+00
1.001998138427734375e+01
9.879740715026855469e+00
9.966522216796875000e+00
9.968328475952148438e+00
9.903909683227539062e+00
1.004022216796875000e+01
1.003144264221191406e+01
1.006676864624023438e+01
9.876561164855957031e+00
1.006980609893798828e+01
9.925063133239746094e+00
9.921163558959960938e+00
1.003192996978759766e+01
1.005134582519531250e+01
1.007279491424560547e+01
1.004973411560058594e+01
9.937650680541992188e+00
1.003950595855712891e+01
1.016473388671875000e+01
1.000727844238281250e+01
1.006840991973876953e+01
9.974963188171386719e+00
9.992708206176757812e+00
1.009783458709716797e+01
9.930422782897949219e+00
9.919089317321777344e+00
1.008787441253662109e+01
1.002760696411132812e+01
9.931462287902832031e+00
1.005984497070312500e+01
9.847410202026367188e+00
9.927033424377441406e+00
9.921036720275878906e+00
1.017775630950927734e+01
1.005273342132568359e+01
9.929794311523437500e+00
9.906308174133300781e+00
1.002857589721679688e+01
1.004892253875732422e+01
9.990107536315917969e+00
9.890896797180175781e+00
1.018783187866210938e+01
1.004760551452636719e+01
1.005475521087646484e+01
1.003368186950683594e+01
9.956364631652832031e+00
1.005200481414794922e+01
1.004856014251708984e+01
1.005444908142089844e+01
9.927194595336914062e+00
1.008738899230957031e+01
1.009481716156005859e+01
1.013457107543945312e+01
9.895096778869628906e+00
9.832135200500488281e+00
1.006260871887207031e+01
9.982762336730957031e+00
1.004972934722900391e+01
1.015821170806884766e+01
1.006297683715820312e+01
9.924916267395019531e+00
1.015402507781982422e+01
9.886007308959960938e+00
1.006705665588378906e+01
1.004837799072265625e+01
9.943007469177246094e+00
1.011606407165527344e+01
9.985424995422363281e+00
1.005965614318847656e+01
1.016345405578613281e+01
9.949981689453125000e+00
9.947337150573730469e+00
9.916121482849121094e+00
9.996703147888183594e+00
1.020769023895263672e+01
9.856534004211425781e+00
1.001142597198486328e+01
9.892610549926757812e+00
1.002556228637695312e+01
9.827281951904296875e+00
9.986234664916992188e+00
9.889365196228027344e+00
9.998867034912109375e+00
9.963566780090332031e+00
1.006772041320800781e+01
9.911003112792968750e+00
9.981159210205078125e+00
1.003369045257568359e+01
9.941663742065429688e+00
9.998585700988769531e+00
9.988472938537597656e+00
1.007172870635986328e+01
9.982627868652343750e+00
9.970846176147460938e+00
9.942140579223632812e+00
9.879858970642089844e+00
9.956787109375000000e+00
1.015590572357177734e+01
9.769698143005371094e+00
1.002779293060302734e+01
9.906264305114746094e+00
1.002984237670898438e+01
9.945920944213867188e+00
9.955956459045410156e+00
1.011347866058349609e+01
1.005435848236083984e+01
1.001534652709960938e+01
1.006467819213867188e+01
9.968685150146484375e+00
9.992105484008789062e+00
1.005141544342041016e+01
1.010749435424804688e+01
1.009949874877929688e+01
9.989033699035644531e+00
9.963622093200683594e+00
1.000097751617431641e+01
1.000695896148681641e+01
9.964338302612304688e+00
1.011275196075439453e+01
9.882450103759765625e+00
9.978428840637207031e+00
9.990902900695800781e+00
9.927498817443847656e+00
1.002606487274169922e+01
1.004927730560302734e+01
1.010512924194335938e+01
9.933024406433105469e+00
9.982563018798828125e+00
9.945993423461914062e+00
1.001344108581542969e+01
9.907258033752441406e+00
9.991501808166503906e+00
9.954818725585937500e+00
1.013892841339111328e+01
1.010383605957031250e+01
9.934109687805175781e+00
9.990583419799804688e+00
1.000742340087890625e+01
9.873886108398437500e+00
1.000426292419433594e+01
1.027480316162109375e+01
9.912627220153808594e+00
1.002667999267578125e+01
1.009196853637695312e+01
9.953451156616210938e+00
1.004818344116210938e+01
1.002574062347412109e+01
9.976390838623046875e+00
1.007692909240722656e+01
1.008518314361572266e+01
1.000604534149169922e+01
1.008316326141357422e+01
9.894832611083984375e+00
9.950631141662597656e+00
1.009471702575683594e+01
9.996513366699218750e+00
1.005492687225341797e+01
9.959854125976562500e+00
9.930263519287109375e+00
9.888966560363769531e+00
9.971693038940429688e+00
1.012316799163818359e+01
9.980662345886230469e+00
1.005812454223632812e+01
1.003135490417480469e+01
1.007301902770996094e+01
1.004334354400634766e+01
9.922694206237792969e+00
9.876122474670410156e+00
1.001745986938476562e+01
9.974007606506347656e+00
9.905470848083496094e+00
9.941542625427246094e+00
9.977007865905761719e+00
9.983432769775390625e+00
9.916557312011718750e+00
9.973771095275878906e+00
9.935542106628417969e+00
9.956759452819824219e+00
9.872015953063964844e+00
1.011521244049072266e+01
9.900656700134277344e+00
1.002502346038818359e+01
9.916512489318847656e+00
9.918429374694824219e+00
1.004743289947509766e+01
1.014658164978027344e+01
1.008739948272705078e+01
1.013564491271972656e+01
9.927336692810058594e+00
1.001783943176269531e+01
1.008062458038330078e+01
9.912838935852050781e+00
9.924500465393066406e+00
9.970381736755371094e+00
9.942368507385253906e+00
9.901107788085937500e+00
1.007091808319091797e+01
9.933186531066894531e+00
1.010893344879150391e+01
9.928895950317382812e+00
1.000136470794677734e+01
1.015965652465820312e+01
1.011248779296875000e+01
1.020204448699951172e+01
1.005517673492431641e+01
9.913690567016601562e+00
1.007309913635253906e+01
1.007555103302001953e+01
1.011703014373779297e+01
9.940555572509765625e+00
1.001894378662109375e+01
9.960288047790527344e+00
9.849578857421875000e+00
9.983349800109863281e+00
9.948308944702148438e+00
1.000842666625976562e+01
9.976650238037109375e+00
1.017022609710693359e+01
9.994683265686035156e+00
9.991601943969726562e+00
9.943518638610839844e+00
1.002993869781494141e+01
1.005609035491943359e+01
1.004678916931152344e+01
1.012183189392089844e+01
9.962315559387207031e+00
9.936081886291503906e+00
1.003843021392822266e+01
1.007234001159667969e+01
9.892680168151855469e+00
1.001312160491943359e+01
1.014888095855712891e+01
9.998075485229492188e+00
1.000209331512451172e+01
1.009684181213378906e+01
9.948765754699707031e+00
9.992898941040039062e+00
1.000412940979003906e+01
1.007762622833251953e+01
1.014741230010986328e+01
9.973057746887207031e+00
1.014658164978027344e+01
1.009343910217285156e+01
9.882422447204589844e+00
1.010373878479003906e+01
9.912730216979980469e+00
1.010992527008056641e+01
1.001913738250732422e+01
9.931250572204589844e+00
1.000524616241455078e+01
9.837404251098632812e+00
9.920234680175781250e+00
9.956046104431152344e+00
9.949733734130859375e+00
9.989941596984863281e+00
1.014727783203125000e+01
9.888021469116210938e+00
9.946422576904296875e+00
1.013581848144531250e+01
1.001987361907958984e+01
1.004655265808105469e+01
9.940212249755859375e+00
1.013860416412353516e+01
1.008725357055664062e+01
1.008131599426269531e+01
9.953217506408691406e+00
1.000095176696777344e+01
1.004170131683349609e+01
1.017772960662841797e+01
9.983352661132812500e+00
9.997855186462402344e+00
1.009871006011962891e+01
1.000558662414550781e+01
1.001996803283691406e+01
1.004630279541015625e+01
1.011169815063476562e+01
9.933932304382324219e+00
1.018040561676025391e+01
1.001608085632324219e+01
9.955285072326660156e+00
1.004933071136474609e+01
9.922756195068359375e+00
9.934745788574218750e+00
1.001599979400634766e+01
9.953160285949707031e+00
1.007647323608398438e+01
9.927978515625000000e+00
1.006151771545410156e+01
