4.994011878967286044e+00
4.989962816238404208e+00
4.987408161163330966e+00
4.984348058700562412e+00
4.981428098678589933e+00
4.978548765182496005e+00
4.975615705762591823e+00
4.972699582576752597e+00
4.969745318094890507e+00
4.966609644889832254e+00
4.963513569398360303e+00
4.960481822490693027e+00
4.957489215410673999e+00
4.954462068421500831e+00
4.951379156112671431e+00
4.948311015963555271e+00
4.945220919216381184e+00
4.942058126131694706e+00
4.938872400083040404e+00
4.935717535018921964e+00
4.932641029357911044e+00
4.929550723596053174e+00
4.926408394523289935e+00
4.923296242952347690e+00
4.920196113586426279e+00
4.917026373056265776e+00
4.913906971613567265e+00
4.910745867661068687e+00
4.907622970383743954e+00
4.904523873329163841e+00
4.901414732779226568e+00
4.898366071283818179e+00
4.895335977727717669e+00
4.892281812780044703e+00
4.889241116387504249e+00
4.886178433895111972e+00
4.883068774197553807e+00
4.880025336616918175e+00
4.876942506203285177e+00
4.873910534381867166e+00
4.870864275025159174e+00
4.867815324238368824e+00
4.864791415458502577e+00
4.861704539168965056e+00
4.858632326126099521e+00
4.855550776357236309e+00
4.852461216297555779e+00
4.849405050277710849e+00
4.846333844321115691e+00
4.843282246589661000e+00
4.840271725374110545e+00
4.837240090736976583e+00
4.834190305673851995e+00
4.831119683053759495e+00
4.828045979413119859e+00
4.824978888034821445e+00
4.821907670874345797e+00
4.818816583732079550e+00
4.815730967764127790e+00
4.812660515308381015e+00
4.809565763004491679e+00
4.806458188641456353e+00
4.803352355957032138e+00
4.800244338810444766e+00
4.797157313273504364e+00
4.794048428535462314e+00
4.790939555239322800e+00
4.787839654613944340e+00
4.784748004830402301e+00
4.781655873571124538e+00
4.778557337505717761e+00
4.775463332732519106e+00
4.772378963966892762e+00
4.769292763761572296e+00
4.766205968856811914e+00
4.763113746517583458e+00
4.760015704415062388e+00
4.756908526787391622e+00
4.753786485406418016e+00
4.750668519735336659e+00
4.744484606385231729e+00
4.738324207067490690e+00
4.732140955328942411e+00
4.725960779190064187e+00
4.719765734672547453e+00
4.713573327660561141e+00
4.707348331809044772e+00
4.701110371947288868e+00
4.694884490966797941e+00
4.688690179586410878e+00
4.682497406005859730e+00
4.676300090551377409e+00
4.670098090171814320e+00
4.663900122046471530e+00
4.657704791426659163e+00
4.651487332582474821e+00
4.645270678400994058e+00
4.639071315526963168e+00
4.632888206839561818e+00
4.626703783869744235e+00
4.620493584871292470e+00
4.614289528131485518e+00
4.608108475804329807e+00
4.601911383867264504e+00
4.595698833465577060e+00
4.589506864547730380e+00
4.583306178450585300e+00
4.577121683955192921e+00
4.570911619067192788e+00
4.564684352278709945e+00
4.558467260003090438e+00
4.552229148149491422e+00
4.545973020792008157e+00
4.539715498685837680e+00
4.533439961075783842e+00
4.527176940441131947e+00
4.520932677388191934e+00
4.514653474092484409e+00
4.508397927880287703e+00
4.502118143439293618e+00
4.495843410491944248e+00
4.489560112357140476e+00
4.483256956934929427e+00
4.476988008618355330e+00
4.470713347196579868e+00
4.464425212144852217e+00
4.458130487799644825e+00
4.451817157864571328e+00
4.445516201853752847e+00
4.439195987582207792e+00
4.432843622565270536e+00
4.426503854990006204e+00
4.420198071002960916e+00
4.413880494236947172e+00
4.407551053166390176e+00
4.401249587535859042e+00
4.394926226139069136e+00
4.388595175743104093e+00
4.382269909977913436e+00
4.375945663452148970e+00
4.369620174169541293e+00
4.363328677415848844e+00
4.357024288177490767e+00
4.350706568360329207e+00
4.344402688741684671e+00
4.338100856542587813e+00
4.331751781702042337e+00
4.325436690449715016e+00
4.319092890620232161e+00
4.312753194570541737e+00
4.306445291638374862e+00
4.300118041038514249e+00
4.293779882788658853e+00
4.287473070621491189e+00
4.281136745214462636e+00
4.274786132574082131e+00
4.268466651439667636e+00
4.262137433886528548e+00
4.255826812982560270e+00
4.249513339996338956e+00
4.243152990937233859e+00
4.236808314919472629e+00
4.230426570773125228e+00
4.224027991294861728e+00
4.217668223381043191e+00
4.211285388469696578e+00
4.204936313629151101e+00
4.198592442274094338e+00
4.192232531309128873e+00
4.185865512490273055e+00
4.179484063386917470e+00
4.173086726665497181e+00
4.166694441437721608e+00
4.160313725471497470e+00
4.153936594724656040e+00
4.147580054402352445e+00
4.141229298710824125e+00
4.134874662756920394e+00
4.128529763221741256e+00
4.122182226181030806e+00
4.115845310688019509e+00
4.109511551260949247e+00
4.103175735473633345e+00
4.096856611967087503e+00
4.090552437305451150e+00
4.084253537654877420e+00
4.077947387099266408e+00
4.071643722057343595e+00
4.065367013216019565e+00
4.059095212817192433e+00
4.052821731567383345e+00
4.046555787324906284e+00
4.040308958292007979e+00
4.034071213006973800e+00
4.027838957309723966e+00
4.021606934070588224e+00
4.015392112731934304e+00
4.009189379215241544e+00
4.002965259552002664e+00
3.996748176217079784e+00
3.990556055307389105e+00
3.984379830956459756e+00
3.978210642933846408e+00
3.972040578722954685e+00
3.965871247649193521e+00
3.959734648466111118e+00
3.953619730472565319e+00
3.947492000460625317e+00
3.941342955827713546e+00
3.935216459631920571e+00
3.929110330343247082e+00
3.923006981611252719e+00
3.916879537701607461e+00
3.910781902074814464e+00
3.904692474007607217e+00
3.898567453026772434e+00
3.892454072833062106e+00
3.886357760429382857e+00
3.880247893929482217e+00
3.874147334694863165e+00
3.868072113394737777e+00
3.861979457736016030e+00
3.855897352099419528e+00
3.849847906827927435e+00
3.843774151802063610e+00
3.837696588039398726e+00
3.831645756959916049e+00
3.825559332966805393e+00
3.819499275088310775e+00
3.813430348038674200e+00
3.807338935136795666e+00
3.801259109377861822e+00
3.795185506343842441e+00
3.789078572392464483e+00
3.782993757724762762e+00
3.776933485269547308e+00
3.770860096812248763e+00
3.764819663763046886e+00
3.758771184086800332e+00
3.752710902690888251e+00
3.746695297956467385e+00
3.740680059790611800e+00
3.734684383869171675e+00
3.728708627820015664e+00
3.722694855928421642e+00
3.716690391302109653e+00
3.710687974095345343e+00
3.704678520560265476e+00
3.698656183481217052e+00
3.692634794116020913e+00
3.686622416973114547e+00
3.680618757009507025e+00
3.674593487381935919e+00
3.668559285998345132e+00
3.662567928433419162e+00
3.656541997194290960e+00
3.650499954819680148e+00
3.644489115476608809e+00
3.638459751009941900e+00
3.632414123415947493e+00
3.626373252272606429e+00
3.620356619358063632e+00
3.614318242669106063e+00
3.608287850022316778e+00
3.602278548479080911e+00
3.596229845285416449e+00
3.590197405219078597e+00
3.584186932444572982e+00
3.578146794438362921e+00
3.572083070874215061e+00
3.566037067770958746e+00
3.559950715303421553e+00
3.553851184248924877e+00
3.547719565033913280e+00
3.541615197062493170e+00
3.535531991720200384e+00
3.529441392421722945e+00
3.523340976238251265e+00
3.517266273498536044e+00
3.511218589544296886e+00
3.505138906836510415e+00
3.499063032865525003e+00
3.493021947145462658e+00
3.486962541937828952e+00
3.480914419889450606e+00
3.474902114272118148e+00
3.468899187445641186e+00
3.462909439206124151e+00
3.456931412220002109e+00
3.450959098339081432e+00
3.445012131333351935e+00
3.439080399274826672e+00
3.433149096369743969e+00
3.427237060666084911e+00
3.421365088224411544e+00
3.415515968203545416e+00
3.409701421856881076e+00
3.403911918401719028e+00
3.398144543170929843e+00
3.392384409904480869e+00
3.386634978652001138e+00
3.380902606248856301e+00
3.375191548466683233e+00
3.369486132264138067e+00
3.363798579573631820e+00
3.358146038651466991e+00
3.352515107393265303e+00
3.346883594989777500e+00
3.341260638833046581e+00
3.335655125975609536e+00
3.330066314339638289e+00
3.324507668614388400e+00
3.318968504667282993e+00
3.313453587889672036e+00
3.307973235845566684e+00
3.302514931559563216e+00
3.297064173221588845e+00
3.291620817780495312e+00
3.286181262135506209e+00
3.280772918462754095e+00
3.275363251566887790e+00
3.269952118396759921e+00
3.264562004804612005e+00
3.259195619821549261e+00
3.253851801156998569e+00
3.248535734415054943e+00
3.243235635757447000e+00
3.237947258353234048e+00
3.232683852314949924e+00
3.227431514859200323e+00
3.222203558683395919e+00
3.217000135779381598e+00
3.211826092004776534e+00
3.206667202711106057e+00
3.201482394337654913e+00
3.196347680687904536e+00
3.191260576248169389e+00
3.186169216036796925e+00
3.181098803877830949e+00
3.176050806045532582e+00
3.171012991666794179e+00
3.165968883037567405e+00
3.160974198579788563e+00
3.155997976660728899e+00
3.151011356711387990e+00
3.146057763695717213e+00
3.141089597344398854e+00
3.136113527417183189e+00
3.131179425120353965e+00
3.126301130652428206e+00
3.121415218710899886e+00
3.116579329967499312e+00
3.111767902970314470e+00
3.107011559605598716e+00
3.102246642112732378e+00
3.097480186820030568e+00
3.092721420526504783e+00
3.087987563014030989e+00
3.083273106813431141e+00
3.078558140993118641e+00
3.073876425623894182e+00
3.069205546379089711e+00
3.064530420303344993e+00
3.059892067313194630e+00
3.055246677994728266e+00
3.050578954815864829e+00
3.045921486616134821e+00
3.041286432743072865e+00
3.036655259132385432e+00
3.032015153765678761e+00
3.027350792288780568e+00
3.022677427530289229e+00
3.018016883730888722e+00
3.013346379995346602e+00
3.008662027120590388e+00
3.003960025310516535e+00
2.999250110983848749e+00
2.994526651501655756e+00
2.989799159765243797e+00
2.985038712620735613e+00
2.980264344811439869e+00
2.975491666793823597e+00
2.970713490247726796e+00
2.965924844145775285e+00
2.961112979054451255e+00
2.956288659572601674e+00
2.951480746269226518e+00
2.946689605712891069e+00
2.941894513368606745e+00
2.937083309888840255e+00
2.932257381081581293e+00
2.927410289645195451e+00
2.922554409503937300e+00
2.917692154645920244e+00
2.912810418009758262e+00
2.907894259691238936e+00
2.902960738539696273e+00
2.898020476102829424e+00
2.893093258142471758e+00
2.888164645433426436e+00
2.883220136165619341e+00
2.878297093510628013e+00
2.873397117853165206e+00
2.868480440974235712e+00
2.863539150357246932e+00
2.858581972122192560e+00
2.853618785738945451e+00
2.848669663071632829e+00
2.843731018900871543e+00
2.838772079348564681e+00
2.833785459399223772e+00
2.828813564777374445e+00
2.823844441771507618e+00
2.818843606114387779e+00
2.813857719302177873e+00
2.808897098898888167e+00
2.803929299116135088e+00
2.798932933807373402e+00
2.793908959627152022e+00
2.788904538750649031e+00
2.783910587430000749e+00
2.778886318206787553e+00
2.773838615417481002e+00
2.768805557489395497e+00
2.763756388425827382e+00
2.758706048130989519e+00
2.753684997558594194e+00
2.748653182387352345e+00
2.743592077493667958e+00
2.738504159450531272e+00
2.733418226242065874e+00
2.728311997652054011e+00
2.723190391063690541e+00
2.718075373768806813e+00
2.712976548075676231e+00
2.707860726118088035e+00
2.702748060226440874e+00
2.697623082995415089e+00
2.692491149902344283e+00
2.687343105673790422e+00
2.682174694538116633e+00
2.676981902122498092e+00
2.671765229105949935e+00
2.666567447781563072e+00
2.661390623450279769e+00
2.656194236874580561e+00
2.650985905528068898e+00
2.645772960782051264e+00
2.640602868795395075e+00
2.635450354218483504e+00
2.630285903811455217e+00
2.625134408473968950e+00
2.619996467232704518e+00
2.614833331108093795e+00
2.609668371081352412e+00
2.604512414336205062e+00
2.599371907114982783e+00
2.594215503334999617e+00
2.589044311642647145e+00
2.583893477916717973e+00
2.578761544823646723e+00
2.573609244823455988e+00
2.568442076444626299e+00
2.563269346952438799e+00
2.558109214901924666e+00
2.552959194779396590e+00
2.547804704308510360e+00
2.542639887332916793e+00
2.537481445074081687e+00
2.532353025674820124e+00
2.527242988348007646e+00
2.522152066230774370e+00
2.517066195607185808e+00
2.511980620026588618e+00
2.506914016604423701e+00
2.501877811551094233e+00
2.496867239475250688e+00
2.491858428716660079e+00
2.486848804354667930e+00
2.481822997331619707e+00
2.476812058687210438e+00
2.471778634190559654e+00
2.466720604896545765e+00
2.461674073338508961e+00
2.456636992096901118e+00
2.451608109474182395e+00
2.446588167548179982e+00
2.441572257876396534e+00
2.436559048295021235e+00
2.431561806797981617e+00
2.426588812470436451e+00
2.421601602435112355e+00
2.416618058085441945e+00
2.411662641167640952e+00
2.406703040003776994e+00
2.401710340380668995e+00
2.396712437272072282e+00
2.391751602292061296e+00
2.386829945445060996e+00
2.381900385022163835e+00
2.376952004432678400e+00
2.372030571103096452e+00
2.367104890942573814e+00
2.362143465876579640e+00
2.357205983996391474e+00
2.352283522486687151e+00
2.347346782684326616e+00
2.342412680387497392e+00
2.337482082843780784e+00
2.332563430070877519e+00
2.327647414803505121e+00
2.322740706801414756e+00
2.317836698889732538e+00
2.312927424907684770e+00
2.308002397418022600e+00
2.303074517846107838e+00
2.298122391104698625e+00
2.293167698383331565e+00
2.288205978274345576e+00
2.283247038722038713e+00
2.278305390477180836e+00
2.273370108008385237e+00
2.268425750732422141e+00
2.263465648889542159e+00
2.258490669727325706e+00
2.253506320714950828e+00
2.248503294587135493e+00
2.243474116921425399e+00
2.238403114676475791e+00
2.233289411664009627e+00
2.228161358833313344e+00
2.223000207543373463e+00
2.217824625968933372e+00
2.212675920128822860e+00
2.207510441541672197e+00
2.202319106459618148e+00
2.197095111012459245e+00
2.191885688900947926e+00
2.186684393882751820e+00
2.181466549634933916e+00
2.176211637258529841e+00
2.170938566327095476e+00
2.165678977966309038e+00
2.160419523715973344e+00
2.155131664872169672e+00
2.149836546182632979e+00
2.144566255807876853e+00
2.139264181256294695e+00
2.133933612704277394e+00
2.128589347004890886e+00
2.123237901926041005e+00
2.117847421765327809e+00
2.112433436512947349e+00
2.106996008753776906e+00
2.101517498493195024e+00
2.096034508943557917e+00
2.090532413125038680e+00
2.084973990917206255e+00
2.079424875974655418e+00
2.073870262503624495e+00
2.068267387151718317e+00
2.062661284208298085e+00
2.057058766484261003e+00
2.051451635360717951e+00
2.045842966437340316e+00
2.040228584408760426e+00
2.034593039751053212e+00
2.028939694166183916e+00
2.023266723752022322e+00
2.017574638128281084e+00
2.011865189671516951e+00
2.006136187911033986e+00
2.000392541289329973e+00
1.994639810919762057e+00
1.988865542411804466e+00
1.983073991537094516e+00
1.977275770902634067e+00
1.971421375870705095e+00
1.965518495440483404e+00
1.959596571326256198e+00
1.953674861788750050e+00
1.947742092609405784e+00
1.941794607043266563e+00
1.935832405090332387e+00
1.929876577854156894e+00
1.923899355530739097e+00
1.917906531691551564e+00
1.911889460682869357e+00
1.905865880846977500e+00
1.899829480051994590e+00
1.893779963254929033e+00
1.887705036997795460e+00
1.881620293855667425e+00
1.875520172715187339e+00
1.869420275092125383e+00
1.863306966423988742e+00
1.857193657755852101e+00
1.851070246100426031e+00
1.844944635033607838e+00
1.838807383179664967e+00
1.832654744386673418e+00
1.826498886942863775e+00
1.820356574654579562e+00
1.814212357997894598e+00
1.808070197701454607e+00
1.801937407255173040e+00
1.795805644989014072e+00
1.789694759249687461e+00
1.783590534329414723e+00
1.777499201893806724e+00
1.771417319774628130e+00
1.765351691842079518e+00
1.759269291162491200e+00
1.753171584010124517e+00
1.747062084078789157e+00
1.740969428420067189e+00
1.734899339079857272e+00
1.728829982876777915e+00
1.722757622599602190e+00
1.716679111123085466e+00
1.710623309016228166e+00
1.704590860009193687e+00
1.698544570803642628e+00
1.692483413219452171e+00
1.686439099907875327e+00
1.680401009321213168e+00
1.674344322085380865e+00
1.668297076225281117e+00
1.662263894081116078e+00
1.656205230951309559e+00
1.650126647949219150e+00
1.644059482216835288e+00
1.637984484434128252e+00
1.631909191608429399e+00
1.625861874222755743e+00
1.619801673293113975e+00
1.613733917474747148e+00
1.607719922065735219e+00
1.601688572764397023e+00
1.595650044083595454e+00
1.589637443423271401e+00
1.583604851365089550e+00
1.577562084794044583e+00
1.571522465348243802e+00
1.565489292144775613e+00
1.559441903233528270e+00
1.553399422764778270e+00
1.547364264726639016e+00
1.541331592202186851e+00
1.535294020175933971e+00
1.529246336221695035e+00
1.523200556635856850e+00
1.517155948281288413e+00
1.511097866296768455e+00
1.505034884810447782e+00
1.498988157510757535e+00
1.492938506603241233e+00
1.486913460493088035e+00
1.480890899896621926e+00
1.474862188100815041e+00
1.468822711706161632e+00
1.462790995836258157e+00
1.456767773628234952e+00
1.450729611515999107e+00
1.444663250446319713e+00
1.438613671064377098e+00
1.432573246955871848e+00
1.426543363928794994e+00
1.420523369312286510e+00
1.414509749412536710e+00
1.408511954545974998e+00
1.402503529191017284e+00
1.396494889259338512e+00
1.390507045388222007e+00
1.384483975172043024e+00
1.378457391262054577e+00
1.372448822855949491e+00
1.366467791795730857e+00
1.360452115535736306e+00
1.354454016685485929e+00
1.348466029763221830e+00
1.342446768283844127e+00
1.336421427130699335e+00
1.330391767621040611e+00
1.324307096004486262e+00
1.318200090527534618e+00
1.312110000848770275e+00
1.305970549583435281e+00
1.299859440326690763e+00
1.293780633807182445e+00
1.287720209360122769e+00
1.281680142879486173e+00
1.275655829906463756e+00
1.269668361544609159e+00
1.263724094629287809e+00
1.257797628641128762e+00
1.251855194568634255e+00
1.245924848318100242e+00
1.240032070875167980e+00
1.234190711379051342e+00
1.228359240293503074e+00
1.222516566514969094e+00
1.216700625419616877e+00
1.210921743512153759e+00
1.205170837044716059e+00
1.199426385760307578e+00
1.193680021166801719e+00
1.187953138351440563e+00
1.182243037223816184e+00
1.176574599742889582e+00
1.170948648452758922e+00
1.165367230772972329e+00
1.159852966666221841e+00
1.154383459687233104e+00
1.148917323350906461e+00
1.143471401929855524e+00
1.138060340285301342e+00
1.132681509852409452e+00
1.127346470952034219e+00
1.122079551219940408e+00
1.116855403780937284e+00
1.111667948961258201e+00
1.106501880288124351e+00
1.101349070668220742e+00
1.096217352151870994e+00
1.091097068786621271e+00
1.086006146669387995e+00
1.080949503183365135e+00
1.075932708382606684e+00
1.070949012041092052e+00
1.065990662574768155e+00
1.061050847172737344e+00
1.056136369705200417e+00
1.051265764236450462e+00
1.046428847312927513e+00
1.041610607504844799e+00
1.036814782023430137e+00
1.032041656970978050e+00
1.027312555909156933e+00
1.022629231214523537e+00
1.017985460162162958e+00
1.013362413644790738e+00
1.008771741390228405e+00
1.004233139753341941e+00
9.997244983911516281e-01
9.952343821525575507e-01
9.907505691051484709e-01
9.862949550151827172e-01
9.818453401327135177e-01
9.773899406194688222e-01
9.729071468114854904e-01
9.684554129838944814e-01
9.640174478292466986e-01
9.595550209283830734e-01
9.550992548465730980e-01
9.506456166505815597e-01
9.461893409490587104e-01
9.417153447866442040e-01
9.372573167085649359e-01
9.327702850103379850e-01
9.282729268074036977e-01
9.238214075565339689e-01
9.193363517522813444e-01
9.148385465145112416e-01
9.103705585002901390e-01
9.059234380722047675e-01
9.014602780342103605e-01
8.970269978046419013e-01
8.925617903470994818e-01
8.880755633115769987e-01
8.835781246423722868e-01
8.790592998266222313e-01
8.745317578315736640e-01
8.699706703424455734e-01
8.653848350048066740e-01
8.607716053724290273e-01
8.561461448669435148e-01
8.515016317367555265e-01
8.468284904956819847e-01
8.421245843172074919e-01
8.374118894338609120e-01
8.327016174793244740e-01
8.279687792062760954e-01
8.232024759054186180e-01
8.183999896049500844e-01
8.135512799024583463e-01
8.086909294128419301e-01
8.038263320922853783e-01
7.989393204450607744e-01
7.940086603164673296e-01
7.890495777130127619e-01
7.840575397014618586e-01
7.790041238069534968e-01
7.739132106304169589e-01
7.687961459159852184e-01
7.636518299579621027e-01
7.584805667400360552e-01
7.532651364803315541e-01
7.480016589164735219e-01
7.426801741123200129e-01
7.373398691415787853e-01
7.319650709629059726e-01
7.265562087297440241e-01
7.211240559816360918e-01
7.156609952449799472e-01
7.101985156536103627e-01
7.047036707401276301e-01
6.991556465625764494e-01
6.935573041439058173e-01
6.879476159811022118e-01
6.823166847229005239e-01
6.766484707593919401e-01
6.709523528814317350e-01
6.652362346649172142e-01
6.595099419355394677e-01
6.537413865327836859e-01
6.479152619838716154e-01
6.420898705720903266e-01
6.362318187952042958e-01
6.303068190813065907e-01
6.243614524602891791e-01
6.184096485376360253e-01
6.124158054590227440e-01
6.063862174749375944e-01
6.003506213426591520e-01
5.942740142345430687e-01
5.881759405136109953e-01
5.820753097534181464e-01
5.759494125843049872e-01
5.698006629943849211e-01
5.636856019496919723e-01
5.575918555259706810e-01
5.514866113662721947e-01
5.453790873289110497e-01
5.393109738826753485e-01
5.332619756460191818e-01
5.271920293569566374e-01
5.211149036884309416e-01
5.150363117456437934e-01
5.089479029178620717e-01
5.028686493635179389e-01
4.967855960130693194e-01
4.907253861427308683e-01
4.846574872732164474e-01
4.786064326763154742e-01
4.725409567356111395e-01
4.664737194776537033e-01
4.604121953248979660e-01
4.543532371520997981e-01
4.482933938503267379e-01
4.422397822141649337e-01
4.361734300851823898e-01
4.301039218902589778e-01
4.240624696016313533e-01
4.180204272270204302e-01
4.119664490222932907e-01
4.059248447418214445e-01
3.998844921588899370e-01
3.938187211751939532e-01
3.877584397792818161e-01
3.816758960485460150e-01
3.755840450525285701e-01
3.694887518882753463e-01
3.634051799774171698e-01
3.573105484247209307e-01
3.512526899576188799e-01
3.452002495527269343e-01
3.391558647155763495e-01
3.331145554780962081e-01
3.270935326814653488e-01
3.210574269294740324e-01
3.150227785110475409e-01
3.090024173259736662e-01
3.029817610979081977e-01
2.969638854265214678e-01
2.909559071063997360e-01
2.849391400814058062e-01
2.789192169904711194e-01
2.728981316089632569e-01
2.668762326240541882e-01
2.608390986919405519e-01
2.548097968101503685e-01
2.487773478031160557e-01
2.427463650703432507e-01
2.367337644100191429e-01
2.307298809289934360e-01
2.247377902269365735e-01
2.187621057033541094e-01
2.128019511699678623e-01
2.068322747945787743e-01
2.008678734302523361e-01
1.948981255292895065e-01
1.889219313859942240e-01
1.829362154006960728e-01
1.769439727067950163e-01
1.709677070379259922e-01
1.650068908929827605e-01
1.590231508016589079e-01
1.530464380979540961e-01
1.470908254384997726e-01
1.410986632108691408e-01
1.350692182779315298e-01
1.290657728910449276e-01
1.230771958827975576e-01
1.170708984136585029e-01
1.110823214054111191e-01
1.051107406616214462e-01
9.911249876022379390e-02
9.312260746955916546e-02
8.714846074581195090e-02
8.113410770893156321e-02
7.510187327861854445e-02
6.907799839973538525e-02
6.304357349872677374e-02
5.698622465133755532e-02
5.093759298324673779e-02
4.490559101104825424e-02
3.887336552143185603e-02
3.283689320087521818e-02
2.681894600391476757e-02
2.079045772552579052e-02
1.475017666816800209e-02
8.707258105278902621e-03
2.665805816651278977e-03
-3.368467092513149908e-03
-9.389641880988185835e-03
-1.542706191539675552e-02
-2.146785259246737285e-02
-2.751780748367220822e-02
-3.356409668922335360e-02
-3.962284028530031754e-02
-4.570157527923494889e-02
-5.179634988307864341e-02
-5.791588127612978809e-02
-6.402837634086519514e-02
-7.012989223003299188e-02
-7.625894546508700522e-02
-8.234485983848482960e-02
-8.843612074851900373e-02
-9.455843269824892872e-02
-1.006551921367636326e-01
-1.067137122154226958e-01
-1.127873867750159020e-01
-1.188842803239813922e-01
-1.249392867088309489e-01
-1.310258626937857718e-01
-1.371027648448936154e-01
-1.431661218404761959e-01
-1.492557734251014345e-01
-1.553528189659111047e-01
-1.614388138055793953e-01
-1.675135165452949493e-01
-1.736242592334740209e-01
-1.797437191009514379e-01
-1.858208447694771337e-01
-1.919056594371789104e-01
-1.979948729276650443e-01
-2.040456235408776298e-01
-2.101020961999886527e-01
-2.161789268255227547e-01
-2.222258731722825398e-01
-2.282860741019242801e-01
-2.343695655465120320e-01
-2.404301375150674769e-01
-2.464896813035005463e-01
-2.525847464799875208e-01
-2.586805492639536186e-01
-2.647678494453424847e-01
-2.708725079894060417e-01
-2.770215615630144401e-01
-2.831938296556467671e-01
-2.893403172492975961e-01
-2.954640239477152597e-01
-3.015930011868471761e-01
-3.077413126826281653e-01
-3.138897761702532652e-01
-3.200059369206423865e-01
-3.261209979653353908e-01
-3.322345212101932010e-01
-3.383562520146365382e-01
-3.444735124707217766e-01
-3.505706295371051606e-01
-3.566558107733722727e-01
-3.627330034971233408e-01
-3.687931373715396810e-01
-3.748207494616504487e-01
-3.808198004961009797e-01
-3.867729276418682138e-01
-3.926657050848003649e-01
-3.985031798481937781e-01
-4.042783290147777819e-01
-4.100168526172634498e-01
-4.157247677445408129e-01
-4.213925346732135813e-01
-4.270187050104137794e-01
-4.326210752129551196e-01
-4.381785497069355384e-01
-4.436928093433376574e-01
-4.491479620337482936e-01
-4.545565247535702236e-01
-4.599251762032505186e-01
-4.652479797601696276e-01
-4.705216363072391994e-01
-4.757460743188854368e-01
-4.809371188282963727e-01
-4.860910192131993601e-01
-4.912567213177678194e-01
-4.963769376277921141e-01
-5.014450743794438559e-01
-5.064777612686154340e-01
-5.114610865712163612e-01
-5.163770303130147399e-01
-5.212430179119107443e-01
-5.260772258043286964e-01
-5.308797210454938575e-01
-5.356313034892079550e-01
-5.403143376111981810e-01
-5.450002998113629982e-01
-5.496218129992482826e-01
-5.541854619979855734e-01
-5.587108761072155927e-01
-5.632249400019643248e-01
-5.676799014210698324e-01
-5.720769271254536603e-01
-5.764541715383526554e-01
-5.807633012533185424e-01
-5.850571244955060646e-01
-5.893401786684987487e-01
-5.935509428381917640e-01
-5.977105885744091740e-01
-6.018329471349713744e-01
-6.059343665838239357e-01
-6.099708139896390380e-01
-6.139598041772840187e-01
-6.179365590214727089e-01
-6.218631476163862803e-01
-6.257306247949598887e-01
-6.295826569199560740e-01
-6.333726495504377052e-01
-6.370940849184988375e-01
-6.407926723361013766e-01
-6.444347143173215775e-01
-6.479994863271711925e-01
-6.515616208314893854e-01
-6.550995841622351268e-01
-6.586155757308004288e-01
-6.621123760938643077e-01
-6.655866950750348732e-01
-6.690110623836516002e-01
-6.723519280552862076e-01
-6.756593242287634027e-01
-6.789462149143217218e-01
-6.822167709469793007e-01
-6.854466781020163157e-01
-6.886243626475332391e-01
-6.917487293481825450e-01
-6.948501721024511468e-01
-6.979064241051672335e-01
-7.009338915348051202e-01
-7.039074510335920909e-01
-7.068279832601545021e-01
-7.097252964973448375e-01
-7.126213669776915172e-01
-7.155068919062612665e-01
-7.183798909187315562e-01
-7.212432920932767555e-01
-7.241074264049528475e-01
-7.269791781902311678e-01
-7.298807427287099525e-01
-7.327943906188009171e-01
-7.357185840606688121e-01
-7.386381641030309586e-01
-7.415449991822240516e-01
-7.444364562630652049e-01
-7.473297461867330904e-01
-7.502227410674093822e-01
-7.531263530254361793e-01
-7.560235187411306068e-01
-7.589239791035650162e-01
-7.618305236101148292e-01
-7.647342830896375343e-01
-7.676335006952283990e-01
-7.705444395542142555e-01
-7.734693661332128212e-01
-7.764013245701788524e-01
-7.793365821242330682e-01
-7.822136804461476967e-01
-7.850944399833676979e-01
-7.880059644579885392e-01
-7.909291341900823724e-01
-7.938598453998564342e-01
-7.967808917164800331e-01
-7.996834799647329906e-01
-8.025791838765142794e-01
-8.054931983351705238e-01
-8.084047988057134759e-01
-8.113165423274038002e-01
-8.142207399010656932e-01
-8.171222284436223671e-01
-8.200160995125769237e-01
-8.229141458868978187e-01
-8.258011326193808177e-01
-8.286877527832983148e-01
-8.315789863467214493e-01
-8.344746902585027382e-01
-8.373802825808522865e-01
-8.402821376919744623e-01
-8.431855306029317765e-01
-8.460916370153425126e-01
-8.490065991878508189e-01
-8.519285216927526827e-01
-8.548412889242170687e-01
-8.577415347099301979e-01
-8.606383338570593455e-01
-8.635521247982976822e-01
-8.664946332573888466e-01
-8.694629937410353060e-01
-8.724394813179967567e-01
-8.754183113574980357e-01
-8.783975124359129083e-01
-8.813787609338759044e-01
-8.843729779124258616e-01
-8.873858675360677406e-01
-8.903971433639524813e-01
-8.934101089835164711e-01
-8.963781028985975396e-01
-8.993402361869810013e-01
-9.022959232330320933e-01
-9.052527815103529329e-01
-9.082012936472890763e-01
-9.111191928386686012e-01
-9.140231713652609002e-01
-9.169290587306020424e-01
-9.198378741741178866e-01
-9.227611154317854059e-01
-9.257053047418593028e-01
-9.286530077457426646e-01
-9.315991014242170909e-01
-9.345334783196447281e-01
-9.374586239457128878e-01
-9.403708055615422889e-01
-9.432717844843863109e-01
-9.461598709225652604e-01
-9.490409970283506524e-01
-9.519241750240323707e-01
-9.548053771257398736e-01
-9.576766908168791170e-01
-9.605252996087072503e-01
-9.633380159735678294e-01
-9.661388725042341363e-01
-9.689427331089971451e-01
-9.717582345008848321e-01
-9.745800346136090919e-01
-9.774092331528662081e-01
-9.802359417080876991e-01
-9.830734148621557145e-01
-9.858944103121756175e-01
-9.887106448411939752e-01
-9.915145054459569840e-01
-9.943291306495665172e-01
-9.971683651208875787e-01
-1.000029428303241597e+00
-1.002877156436443151e+00
-1.005703574419021473e+00
-1.008520980179309579e+00
-1.011336043477058189e+00
-1.014145907759666176e+00
-1.016955038905143605e+00
-1.019737142324447454e+00
-1.022492513060569541e+00
-1.025233310461044045e+00
-1.027972127497196020e+00
-1.030738486349582539e+00
-1.033510996401309834e+00
-1.036272589862346383e+00
-1.039035868644714089e+00
-1.041785892844199868e+00
-1.044528594613075123e+00
-1.047264774143695565e+00
-1.050022563338279591e+00
-1.052794630825519384e+00
-1.055589403212070287e+00
-1.058395311236381309e+00
-1.061199976503848896e+00
-1.063994824886321799e+00
-1.066776852309703649e+00
-1.069595724344253318e+00
-1.072397971153259189e+00
-1.075195090472698123e+00
-1.077999974787235082e+00
-1.080800026655196922e+00
-1.083609157800674350e+00
-1.086427882313728110e+00
-1.089248877763747902e+00
-1.092059841752052174e+00
-1.094854176044463889e+00
-1.097633056342601554e+00
-1.100408127903938160e+00
-1.103196091949939506e+00
-1.105986545979976476e+00
-1.108781541883945287e+00
-1.111576314270496191e+00
-1.114367282390594349e+00
-1.117147557437419669e+00
-1.119915673136711032e+00
-1.122686421871185170e+00
-1.125447724759578438e+00
-1.128206390142440618e+00
-1.130962274968623893e+00
-1.133723577857017384e+00
-1.136493450403213368e+00
-1.139258490502834231e+00
-1.142018693685531439e+00
-1.144769594073295371e+00
-1.147503654658794225e+00
-1.150221818685531527e+00
-1.152938373386859672e+00
-1.155670744180679055e+00
-1.158428747951984139e+00
-1.161211879551410586e+00
-1.164027090370654882e+00
-1.166874304413795249e+00
-1.169729650020599143e+00
-1.172615393996238486e+00
-1.175533950328826682e+00
-1.178494036197662131e+00
-1.181479097902774722e+00
-1.184494625031947912e+00
-1.187582884728908272e+00
-1.190711060166358859e+00
-1.193866625428199546e+00
-1.197081883251666756e+00
-1.200302930176257998e+00
-1.203562059998512179e+00
-1.206866233050823078e+00
-1.210199485719203771e+00
-1.213576024770736561e+00
-1.216996583342552007e+00
-1.220474778115749226e+00
-1.223992821574210854e+00
-1.227522800862788976e+00
-1.231068819761276023e+00
-1.234644356369972051e+00
-1.238260908424854145e+00
-1.241933125257491888e+00
-1.245638592541217671e+00
-1.249366617202758656e+00
-1.253123211860656561e+00
-1.256919208168983282e+00
-1.260777606070041523e+00
-1.264683537185191886e+00
-1.268624041974544259e+00
-1.272577801346778781e+00
-1.276568767428397866e+00
-1.280595402419566931e+00
-1.284659829735755654e+00
-1.288769447803497226e+00
-1.292934730648994224e+00
-1.297163733839988620e+00
-1.301412513852119313e+00
-1.305673743784427465e+00
-1.309948746860027047e+00
-1.314249892532825204e+00
-1.318582022190093905e+00
-1.322958095371723042e+00
-1.327381044626235740e+00
-1.331800989806651847e+00
-1.336269348859786765e+00
-1.340789340436458366e+00
-1.345327061414718361e+00
-1.349889096617698403e+00
-1.354476474225520866e+00
-1.359093222022056402e+00
-1.363753403723239721e+00
-1.368445736169814797e+00
-1.373173594474792258e+00
-1.377938731014728413e+00
-1.382757261395454185e+00
-1.387622962892055334e+00
-1.392515245079994024e+00
-1.397431112825870292e+00
-1.402362658083438740e+00
-1.407315294444560827e+00
-1.412298619747161643e+00
-1.417321932315826150e+00
-1.422396372258663000e+00
-1.427523325383663000e+00
-1.432703600823879153e+00
-1.437922987341880621e+00
-1.443172329664230258e+00
-1.448447157442569466e+00
-1.453779482841491610e+00
-1.459139783680438729e+00
-1.464534291625022799e+00
-1.469971352815627963e+00
-1.475458218157291279e+00
-1.481004409492015617e+00
-1.486580190062522622e+00
-1.492169010639190496e+00
-1.497766691446304144e+00
-1.503382830321788655e+00
-1.509013618528842748e+00
-1.514664764702319921e+00
-1.520299209654331074e+00
-1.525926403701305167e+00
-1.531563414633273945e+00
-1.537220054864883334e+00
-1.542907384037971230e+00
-1.548562486469745370e+00
-1.554211947321891607e+00
-1.559865659475326405e+00
-1.565507797896861897e+00
-1.571191246807575048e+00
-1.576863855123519675e+00
-1.582523061335086689e+00
-1.588189518451690541e+00
-1.593891130387782962e+00
-1.599568423628806801e+00
-1.605255024135112452e+00
-1.610942862927913222e+00
-1.616634514927863808e+00
-1.622306171059608060e+00
-1.627978926897048595e+00
-1.633685442805289822e+00
-1.639375919103622126e+00
-1.645044423639773878e+00
-1.650726553797721596e+00
-1.656425747275352078e+00
-1.662099893391131955e+00
-1.667784075438975888e+00
-1.673494257032870802e+00
-1.679193302989005598e+00
-1.684901508688926297e+00
-1.690640179812907817e+00
-1.696350361406802731e+00
-1.702054686844348463e+00
-1.707763621211051630e+00
-1.713461862504481958e+00
-1.719126486778258966e+00
-1.724784003198146509e+00
-1.730467085540294381e+00
-1.736167521774768518e+00
-1.741842401027679177e+00
-1.747514495253562616e+00
-1.753216621279716225e+00
-1.758899703621863875e+00
-1.764552025496959331e+00
-1.770221263170241865e+00
-1.775876365602016005e+00
-1.781538642942904982e+00
-1.787208685278892206e+00
-1.792891986668109450e+00
-1.798586714267730313e+00
-1.804287888109683546e+00
-1.809990380704402657e+00
-1.815669944882392528e+00
-1.821344310045241999e+00
-1.827035300433635268e+00
-1.832687984406947690e+00
-1.838355317711829695e+00
-1.844041256606578472e+00
-1.849730490148067119e+00
-1.855423827469348641e+00
-1.861133714020251961e+00
-1.866850046813487651e+00
-1.872541256248950514e+00
-1.878221629559993389e+00
-1.883901631832122447e+00
-1.889588446915149378e+00
-1.895280756056308302e+00
-1.900984124839305567e+00
-1.906689102947711545e+00
-1.912402802705764460e+00
-1.918121992051601055e+00
-1.923840591311454462e+00
-1.929544107615947413e+00
-1.935232460498809370e+00
-1.940921327471732738e+00
-1.946603457629680234e+00
-1.952288515865802321e+00
-1.957976354658603313e+00
-1.963667125999927210e+00
-1.969354531168937328e+00
-1.975054971873759779e+00
-1.980755193531512859e+00
-1.986450944840907784e+00
-1.992154899239539700e+00
-1.997839519381522821e+00
-2.003535856306552621e+00
-2.009249113500117812e+00
-2.014974744617938462e+00
-2.020671010017394575e+00
-2.026341785490512581e+00
-2.032007437944411965e+00
-2.037673524022102001e+00
-2.043323351442813518e+00
-2.048945493996142897e+00
-2.054596497118472698e+00
-2.060228013992309037e+00
-2.065862391889095040e+00
-2.071510538458823714e+00
-2.077179190516471596e+00
-2.082841543853282573e+00
-2.088471379876136513e+00
-2.094106124341487352e+00
-2.099759908020495836e+00
-2.105404755473136547e+00
-2.111043013632297072e+00
-2.116704705357551397e+00
-2.122368082404136214e+00
-2.128018495440482827e+00
-2.133680044114589336e+00
-2.139320349693297985e+00
-2.144923229515552254e+00
-2.150559288263320656e+00
-2.156200693547725145e+00
-2.161840417981147233e+00
-2.167487755417823347e+00
-2.173171275854110185e+00
-2.178872816264628920e+00
-2.184555017948150102e+00
-2.190227921307086767e+00
-2.195924553275108160e+00
-2.201655316352844061e+00
-2.207351800799369546e+00
-2.213061249256133678e+00
-2.218803291022777291e+00
-2.224536029994487407e+00
-2.230276243388652269e+00
-2.236023193597793224e+00
-2.241757617890834275e+00
-2.247484205663203838e+00
-2.253198781609534684e+00
-2.258894532918929610e+00
-2.264589622616767439e+00
-2.270298852026462200e+00
-2.276026758551597418e+00
-2.281738334894179765e+00
-2.287480300664901378e+00
-2.293213701248168590e+00
-2.298928862810134532e+00
-2.304642044007777724e+00
-2.310372878611087533e+00
-2.316097195446491064e+00
-2.321810890734195443e+00
-2.327519096434115919e+00
-2.333254177868365975e+00
-2.338993510603904369e+00
-2.344686186313628795e+00
-2.350384794175624403e+00
-2.356088162958621446e+00
-2.361785599589347306e+00
-2.367471390962600175e+00
-2.373143561184405836e+00
-2.378818516433238717e+00
-2.384518443047999980e+00
-2.390237413346766981e+00
-2.395930236577987316e+00
-2.401602621376514257e+00
-2.407294420897960308e+00
-2.412984973192214611e+00
-2.418645569682120744e+00
-2.424332165718078080e+00
-2.430035020411014379e+00
-2.435719126462935868e+00
-2.441430993378161940e+00
-2.447137509286403390e+00
-2.452822858095168534e+00
-2.458511430025100530e+00
-2.464197440445422771e+00
-2.469857817888259532e+00
-2.475527569651603255e+00
-2.481219364702701213e+00
-2.486925294995307567e+00
-2.492650197446345750e+00
-2.498395533859729234e+00
-2.504135961830615820e+00
-2.509868553280830028e+00
-2.515593746304511491e+00
-2.521306270360946122e+00
-2.527008758485316697e+00
-2.532712198793887648e+00
-2.538428603112697246e+00
-2.544165369868278237e+00
-2.549912829697131844e+00
-2.555720496177673162e+00
-2.561519154906272355e+00
-2.567317442595958177e+00
-2.573119324445724221e+00
-2.578895497322082342e+00
-2.584646327793597820e+00
-2.590414297580718728e+00
-2.596206215023994179e+00
-2.602013443410396309e+00
-2.607815106213092538e+00
-2.613613103330135079e+00
-2.619415275752543959e+00
-2.625221842527388993e+00
-2.631015226244926009e+00
-2.636800259351729903e+00
-2.642594814300536665e+00
-2.648411636054515572e+00
-2.654230362176894786e+00
-2.660014076530933025e+00
-2.665806727111339036e+00
-2.671587294340133312e+00
-2.677352403104305001e+00
-2.683086022734641585e+00
-2.688817442953586045e+00
-2.694523373246192399e+00
-2.700233702361583443e+00
-2.705933919548987987e+00
-2.711629013717174352e+00
-2.717321394383906963e+00
-2.722991879284381689e+00
-2.728643539547920049e+00
-2.734257702529430123e+00
-2.739850546419620336e+00
-2.745430140197276714e+00
-2.751000355184078039e+00
-2.756570351123809548e+00
-2.762122331559657695e+00
-2.767633877694606337e+00
-2.773121404647826971e+00
-2.778609883785247536e+00
-2.784111174941062750e+00
-2.789562518894672216e+00
-2.794973652064800085e+00
-2.800396649539470317e+00
-2.805797970294952037e+00
-2.811181490123271676e+00
-2.816532416641711833e+00
-2.821880558133124772e+00
-2.827240344882011147e+00
-2.832586143910884591e+00
-2.837903086841106148e+00
-2.843192782998084756e+00
-2.848490610718726668e+00
-2.853800302743911388e+00
-2.859072126448154005e+00
-2.864314655959605993e+00
-2.869559089839458288e+00
-2.874780818819999251e+00
-2.879984089732169572e+00
-2.885205452144145699e+00
-2.890378400683402571e+00
-2.895541465282439830e+00
-2.900732652842997972e+00
-2.905913732945918593e+00
-2.911077964305877508e+00
-2.916247032582759413e+00
-2.921396690607070745e+00
-2.926524086296558025e+00
-2.931643055379390184e+00
-2.936730973422526869e+00
-2.941791421175002696e+00
-2.946838909387587968e+00
-2.951888006925582619e+00
-2.956941355764865609e+00
-2.961998361349105657e+00
-2.967043283581733526e+00
-2.972078831493853990e+00
-2.977094312012195321e+00
-2.982083059847354445e+00
-2.987050931155681432e+00
-2.991964308917522075e+00
-2.996872268617152724e+00
-3.001764117181300762e+00
-3.006641168892383309e+00
-3.011520563066005352e+00
-3.016402080655097517e+00
-3.021262431144713823e+00
-3.026095391809939805e+00
-3.030906376242637368e+00
-3.035700149834155592e+00
-3.040481254458426985e+00
-3.045239578187465490e+00
-3.049977910518645974e+00
-3.054697713255881908e+00
-3.059401547908782604e+00
-3.064089414477348061e+00
-3.068755966424941750e+00
-3.073420247435569408e+00
-3.078084309399127694e+00
-3.082720981538295213e+00
-3.087342928349971594e+00
-3.091951401531695787e+00
-3.096551524102687303e+00
-3.101125642657279524e+00
-3.105700789391994121e+00
-3.110280035436153057e+00
-3.114854815602302374e+00
-3.119417288899421159e+00
-3.123962189257144750e+00
-3.128501738607883276e+00
-3.133044435083865764e+00
-3.137606541812419714e+00
-3.142167334258556100e+00
-3.146698242425918224e+00
-3.151236325502395186e+00
-3.155764010548591347e+00
-3.160297994315623971e+00
-3.164825607836246224e+00
-3.169354026019572945e+00
-3.173857539892196211e+00
-3.178325608372687849e+00
-3.182815501093863908e+00
-3.187328612804412487e+00
-3.191864724457263769e+00
-3.196379078924655559e+00
-3.200875636935233359e+00
-3.205380031466483537e+00
-3.209886991977691117e+00
-3.214349128305911130e+00
-3.218828618526457852e+00
-3.223314921557902668e+00
-3.227784013748168146e+00
-3.232233186066149955e+00
-3.236691880226134632e+00
-3.241189904510973996e+00
-3.245699059963225608e+00
-3.250202059745787686e+00
-3.254701031744479334e+00
-3.259190852940081928e+00
-3.263664120435714189e+00
-3.268127937614917045e+00
-3.272596220672129963e+00
-3.277059380710124259e+00
-3.281522174179553275e+00
-3.285972736775874203e+00
-3.290416926890610938e+00
-3.294877375662326191e+00
-3.299353276193141227e+00
-3.303833354264496869e+00
-3.308314675092696611e+00
-3.312781424820422593e+00
-3.317241507023572122e+00
-3.321696975827216569e+00
-3.326147462427615498e+00
-3.330577003210782205e+00
-3.335006324946879541e+00
-3.339437989145516816e+00
-3.343882105499505375e+00
-3.348322484642266339e+00
-3.352771069109439228e+00
-3.357195265591143674e+00
-3.361602832376956229e+00
-3.365994212031363730e+00
-3.370378267019986218e+00
-3.374750752747058158e+00
-3.379119724780320411e+00
-3.383477706462143964e+00
-3.387820529192685282e+00
-3.392147971689700281e+00
-3.396483176946639482e+00
-3.400828927755354947e+00
-3.405175192654132044e+00
-3.409520798176526313e+00
-3.413889694213866566e+00
-3.418249361217021054e+00
-3.422589693963526969e+00
-3.426920942962168759e+00
-3.431245233863591260e+00
-3.435564032942056034e+00
-3.439880266040562962e+00
-3.444205949455498850e+00
-3.448540788143872327e+00
-3.452898329496382868e+00
-3.457278139889239377e+00
-3.461664177477358884e+00
-3.466050726920365754e+00
-3.470441670715808336e+00
-3.474840231984853034e+00
-3.479239229112862652e+00
-3.483653829991816941e+00
-3.488081835210322446e+00
-3.492509619146584754e+00
-3.496929564327000861e+00
-3.501363204419612352e+00
-3.505792528390883511e+00
-3.510227560997008389e+00
-3.514662155508994523e+00
-3.519098506867885057e+00
-3.523532073199748371e+00
-3.527978974580764149e+00
-3.532458245754241055e+00
-3.536921698600052899e+00
-3.541372551769017551e+00
-3.545807950943707709e+00
-3.550261953473090593e+00
-3.554726577550172184e+00
-3.559183512628077750e+00
-3.563653847575186884e+00
-3.568147620558737909e+00
-3.572611661255359117e+00
-3.577056584507226411e+00
-3.581511834263801042e+00
-3.585987368226050798e+00
-3.590454408526420060e+00
-3.594889955222606126e+00
-3.599327187240123127e+00
-3.603771891444920605e+00
-3.608200775086879197e+00
-3.612630389630793637e+00
-3.617067107558249894e+00
-3.621512321382760469e+00
-3.625947063416242067e+00
-3.630372647941111808e+00
-3.634792595356702183e+00
-3.639220453053712223e+00
-3.643636370450257456e+00
-3.648045548796653215e+00
-3.652443157881497537e+00
-3.656831683218478624e+00
-3.661220356076955174e+00
-3.665613202005624238e+00
-3.670009930431842093e+00
-3.674415080994366978e+00
-3.678824699670075749e+00
-3.683228167146443521e+00
-3.687619108706711835e+00
-3.692017084360121881e+00
-3.696422601491212045e+00
-3.700832074880599176e+00
-3.705230486392974143e+00
-3.709637322276829963e+00
-3.714051996916531984e+00
-3.718490547686814640e+00
-3.722938179969786709e+00
-3.727387861907481614e+00
-3.731831097602843705e+00
-3.736272431164979313e+00
-3.740722039341926042e+00
-3.745175822824239109e+00
-3.749639054387807313e+00
-3.754095913469790879e+00
-3.758547573536633823e+00
-3.762980335205792670e+00
-3.767375011742114310e+00
-3.771781554818152582e+00
-3.776208605617283887e+00
-3.780629869550465649e+00
-3.785052233189343696e+00
-3.789483897387980527e+00
-3.793918710947036033e+00
-3.798352134227751975e+00
-3.802785117179154462e+00
-3.807222789525984918e+00
-3.811647350341080820e+00
-3.816065172106026804e+00
-3.820464535802602146e+00
-3.824862287938594285e+00
-3.829276520013808582e+00
-3.833700788021086936e+00
-3.838127326965331321e+00
-3.842544710636138117e+00
-3.846938875317572837e+00
-3.851319711655377453e+00
-3.855698643624781763e+00
-3.860085631161927378e+00
-3.864497227966784632e+00
-3.868908677250145978e+00
-3.873313096910714570e+00
-3.877732165902852302e+00
-3.882164122909306680e+00
-3.886612048000096742e+00
-3.891068176180123572e+00
-3.895501306653021967e+00
-3.899939928948878531e+00
-3.904422351717948381e+00
-3.908913782238959467e+00
-3.913391955941914802e+00
-3.917837098240851468e+00
-3.922324134409426843e+00
-3.926840247958897745e+00
-3.931363976746796940e+00
-3.935882068425416325e+00
-3.940394301712512259e+00
-3.944917737692593906e+00
-3.949445568025111264e+00
-3.953942856937646244e+00
-3.958445639908313218e+00
-3.962976986169814531e+00
-3.967523788660764161e+00
-3.972057186812161689e+00
-3.976571395993231839e+00
-3.981113951653241223e+00
-3.985673937201499317e+00
-3.990219273418187385e+00
-3.994754868745803211e+00
-3.999311190843581443e+00
-4.003875425457954051e+00
-4.008427353203296128e+00
-4.012949620187281852e+00
-4.017478843033313041e+00
-4.022022422403096265e+00
-4.026571419835089927e+00
-4.031107893586158397e+00
-4.035628108680247905e+00
-4.040167219936846799e+00
-4.044747053831814654e+00
-4.049315094947814053e+00
-4.053846734017133357e+00
-4.058375809341668194e+00
-4.062894267588853303e+00
-4.067396245896815365e+00
-4.071897050738334300e+00
-4.076386503130196459e+00
-4.080864384025334246e+00
-4.085347906500100379e+00
-4.089840877056120760e+00
-4.094352670013903683e+00
-4.098885408788918383e+00
-4.103429721295833055e+00
-4.107949791103600923e+00
-4.112457042187451783e+00
-4.116999229043721620e+00
-4.121585582941770021e+00
-4.126181749254464570e+00
-4.130751768499612453e+00
-4.135327208042143710e+00
-4.139911510050295895e+00
-4.144505774229764405e+00
-4.149085900932549364e+00
-4.153666760772465771e+00
-4.158254212141036632e+00
-4.162836390733717806e+00
-4.167385095357894365e+00
-4.171928455680608216e+00
-4.176477526873349611e+00
-4.181040076166390840e+00
-4.185593032091855292e+00
-4.190126577764749172e+00
-4.194651260972022122e+00
-4.199186123162506945e+00
-4.203731019049882001e+00
-4.208304701745509746e+00
-4.212891712784766263e+00
-4.217477038502692288e+00
-4.222043249011038668e+00
-4.226576280593871360e+00
-4.231117662787436728e+00
-4.235691636055706866e+00
-4.240254770964383191e+00
-4.244806186854838792e+00
-4.249332188814877398e+00
-4.253869762271642152e+00
-4.258443735539912289e+00
-4.263012216985225145e+00
-4.267531187087296729e+00
-4.272037926316260226e+00
-4.276564294844865444e+00
-4.281114906072615689e+00
-4.285633657127617901e+00
-4.290135340392589036e+00
-4.294622450321911700e+00
-4.299099452793597287e+00
-4.303586267679929023e+00
-4.308071694523095019e+00
-4.312564957886933392e+00
-4.317083194851874417e+00
-4.321591324359177477e+00
-4.326078508049248761e+00
-4.330544377118348720e+00
-4.335030901432036288e+00
-4.339539252221583432e+00
-4.344022405892610017e+00
-4.348496478050946301e+00
-4.352973554283379620e+00
-4.357459638267754620e+00
-4.361950704455375138e+00
-4.366432394087313540e+00
-4.370941989868878608e+00
-4.375484031438826804e+00
-4.380009081214665478e+00
-4.384526732563971407e+00
-4.389043724536895397e+00
-4.393556910008191707e+00
-4.398076391965149767e+00
-4.402574414014815751e+00
-4.407043799012898333e+00
-4.411521387100219016e+00
-4.416041968762874248e+00
-4.420573610067366488e+00
-4.425101368874310381e+00
-4.429632862657308046e+00
-4.434159376472234015e+00
-4.438670217245816119e+00
-4.443171828985213345e+00
-4.447670581936835177e+00
-4.452180908620356981e+00
-4.456685888767241366e+00
-4.461179956793784207e+00
-4.465689550340174563e+00
-4.470243822783230847e+00
-4.474820435792207007e+00
-4.479368409514426830e+00
-4.483879540860652213e+00
-4.488386427611112062e+00
-4.492930371314286297e+00
-4.497469556331633811e+00
-4.502007862925529125e+00
-4.506522657722234371e+00
-4.511035183817147853e+00
-4.515569315105675940e+00
-4.520111942291259233e+00
-4.524672220647333987e+00
-4.529257182031869000e+00
-4.533849832415580039e+00
-4.538436771929263536e+00
-4.543014408648013536e+00
-4.547608377784490230e+00
-4.552203518152236228e+00
-4.556809132546185914e+00
-4.561392629891633632e+00
-4.565967043489217225e+00
-4.570537208020686748e+00
-4.575118798762559003e+00
-4.579715919494628196e+00
-4.584316042065619712e+00
-4.588915359973906760e+00
-4.593505594134329684e+00
-4.598059428483247224e+00
-4.602610258758067729e+00
-4.607163945585488918e+00
-4.611725102365015871e+00
-4.616270291060208919e+00
-4.620790946483610995e+00
-4.625313358753919246e+00
-4.629857595264910586e+00
-4.634418899565934780e+00
-4.638983643800019152e+00
-4.643528539687394208e+00
-4.648053149133920314e+00
-4.652601929754018428e+00
-4.657188576459883933e+00
-4.661780641227959876e+00
-4.666357032954691952e+00
-4.670929101854562226e+00
-4.675519774109124782e+00
-4.680140185356139071e+00
-4.684762572497128907e+00
-4.689382907748221641e+00
-4.694015035778283718e+00
-4.698657052218913499e+00
-4.703293281793593295e+00
-4.707909443974494401e+00
-4.712508395314215726e+00
-4.717151216417549975e+00
-4.721791621297596997e+00
-4.726396135985850400e+00
-4.730995744466780728e+00
-4.735611392557620647e+00
-4.740206751972436017e+00
-4.744793908298015062e+00
-4.749372497200964993e+00
-4.753957532346247739e+00
-4.758549963682889405e+00
-4.763134632259606427e+00
-4.767713513970374350e+00
-4.772291443496941454e+00
-4.776863074302672985e+00
-4.781422107666729815e+00
-4.785971472784876113e+00
-4.790532775968312507e+00
-4.795109312981366223e+00
-4.799698228389024379e+00
-4.804287949576973027e+00
-4.808877525478600923e+00
-4.813449963182209856e+00
-4.817997423931955403e+00
-4.822530748322605199e+00
-4.827057921513913996e+00
-4.831552722677587397e+00
-4.835997277125715144e+00
-4.840433335676788573e+00
-4.844876207038759652e+00
-4.849329259619116428e+00
-4.853788682445882685e+00
-4.858237413316964570e+00
-4.862684239819644816e+00
-4.867116124182938819e+00
-4.871540537476539257e+00
-4.875973007455467467e+00
-4.880408774316309817e+00
-4.884828207641839448e+00
-4.889221712946890896e+00
-4.893589071184395678e+00
-4.897943612933158164e+00
-4.902300204336642153e+00
-4.906659507006406074e+00
-4.911024228855966456e+00
-4.915387853235005267e+00
-4.919745250418781524e+00
-4.924101182445882685e+00
-4.928454186394810144e+00
-4.932794519141316059e+00
-4.937133679538964870e+00
-4.941475914418696824e+00
-4.945811850577592317e+00
-4.950148227065801265e+00
-4.954486361518501525e+00
-4.958838192000984080e+00
-4.963190095126628343e+00
-4.967544270306825105e+00
-4.971898151561616963e+00
-4.976244563981889968e+00
-4.980584089830516703e+00
-4.984919514134525720e+00
-4.989242562279104121e+00
-4.993555941060185077e+00
-4.997878696396946374e+00
-5.002214488387107139e+00
-5.006572984158991879e+00
-5.010905404388903861e+00
-5.015225374698638383e+00
-5.019552376866339927e+00
-5.023891903832554462e+00
-5.028220517560838765e+00
-5.032516611739992207e+00
-5.036787583678959734e+00
-5.041065367311238887e+00
-5.045348132029174870e+00
-5.049632214382290485e+00
-5.053892345726489488e+00
-5.058155773952602630e+00
-5.062446666881441182e+00
-5.066754991933702712e+00
-5.071033287420868341e+00
-5.075314733386038668e+00
-5.079610534757375007e+00
-5.083914685621857110e+00
-5.088191956281661099e+00
-5.092480141296982232e+00
-5.096803335845470073e+00
-5.101132462546228652e+00
-5.105466788262128297e+00
-5.109819278120993680e+00
-5.114205606281756467e+00
-5.118603653460739977e+00
-5.122988810390233461e+00
-5.127365177497266835e+00
-5.131737443059682491e+00
-5.136117618903517368e+00
-5.140495816618203762e+00
-5.144862663000821179e+00
-5.149228116869926097e+00
-5.153607926145195250e+00
-5.158007950335740333e+00
-5.162433315813540702e+00
-5.166891860216855648e+00
-5.171365420520304568e+00
-5.175840372219680852e+00
-5.180315396562217956e+00
-5.184791446849702723e+00
-5.189270426332949881e+00
-5.193745304271578433e+00
-5.198222819715737408e+00
-5.202713883668183215e+00
-5.207206340134143296e+00
-5.211690592393278365e+00
-5.216194034740327723e+00
-5.220720181986688857e+00
-5.225234317407011275e+00
-5.229717617481946412e+00
-5.234199673682450538e+00
-5.238692862167953379e+00
-5.243204507604240838e+00
-5.247728896886109773e+00
-5.252252114936708516e+00
-5.256774453446268147e+00
-5.261284707486629131e+00
-5.265795180574058598e+00
-5.270309170708059376e+00
-5.274855093657969896e+00
-5.279417715594171945e+00
-5.283978286758064691e+00
-5.288526700809597081e+00
-5.293081339821219089e+00
-5.297664763405918187e+00
-5.302268400788306302e+00
-5.306872551143168693e+00
-5.311474797129630332e+00
-5.316098430380224116e+00
-5.320731510594486124e+00
-5.325371550023555223e+00
-5.330021110177039390e+00
-5.334683121368287928e+00
-5.339343229308723515e+00
-5.344005460664629226e+00
-5.348675895109772149e+00
-5.353353873267769458e+00
-5.358036099374293926e+00
-5.362716494873165374e+00
-5.367407071590422518e+00
-5.372105264663695756e+00
-5.376813125982879527e+00
-5.381533731147646549e+00
-5.386235660314559581e+00
-5.390915030986070278e+00
-5.395616080611943310e+00
-5.400326139107345824e+00
-5.405033414810895387e+00
-5.409714616090058215e+00
-5.414386369287966794e+00
-5.419049406424163884e+00
-5.423713469505309526e+00
-5.428396208584308269e+00
-5.433059539645909375e+00
-5.437705144658684375e+00
-5.442362468689679211e+00
-5.447032024711369935e+00
-5.451672577112912421e+00
-5.456335394084453227e+00
-5.461002166196703200e+00
-5.465689886361359662e+00
-5.470334173738955919e+00
-5.474968572705983583e+00
-5.479602312296628419e+00
-5.484261101484298351e+00
-5.488908025249838118e+00
-5.493546599522232121e+00
-5.498198137804864771e+00
-5.502836345508693938e+00
-5.507442546635865632e+00
-5.512056291475891712e+00
-5.516704094782470591e+00
-5.521363324299453978e+00
-5.526001824811100249e+00
-5.530632635764776595e+00
-5.535259637981652325e+00
-5.539906854555010085e+00
-5.544549383409320242e+00
-5.549196160212158446e+00
-5.553868499025702121e+00
-5.558537102863192025e+00
-5.563202117569743699e+00
-5.567854314111172265e+00
-5.572494939714669471e+00
-5.577144060656427982e+00
-5.581808050535618904e+00
-5.586467132531105939e+00
-5.591133611835538808e+00
-5.595807562209665242e+00
-5.600492865592240577e+00
-5.605171942338346369e+00
-5.609840326569973890e+00
-5.614531269297002858e+00
-5.619231733866035583e+00
-5.623925679549573786e+00
-5.628601387329398520e+00
-5.633264643512665870e+00
-5.637951777502893336e+00
-5.642647699639200098e+00
-5.647322382591664081e+00
-5.651994062587617940e+00
-5.656695991195737960e+00
-5.661384150013327066e+00
-5.666056928597390296e+00
-5.670728681236504976e+00
-5.675395600311457400e+00
-5.680064350552855856e+00
-5.684730317443608349e+00
-5.689375117234884982e+00
-5.694015742838382188e+00
-5.698650948144495132e+00
-5.703289009444414859e+00
-5.707927144505083206e+00
-5.712571871094405118e+00
-5.717207515053450706e+00
-5.721819282323121314e+00
-5.726407246105372550e+00
-5.730991621315478568e+00
-5.735567426867782537e+00
-5.740128730610011942e+00
-5.744661909155547086e+00
-5.749177143163977988e+00
-5.753670625016092721e+00
-5.758175018988548999e+00
-5.762702411226927168e+00
-5.767189959809183364e+00
-5.771654877252876403e+00
-5.776114300638436561e+00
-5.780580316111445072e+00
-5.785051165707408849e+00
-5.789534832909702722e+00
-5.794006853736936691e+00
-5.798453094065188829e+00
-5.802911638468502886e+00
-5.807380584254859812e+00
-5.811841986328362353e+00
-5.816291375458240154e+00
-5.820764055661856062e+00
-5.825209856778382544e+00
-5.829628558084367640e+00
-5.834025066345929211e+00
-5.838444939441978399e+00
-5.842851409316062394e+00
-5.847238250449299457e+00
-5.851603118143975379e+00
-5.855989518947898986e+00
-5.860373283363878194e+00
-5.864734050072728522e+00
-5.869099065288900796e+00
-5.873501214012502913e+00
-5.877910394035279040e+00
-5.882287493720649962e+00
-5.886639031395315413e+00
-5.891001848876475933e+00
-5.895351482741533644e+00
-5.899682879261671786e+00
-5.904002629965543036e+00
-5.908345232531427627e+00
-5.912698015756904013e+00
-5.917043108586221400e+00
-5.921387029346077746e+00
-5.925752410013227944e+00
-5.930133391637354201e+00
-5.934508440271018870e+00
-5.938882537279277507e+00
-5.943251287192105714e+00
-5.947612420190124816e+00
-5.951949603017419044e+00
-5.956276019010692480e+00
-5.960602947697042353e+00
-5.964938226155935830e+00
-5.969285735767334344e+00
-5.973625847790389187e+00
-5.977966326102613692e+00
-5.982310393266379478e+00
-5.986670647282152480e+00
-5.991038518492131537e+00
-5.995385808777063730e+00
-5.999718743655829911e+00
-6.004049114510416452e+00
-6.008369231503456476e+00
-6.012665618211030072e+00
-6.016979729291050738e+00
-6.021292888186871473e+00
-6.025592424254863744e+00
-6.029898478649555749e+00
-6.034218522440641053e+00
-6.038536735344677275e+00
-6.042851285915821435e+00
-6.047149210423230059e+00
-6.051432633120565896e+00
-6.055717520974575940e+00
-6.060013248585163659e+00
-6.064326187875121121e+00
-6.068654801324009362e+00
-6.072998282872140052e+00
-6.077359415590762204e+00
-6.081725308950989728e+00
-6.086113321874289994e+00
-6.090510709537192646e+00
-6.094926774036138362e+00
-6.099346720613538331e+00
-6.103772892290725949e+00
-6.108218326978384738e+00
-6.112669327808543329e+00
-6.117133658798410423e+00
-6.121605021227150445e+00
-6.126080119051038331e+00
-6.130591544741763599e+00
-6.135121940216048841e+00
-6.139634757302700585e+00
-6.144115787837653997e+00
-6.148589786933734480e+00
-6.153074259636922783e+00
-6.157578434282912738e+00
-6.162088980991392795e+00
-6.166583341546355790e+00
-6.171051700878887658e+00
-6.175523136090486531e+00
-6.180010611750184957e+00
-6.184528116625733318e+00
-6.189033609745091979e+00
-6.193516764184459511e+00
-6.198011197871528211e+00
-6.202507242700084689e+00
-6.206983658857643249e+00
-6.211452897032722298e+00
-6.215932682226410932e+00
-6.220436417520977201e+00
-6.224942643218673410e+00
-6.229414444719440169e+00
-6.233891666238195128e+00
-6.238399869226849859e+00
-6.242927261884323897e+00
-6.247461246175225469e+00
-6.251975308533291198e+00
-6.256470694404560717e+00
-6.260952530318172116e+00
-6.265421695396070412e+00
-6.269888077175709284e+00
-6.274351968849076755e+00
-6.278805240441578839e+00
-6.283248843977388809e+00
-6.287712222996969302e+00
-6.292167764897794058e+00
-6.296615323507330331e+00
-6.301073648723876985e+00
-6.305541861687424365e+00
-6.310007291474947877e+00
-6.314465323639205430e+00
-6.318912735792445723e+00
-6.323367691903012400e+00
-6.327814664669903166e+00
-6.332246256504776127e+00
-6.336678654050091453e+00
-6.341114201025674468e+00
-6.345554215835044864e+00
-6.349995548768538001e+00
-6.354441862298743970e+00
-6.358882756020511451e+00
-6.363326359751271255e+00
-6.367750041514272041e+00
-6.372160832748385850e+00
-6.376569353464628165e+00
-6.380981096813092890e+00
-6.385369695631424314e+00
-6.389725701558972126e+00
-6.394068084518993444e+00
-6.398389959755922618e+00
-6.402722528345519137e+00
-6.407083807747447679e+00
-6.411437469955170165e+00
-6.415772894817972194e+00
-6.420097186976680526e+00
-6.424404780009398408e+00
-6.428691938381279058e+00
-6.432947382984319340e+00
-6.437191181910792537e+00
-6.441418647721046220e+00
-6.445651020856210778e+00
-6.449868159742662144e+00
-6.454079805409172366e+00
-6.458284786065677352e+00
-6.462474825281286250e+00
-6.466667647707843969e+00
-6.470861861670026194e+00
-6.475058565895641216e+00
-6.479258053332204170e+00
-6.483430880589047263e+00
-6.487584298850604725e+00
-6.491744528665774894e+00
-6.495927463519954870e+00
-6.500118088909992764e+00
-6.504309739546487279e+00
-6.508490477224448512e+00
-6.512668578095370364e+00
-6.516881249148035238e+00
-6.521122704494381139e+00
-6.525369213569545579e+00
-6.529601513642454336e+00
-6.533796972806202419e+00
-6.538016968245254468e+00
-6.542270362006137319e+00
-6.546525220644296539e+00
-6.550784840063760051e+00
-6.555062989845508170e+00
-6.559376222641775556e+00
-6.563689089079024264e+00
-6.567977785530136892e+00
-6.572266994814024876e+00
-6.576576565417097342e+00
-6.580878152536795866e+00
-6.585161868600742707e+00
-6.589440384392263539e+00
-6.593734061544862968e+00
-6.598064140010727385e+00
-6.602400956618701855e+00
-6.606749272412024254e+00
-6.611122490472960855e+00
-6.615506475036134759e+00
-6.619894634468117545e+00
-6.624276275503551581e+00
-6.628649127365496163e+00
-6.633008502743903634e+00
-6.637370075337820197e+00
-6.641747687908353903e+00
-6.646123689145314373e+00
-6.650510749849489756e+00
-6.654915901599450123e+00
-6.659340608923228544e+00
-6.663805599533951352e+00
-6.668277767882680784e+00
-6.672753158933481643e+00
-6.677227231650611827e+00
-6.681709287641568906e+00
-6.686203502072020299e+00
-6.690710753714664172e+00
-6.695222619385456930e+00
-6.699747009226119765e+00
-6.704295496270058941e+00
-6.708863026020115861e+00
-6.713462782371787618e+00
-6.718069716705938887e+00
-6.722688882052897164e+00
-6.727305337740107305e+00
-6.731935929087920378e+00
-6.736596183571963437e+00
-6.741286320518701025e+00
-6.746011174190788218e+00
-6.750745036732404003e+00
-6.755480071064082992e+00
-6.760227923281489026e+00
-6.764992254599927257e+00
-6.769752484513444912e+00
-6.774528534570707805e+00
-6.779328095726667058e+00
-6.784156074887140342e+00
-6.788998702401293883e+00
-6.793838912993668266e+00
-6.798669894691554916e+00
-6.803527536569161427e+00
-6.808412937214596283e+00
-6.813315842766312969e+00
-6.818231199495492945e+00
-6.823153001489115965e+00
-6.828083006851374037e+00
-6.833030809927730154e+00
-6.837989892531185276e+00
-6.842970874253659019e+00
-6.847961377259342619e+00
-6.852956348378209661e+00
-6.857977613527326710e+00
-6.863011475838719733e+00
-6.868047682289033062e+00
-6.873067628685383568e+00
-6.878069630824027669e+00
-6.883079103752969274e+00
-6.888109816703943622e+00
-6.893119655642657051e+00
-6.898167141340671549e+00
-6.903241067472843717e+00
-6.908302615489809284e+00
-6.913356253784148642e+00
-6.918435526452957340e+00
-6.923484037537126490e+00
-6.928542582597581934e+00
-6.933608524966983211e+00
-6.938678056467322719e+00
-6.943739824369548508e+00
-6.948811699450014423e+00
-6.953915801551191933e+00
-6.959007964748887609e+00
-6.964113751333205649e+00
-6.969234699103980191e+00
-6.974328913353382120e+00
-6.979389655869452369e+00
-6.984459406975655149e+00
-6.989525569509713598e+00
-6.994570711348204739e+00
-6.999609261658041426e+00
-7.004664730839429865e+00
-7.009744882769881613e+00
-7.014827304799108099e+00
-7.019906944036482521e+00
-7.024995372537522265e+00
-7.030099328793584235e+00
-7.035166736599056669e+00
-7.040217226371167314e+00
-7.045277749560772129e+00
-7.050331021845339663e+00
-7.055355436913667511e+00
-7.060382195003329642e+00
-7.065401262976227947e+00
-7.070422382280229456e+00
-7.075447456166147120e+00
-7.080492231994865548e+00
-7.085535762272773930e+00
-7.090567941218613335e+00
-7.095594773069022310e+00
-7.100614207051693327e+00
-7.105620969831941913e+00
-7.110613963380454372e+00
-7.115617064386604795e+00
-7.120609838329253982e+00
-7.125602685473857889e+00
-7.130604394525287937e+00
-7.135609985515474207e+00
-7.140627295523880314e+00
-7.145622047036884972e+00
-7.150606104917822670e+00
-7.155574635602532041e+00
-7.160534963198005087e+00
-7.165498660318552204e+00
-7.170463382825253973e+00
-7.175427885726092470e+00
-7.180388726294038904e+00
-7.185346782952545475e+00
-7.190307111106811533e+00
-7.195278132334349763e+00
-7.200252596288917672e+00
-7.205209701322017324e+00
-7.210147763788699038e+00
-7.215078575350342582e+00
-7.220023155584930130e+00
-7.224960631877182848e+00
-7.229898840747772226e+00
-7.234829871356486031e+00
-7.239764344692228626e+00
-7.244681533426044595e+00
-7.249585904553531357e+00
-7.254501407966015947e+00
-7.259386735968289983e+00
-7.264255877397952865e+00
-7.269124066643415816e+00
-7.274011885188518711e+00
-7.278916475363073957e+00
-7.283796456828712351e+00
-7.288665232248602521e+00
-7.293563451059161373e+00
-7.298439843393860649e+00
-7.303300708532331598e+00
-7.308164649829267390e+00
-7.313024049811064131e+00
-7.317834011092780422e+00
-7.322672023810445019e+00
-7.327502346411345791e+00
-7.332321097515522190e+00
-7.337129008024929178e+00
-7.341938676498829253e+00
-7.346736480109392176e+00
-7.351531500369309136e+00
-7.356360504776238152e+00
-7.361176179163156696e+00
-7.365966804511844046e+00
-7.370772225037216074e+00
-7.375598373450337419e+00
-7.380420347116886326e+00
-7.385239244066177378e+00
-7.390072496421633552e+00
-7.394907506182788026e+00
-7.399737829342482698e+00
-7.404560022056100976e+00
-7.409402283281086632e+00
-7.414241541549562164e+00
-7.419069593772290361e+00
-7.423871131241320143e+00
-7.428696839883921932e+00
-7.433531409874556850e+00
-7.438361292704938066e+00
-7.443187294155357847e+00
-7.448021497577427041e+00
-7.452858631312845539e+00
-7.457717371359466441e+00
-7.462590978667138941e+00
-7.467459460720418107e+00
-7.472301868349312315e+00
-7.477139442414044268e+00
-7.481991737335919268e+00
-7.486835682764647615e+00
-7.491661243885753940e+00
-7.496476552262900661e+00
-7.501297939196227560e+00
-7.506126503273843120e+00
-7.510967226698992860e+00
-7.515814688056705606e+00
-7.520656289905308434e+00
-7.525480826199053119e+00
-7.530294595658777901e+00
-7.535132242366669786e+00
-7.539983512461184034e+00
-7.544830460846422504e+00
-7.549672868475316712e+00
-7.554505607858298610e+00
-7.559329191967843364e+00
-7.564153508096931766e+00
-7.568980387970803747e+00
-7.573797306790946315e+00
-7.578608366101978966e+00
-7.583418986201285072e+00
-7.588229386135934007e+00
-7.593045426532624376e+00
-7.597872671857475169e+00
-7.602697134390472122e+00
-7.607507315278051685e+00
-7.612309952452777750e+00
-7.617118228971956562e+00
-7.621930607035754868e+00
-7.626726797968148119e+00
-7.631520278751848352e+00
-7.636318887025116631e+00
-7.641111782193182655e+00
-7.645922035723923038e+00
-7.650744593888520129e+00
-7.655560193955897041e+00
-7.660375647619365402e+00
-7.665204139053820143e+00
-7.670030213147400744e+00
-7.674851379916070471e+00
-7.679666320607064556e+00
-7.684467199817298422e+00
-7.689262512326239474e+00
-7.694066980108617670e+00
-7.698886828124521742e+00
-7.703721764683722384e+00
-7.708554064854977739e+00
-7.713374206796286714e+00
-7.718203137442467998e+00
-7.723046790063380129e+00
-7.727908314019440006e+00
-7.732771009206770074e+00
-7.737607776373623736e+00
-7.742415028065441795e+00
-7.747215760871766221e+00
-7.752027846127747424e+00
-7.756845350563525088e+00
-7.761665711551903435e+00
-7.766478601470588217e+00
-7.771289880946277151e+00
-7.776101746037601181e+00
-7.780916247516868722e+00
-7.785728917270897220e+00
-7.790528477728365431e+00
-7.795314782485364802e+00
-7.800103796273468504e+00
-7.804889953508971523e+00
-7.809669667854903352e+00
-7.814449819177387901e+00
-7.819227113947270880e+00
-7.823989760503171631e+00
-7.828752188012002122e+00
-7.833520109578965496e+00
-7.838283928483723351e+00
-7.843028559535740740e+00
-7.847763448581098089e+00
-7.852499655261634182e+00
-7.857232347130773675e+00
-7.861965405568478893e+00
-7.866690186038612254e+00
-7.871415919810532458e+00
-7.876139456406233919e+00
-7.880858891457319437e+00
-7.885569244995712879e+00
-7.890268317610025228e+00
-7.894975813478231075e+00
-7.899680745601654230e+00
-7.904380916804075063e+00
-7.909077207744121374e+00
-7.913772400096059201e+00
-7.918466712906957028e+00
-7.923158389329910456e+00
-7.927849918231368420e+00
-7.932535880431532682e+00
-7.937222281843423488e+00
-7.941928826645016315e+00
-7.946649799495935085e+00
-7.951359640061855139e+00
-7.956072189658880411e+00
-7.960778001323342679e+00
-7.965479638800024631e+00
-7.970169484615325928e+00
-7.974853249639272335e+00
-7.979530130326748072e+00
-7.984208770096302032e+00
-7.988887115940451977e+00
-7.993569490686058820e+00
-7.998245638236403110e+00
-8.002913437411189435e+00
-8.007588707655667548e+00
-8.012262072414159775e+00
-8.016934413462877274e+00
-8.021595915034414048e+00
-8.026250531151891465e+00
-8.030897969007492421e+00
-8.035549141839146259e+00
-8.040192477032542584e+00
-8.044825340434908156e+00
-8.049453441798686271e+00
-8.054083740338683128e+00
-8.058710011094808223e+00
-8.063335621356964467e+00
-8.067949439957738278e+00
-8.072549269720912690e+00
-8.077125810086727142e+00
-8.081687995046376471e+00
-8.086252155900002236e+00
-8.090829940140247700e+00
-8.095400912687182426e+00
-8.099979650229215622e+00
-8.104551795125008340e+00
-8.109124965965747833e+00
-8.113702164590359089e+00
-8.118300163745880482e+00
-8.122888200730084662e+00
-8.127445404604078050e+00
-8.131989204138516669e+00
-8.136523482948541997e+00
-8.141059006750584359e+00
-8.145593064278363826e+00
-8.150114671885967610e+00
-8.154627490788698196e+00
-8.159126686304807308e+00
-8.163632106781005149e+00
-8.168151295930147882e+00
-8.172681618481874466e+00
-8.177216190099716897e+00
-8.181755739450455422e+00
-8.186294850707053428e+00
-8.190830226987600327e+00
-8.195370804518461227e+00
-8.199911820143460872e+00
-8.204444120824337716e+00
-8.208960893750191445e+00
-8.213476126641035435e+00
-8.217995244264603372e+00
-8.222534648329020257e+00
-8.227075078338383918e+00
-8.231607890874148126e+00
-8.236138725280762074e+00
-8.240665458142757416e+00
-8.245201931893825886e+00
-8.249736208468675613e+00
-8.254267628490925546e+00
-8.258790554851293209e+00
-8.263295023143291118e+00
-8.267792826145887730e+00
-8.272293926030396705e+00
-8.276799125224352238e+00
-8.281306228786707635e+00
-8.285800149291754124e+00
-8.290285281091929193e+00
-8.294762209802865272e+00
-8.299240750074385886e+00
-8.303713431954383495e+00
-8.308178056031465530e+00
-8.312620048969984410e+00
-8.317048416286706214e+00
-8.321469023078680749e+00
-8.325875492393970845e+00
-8.330287089198828099e+00
-8.334711721539497020e+00
-8.339134232699871419e+00
-8.343553668260573986e+00
-8.347975225001572852e+00
-8.352388140559195762e+00
-8.356804569810629246e+00
-8.361216973513364792e+00
-8.365625713765620475e+00
-8.370030719041825051e+00
-8.374438288062810543e+00
-8.378858673572540994e+00
-8.383284258097409847e+00
-8.387699297070502880e+00
-8.392105547338724492e+00
-8.396499785780907388e+00
-8.400887799262999778e+00
-8.405253545939922688e+00
-8.409621344506740925e+00
-8.413983722776174901e+00
-8.418350642919540050e+00
-8.422722616791725514e+00
-8.427111582458019612e+00
-8.431518637388943915e+00
-8.435943855345248821e+00
-8.440387750416993740e+00
-8.444822125881909614e+00
-8.449245222657918220e+00
-8.453653596341609955e+00
-8.458039117604494450e+00
-8.462420611083507183e+00
-8.466791192442178371e+00
-8.471161333471536992e+00
-8.475529496371745353e+00
-8.479916117340327020e+00
-8.484309622645378468e+00
-8.488711626082658057e+00
-8.493142852187157033e+00
-8.497565948963165638e+00
-8.501990657299757004e+00
-8.506413899362087250e+00
-8.510821908712387085e+00
-8.515220174938439968e+00
-8.519611337780952809e+00
-8.523981626331806893e+00
-8.528359313309191947e+00
-8.532732822746037726e+00
-8.537101718783379312e+00
-8.541474937647581811e+00
-8.545849253982305882e+00
-8.550226207822561264e+00
-8.554605430364608409e+00
-8.558979965746402740e+00
-8.563346664607525582e+00
-8.567699961364269257e+00
-8.572040072828531976e+00
-8.576351913809777017e+00
-8.580659505724906211e+00
-8.584960506111382728e+00
-8.589258871227503533e+00
-8.593546176701783779e+00
-8.597830625623464229e+00
-8.602129942923784967e+00
-8.606446837633848546e+00
-8.610768857598305459e+00
-8.615092710405587439e+00
-8.619412899762391334e+00
-8.623721517622470856e+00
-8.628029038012027030e+00
-8.632327988743782043e+00
-8.636628258228302712e+00
-8.640911314636468887e+00
-8.645191076397896524e+00
-8.649472154676914215e+00
-8.653748179227113368e+00
-8.658013144135475514e+00
-8.662281551212071662e+00
-8.666562046110630746e+00
-8.670834847539662604e+00
-8.675122738629578834e+00
-8.679398322850465419e+00
-8.683676106482744572e+00
-8.687960115075110679e+00
-8.692245954275131581e+00
-8.696521319448947906e+00
-8.700786505639552360e+00
-8.705056378990411403e+00
-8.709323907643556240e+00
-8.713587260991335626e+00
-8.717842851579188590e+00
-8.722096904367209191e+00
-8.726342754065990803e+00
-8.730574468523263576e+00
-8.734803983569145558e+00
-8.739031448960304260e+00
-8.743261185288428550e+00
-8.747503738105297799e+00
-8.751761378347874043e+00
-8.756015942990780232e+00
-8.760262159258127568e+00
-8.764509765803813579e+00
-8.768758543580769782e+00
-8.773007468879223225e+00
-8.777242773026227241e+00
-8.781461816281080246e+00
-8.785653174668549781e+00
-8.789838086813688278e+00
-8.794034203886985424e+00
-8.798232886940240860e+00
-8.802422852814197896e+00
-8.806599488109350560e+00
-8.810775244981050136e+00
-8.814950635284185765e+00
-8.819114235043524985e+00
-8.823283326625823264e+00
-8.827460402250290272e+00
-8.831624147295951133e+00
-8.835748414695263619e+00
-8.839873853325844522e+00
-8.843987061083316448e+00
-8.848097852617502923e+00
-8.852224024385213497e+00
-8.856365285813808441e+00
-8.860499660670758004e+00
-8.864644583314657211e+00
-8.868771193176508305e+00
-8.872912892699241993e+00
-8.877067410945892689e+00
-8.881224197894335148e+00
-8.885371684283018823e+00
-8.889494411647319794e+00
-8.893595755100250244e+00
-8.897688014805316570e+00
-8.901776320487261529e+00
-8.905865797400474904e+00
-8.909948682785033824e+00
-8.914028199762105587e+00
-8.918102955818175914e+00
-8.922179030627011898e+00
-8.926252615451812034e+00
-8.930334622412919643e+00
-8.934427541494368796e+00
-8.938515773415565135e+00
-8.942589136958122964e+00
-8.946661183983087184e+00
-8.950722680985927937e+00
-8.954768654704093223e+00
-8.958803128451108932e+00
