2.384185791015625000e-06
6.834983825683593750e-03
1.312899589538574219e-02
2.000260353088378906e-02
2.640843391418457031e-02
3.304338455200195312e-02
3.934884071350097656e-02
4.563498497009277344e-02
5.222773551940917969e-02
5.926060676574707031e-02
6.594705581665039062e-02
7.246518135070800781e-02
7.928776741027832031e-02
8.655118942260742188e-02
9.344840049743652344e-02
1.001334190368652344e-01
1.069509983062744141e-01
1.172661781311035156e-01
1.238751411437988281e-01
1.306111812591552734e-01
1.362662315368652344e-01
1.431243419647216797e-01
1.496372222900390625e-01
1.560032367706298828e-01
1.621451377868652344e-01
1.686036586761474609e-01
1.745874881744384766e-01
1.808066368103027344e-01
1.880025863647460938e-01
1.945199966430664062e-01
2.015621662139892578e-01
2.082421779632568359e-01
2.147016525268554688e-01
2.209432125091552734e-01
2.272837162017822266e-01
2.332026958465576172e-01
2.398946285247802734e-01
2.459983825683593750e-01
2.526259422302246094e-01
2.589626312255859375e-01
2.653899192810058594e-01
2.723257541656494141e-01
2.770612239837646484e-01
2.810099124908447266e-01
2.846906185150146484e-01
2.887122631072998047e-01
2.925186157226562500e-01
2.964797019958496094e-01
2.996964454650878906e-01
3.032903671264648438e-01
3.062942028045654297e-01
3.105201721191406250e-01
3.148570060729980469e-01
3.188624382019042969e-01
3.229055404663085938e-01
3.269467353820800781e-01
3.305385112762451172e-01
3.338303565979003906e-01
3.371515274047851562e-01
3.411030769348144531e-01
3.452625274658203125e-01
3.487548828125000000e-01
3.531529903411865234e-01
3.564658164978027344e-01
3.602933883666992188e-01
3.641846179962158203e-01
3.684520721435546875e-01
3.729541301727294922e-01
3.772873878479003906e-01
3.815734386444091797e-01
3.849508762359619141e-01
3.884418010711669922e-01
3.923921585083007812e-01
3.960859775543212891e-01
4.001090526580810547e-01
4.047403335571289062e-01
4.084870815277099609e-01
4.117405414581298828e-01
4.157199859619140625e-01
4.190816879272460938e-01
4.223093986511230469e-01
4.259011745452880859e-01
4.298069477081298828e-01
4.333033561706542969e-01
4.366962909698486328e-01
4.400238990783691406e-01
4.433572292327880859e-01
4.469037055969238281e-01
4.510283470153808594e-01
4.549100399017333984e-01
4.588267803192138672e-01
4.630241394042968750e-01
4.670734405517578125e-01
4.708991050720214844e-01
4.750370979309082031e-01
4.794027805328369141e-01
4.830396175384521484e-01
4.867322444915771484e-01
4.910509586334228516e-01
4.958043098449707031e-01
5.000989437103271484e-01
5.043129920959472656e-01
5.084650516510009766e-01
5.137987136840820312e-01
5.180110931396484375e-01
5.221335887908935547e-01
5.254790782928466797e-01
5.297284126281738281e-01
5.332560539245605469e-01
5.370008945465087891e-01
5.398955345153808594e-01
5.431640148162841797e-01
5.461924076080322266e-01
5.502154827117919922e-01
5.537884235382080078e-01
5.577633380889892578e-01
5.610854625701904297e-01
5.649662017822265625e-01
5.688350200653076172e-01
5.734436511993408203e-01
5.774652957916259766e-01
5.809972286224365234e-01
5.849277973175048828e-01
5.891840457916259766e-01
5.945591926574707031e-01
5.980651378631591797e-01
6.010081768035888672e-01
6.048698425292968750e-01
6.087818145751953125e-01
6.127767562866210938e-01
6.168262958526611328e-01
6.210613250732421875e-01
6.255204677581787109e-01
6.297903060913085938e-01
6.337511539459228516e-01
6.378455162048339844e-01
6.425480842590332031e-01
6.468939781188964844e-01
6.505169868469238281e-01
6.548314094543457031e-01
6.592814922332763672e-01
6.634552478790283203e-01
6.675207614898681641e-01
6.712605953216552734e-01
6.752977371215820312e-01
6.793341636657714844e-01
6.835870742797851562e-01
6.878910064697265625e-01
6.917800903320312500e-01
6.958937644958496094e-01
7.000186443328857422e-01
7.037491798400878906e-01
7.072186470031738281e-01
7.117996215820312500e-01
7.154717445373535156e-01
7.186262607574462891e-01
7.216575145721435547e-01
7.257237434387207031e-01
7.287309169769287109e-01
7.324681282043457031e-01
7.359652519226074219e-01
7.391290664672851562e-01
7.430496215820312500e-01
7.458317279815673828e-01
7.487018108367919922e-01
7.523703575134277344e-01
7.562575340270996094e-01
7.599787712097167969e-01
7.634539604187011719e-01
7.670791149139404297e-01
7.705101966857910156e-01
7.733120918273925781e-01
7.760457992553710938e-01
7.797622680664062500e-01
7.839021682739257812e-01
7.878737449645996094e-01
7.922916412353515625e-01
7.962193489074707031e-01
7.999088764190673828e-01
8.038740158081054688e-01
8.081862926483154297e-01
8.121428489685058594e-01
8.164327144622802734e-01
8.199663162231445312e-01
8.233006000518798828e-01
8.271665573120117188e-01
8.310515880584716797e-01
8.346912860870361328e-01
8.386778831481933594e-01
8.418419361114501953e-01
8.458230495452880859e-01
8.500871658325195312e-01
8.539984226226806641e-01
8.577356338500976562e-01
8.617355823516845703e-01
8.657124042510986328e-01
8.693718910217285156e-01
8.738000392913818359e-01
8.779318332672119141e-01
8.824312686920166016e-01
8.863976001739501953e-01
8.902280330657958984e-01
8.946592807769775391e-01
8.977239131927490234e-01
9.007334709167480469e-01
9.039633274078369141e-01
9.082298278808593750e-01
9.129896163940429688e-01
9.160366058349609375e-01
9.187872409820556641e-01
9.227385520935058594e-01
9.263198375701904297e-01
9.295084476470947266e-01
9.332914352416992188e-01
9.367551803588867188e-01
9.398608207702636719e-01
9.428915977478027344e-01
9.462013244628906250e-01
9.492104053497314453e-01
9.542133808135986328e-01
9.578716754913330078e-01
9.617233276367187500e-01
9.655175209045410156e-01
9.698305130004882812e-01
9.738924503326416016e-01
9.777574539184570312e-01
9.810791015625000000e-01
9.847640991210937500e-01
9.878973960876464844e-01
9.913005828857421875e-01
9.954943656921386719e-01
9.999272823333740234e-01
1.003649234771728516e+00
1.007398843765258789e+00
1.010427951812744141e+00
1.013720512390136719e+00
1.016974449157714844e+00
1.020484447479248047e+00
1.023433446884155273e+00
1.026692152023315430e+00
1.030100345611572266e+00
1.033667802810668945e+00
1.036274433135986328e+00
1.039139270782470703e+00
1.042034626007080078e+00
1.045325517654418945e+00
1.048753499984741211e+00
1.053077220916748047e+00
1.057198524475097656e+00
1.061150312423706055e+00
1.064738512039184570e+00
1.067815780639648438e+00
1.071650505065917969e+00
1.075700759887695312e+00
1.079797506332397461e+00
1.083908796310424805e+00
1.088799715042114258e+00
1.092364311218261719e+00
1.096802711486816406e+00
1.101818323135375977e+00
1.105821132659912109e+00
1.108907461166381836e+00
1.112370252609252930e+00
1.115648269653320312e+00
1.119527101516723633e+00
1.123411178588867188e+00
1.126652717590332031e+00
1.130574703216552734e+00
1.134314775466918945e+00
1.137985229492187500e+00
1.142011404037475586e+00
1.146184444427490234e+00
1.150860071182250977e+00
1.154448032379150391e+00
1.157826423645019531e+00
1.161300659179687500e+00
1.165283918380737305e+00
1.168689727783203125e+00
1.172055721282958984e+00
1.175911188125610352e+00
1.179369211196899414e+00
1.182318210601806641e+00
1.185530900955200195e+00
1.189346313476562500e+00
1.196448087692260742e+00
1.200215339660644531e+00
1.204090595245361328e+00
1.208940029144287109e+00
1.212721347808837891e+00
1.216453313827514648e+00
1.219669818878173828e+00
1.223118782043457031e+00
1.226484775543212891e+00
1.230125665664672852e+00
1.233327388763427734e+00
1.236054658889770508e+00
1.239392042160034180e+00
1.243443489074707031e+00
1.247725248336791992e+00
1.251283168792724609e+00
1.255319356918334961e+00
1.258725643157958984e+00
1.262316465377807617e+00
1.265699863433837891e+00
1.269560575485229492e+00
1.273298740386962891e+00
1.276939868927001953e+00
1.280426025390625000e+00
1.284186363220214844e+00
1.288672208786010742e+00
1.291679143905639648e+00
1.294927597045898438e+00
1.298297643661499023e+00
1.302055835723876953e+00
1.305823326110839844e+00
1.308926105499267578e+00
1.313431978225708008e+00
1.316910266876220703e+00
1.320451021194458008e+00
1.324105024337768555e+00
1.327675342559814453e+00
1.331196546554565430e+00
1.335074663162231445e+00
1.339269399642944336e+00
1.343772411346435547e+00
1.347718477249145508e+00
1.352086544036865234e+00
1.355328798294067383e+00
1.358719825744628906e+00
1.362793922424316406e+00
1.366418123245239258e+00
1.369847774505615234e+00
1.373348712921142578e+00
1.376702070236206055e+00
1.380115270614624023e+00
1.382637262344360352e+00
1.385304212570190430e+00
1.387980699539184570e+00
1.391477584838867188e+00
1.395273208618164062e+00
1.398706674575805664e+00
1.402433395385742188e+00
1.405756950378417969e+00
1.409465551376342773e+00
1.413157463073730469e+00
1.416432619094848633e+00
1.420851707458496094e+00
1.424965143203735352e+00
1.428894042968750000e+00
1.432439804077148438e+00
1.435685873031616211e+00
1.439353466033935547e+00
1.443195104598999023e+00
1.446846008300781250e+00
1.450806140899658203e+00
1.456109285354614258e+00
1.460850715637207031e+00
1.465766191482543945e+00
1.470700740814208984e+00
1.488487482070922852e+00
1.492819786071777344e+00
1.497809886932373047e+00
1.502224683761596680e+00
1.506444454193115234e+00
1.511114358901977539e+00
1.516710519790649414e+00
1.520808458328247070e+00
1.525074005126953125e+00
1.529778718948364258e+00
1.534761428833007812e+00
1.539169311523437500e+00
1.543182849884033203e+00
1.547811746597290039e+00
1.554145336151123047e+00
1.558295011520385742e+00
1.562175512313842773e+00
1.565772533416748047e+00
1.569183588027954102e+00
1.571721553802490234e+00
1.574274539947509766e+00
1.576724767684936523e+00
1.579001665115356445e+00
1.581201314926147461e+00
1.583167791366577148e+00
1.585109472274780273e+00
1.586961746215820312e+00
1.589340686798095703e+00
1.591366529464721680e+00
1.593390941619873047e+00
1.595589160919189453e+00
1.597811937332153320e+00
1.600119352340698242e+00
1.602734327316284180e+00
1.605217695236206055e+00
1.607587575912475586e+00
1.609765529632568359e+00
1.612220287322998047e+00
1.614594459533691406e+00
1.616817951202392578e+00
1.618982553482055664e+00
1.620988845825195312e+00
1.623103141784667969e+00
1.626089811325073242e+00
1.628299951553344727e+00
1.630580425262451172e+00
1.632749319076538086e+00
1.634707450866699219e+00
1.637222766876220703e+00
1.639196872711181641e+00
1.641594409942626953e+00
1.643639087677001953e+00
1.646330833435058594e+00
1.648659706115722656e+00
1.651115894317626953e+00
1.653957128524780273e+00
1.656705856323242188e+00
1.659149408340454102e+00
1.661663770675659180e+00
1.664165496826171875e+00
1.666284322738647461e+00
1.668626785278320312e+00
1.673863887786865234e+00
1.675993680953979492e+00
1.679417133331298828e+00
1.681973695755004883e+00
1.683770895004272461e+00
1.685917615890502930e+00
1.688080072402954102e+00
1.690599679946899414e+00
1.692700386047363281e+00
1.694673538208007812e+00
1.696626186370849609e+00
1.698632717132568359e+00
1.700712203979492188e+00
1.702716827392578125e+00
1.704702377319335938e+00
1.706570148468017578e+00
1.708572387695312500e+00
1.712630987167358398e+00
1.714702844619750977e+00
1.716638803482055664e+00
1.718983888626098633e+00
1.721531391143798828e+00
1.724286079406738281e+00
1.727471828460693359e+00
1.730323553085327148e+00
1.732738971710205078e+00
1.734750509262084961e+00
1.737681865692138672e+00
1.740074396133422852e+00
1.742341041564941406e+00
1.744621753692626953e+00
1.746570587158203125e+00
1.748599290847778320e+00
1.751222133636474609e+00
1.753075838088989258e+00
1.754956483840942383e+00
1.757101058959960938e+00
1.759084224700927734e+00
1.761744976043701172e+00
1.764264106750488281e+00
1.766323804855346680e+00
1.768325567245483398e+00
1.770576953887939453e+00
1.772872447967529297e+00
1.774987220764160156e+00
1.777352809906005859e+00
1.779988288879394531e+00
1.782367467880249023e+00
1.784329414367675781e+00
1.786384105682373047e+00
1.788198232650756836e+00
1.790575981140136719e+00
1.792628526687622070e+00
1.795408725738525391e+00
1.797590970993041992e+00
1.800117254257202148e+00
1.802418470382690430e+00
1.805593967437744141e+00
1.807638883590698242e+00
1.810080766677856445e+00
1.812357664108276367e+00
1.815622091293334961e+00
1.818015098571777344e+00
1.820211648941040039e+00
1.822345972061157227e+00
1.824336767196655273e+00
1.827244997024536133e+00
1.829867124557495117e+00
1.832637786865234375e+00
1.834766626358032227e+00
1.837145566940307617e+00
1.839123964309692383e+00
1.841247320175170898e+00
1.843132734298706055e+00
1.845602273941040039e+00
1.848132848739624023e+00
1.850679397583007812e+00
1.852970600128173828e+00
1.855255126953125000e+00
1.857366800308227539e+00
1.859574794769287109e+00
1.861712455749511719e+00
1.863715410232543945e+00
1.866336822509765625e+00
1.869261264801025391e+00
1.871705055236816406e+00
1.874276399612426758e+00
1.876330852508544922e+00
1.879123449325561523e+00
1.881368875503540039e+00
1.883205175399780273e+00
1.885075330734252930e+00
1.887496948242187500e+00
1.890263795852661133e+00
1.892097234725952148e+00
1.894597530364990234e+00
1.896624088287353516e+00
1.898585796356201172e+00
1.900734186172485352e+00
1.902726888656616211e+00
1.904738903045654297e+00
1.907748699188232422e+00
1.912372827529907227e+00
1.915290594100952148e+00
1.917355298995971680e+00
1.919354438781738281e+00
1.921608924865722656e+00
1.923595190048217773e+00
1.925914287567138672e+00
1.928091287612915039e+00
1.930589914321899414e+00
1.933390378952026367e+00
1.935907602310180664e+00
1.938279390335083008e+00
1.940328121185302734e+00
1.942707777023315430e+00
1.944710731506347656e+00
1.946571111679077148e+00
1.948339462280273438e+00
1.951220750808715820e+00
1.953101873397827148e+00
1.954958677291870117e+00
1.957193374633789062e+00
1.959073543548583984e+00
1.961945533752441406e+00
1.964715480804443359e+00
1.966712236404418945e+00
1.968791723251342773e+00
1.970963239669799805e+00
1.973182916641235352e+00
1.975305318832397461e+00
1.977927684783935547e+00
1.980028867721557617e+00
1.982941389083862305e+00
1.985114574432373047e+00
1.987356901168823242e+00
1.990754604339599609e+00
1.993408679962158203e+00
1.995757341384887695e+00
1.997709512710571289e+00
1.999595880508422852e+00
2.001572132110595703e+00
2.003877878189086914e+00
2.006159305572509766e+00
2.008078336715698242e+00
2.010703802108764648e+00
2.012673854827880859e+00
2.014729499816894531e+00
2.016566276550292969e+00
2.018196344375610352e+00
2.020292043685913086e+00
2.022628545761108398e+00
2.024783611297607422e+00
2.027120351791381836e+00
2.030146598815917969e+00
2.032354831695556641e+00
2.034370422363281250e+00
2.036320209503173828e+00
2.038076400756835938e+00
2.039829492568969727e+00
2.042126655578613281e+00
2.044653654098510742e+00
2.046991109848022461e+00
2.049147367477416992e+00
2.051662445068359375e+00
2.054428577423095703e+00
2.056794404983520508e+00
2.059277534484863281e+00
2.062227249145507812e+00
2.064129352569580078e+00
2.066075325012207031e+00
2.068083763122558594e+00
2.071333646774291992e+00
2.073599576950073242e+00
2.075575113296508789e+00
2.078596115112304688e+00
2.080740451812744141e+00
2.082987546920776367e+00
2.085005521774291992e+00
2.087414979934692383e+00
2.089347124099731445e+00
2.091336488723754883e+00
2.093592882156372070e+00
2.095583677291870117e+00
2.097583532333374023e+00
2.099569320678710938e+00
2.101582765579223633e+00
2.103976726531982422e+00
2.105955839157104492e+00
2.108117103576660156e+00
2.112877368927001953e+00
2.114965200424194336e+00
2.116998434066772461e+00
2.118833780288696289e+00
2.120736360549926758e+00
2.122570514678955078e+00
2.124571323394775391e+00
2.126336097717285156e+00
2.128319501876831055e+00
2.130207300186157227e+00
2.132082462310791016e+00
2.134064674377441406e+00
2.136087894439697266e+00
2.138219118118286133e+00
2.140083551406860352e+00
2.142405748367309570e+00
2.144638538360595703e+00
2.146920204162597656e+00
2.149291276931762695e+00
2.152698040008544922e+00
2.154706716537475586e+00
2.156798124313354492e+00
2.158946514129638672e+00
2.161581754684448242e+00
2.163573265075683594e+00
2.165571689605712891e+00
2.167237043380737305e+00
2.169580459594726562e+00
2.171571969985961914e+00
2.173715114593505859e+00
2.175610065460205078e+00
2.177856206893920898e+00
2.179729700088500977e+00
2.181573867797851562e+00
2.183571100234985352e+00
2.185571193695068359e+00
2.187581300735473633e+00
2.190088987350463867e+00
2.192222356796264648e+00
2.194286108016967773e+00
2.196615934371948242e+00
2.198973178863525391e+00
2.201268911361694336e+00
2.203663825988769531e+00
2.206143140792846680e+00
2.208213567733764648e+00
2.210341691970825195e+00
2.212386846542358398e+00
2.214596033096313477e+00
2.216611146926879883e+00
2.218597888946533203e+00
2.220575094223022461e+00
2.222324848175048828e+00
2.225282907485961914e+00
2.227707386016845703e+00
2.230096101760864258e+00
2.232105731964111328e+00
2.234106302261352539e+00
2.236104488372802734e+00
2.238234281539916992e+00
2.240113973617553711e+00
2.242124319076538086e+00
2.244717359542846680e+00
2.246739387512207031e+00
2.248991489410400391e+00
2.251081705093383789e+00
2.253348827362060547e+00
2.255327939987182617e+00
2.257570743560791016e+00
2.259773969650268555e+00
2.261730432510375977e+00
2.263982295989990234e+00
2.266108751296997070e+00
2.268103361129760742e+00
2.273108720779418945e+00
2.275559186935424805e+00
2.278560161590576172e+00
2.280843734741210938e+00
2.283221006393432617e+00
2.285750865936279297e+00
2.288093805313110352e+00
2.290608406066894531e+00
2.292988061904907227e+00
2.295241594314575195e+00
2.297644138336181641e+00
2.300095081329345703e+00
2.302198648452758789e+00
2.304601430892944336e+00
2.306600093841552734e+00
2.308594703674316406e+00
2.311184644699096680e+00
2.313145399093627930e+00
2.315336465835571289e+00
2.319092273712158203e+00
2.322093009948730469e+00
2.324225902557373047e+00
2.326351165771484375e+00
2.328643560409545898e+00
2.330725193023681641e+00
2.332839727401733398e+00
2.334975719451904297e+00
2.337391138076782227e+00
2.339743614196777344e+00
2.341977357864379883e+00
2.344018220901489258e+00
2.346340894699096680e+00
2.348313808441162109e+00
2.351033449172973633e+00
2.353095531463623047e+00
2.355069160461425781e+00
2.357022047042846680e+00
2.359587669372558594e+00
2.362094879150390625e+00
2.364577770233154297e+00
2.366715431213378906e+00
2.368572235107421875e+00
2.370576381683349609e+00
2.372187376022338867e+00
2.374341487884521484e+00
2.376369714736938477e+00
2.378196477890014648e+00
2.379958629608154297e+00
2.381949663162231445e+00
2.383703231811523438e+00
2.385706424713134766e+00
2.387713909149169922e+00
2.391053915023803711e+00
2.396073579788208008e+00
2.398326396942138672e+00
2.400321245193481445e+00
2.402198314666748047e+00
2.404801130294799805e+00
2.407127857208251953e+00
2.409669399261474609e+00
2.412138223648071289e+00
2.414858818054199219e+00
2.416967630386352539e+00
2.418943166732788086e+00
2.421152114868164062e+00
2.423130750656127930e+00
2.425382852554321289e+00
2.427342414855957031e+00
2.430777788162231445e+00
2.433116436004638672e+00
2.435664176940917969e+00
2.438265323638916016e+00
2.440343379974365234e+00
2.443392038345336914e+00
2.446103096008300781e+00
2.448336124420166016e+00
2.450881719589233398e+00
2.453112602233886719e+00
2.455354928970336914e+00
2.457338809967041016e+00
2.459328413009643555e+00
2.462702274322509766e+00
2.465635299682617188e+00
2.468193769454956055e+00
2.471773386001586914e+00
2.474309682846069336e+00
2.477093935012817383e+00
2.479857206344604492e+00
2.482125282287597656e+00
2.484361648559570312e+00
2.486666440963745117e+00
2.489274024963378906e+00
2.491598844528198242e+00
2.493945360183715820e+00
2.495595932006835938e+00
2.497778892517089844e+00
2.499969482421875000e+00
2.502005100250244141e+00
2.504060745239257812e+00
2.507258892059326172e+00
2.510647058486938477e+00
2.513146638870239258e+00
2.515587568283081055e+00
2.518425941467285156e+00
2.521087169647216797e+00
2.523612737655639648e+00
2.525681257247924805e+00
2.527974367141723633e+00
2.530136585235595703e+00
2.532090902328491211e+00
2.534114122390747070e+00
2.536101818084716797e+00
2.538226604461669922e+00
2.540357828140258789e+00
2.542373180389404297e+00
2.544656038284301758e+00
2.546986103057861328e+00
2.549196243286132812e+00
2.552234172821044922e+00
2.554362535476684570e+00
2.556329488754272461e+00
2.558322191238403320e+00
2.560478448867797852e+00
2.563338041305541992e+00
2.565797567367553711e+00
2.568092823028564453e+00
2.570914030075073242e+00
2.573398590087890625e+00
2.575598239898681641e+00
2.577752113342285156e+00
2.580325841903686523e+00
2.583186149597167969e+00
2.585648536682128906e+00
2.587754964828491211e+00
2.591116905212402344e+00
2.593232393264770508e+00
2.596001386642456055e+00
2.598224878311157227e+00
2.600206613540649414e+00
2.602108478546142578e+00
2.604623079299926758e+00
2.606727361679077148e+00
2.608728170394897461e+00
2.611247301101684570e+00
2.613325595855712891e+00
2.615326166152954102e+00
2.617660284042358398e+00
2.620607137680053711e+00
2.623092412948608398e+00
2.625179052352905273e+00
2.627413511276245117e+00
2.631108283996582031e+00
2.633316516876220703e+00
2.635202884674072266e+00
2.637571573257446289e+00
2.639714479446411133e+00
2.641731739044189453e+00
2.644593715667724609e+00
2.647088289260864258e+00
2.649283170700073242e+00
2.651747703552246094e+00
2.653850555419921875e+00
2.656125307083129883e+00
2.658602714538574219e+00
2.660991907119750977e+00
2.663214921951293945e+00
2.665620565414428711e+00
2.668194532394409180e+00
2.671964645385742188e+00
2.674180030822753906e+00
2.677149295806884766e+00
2.679231643676757812e+00
2.681083202362060547e+00
2.683649301528930664e+00
2.686419010162353516e+00
2.689310073852539062e+00
2.692021369934082031e+00
2.694878101348876953e+00
2.697683572769165039e+00
2.700388669967651367e+00
2.702770709991455078e+00
2.705136060714721680e+00
2.707884073257446289e+00
2.713229417800903320e+00
2.715963125228881836e+00
2.718662261962890625e+00
2.720572710037231445e+00
2.722578525543212891e+00
2.724685907363891602e+00
2.727083683013916016e+00
2.729111671447753906e+00
2.731448411941528320e+00
2.734019517898559570e+00
2.736675024032592773e+00
2.739127874374389648e+00
2.741138219833374023e+00
2.743608951568603516e+00
2.745573282241821289e+00
2.747586488723754883e+00
2.749967336654663086e+00
2.752022027969360352e+00
2.754613161087036133e+00
2.756722927093505859e+00
2.759077548980712891e+00
2.762244462966918945e+00
2.764873743057250977e+00
2.767370700836181641e+00
2.769803047180175781e+00
2.772138595581054688e+00
2.774610042572021484e+00
2.776880741119384766e+00
2.779355764389038086e+00
2.781911373138427734e+00
2.784405231475830078e+00
2.786385774612426758e+00
2.789973497390747070e+00
2.792066097259521484e+00
2.794976711273193359e+00
2.797785758972167969e+00
2.800091981887817383e+00
2.802631616592407227e+00
2.805008172988891602e+00
2.806678056716918945e+00
2.808957815170288086e+00
2.810981750488281250e+00
2.812685489654541016e+00
2.814547061920166016e+00
2.816602945327758789e+00
2.818829298019409180e+00
2.820754289627075195e+00
2.823093414306640625e+00
2.825619220733642578e+00
2.827909708023071289e+00
2.832560062408447266e+00
2.834549188613891602e+00
2.836576938629150391e+00
2.838690519332885742e+00
2.840848445892333984e+00
2.842715978622436523e+00
2.845585346221923828e+00
2.848102092742919922e+00
2.850640058517456055e+00
2.853330612182617188e+00
2.855837821960449219e+00
2.857973814010620117e+00
2.860115051269531250e+00
2.862573862075805664e+00
2.864955425262451172e+00
2.867574214935302734e+00
2.870833635330200195e+00
2.872713088989257812e+00
2.874778985977172852e+00
2.877861976623535156e+00
2.879942655563354492e+00
2.881934165954589844e+00
2.883714199066162109e+00
2.886077165603637695e+00
2.888650655746459961e+00
2.890939474105834961e+00
2.893359422683715820e+00
2.895308971405029297e+00
2.897320508956909180e+00
2.899354457855224609e+00
2.902016878128051758e+00
2.904149770736694336e+00
2.906600713729858398e+00
2.908909082412719727e+00
2.912808895111083984e+00
2.915076732635498047e+00
2.917571544647216797e+00
2.919591426849365234e+00
2.921996593475341797e+00
2.924205541610717773e+00
2.926591873168945312e+00
2.928622007369995117e+00
2.930719137191772461e+00
2.932713508605957031e+00
2.934718370437622070e+00
2.936701774597167969e+00
2.938969612121582031e+00
2.941094398498535156e+00
2.943560123443603516e+00
2.945908308029174805e+00
2.947965860366821289e+00
2.950193166732788086e+00
2.952106952667236328e+00
2.954700708389282227e+00
2.957237005233764648e+00
2.959310770034790039e+00
2.961596488952636719e+00
2.963668823242187500e+00
2.965947628021240234e+00
2.967682838439941406e+00
2.970674037933349609e+00
2.973276138305664062e+00
2.975325107574462891e+00
2.977702617645263672e+00
2.980108261108398438e+00
2.982604503631591797e+00
2.984549045562744141e+00
2.986305713653564453e+00
2.988610982894897461e+00
2.991753339767456055e+00
2.994095802307128906e+00
2.996253728866577148e+00
2.998187780380249023e+00
3.000065565109252930e+00
3.002292156219482422e+00
3.004325151443481445e+00
3.006689071655273438e+00
3.008903980255126953e+00
3.011334896087646484e+00
3.014820098876953125e+00
3.017185688018798828e+00
3.019693136215209961e+00
3.021845579147338867e+00
3.024242401123046875e+00
3.026735544204711914e+00
3.029237270355224609e+00
3.032576799392700195e+00
3.034718513488769531e+00
3.036843538284301758e+00
3.039136886596679688e+00
3.041863918304443359e+00
3.045069217681884766e+00
3.047859430313110352e+00
3.050062894821166992e+00
3.052223205566406250e+00
3.054603099822998047e+00
3.056765794754028320e+00
3.058716773986816406e+00
3.061220884323120117e+00
3.063310861587524414e+00
3.065336227416992188e+00
3.067336559295654297e+00
3.071841478347778320e+00
3.074654817581176758e+00
3.077827453613281250e+00
3.080214262008666992e+00
3.082738876342773438e+00
3.084896087646484375e+00
3.087612390518188477e+00
3.089946269989013672e+00
3.091979980468750000e+00
3.094099998474121094e+00
3.096076250076293945e+00
3.098598003387451172e+00
3.100553750991821289e+00
3.102550029754638672e+00
3.104629516601562500e+00
3.106680870056152344e+00
3.108749151229858398e+00
3.113342285156250000e+00
3.115756273269653320e+00
3.118228912353515625e+00
3.120802640914916992e+00
3.123142004013061523e+00
3.125894308090209961e+00
3.128316879272460938e+00
3.130632400512695312e+00
3.133462190628051758e+00
3.135712862014770508e+00
3.137774944305419922e+00
3.139856100082397461e+00
3.141951560974121094e+00
3.143899202346801758e+00
3.145548105239868164e+00
3.147338867187500000e+00
3.149847507476806641e+00
3.151992321014404297e+00
3.154330492019653320e+00
3.156198978424072266e+00
3.157928943634033203e+00
3.159749984741210938e+00
3.161946296691894531e+00
3.164590358734130859e+00
3.166582584381103516e+00
3.168585538864135742e+00
3.170714139938354492e+00
3.172846794128417969e+00
3.174704313278198242e+00
3.176724672317504883e+00
3.178675651550292969e+00
3.180828332901000977e+00
3.183584213256835938e+00
3.185559749603271484e+00
3.187333822250366211e+00
3.189985752105712891e+00
3.192090988159179688e+00
3.194714546203613281e+00
3.197149276733398438e+00
3.199221849441528320e+00
3.201237916946411133e+00
3.203348636627197266e+00
3.205378770828247070e+00
3.207307577133178711e+00
3.209694385528564453e+00
3.211960077285766602e+00
3.214382648468017578e+00
3.216307878494262695e+00
3.218656539916992188e+00
3.220736742019653320e+00
3.223079681396484375e+00
3.225270509719848633e+00
3.227350711822509766e+00
3.229862451553344727e+00
3.232083559036254883e+00
3.234092712402343750e+00
3.236211538314819336e+00
3.238221406936645508e+00
3.240944862365722656e+00
3.243051052093505859e+00
3.245394468307495117e+00
3.247564315795898438e+00
3.249692440032958984e+00
3.251737594604492188e+00
3.253979444503784180e+00
3.255974292755126953e+00
3.257957220077514648e+00
3.260084629058837891e+00
3.262083053588867188e+00
3.264081954956054688e+00
3.266351938247680664e+00
3.268379449844360352e+00
3.272090435028076172e+00
3.274086952209472656e+00
3.276236057281494141e+00
3.278586387634277344e+00
3.280614137649536133e+00
3.282719612121582031e+00
3.284840106964111328e+00
3.286692380905151367e+00
3.288608789443969727e+00
3.290608406066894531e+00
3.292584896087646484e+00
3.295343875885009766e+00
3.298354625701904297e+00
3.300763130187988281e+00
3.303098201751708984e+00
3.305656433105468750e+00
3.307719469070434570e+00
3.312607049942016602e+00
3.315096139907836914e+00
3.317603588104248047e+00
3.320108413696289062e+00
3.322577714920043945e+00
3.324591875076293945e+00
3.326350688934326172e+00
3.328305482864379883e+00
3.330196142196655273e+00
3.331949234008789062e+00
3.333936452865600586e+00
3.335686683654785156e+00
3.337547540664672852e+00
3.339600563049316406e+00
3.341695308685302734e+00
3.343811273574829102e+00
3.345708608627319336e+00
3.347746849060058594e+00
3.350170612335205078e+00
3.353106975555419922e+00
3.355064153671264648e+00
3.357459783554077148e+00
3.360747575759887695e+00
3.363106012344360352e+00
3.365604400634765625e+00
3.368091106414794922e+00
3.370628118515014648e+00
3.373139619827270508e+00
3.375618457794189453e+00
3.377854824066162109e+00
3.379703521728515625e+00
3.381719350814819336e+00
3.383701801300048828e+00
3.385721683502197266e+00
3.387711048126220703e+00
3.390350580215454102e+00
3.392325401306152344e+00
3.397621870040893555e+00
3.399604797363281250e+00
3.401548624038696289e+00
3.403969287872314453e+00
3.406073570251464844e+00
3.408235073089599609e+00
3.410326480865478516e+00
3.412302494049072266e+00
3.414196491241455078e+00
3.416256427764892578e+00
3.418360471725463867e+00
3.420301914215087891e+00
3.422557592391967773e+00
3.424584150314331055e+00
3.426716327667236328e+00
3.428942441940307617e+00
3.433081626892089844e+00
3.435062885284423828e+00
3.436950206756591797e+00
3.438936948776245117e+00
3.441081285476684570e+00
3.443419456481933594e+00
3.446025371551513672e+00
3.448071479797363281e+00
3.450097084045410156e+00
3.452077388763427734e+00
3.454202890396118164e+00
3.456088066101074219e+00
3.458065748214721680e+00
3.460216999053955078e+00
3.462322235107421875e+00
3.464742183685302734e+00
3.466963768005371094e+00
3.470342874526977539e+00
3.472650051116943359e+00
3.474684238433837891e+00
3.476844787597656250e+00
3.478934049606323242e+00
3.480951786041259766e+00
3.482951402664184570e+00
3.485123157501220703e+00
3.487339019775390625e+00
3.489599704742431641e+00
3.491966485977172852e+00
3.494093179702758789e+00
3.496098279953002930e+00
3.498075485229492188e+00
3.500064373016357422e+00
3.502076864242553711e+00
3.504085302352905273e+00
3.506093263626098633e+00
3.508073806762695312e+00
3.512598991394042969e+00
3.514981985092163086e+00
3.517089366912841797e+00
3.519068956375122070e+00
3.521946668624877930e+00
3.524325132369995117e+00
3.526596069335937500e+00
3.528681039810180664e+00
3.530753612518310547e+00
3.532565832138061523e+00
3.534172773361206055e+00
3.535930633544921875e+00
3.537950515747070312e+00
3.539931774139404297e+00
3.541960239410400391e+00
3.543925046920776367e+00
3.545922756195068359e+00
3.547894716262817383e+00
3.550283432006835938e+00
3.552326917648315430e+00
3.554555416107177734e+00
3.556557178497314453e+00
3.558548688888549805e+00
3.560568094253540039e+00
3.562964916229248047e+00
3.564937829971313477e+00
3.566948175430297852e+00
3.569103479385375977e+00
3.571395158767700195e+00
3.573750972747802734e+00
3.575848340988159180e+00
3.578065395355224609e+00
3.580657482147216797e+00
3.583301305770874023e+00
3.586261034011840820e+00
3.588624715805053711e+00
3.591612339019775391e+00
3.594743251800537109e+00
3.597162723541259766e+00
3.599056959152221680e+00
3.601113557815551758e+00
3.603154420852661133e+00
3.605349063873291016e+00
3.607623338699340820e+00
3.610127449035644531e+00
3.612644910812377930e+00
3.615630388259887695e+00
3.618365526199340820e+00
3.620590448379516602e+00
3.622728347778320312e+00
3.624763250350952148e+00
3.627187013626098633e+00
3.629166126251220703e+00
3.631585597991943359e+00
3.633615732192993164e+00
3.635713577270507812e+00
3.638087749481201172e+00
3.640655517578125000e+00
3.643643617630004883e+00
3.646118640899658203e+00
3.648193120956420898e+00
3.650062084197998047e+00
3.651946067810058594e+00
3.654353380203247070e+00
3.656929016113281250e+00
3.659612178802490234e+00
3.662344932556152344e+00
3.664763927459716797e+00
3.667231082916259766e+00
3.671455383300781250e+00
3.675195932388305664e+00
3.678411483764648438e+00
3.681885242462158203e+00
3.685364484786987305e+00
3.688701391220092773e+00
3.691813230514526367e+00
3.694642543792724609e+00
3.697963714599609375e+00
3.701436996459960938e+00
3.704401731491088867e+00
3.707646846771240234e+00
3.712005615234375000e+00
3.715656280517578125e+00
3.719283580780029297e+00
3.723031997680664062e+00
3.726275920867919922e+00
3.729050636291503906e+00
3.732825517654418945e+00
3.736387252807617188e+00
3.739663362503051758e+00
3.742785453796386719e+00
3.745744228363037109e+00
3.748411178588867188e+00
3.753010749816894531e+00
3.755881309509277344e+00
3.759105443954467773e+00
3.762243509292602539e+00
3.765781164169311523e+00
3.769739866256713867e+00
3.773730993270874023e+00
3.777434349060058594e+00
3.781425476074218750e+00
3.786117315292358398e+00
3.790185451507568359e+00
3.793840646743774414e+00
3.798665761947631836e+00
3.802706241607666016e+00
3.806475877761840820e+00
3.810821294784545898e+00
3.815764665603637695e+00
3.820819616317749023e+00
3.825963258743286133e+00
3.830178022384643555e+00
3.833940744400024414e+00
3.838316440582275391e+00
3.843002796173095703e+00
3.847442626953125000e+00
3.851227045059204102e+00
3.855807304382324219e+00
3.859929561614990234e+00
3.863466978073120117e+00
3.867461442947387695e+00
3.872816085815429688e+00
3.877372980117797852e+00
3.881837368011474609e+00
3.885721206665039062e+00
3.889422893524169922e+00
3.892688035964965820e+00
3.896703958511352539e+00
3.900059461593627930e+00
3.904732227325439453e+00
3.908858537673950195e+00
3.916367530822753906e+00
3.920967578887939453e+00
3.925812721252441406e+00
3.929686069488525391e+00
3.933102846145629883e+00
3.937744617462158203e+00
3.941380262374877930e+00
3.945251226425170898e+00
3.949052333831787109e+00
3.953180313110351562e+00
3.956722736358642578e+00
3.961214065551757812e+00
3.965249061584472656e+00
3.969751596450805664e+00
3.974150657653808594e+00
3.977883338928222656e+00
3.981433391571044922e+00
3.984434127807617188e+00
3.987619638442993164e+00
3.991696834564208984e+00
3.996394157409667969e+00
3.999941110610961914e+00
4.003811597824096680e+00
4.007788181304931641e+00
4.011638164520263672e+00
4.015494585037231445e+00
4.019867181777954102e+00
4.023902893066406250e+00
4.027777433395385742e+00
4.031609535217285156e+00
4.035765171051025391e+00
4.039149045944213867e+00
4.043765068054199219e+00
4.047917842864990234e+00
4.051379680633544922e+00
4.055711507797241211e+00
4.059607982635498047e+00
4.062925577163696289e+00
4.066948413848876953e+00
4.070946931838989258e+00
4.075408697128295898e+00
4.079456806182861328e+00
4.082929134368896484e+00
4.086680889129638672e+00
4.089989185333251953e+00
4.093966007232666016e+00
4.097650527954101562e+00
4.101480484008789062e+00
4.105200767517089844e+00
4.109983921051025391e+00
4.115102529525756836e+00
4.119161128997802734e+00
4.123463630676269531e+00
4.127493143081665039e+00
4.131255626678466797e+00
4.135831356048583984e+00
4.140215158462524414e+00
4.143875598907470703e+00
4.147803544998168945e+00
4.152213096618652344e+00
4.156239986419677734e+00
4.160257577896118164e+00
4.164772510528564453e+00
4.168828010559082031e+00
4.172834873199462891e+00
4.178007364273071289e+00
4.182815074920654297e+00
4.187225341796875000e+00
4.191960573196411133e+00
4.196787357330322266e+00
4.201240062713623047e+00
4.205832242965698242e+00
4.210510969161987305e+00
4.215044975280761719e+00
4.219324827194213867e+00
4.223224163055419922e+00
4.227252721786499023e+00
4.232662677764892578e+00
4.236787557601928711e+00
4.241494178771972656e+00
4.245828628540039062e+00
4.250122785568237305e+00
4.254212856292724609e+00
4.257966041564941406e+00
4.262081623077392578e+00
4.266102313995361328e+00
4.270165443420410156e+00
4.273943901062011719e+00
4.278783321380615234e+00
4.283183574676513672e+00
4.287224054336547852e+00
4.291022062301635742e+00
4.294257402420043945e+00
4.297989368438720703e+00
4.302887916564941406e+00
4.307806015014648438e+00
4.313058376312255859e+00
4.317433595657348633e+00
4.321761131286621094e+00
4.326830625534057617e+00
4.331001520156860352e+00
4.335717916488647461e+00
4.340691566467285156e+00
4.345490932464599609e+00
4.350257635116577148e+00
4.354798793792724609e+00
4.359754562377929688e+00
4.364244461059570312e+00
4.368169069290161133e+00
4.372772455215454102e+00
4.376916408538818359e+00
4.381298780441284180e+00
4.385822057723999023e+00
4.390838623046875000e+00
4.394993305206298828e+00
4.399194240570068359e+00
4.403648376464843750e+00
4.407819032669067383e+00
4.412701845169067383e+00
4.417751789093017578e+00
4.421902894973754883e+00
4.426035165786743164e+00
4.431998014450073242e+00
4.435779333114624023e+00
4.440815210342407227e+00
4.445466279983520508e+00
4.449811220169067383e+00
4.454746484756469727e+00
4.459049224853515625e+00
4.463332414627075195e+00
4.467746496200561523e+00
4.472832918167114258e+00
4.477754116058349609e+00
4.482323408126831055e+00
4.486711263656616211e+00
4.490460634231567383e+00
4.494261026382446289e+00
4.498261690139770508e+00
4.502800464630126953e+00
4.507720947265625000e+00
4.512305736541748047e+00
4.517657279968261719e+00
4.521090030670166016e+00
4.524630308151245117e+00
4.527846574783325195e+00
4.531400680541992188e+00
4.534614562988281250e+00
4.538783550262451172e+00
4.543760538101196289e+00
4.547744274139404297e+00
4.552826881408691406e+00
4.557728052139282227e+00
4.562428712844848633e+00
4.566015481948852539e+00
4.569229125976562500e+00
4.573421716690063477e+00
4.576771020889282227e+00
4.580735683441162109e+00
4.584837913513183594e+00
4.589034080505371094e+00
4.592699050903320312e+00
4.596458435058593750e+00
4.600176334381103516e+00
4.603667736053466797e+00
4.607248306274414062e+00
4.611744880676269531e+00
4.616077184677124023e+00
4.619857311248779297e+00
4.623744964599609375e+00
4.627696990966796875e+00
4.634645700454711914e+00
4.638358354568481445e+00
4.642353534698486328e+00
4.646808147430419922e+00
4.651688814163208008e+00
4.656812667846679688e+00
4.661759853363037109e+00
4.666767120361328125e+00
4.672461271286010742e+00
4.677291870117187500e+00
4.681681156158447266e+00
4.685815095901489258e+00
4.690091609954833984e+00
4.694717168807983398e+00
4.698774576187133789e+00
4.703833818435668945e+00
4.708750009536743164e+00
4.714213371276855469e+00
4.717974901199340820e+00
4.722212791442871094e+00
4.726831436157226562e+00
4.730974435806274414e+00
4.735793113708496094e+00
4.740431785583496094e+00
4.744111537933349609e+00
4.747861862182617188e+00
4.752234458923339844e+00
4.756376266479492188e+00
4.760424613952636719e+00
4.764760017395019531e+00
4.769173860549926758e+00
4.773800611495971680e+00
4.778007030487060547e+00
4.782783746719360352e+00
4.787774324417114258e+00
4.791916847229003906e+00
4.796740770339965820e+00
4.800682067871093750e+00
4.804395675659179688e+00
4.808182716369628906e+00
4.812852859497070312e+00
4.816906213760375977e+00
4.820426940917968750e+00
4.824182033538818359e+00
4.827945947647094727e+00
4.831687927246093750e+00
4.835674524307250977e+00
4.839794397354125977e+00
4.844435930252075195e+00
4.848992347717285156e+00
4.854083061218261719e+00
4.858212471008300781e+00
4.861919403076171875e+00
4.866014480590820312e+00
4.870820283889770508e+00
4.875177621841430664e+00
4.879785776138305664e+00
4.884081602096557617e+00
4.888229846954345703e+00
4.892260074615478516e+00
4.896208763122558594e+00
4.900421619415283203e+00
4.904736280441284180e+00
4.909840822219848633e+00
4.915792942047119141e+00
4.920320749282836914e+00
4.924429178237915039e+00
4.928698301315307617e+00
4.932878494262695312e+00
4.936685085296630859e+00
4.940761327743530273e+00
4.944282293319702148e+00
4.947691440582275391e+00
4.951750516891479492e+00
4.955618619918823242e+00
4.959625005722045898e+00
4.963815927505493164e+00
4.968290328979492188e+00
4.972753763198852539e+00
4.977782487869262695e+00
4.983059406280517578e+00
4.987805604934692383e+00
4.992453098297119141e+00
4.997157096862792969e+00
5.001393318176269531e+00
5.005848407745361328e+00
5.010445356369018555e+00
5.014782190322875977e+00
5.019771337509155273e+00
5.024233818054199219e+00
5.028683185577392578e+00
5.033817768096923828e+00
5.037878513336181641e+00
5.041926145553588867e+00
5.046783685684204102e+00
5.051112890243530273e+00
5.055357217788696289e+00
5.059700012207031250e+00
5.063841581344604492e+00
5.068726539611816406e+00
5.073929548263549805e+00
5.078282594680786133e+00
5.082434892654418945e+00
5.086130857467651367e+00
5.090014457702636719e+00
5.094409465789794922e+00
5.098727226257324219e+00
5.102964162826538086e+00
5.106901407241821289e+00
5.115221261978149414e+00
5.119155883789062500e+00
5.123184442520141602e+00
5.127249956130981445e+00
5.131764650344848633e+00
5.135908126831054688e+00
5.140768051147460938e+00
5.145443201065063477e+00
5.149759292602539062e+00
5.153824806213378906e+00
5.157679796218872070e+00
5.161938190460205078e+00
5.166825771331787109e+00
5.171276330947875977e+00
5.175785779953002930e+00
5.180716037750244141e+00
5.185770988464355469e+00
5.189777135848999023e+00
5.194697141647338867e+00
5.199798822402954102e+00
5.204699993133544922e+00
5.209138154983520508e+00
5.213423490524291992e+00
5.217843294143676758e+00
5.222214698791503906e+00
5.226953744888305664e+00
5.231391668319702148e+00
5.235126733779907227e+00
5.239167213439941406e+00
5.243732452392578125e+00
5.247917175292968750e+00
5.252721786499023438e+00
5.256834030151367188e+00
5.260937929153442383e+00
5.265239238739013672e+00
5.269345045089721680e+00
5.273660182952880859e+00
5.277321338653564453e+00
5.281692743301391602e+00
5.286162376403808594e+00
5.290797233581542969e+00
5.295133113861083984e+00
5.298798561096191406e+00
5.303863286972045898e+00
5.308739185333251953e+00
5.314462423324584961e+00
5.318673610687255859e+00
5.322688102722167969e+00
5.327030897140502930e+00
5.331732273101806641e+00
5.336798906326293945e+00
5.341279983520507812e+00
5.345697879791259766e+00
5.350731611251831055e+00
5.355124950408935547e+00
5.359906196594238281e+00
5.364822626113891602e+00
5.369716644287109375e+00
5.374752998352050781e+00
5.379750490188598633e+00
5.384777545928955078e+00
5.389163494110107422e+00
5.393457889556884766e+00
5.398491144180297852e+00
5.402838468551635742e+00
5.407739877700805664e+00
5.412171125411987305e+00
5.416761159896850586e+00
5.421798229217529297e+00
5.426804542541503906e+00
5.432057142257690430e+00
5.436785221099853516e+00
5.441798210144042969e+00
5.446356296539306641e+00
5.450200557708740234e+00
5.454657077789306641e+00
5.459031343460083008e+00
5.463796138763427734e+00
5.467969655990600586e+00
5.472744703292846680e+00
5.477798223495483398e+00
5.482753038406372070e+00
5.486959695816040039e+00
5.490952968597412109e+00
5.495706319808959961e+00
5.499511003494262695e+00
5.503870725631713867e+00
5.508962392807006836e+00
5.513756513595581055e+00
5.516916275024414062e+00
5.520393848419189453e+00
5.524131059646606445e+00
5.528233289718627930e+00
5.532204389572143555e+00
5.536787033081054688e+00
5.541728973388671875e+00
5.545886754989624023e+00
5.550935745239257812e+00
5.554948329925537109e+00
5.559782505035400391e+00
5.564800977706909180e+00
5.569010019302368164e+00
5.573802947998046875e+00
5.578825712203979492e+00
5.583751678466796875e+00
5.588699579238891602e+00
5.593899250030517578e+00
5.598782062530517578e+00
5.603779077529907227e+00
5.608842611312866211e+00
5.613115549087524414e+00
5.617326259613037109e+00
5.621750354766845703e+00
5.626020431518554688e+00
5.629805088043212891e+00
5.634389400482177734e+00
5.637847661972045898e+00
5.641448736190795898e+00
5.645407676696777344e+00
5.649805545806884766e+00
5.654040336608886719e+00
5.658871889114379883e+00
5.662814617156982422e+00
5.666837215423583984e+00
5.671765565872192383e+00
5.676953077316284180e+00
5.681435823440551758e+00
5.685025691986083984e+00
5.689860105514526367e+00
5.694783926010131836e+00
5.700037240982055664e+00
5.704779863357543945e+00
5.709446430206298828e+00
5.717034816741943359e+00
5.721367597579956055e+00
5.725775718688964844e+00
5.729882955551147461e+00
5.734330892562866211e+00
5.738718509674072266e+00
5.742185115814208984e+00
5.746818065643310547e+00
5.751347064971923828e+00
5.755746126174926758e+00
5.760708570480346680e+00
5.765210628509521484e+00
5.769824981689453125e+00
5.773642539978027344e+00
5.777201414108276367e+00
5.781424045562744141e+00
5.785171985626220703e+00
5.788900613784790039e+00
5.793876171112060547e+00
5.798369407653808594e+00
5.802628040313720703e+00
5.806166172027587891e+00
5.810032844543457031e+00
5.814258337020874023e+00
5.818269729614257812e+00
5.822786569595336914e+00
5.827074050903320312e+00
5.833998918533325195e+00
5.837753295898437500e+00
5.841792106628417969e+00
5.846467256546020508e+00
5.850895404815673828e+00
5.855135440826416016e+00
5.859891176223754883e+00
5.863756656646728516e+00
5.868711709976196289e+00
5.872784137725830078e+00
5.877762317657470703e+00
5.882713556289672852e+00
5.887789487838745117e+00
5.892843246459960938e+00
5.897205352783203125e+00
5.901160240173339844e+00
5.905654191970825195e+00
5.909384727478027344e+00
5.914412975311279297e+00
5.918142795562744141e+00
5.922021627426147461e+00
5.926753997802734375e+00
5.930824518203735352e+00
5.935008049011230469e+00
5.939754009246826172e+00
5.944786071777343750e+00
5.949797630310058594e+00
5.954793214797973633e+00
5.960441350936889648e+00
5.964878320693969727e+00
5.968393564224243164e+00
5.972167491912841797e+00
5.976750612258911133e+00
5.981744050979614258e+00
5.985932111740112305e+00
5.990316390991210938e+00
5.994403362274169922e+00
5.998327493667602539e+00
6.002831459045410156e+00
6.006816864013671875e+00
6.010944128036499023e+00
6.015455484390258789e+00
6.019858121871948242e+00
6.023850679397583008e+00
6.028029441833496094e+00
6.032420158386230469e+00
6.036864042282104492e+00
6.040833711624145508e+00
6.044961690902709961e+00
6.049789190292358398e+00
6.054657697677612305e+00
6.059753417968750000e+00
6.064778327941894531e+00
6.069099426269531250e+00
6.073707580566406250e+00
6.077699661254882812e+00
6.081167936325073242e+00
6.084908246994018555e+00
6.088853359222412109e+00
6.092437267303466797e+00
6.095919609069824219e+00
6.099357128143310547e+00
6.102922201156616211e+00
6.106729030609130859e+00
6.113043785095214844e+00
6.117754697799682617e+00
6.122083902359008789e+00
6.126183748245239258e+00
6.130691289901733398e+00
6.134924411773681641e+00
6.139325618743896484e+00
6.143713474273681641e+00
6.148643255233764648e+00
6.153981208801269531e+00
6.158725738525390625e+00
6.162941455841064453e+00
6.167222976684570312e+00
6.171359777450561523e+00
6.175783872604370117e+00
6.180770397186279297e+00
6.185048103332519531e+00
6.189172744750976562e+00
6.194686651229858398e+00
6.199854373931884766e+00
6.204760789871215820e+00
6.209478616714477539e+00
6.213329076766967773e+00
6.217192649841308594e+00
6.221107959747314453e+00
6.225150823593139648e+00
6.229047298431396484e+00
6.233861207962036133e+00
6.237939834594726562e+00
6.242051839828491211e+00
6.246938228607177734e+00
6.251907110214233398e+00
6.255876064300537109e+00
6.259828329086303711e+00
6.264742612838745117e+00
6.269601345062255859e+00
6.273955821990966797e+00
6.278358459472656250e+00
6.282714128494262695e+00
6.286676168441772461e+00
6.290429592132568359e+00
6.294058322906494141e+00
6.298158168792724609e+00
6.302106142044067383e+00
6.306750535964965820e+00
6.312153339385986328e+00
6.316955327987670898e+00
6.321099281311035156e+00
6.324787378311157227e+00
6.328857183456420898e+00
6.333798408508300781e+00
6.338728189468383789e+00
6.342823982238769531e+00
6.347237348556518555e+00
6.351150751113891602e+00
6.355166912078857422e+00
6.358875751495361328e+00
6.362632274627685547e+00
6.366016626358032227e+00
6.369400024414062500e+00
6.372340440750122070e+00
6.375365018844604492e+00
6.378573179244995117e+00
6.381895065307617188e+00
6.385459423065185547e+00
6.389724493026733398e+00
6.393727779388427734e+00
6.397921323776245117e+00
6.402713775634765625e+00
6.406713008880615234e+00
6.410960912704467773e+00
6.414787054061889648e+00
6.418421745300292969e+00
6.422192335128784180e+00
6.425938844680786133e+00
6.430720567703247070e+00
6.435023784637451172e+00
6.438814163208007812e+00
6.443044662475585938e+00
6.447801351547241211e+00
6.452777147293090820e+00
6.457769632339477539e+00
6.462096929550170898e+00
6.465821981430053711e+00
6.471339702606201172e+00
6.475178003311157227e+00
6.479599952697753906e+00
6.483594417572021484e+00
6.487614154815673828e+00
6.491380453109741211e+00
6.495391607284545898e+00
6.499794960021972656e+00
6.503935098648071289e+00
6.508170843124389648e+00
6.514137983322143555e+00
6.518703937530517578e+00
6.522944450378417969e+00
6.527753829956054688e+00
6.532662630081176758e+00
6.537731170654296875e+00
6.542232513427734375e+00
6.546998500823974609e+00
6.551417589187622070e+00
6.555822372436523438e+00
6.561261892318725586e+00
6.565793991088867188e+00
6.570014953613281250e+00
6.573873996734619141e+00
6.577695131301879883e+00
6.582159042358398438e+00
6.585807800292968750e+00
6.589662313461303711e+00
6.606991291046142578e+00
6.610699415206909180e+00
6.614699602127075195e+00
6.618201255798339844e+00
6.621946811676025391e+00
6.625972747802734375e+00
6.630283355712890625e+00
6.633185148239135742e+00
6.635671854019165039e+00
6.638885974884033203e+00
6.642324447631835938e+00
6.645714044570922852e+00
6.649247169494628906e+00
6.652616500854492188e+00
6.655786752700805664e+00
6.658718109130859375e+00
6.661838531494140625e+00
6.664979457855224609e+00
6.667704343795776367e+00
6.673157691955566406e+00
6.677014589309692383e+00
6.680976390838623047e+00
6.684847593307495117e+00
6.688853740692138672e+00
6.693741559982299805e+00
6.697587251663208008e+00
6.701275348663330078e+00
6.704709529876708984e+00
6.708446502685546875e+00
6.711702585220336914e+00
6.714580535888671875e+00
6.717587232589721680e+00
6.720695972442626953e+00
6.724056243896484375e+00
6.727946043014526367e+00
6.731856584548950195e+00
6.735764980316162109e+00
6.739723443984985352e+00
6.743413686752319336e+00
6.747226476669311523e+00
6.750847339630126953e+00
6.754728794097900391e+00
6.758257150650024414e+00
6.762036561965942383e+00
6.765440225601196289e+00
6.769410848617553711e+00
6.773011445999145508e+00
6.776654958724975586e+00
6.779861450195312500e+00
6.782839059829711914e+00
6.785830259323120117e+00
6.788609266281127930e+00
6.795673131942749023e+00
6.798810720443725586e+00
6.802138090133666992e+00
6.805780887603759766e+00
6.809036493301391602e+00
6.812242031097412109e+00
6.814978837966918945e+00
6.817724704742431641e+00
6.820183277130126953e+00
6.822679281234741211e+00
6.825375795364379883e+00
6.827614068984985352e+00
6.831601858139038086e+00
6.835169076919555664e+00
6.838883638381958008e+00
6.842874050140380859e+00
6.846200227737426758e+00
6.848962068557739258e+00
6.852122306823730469e+00
6.855217933654785156e+00
6.858741044998168945e+00
6.862376928329467773e+00
6.865794658660888672e+00
6.870448112487792969e+00
6.874216556549072266e+00
6.877730607986450195e+00
6.881716251373291016e+00
6.884976148605346680e+00
6.888000488281250000e+00
6.891282558441162109e+00
6.894631147384643555e+00
6.898046731948852539e+00
6.901851177215576172e+00
6.905370950698852539e+00
6.908627033233642578e+00
6.912255048751831055e+00
6.915217638015747070e+00
6.917848110198974609e+00
6.920852184295654297e+00
6.924042701721191406e+00
6.927801609039306641e+00
6.931223869323730469e+00
6.934861898422241211e+00
6.937990188598632812e+00
6.940938711166381836e+00
6.943948745727539062e+00
6.947589635848999023e+00
6.951004981994628906e+00
6.954359769821166992e+00
6.957656383514404297e+00
6.961375713348388672e+00
6.964739799499511719e+00
6.969218492507934570e+00
6.972849130630493164e+00
6.976416587829589844e+00
6.979385137557983398e+00
6.982767820358276367e+00
6.986752271652221680e+00
6.991010427474975586e+00
6.994349241256713867e+00
6.998183488845825195e+00
7.001808881759643555e+00
7.005277156829833984e+00
7.009027242660522461e+00
7.012848377227783203e+00
7.016237258911132812e+00
7.020225763320922852e+00
7.023953437805175781e+00
7.027327299118041992e+00
7.031768321990966797e+00
7.035052776336669922e+00
7.037925720214843750e+00
7.040901184082031250e+00
7.044682264328002930e+00
7.048080682754516602e+00
7.051831007003784180e+00
7.055583477020263672e+00
7.059041261672973633e+00
7.061974048614501953e+00
7.065435171127319336e+00
7.069160938262939453e+00
7.073240518569946289e+00
7.077722549438476562e+00
7.081715822219848633e+00
7.085203886032104492e+00
7.088627815246582031e+00
7.092153072357177734e+00
7.095613479614257812e+00
7.098875999450683594e+00
7.102758407592773438e+00
7.106640815734863281e+00
7.111132144927978516e+00
7.114617347717285156e+00
7.118045091629028320e+00
7.121662616729736328e+00
7.124184131622314453e+00
7.127862215042114258e+00
7.131371736526489258e+00
7.135015010833740234e+00
7.138787031173706055e+00
7.142380952835083008e+00
7.145313024520874023e+00
7.148105382919311523e+00
7.151321649551391602e+00
7.154748916625976562e+00
7.157741308212280273e+00
7.161422967910766602e+00
7.165047168731689453e+00
7.168819189071655273e+00
7.172721147537231445e+00
7.176393032073974609e+00
7.179821491241455078e+00
7.183702468872070312e+00
7.187440633773803711e+00
7.191666603088378906e+00
7.195336341857910156e+00
7.198761224746704102e+00
7.202243089675903320e+00
7.205679655075073242e+00
7.209167003631591797e+00
7.212243318557739258e+00
7.215748071670532227e+00
7.218872547149658203e+00
7.222270727157592773e+00
7.225628852844238281e+00
7.228904485702514648e+00
7.232958078384399414e+00
7.236328601837158203e+00
7.239061355590820312e+00
7.242151975631713867e+00
7.245766639709472656e+00
7.249731302261352539e+00
7.253087759017944336e+00
7.256884336471557617e+00
7.260673761367797852e+00
7.264128923416137695e+00
7.268014669418334961e+00
7.274280309677124023e+00
7.278711557388305664e+00
7.283740758895874023e+00
7.287688255310058594e+00
7.291727066040039062e+00
7.295481443405151367e+00
7.298194885253906250e+00
7.301524400711059570e+00
7.305757284164428711e+00
7.309472084045410156e+00
7.312890291213989258e+00
7.316645383834838867e+00
7.320800304412841797e+00
7.324797630310058594e+00
7.328797101974487305e+00
7.332776308059692383e+00
7.336883783340454102e+00
7.340855836868286133e+00
7.344712495803833008e+00
7.349612474441528320e+00
7.353365659713745117e+00
7.356640577316284180e+00
7.360229015350341797e+00
7.363811969757080078e+00
7.367734432220458984e+00
7.371757507324218750e+00
7.376718521118164062e+00
7.381750822067260742e+00
7.387159585952758789e+00
7.393769502639770508e+00
7.397883176803588867e+00
7.401192665100097656e+00
7.405517816543579102e+00
7.409755229949951172e+00
7.414808988571166992e+00
7.419678211212158203e+00
7.423762798309326172e+00
7.427624464035034180e+00
7.431616544723510742e+00
7.435020446777343750e+00
7.438612937927246094e+00
7.442985057830810547e+00
7.446755409240722656e+00
7.450659036636352539e+00
7.454781770706176758e+00
7.459836006164550781e+00
7.463655948638916016e+00
7.467781543731689453e+00
7.471790552139282227e+00
7.476820468902587891e+00
7.480226516723632812e+00
7.483584880828857422e+00
7.486833572387695312e+00
7.490039825439453125e+00
7.493744134902954102e+00
7.497956037521362305e+00
7.502756595611572266e+00
7.507757186889648438e+00
7.512887001037597656e+00
7.517117977142333984e+00
7.520648717880249023e+00
7.523993730545043945e+00
7.527920722961425781e+00
7.530874729156494141e+00
7.534311294555664062e+00
7.538220643997192383e+00
7.542091608047485352e+00
7.545617341995239258e+00
7.549732923507690430e+00
7.553631544113159180e+00
7.556646108627319336e+00
7.560659170150756836e+00
7.564736366271972656e+00
7.569777011871337891e+00
7.574361324310302734e+00
7.577714443206787109e+00
7.581752777099609375e+00
7.586752891540527344e+00
7.592253208160400391e+00
7.595857858657836914e+00
7.600724697113037109e+00
7.605170965194702148e+00
7.608758449554443359e+00
7.612680196762084961e+00
7.616123199462890625e+00
7.619383573532104492e+00
7.622800111770629883e+00
7.626336336135864258e+00
7.630651235580444336e+00
7.634717226028442383e+00
7.638632297515869141e+00
7.642769098281860352e+00
7.647077322006225586e+00
7.651747226715087891e+00
7.656147241592407227e+00
7.659791946411132812e+00
7.663623332977294922e+00
7.666882038116455078e+00
7.670824766159057617e+00
7.674314975738525391e+00
7.678766965866088867e+00
7.682584762573242188e+00
7.686625242233276367e+00
7.690911531448364258e+00
7.695774793624877930e+00
7.700819015502929688e+00
7.705746412277221680e+00
7.709842681884765625e+00
7.714459180831909180e+00
7.718644142150878906e+00
7.723780632019042969e+00
7.728813886642456055e+00
7.732992172241210938e+00
7.736967086791992188e+00
7.741031169891357422e+00
7.745101690292358398e+00
7.749652862548828125e+00
7.753755092620849609e+00
7.757747888565063477e+00
7.762298107147216797e+00
7.765862941741943359e+00
7.769722461700439453e+00
7.774917125701904297e+00
7.779637575149536133e+00
7.783679962158203125e+00
7.787678956985473633e+00
7.791694879531860352e+00
7.795643568038940430e+00
7.799650669097900391e+00
7.803404569625854492e+00
7.806987524032592773e+00
7.811191558837890625e+00
7.815716266632080078e+00
7.820717334747314453e+00
7.825936079025268555e+00
7.831888198852539062e+00
7.836757183074951172e+00
7.841220140457153320e+00
7.846356153488159180e+00
7.850695610046386719e+00
7.854762792587280273e+00
7.858909606933593750e+00
7.862676858901977539e+00
7.867750883102416992e+00
7.872209072113037109e+00
7.876777887344360352e+00
7.881026983261108398e+00
7.885013341903686523e+00
7.888832330703735352e+00
7.892761707305908203e+00
7.897355318069458008e+00
7.901362419128417969e+00
7.905215978622436523e+00
7.909766674041748047e+00
7.913653850555419922e+00
7.917179107666015625e+00
7.921257972717285156e+00
7.925259828567504883e+00
7.929720640182495117e+00
7.934792280197143555e+00
7.938654184341430664e+00
7.942410469055175781e+00
7.946714878082275391e+00
7.953087329864501953e+00
7.957010030746459961e+00
7.960928201675415039e+00
7.964773416519165039e+00
7.969596624374389648e+00
7.973185777664184570e+00
7.977189540863037109e+00
7.980803489685058594e+00
7.984895467758178711e+00
7.988664388656616211e+00
7.992629766464233398e+00
7.997751712799072266e+00
8.001741170883178711e+00
8.005744695663452148e+00
8.009883165359497070e+00
8.014696359634399414e+00
8.019746303558349609e+00
8.024745225906372070e+00
8.028276205062866211e+00
8.032755613327026367e+00
8.037755250930786133e+00
8.042829275131225586e+00
8.046782255172729492e+00
8.051699638366699219e+00
8.056667327880859375e+00
8.061243057250976562e+00
8.065928936004638672e+00
8.070781469345092773e+00
8.074844837188720703e+00
8.079710245132446289e+00
8.083951711654663086e+00
8.087979316711425781e+00
8.091899156570434570e+00
8.095603227615356445e+00
8.099783658981323242e+00
8.104791402816772461e+00
8.110180616378784180e+00
8.114721775054931641e+00
8.118767023086547852e+00
8.123749494552612305e+00
8.128714799880981445e+00
8.133247613906860352e+00
8.137744188308715820e+00
8.142754316329956055e+00
8.146745204925537109e+00
8.150817871093750000e+00
8.155787706375122070e+00
8.160767078399658203e+00
8.164625644683837891e+00
8.168665647506713867e+00
8.172478675842285156e+00
8.176748037338256836e+00
8.181239128112792969e+00
8.185949802398681641e+00
8.190643310546875000e+00
8.195711851119995117e+00
8.200733900070190430e+00
8.204689741134643555e+00
8.209759950637817383e+00
8.213935136795043945e+00
8.217217922210693359e+00
8.220365762710571289e+00
8.223321676254272461e+00
8.226163625717163086e+00
8.230853080749511719e+00
8.235104560852050781e+00
8.239056825637817383e+00
8.242805004119873047e+00
8.246609926223754883e+00
8.250147581100463867e+00
8.253834009170532227e+00
8.258000612258911133e+00
8.262751102447509766e+00
8.266904830932617188e+00
8.271053552627563477e+00
8.276118040084838867e+00
8.280239343643188477e+00
8.284829854965209961e+00
8.289378404617309570e+00
8.293773412704467773e+00
8.297902584075927734e+00
8.301781654357910156e+00
8.306747913360595703e+00
8.311718225479125977e+00
8.316762447357177734e+00
8.321777343750000000e+00
8.326759099960327148e+00
8.331375122070312500e+00
8.335355520248413086e+00
8.339276075363159180e+00
8.343177795410156250e+00
8.347444534301757812e+00
8.351755619049072266e+00
8.355714082717895508e+00
8.360760927200317383e+00
8.365777730941772461e+00
8.370386838912963867e+00
8.374697685241699219e+00
8.379783391952514648e+00
8.384672880172729492e+00
8.388763904571533203e+00
8.393816232681274414e+00
8.397924423217773438e+00
8.401878595352172852e+00
8.405649662017822266e+00
8.409421920776367188e+00
8.413412332534790039e+00
8.417743682861328125e+00
8.421709299087524414e+00
8.425753116607666016e+00
8.432223320007324219e+00
8.436753749847412109e+00
8.440788269042968750e+00
8.444986820220947266e+00
8.449712514877319336e+00
8.454600095748901367e+00
8.458668231964111328e+00
8.462399721145629883e+00
8.466718673706054688e+00
8.470716476440429688e+00
8.475344657897949219e+00
8.479717016220092773e+00
8.484735488891601562e+00
8.489692449569702148e+00
8.493933677673339844e+00
8.498082399368286133e+00
8.501990556716918945e+00
8.505665540695190430e+00
8.510742425918579102e+00
8.514745712280273438e+00
8.518661022186279297e+00
8.522715330123901367e+00
8.527859449386596680e+00
8.532776832580566406e+00
8.537760257720947266e+00
8.542755365371704102e+00
8.547836065292358398e+00
8.553215026855468750e+00
8.557863235473632812e+00
8.561618328094482422e+00
8.565732955932617188e+00
8.570761919021606445e+00
8.575774669647216797e+00
8.580403804779052734e+00
8.584335088729858398e+00
8.588288307189941406e+00
8.593230247497558594e+00
8.596660375595092773e+00
8.600126743316650391e+00
8.604081869125366211e+00
8.607797145843505859e+00
8.611900568008422852e+00
8.615808486938476562e+00
8.620708942413330078e+00
8.624907493591308594e+00
8.628990173339843750e+00
8.632798671722412109e+00
8.636690855026245117e+00
8.639897108078002930e+00
8.643616437911987305e+00
8.646927118301391602e+00
8.650770187377929688e+00
8.654682874679565430e+00
8.658761024475097656e+00
8.663949728012084961e+00
8.668725967407226562e+00
8.673006057739257812e+00
8.677287578582763672e+00
8.681412696838378906e+00
8.685264825820922852e+00
8.689439773559570312e+00
8.693342685699462891e+00
8.697775363922119141e+00
8.702163696289062500e+00
8.706059455871582031e+00
8.710737466812133789e+00
8.714646577835083008e+00
8.718715190887451172e+00
8.723748207092285156e+00
8.728718757629394531e+00
8.733909606933593750e+00
8.738383293151855469e+00
8.742754936218261719e+00
8.747141122817993164e+00
8.751824140548706055e+00
8.755710840225219727e+00
8.760670661926269531e+00
8.765785932540893555e+00
8.770755767822265625e+00
8.775738477706909180e+00
8.780155420303344727e+00
8.784335374832153320e+00
8.788084030151367188e+00
8.792235851287841797e+00
8.796024322509765625e+00
8.799631118774414062e+00
8.804173231124877930e+00
8.807802677154541016e+00
8.811648607254028320e+00
8.815384864807128906e+00
8.819104671478271484e+00
8.822918415069580078e+00
8.827761888504028320e+00
8.832659721374511719e+00
8.836786746978759766e+00
8.841755390167236328e+00
8.846142292022705078e+00
8.849840402603149414e+00
8.853303194046020508e+00
8.856714487075805664e+00
8.861943006515502930e+00
8.866999149322509766e+00
8.872051477432250977e+00
8.876749038696289062e+00
8.881107568740844727e+00
8.885122299194335938e+00
8.889046430587768555e+00
8.893752813339233398e+00
8.898745775222778320e+00
8.903417110443115234e+00
8.907816171646118164e+00
8.912741661071777344e+00
8.916736364364624023e+00
8.920359849929809570e+00
8.923820972442626953e+00
8.928794860839843750e+00
8.932728528976440430e+00
8.936741352081298828e+00
8.940407276153564453e+00
8.944773674011230469e+00
8.948794364929199219e+00
8.953137874603271484e+00
8.957208871841430664e+00
8.962313413619995117e+00
8.965926408767700195e+00
8.969706773757934570e+00
8.973749399185180664e+00
8.977650165557861328e+00
8.981832027435302734e+00
8.986748218536376953e+00
8.992924690246582031e+00
8.997312784194946289e+00
9.001347064971923828e+00
9.005746841430664062e+00
9.010741949081420898e+00
9.016312599182128906e+00
9.020271062850952148e+00
9.024008035659790039e+00
9.027904033660888672e+00
9.033584594726562500e+00
9.036960124969482422e+00
9.040311336517333984e+00
9.045028686523437500e+00
9.048729658126831055e+00
9.052767038345336914e+00
9.056721210479736328e+00
9.060721874237060547e+00
9.065749883651733398e+00
9.070206403732299805e+00
9.074725627899169922e+00
9.078650951385498047e+00
9.082755088806152344e+00
9.087685823440551758e+00
9.092733621597290039e+00
9.097752809524536133e+00
9.102150917053222656e+00
9.106226444244384766e+00
9.110634088516235352e+00
9.114655733108520508e+00
9.118731975555419922e+00
9.122705459594726562e+00
9.126780986785888672e+00
9.131316184997558594e+00
9.135231494903564453e+00
9.139196872711181641e+00
9.143339872360229492e+00
9.147203683853149414e+00
9.152399301528930664e+00
9.156718015670776367e+00
9.161227226257324219e+00
9.165273189544677734e+00
9.169787168502807617e+00
9.173905134201049805e+00
9.177720785140991211e+00
9.182114601135253906e+00
9.186075925827026367e+00
9.190346479415893555e+00
9.195202112197875977e+00
9.198884248733520508e+00
9.203649520874023438e+00
9.208178281784057617e+00
9.212087154388427734e+00
9.215859174728393555e+00
9.220049619674682617e+00
9.224790334701538086e+00
9.229905843734741211e+00
9.233826160430908203e+00
9.238755226135253906e+00
9.243980407714843750e+00
9.247336626052856445e+00
9.251283645629882812e+00
9.254716157913208008e+00
9.258733987808227539e+00
9.263750314712524414e+00
9.268752574920654297e+00
9.272986412048339844e+00
9.277752161026000977e+00
9.281620264053344727e+00
9.285086393356323242e+00
9.289125204086303711e+00
9.293097496032714844e+00
9.296990871429443359e+00
9.301601886749267578e+00
9.305917501449584961e+00
9.310745239257812500e+00
9.314660787582397461e+00
9.318731307983398438e+00
9.322660923004150391e+00
9.327032089233398438e+00
9.331062793731689453e+00
9.335234403610229492e+00
9.339739084243774414e+00
9.343939542770385742e+00
9.348719120025634766e+00
9.353617906570434570e+00
9.358222961425781250e+00
9.362717628479003906e+00
9.366941690444946289e+00
9.371122121810913086e+00
9.375020265579223633e+00
9.379066705703735352e+00
9.383701801300048828e+00
9.388726472854614258e+00
9.394324541091918945e+00
9.398752450942993164e+00
9.403703212738037109e+00
9.408740758895874023e+00
9.413172483444213867e+00
9.417413949966430664e+00
9.421740293502807617e+00
9.426745653152465820e+00
9.431004762649536133e+00
9.434334039688110352e+00
9.437773466110229492e+00
9.441864490509033203e+00
9.446700096130371094e+00
9.450661897659301758e+00
9.454374551773071289e+00
9.458782196044921875e+00
9.462994098663330078e+00
9.467212438583374023e+00
9.471655368804931641e+00
9.476647615432739258e+00
9.480751514434814453e+00
9.485689640045166016e+00
9.490769863128662109e+00
9.494700193405151367e+00
9.499723434448242188e+00
9.504748821258544922e+00
9.509736061096191406e+00
9.514700889587402344e+00
9.518360137939453125e+00
9.521736860275268555e+00
9.525655508041381836e+00
9.530120134353637695e+00
9.534840583801269531e+00
9.538642406463623047e+00
9.542720794677734375e+00
9.547756910324096680e+00
9.553014993667602539e+00
9.556979894638061523e+00
9.561723470687866211e+00
9.566758632659912109e+00
9.571756362915039062e+00
9.576767683029174805e+00
9.580831527709960938e+00
9.584411859512329102e+00
9.588164806365966797e+00
9.592448711395263672e+00
9.595700979232788086e+00
9.599858760833740234e+00
9.603372573852539062e+00
9.607741117477416992e+00
9.612672805786132812e+00
9.616670131683349609e+00
9.620788335800170898e+00
9.625282764434814453e+00
9.629427433013916016e+00
9.633803606033325195e+00
9.637787342071533203e+00
9.642675638198852539e+00
9.647722244262695312e+00
9.652684450149536133e+00
9.657724618911743164e+00
9.662786722183227539e+00
9.667750120162963867e+00
9.671663045883178711e+00
9.678713798522949219e+00
9.682132482528686523e+00
9.686012268066406250e+00
9.690820932388305664e+00
9.695760965347290039e+00
9.700747013092041016e+00
9.705770730972290039e+00
9.710106134414672852e+00
9.714063644409179688e+00
9.718749523162841797e+00
9.723747968673706055e+00
9.728708028793334961e+00
9.733154296875000000e+00
9.737132310867309570e+00
9.740914583206176758e+00
9.744776010513305664e+00
9.749785900115966797e+00
9.754716873168945312e+00
9.759712934494018555e+00
9.764734983444213867e+00
9.769747018814086914e+00
9.774727344512939453e+00
9.779750823974609375e+00
9.784919977188110352e+00
9.788875341415405273e+00
9.794339895248413086e+00
9.798670530319213867e+00
9.802731990814208984e+00
9.806734561920166016e+00
9.811031103134155273e+00
9.815758943557739258e+00
9.820777893066406250e+00
9.825788021087646484e+00
9.830444335937500000e+00
9.834081888198852539e+00
9.837757349014282227e+00
9.841713666915893555e+00
9.845732450485229492e+00
9.849699735641479492e+00
9.853868722915649414e+00
9.857631206512451172e+00
9.861939430236816406e+00
9.866215944290161133e+00
9.870656251907348633e+00
9.874726295471191406e+00
9.879116535186767578e+00
9.883829593658447266e+00
9.888774633407592773e+00
9.893776416778564453e+00
9.898748397827148438e+00
9.902918100357055664e+00
9.906371116638183594e+00
9.911319732666015625e+00
9.915134668350219727e+00
9.919757127761840820e+00
9.924769639968872070e+00
9.929760932922363281e+00
9.934740304946899414e+00
9.939653635025024414e+00
9.944137811660766602e+00
9.948284864425659180e+00
9.953126907348632812e+00
9.957180261611938477e+00
9.961783170700073242e+00
9.966078996658325195e+00
9.970106363296508789e+00
9.974069833755493164e+00
9.978737115859985352e+00
9.983648300170898438e+00
9.987204551696777344e+00
9.991423845291137695e+00
9.995635032653808594e+00
9.999757289886474609e+00
1.000468063354492188e+01
1.000934171676635742e+01
1.001369285583496094e+01
1.001907801628112793e+01
1.002416038513183594e+01
1.002815842628479004e+01
1.003294658660888672e+01
1.003726625442504883e+01
1.004177236557006836e+01
1.004662990570068359e+01
1.005077815055847168e+01
1.005575561523437500e+01
1.005962347984313965e+01
1.006335353851318359e+01
1.006699991226196289e+01
1.007279229164123535e+01
1.007773900032043457e+01
1.008187913894653320e+01
1.008572554588317871e+01
1.009072685241699219e+01
1.009564375877380371e+01
1.010079240798950195e+01
1.010568547248840332e+01
1.010980939865112305e+01
1.011388063430786133e+01
1.011771059036254883e+01
1.012174773216247559e+01
1.012664532661437988e+01
1.013079285621643066e+01
1.013575625419616699e+01
1.014028239250183105e+01
1.014396047592163086e+01
1.014769172668457031e+01
1.015203952789306641e+01
1.015576100349426270e+01
1.015970301628112793e+01
1.016415405273437500e+01
1.016878128051757812e+01
1.017302227020263672e+01
1.017712688446044922e+01
1.018132591247558594e+01
1.018503761291503906e+01
1.018895649909973145e+01
1.019469499588012695e+01
1.019877195358276367e+01
1.020365595817565918e+01
1.020874285697937012e+01
1.021277689933776855e+01
1.021693134307861328e+01
1.022175383567810059e+01
1.022676086425781250e+01
1.023220276832580566e+01
1.023654556274414062e+01
1.024027323722839355e+01
1.024468731880187988e+01
1.024869585037231445e+01
1.025306439399719238e+01
1.025776767730712891e+01
1.026275658607482910e+01
1.026775527000427246e+01
1.027175045013427734e+01
1.027675771713256836e+01
1.028089714050292969e+01
1.028579068183898926e+01
1.029066824913024902e+01
1.029508042335510254e+01
1.029927062988281250e+01
1.030375838279724121e+01
1.030871939659118652e+01
1.031376266479492188e+01
1.031765198707580566e+01
1.032105708122253418e+01
1.032498621940612793e+01
1.032902574539184570e+01
1.033310198783874512e+01
1.033686327934265137e+01
1.034066295623779297e+01
1.034469819068908691e+01
1.034906411170959473e+01
1.035772848129272461e+01
1.036293482780456543e+01
1.036789464950561523e+01
1.037281322479248047e+01
1.037779688835144043e+01
1.038276433944702148e+01
1.038768863677978516e+01
1.039448833465576172e+01
1.039910745620727539e+01
1.040377426147460938e+01
1.040902709960937500e+01
1.041383004188537598e+01
1.041880393028259277e+01
1.042387390136718750e+01
1.042877554893493652e+01
1.043488216400146484e+01
1.043910884857177734e+01
1.044398951530456543e+01
1.044872426986694336e+01
1.045382452011108398e+01
1.045887207984924316e+01
1.046376132965087891e+01
1.046881818771362305e+01
1.047317981719970703e+01
1.047806739807128906e+01
1.048285841941833496e+01
1.048772335052490234e+01
1.049282383918762207e+01
1.049773263931274414e+01
1.050284385681152344e+01
1.050776433944702148e+01
1.051298499107360840e+01
1.051783227920532227e+01
1.052272796630859375e+01
1.052781462669372559e+01
1.053276371955871582e+01
1.053779220581054688e+01
1.054269385337829590e+01
1.054784584045410156e+01
1.055283522605895996e+01
1.055777573585510254e+01
1.056281185150146484e+01
1.056784677505493164e+01
1.057272791862487793e+01
1.057781553268432617e+01
1.058281707763671875e+01
1.058766531944274902e+01
1.059285426139831543e+01
1.059778499603271484e+01
1.060284757614135742e+01
1.060778379440307617e+01
1.061275506019592285e+01
1.061782503128051758e+01
1.062277913093566895e+01
1.062779521942138672e+01
1.063341569900512695e+01
1.063712096214294434e+01
1.064175105094909668e+01
1.064670205116271973e+01
1.065169620513916016e+01
1.065684962272644043e+01
1.066182398796081543e+01
1.066690564155578613e+01
1.067271041870117188e+01
1.067790460586547852e+01
1.068275356292724609e+01
1.068804144859313965e+01
1.069437122344970703e+01
1.069983625411987305e+01
1.070471453666687012e+01
1.070972514152526855e+01
1.071503043174743652e+01
1.071987175941467285e+01
1.072507643699645996e+01
1.073014855384826660e+01
1.073484897613525391e+01
1.073982715606689453e+01
1.074486351013183594e+01
1.074946022033691406e+01
1.075471878051757812e+01
1.075934481620788574e+01
1.076401257514953613e+01
1.076901102066040039e+01
1.077375626564025879e+01
1.077881145477294922e+01
1.078381872177124023e+01
1.078880643844604492e+01
1.079551696777343750e+01
1.080124139785766602e+01
1.080611538887023926e+01
1.081071853637695312e+01
1.081579256057739258e+01
1.082077002525329590e+01
1.082584071159362793e+01
1.083373379707336426e+01
1.083876705169677734e+01
1.084384441375732422e+01
1.084883332252502441e+01
1.085380840301513672e+01
1.085869908332824707e+01
1.086368513107299805e+01
1.086881518363952637e+01
1.087374472618103027e+01
1.087871146202087402e+01
1.088397789001464844e+01
1.088876461982727051e+01
1.089384841918945312e+01
1.089872407913208008e+01
1.090375971794128418e+01
1.090778994560241699e+01
1.091273570060729980e+01
1.091766548156738281e+01
1.092111754417419434e+01
1.092479443550109863e+01
1.092981314659118652e+01
1.093475842475891113e+01
1.093968796730041504e+01
1.094469976425170898e+01
1.094978928565979004e+01
1.095570898056030273e+01
1.096084141731262207e+01
1.096574258804321289e+01
1.097073721885681152e+01
1.097580194473266602e+01
1.098084092140197754e+01
1.098583936691284180e+01
1.099077010154724121e+01
1.099678587913513184e+01
1.100180220603942871e+01
1.100684118270874023e+01
1.101129007339477539e+01
1.101592707633972168e+01
1.102082014083862305e+01
1.102574348449707031e+01
1.103109550476074219e+01
1.103565287590026855e+01
1.104125905036926270e+01
1.104568934440612793e+01
1.104969882965087891e+01
1.105478382110595703e+01
1.105973482131958008e+01
1.106480479240417480e+01
1.106993770599365234e+01
1.107479596138000488e+01
1.107982420921325684e+01
1.108537817001342773e+01
1.108975481986999512e+01
1.109386205673217773e+01
1.109823942184448242e+01
1.110300493240356445e+01
1.110765171051025391e+01
1.111305189132690430e+01
1.111790442466735840e+01
1.112277150154113770e+01
1.112874627113342285e+01
1.113375186920166016e+01
1.113886642456054688e+01
1.114390611648559570e+01
1.114889097213745117e+01
1.115472316741943359e+01
1.115968179702758789e+01
1.116476655006408691e+01
1.116973543167114258e+01
1.117506766319274902e+01
1.117976951599121094e+01
1.118478679656982422e+01
1.119014239311218262e+01
1.119511270523071289e+01
1.120014262199401855e+01
1.120488977432250977e+01
1.120985007286071777e+01
1.121481871604919434e+01
1.121970534324645996e+01
1.122473931312561035e+01
1.122986602783203125e+01
1.123574709892272949e+01
1.124073481559753418e+01
1.124579858779907227e+01
1.125075054168701172e+01
1.125565743446350098e+01
1.126082253456115723e+01
1.126579356193542480e+01
1.127143979072570801e+01
1.127683115005493164e+01
1.128176617622375488e+01
1.128678011894226074e+01
1.129102802276611328e+01
1.129582715034484863e+01
1.130059337615966797e+01
1.130577349662780762e+01
1.131118917465209961e+01
1.131491899490356445e+01
1.131905102729797363e+01
1.132377958297729492e+01
1.132901787757873535e+01
1.133395791053771973e+01
1.133903121948242188e+01
1.134412884712219238e+01
1.134879589080810547e+01
1.135472369194030762e+01
1.135967326164245605e+01
1.136483049392700195e+01
1.136972713470458984e+01
1.137474608421325684e+01
1.137968969345092773e+01
1.138479447364807129e+01
1.138904643058776855e+01
1.139564180374145508e+01
1.140103125572204590e+01
1.140602827072143555e+01
1.141084766387939453e+01
1.141581344604492188e+01
1.142080736160278320e+01
1.142583560943603516e+01
1.143309569358825684e+01
1.143780922889709473e+01
1.144260025024414062e+01
1.144732475280761719e+01
1.145212674140930176e+01
1.145731902122497559e+01
1.146183609962463379e+01
1.146675205230712891e+01
1.147176647186279297e+01
1.147680997848510742e+01
1.148183774948120117e+01
1.148705482482910156e+01
1.149197769165039062e+01
1.149607086181640625e+01
1.150084304809570312e+01
1.150583767890930176e+01
1.151094961166381836e+01
1.151563930511474609e+01
1.152058482170104980e+01
1.152579975128173828e+01
1.153080844879150391e+01
1.153586554527282715e+01
1.154078769683837891e+01
1.154573655128479004e+01
1.155065655708312988e+01
1.155584669113159180e+01
1.156224012374877930e+01
1.156701350212097168e+01
1.157159209251403809e+01
1.157587480545043945e+01
1.158075690269470215e+01
1.158581805229187012e+01
1.159216237068176270e+01
1.159777617454528809e+01
1.160279369354248047e+01
1.160773730278015137e+01
1.161279940605163574e+01
1.161786723136901855e+01
1.162309408187866211e+01
1.162778925895690918e+01
1.163309955596923828e+01
1.163777327537536621e+01
1.164285659790039062e+01
1.164784789085388184e+01
1.165280866622924805e+01
1.165765857696533203e+01
1.166280865669250488e+01
1.166768097877502441e+01
1.167239356040954590e+01
1.167770814895629883e+01
1.168273210525512695e+01
1.168769645690917969e+01
1.169281053543090820e+01
1.169788289070129395e+01
1.170268130302429199e+01
1.170715117454528809e+01
1.171174597740173340e+01
1.171608638763427734e+01
1.171927094459533691e+01
1.172293496131896973e+01
1.172727727890014648e+01
1.172998189926147461e+01
1.173256802558898926e+01
1.173559308052062988e+01
1.173812675476074219e+01
1.174122452735900879e+01
1.174450612068176270e+01
1.174716186523437500e+01
1.175049090385437012e+01
1.175322937965393066e+01
1.175670933723449707e+01
1.175991773605346680e+01
1.176319503784179688e+01
1.176631665229797363e+01
1.176920914649963379e+01
1.177216625213623047e+01
1.177478218078613281e+01
1.177763938903808594e+01
1.178059887886047363e+01
1.178328251838684082e+01
1.178579306602478027e+01
1.178826785087585449e+01
1.179412817955017090e+01
1.179688572883605957e+01
1.179981827735900879e+01
1.180298161506652832e+01
1.180633664131164551e+01
1.180945348739624023e+01
1.181278157234191895e+01
1.181570053100585938e+01
1.181944203376770020e+01
1.182268381118774414e+01
1.182583665847778320e+01
1.182912087440490723e+01
1.183197689056396484e+01
1.183508944511413574e+01
1.183764910697937012e+01
1.184013295173645020e+01
1.184300065040588379e+01
1.184584212303161621e+01
1.185016465187072754e+01
1.185276746749877930e+01
1.185559868812561035e+01
1.185815525054931641e+01
1.186138987541198730e+01
1.186520695686340332e+01
1.186790800094604492e+01
1.187127733230590820e+01
1.187460589408874512e+01
1.187784290313720703e+01
1.188131356239318848e+01
1.188479208946228027e+01
1.188766431808471680e+01
1.189024019241333008e+01
1.189261817932128906e+01
1.189511251449584961e+01
1.189817857742309570e+01
1.190108895301818848e+01
1.190432810783386230e+01
1.190716910362243652e+01
1.191213989257812500e+01
1.191462898254394531e+01
1.191753840446472168e+01
1.192025756835937500e+01
1.192277336120605469e+01
1.192557764053344727e+01
1.192885565757751465e+01
1.193264222145080566e+01
1.193565344810485840e+01
1.193819975852966309e+01
1.194114708900451660e+01
1.194365191459655762e+01
1.194613146781921387e+01
1.194863319396972656e+01
1.195212626457214355e+01
1.195473194122314453e+01
1.195762610435485840e+01
1.196112537384033203e+01
1.196412110328674316e+01
1.196733689308166504e+01
1.197069835662841797e+01
1.197382616996765137e+01
1.197697329521179199e+01
1.197987055778503418e+01
1.198278832435607910e+01
1.198566699028015137e+01
1.198861718177795410e+01
1.199264454841613770e+01
1.199513316154479980e+01
1.199775719642639160e+01
1.200063538551330566e+01
1.200312924385070801e+01
1.200563049316406250e+01
1.200812840461730957e+01
1.201112937927246094e+01
1.201433849334716797e+01
1.201726102828979492e+01
1.201979494094848633e+01
1.202262902259826660e+01
1.202595043182373047e+01
1.202932190895080566e+01
1.203216099739074707e+01
1.203462648391723633e+01
1.203715205192565918e+01
1.204062795639038086e+01
1.204398679733276367e+01
1.204732131958007812e+01
1.205061459541320801e+01
1.205393457412719727e+01
1.205759644508361816e+01
1.206058597564697266e+01
1.206315922737121582e+01
1.206564807891845703e+01
1.206789016723632812e+01
1.207150769233703613e+01
1.207461786270141602e+01
1.207751965522766113e+01
1.208071017265319824e+01
1.208358883857727051e+01
1.208663392066955566e+01
1.208917474746704102e+01
1.209222435951232910e+01
1.209568548202514648e+01
1.209825253486633301e+01
1.210091495513916016e+01
1.210389637947082520e+01
1.210682415962219238e+01
1.211117935180664062e+01
1.211464810371398926e+01
1.211794090270996094e+01
1.212138414382934570e+01
1.212477707862854004e+01
1.212776947021484375e+01
1.213124227523803711e+01
1.213378715515136719e+01
1.213683986663818359e+01
1.213964605331420898e+01
1.214278912544250488e+01
1.214582562446594238e+01
1.214885377883911133e+01
1.215332794189453125e+01
1.215708398818969727e+01
1.216003608703613281e+01
1.216276168823242188e+01
1.216550970077514648e+01
1.216862177848815918e+01
1.217200183868408203e+01
1.217534995079040527e+01
1.217868471145629883e+01
1.218176054954528809e+01
1.218453598022460938e+01
1.218760371208190918e+01
1.219080591201782227e+01
1.219367694854736328e+01
1.219655084609985352e+01
1.219875311851501465e+01
1.220194387435913086e+01
1.220518636703491211e+01
1.220815873146057129e+01
1.221107172966003418e+01
1.221425056457519531e+01
1.221767902374267578e+01
1.222116613388061523e+01
1.222389984130859375e+01
1.222716259956359863e+01
1.223117017745971680e+01
1.223490738868713379e+01
1.223882746696472168e+01
1.224290585517883301e+01
1.224609470367431641e+01
1.224963712692260742e+01
1.225319409370422363e+01
1.225655913352966309e+01
1.226067852973937988e+01
1.226485800743103027e+01
1.226940846443176270e+01
1.227464890480041504e+01
1.227966284751892090e+01
1.228480195999145508e+01
1.228868937492370605e+01
1.229377198219299316e+01
1.229811429977416992e+01
1.230210685729980469e+01
1.230606007575988770e+01
1.231094050407409668e+01
1.231476497650146484e+01
1.231873297691345215e+01
1.232270431518554688e+01
1.232699561119079590e+01
1.233109951019287109e+01
1.233484363555908203e+01
1.233871746063232422e+01
1.234271693229675293e+01
1.234674286842346191e+01
1.235200595855712891e+01
1.235629463195800781e+01
1.235985255241394043e+01
1.236330294609069824e+01
1.236759877204895020e+01
1.237180972099304199e+01
1.237575078010559082e+01
1.238079571723937988e+01
1.238497281074523926e+01
1.238877558708190918e+01
1.239751863479614258e+01
1.240139603614807129e+01
1.240505218505859375e+01
1.241037130355834961e+01
1.241492128372192383e+01
1.241863250732421875e+01
1.242235827445983887e+01
1.242565941810607910e+01
1.242921137809753418e+01
1.243265032768249512e+01
1.243731856346130371e+01
1.244112300872802734e+01
1.244541597366333008e+01
1.244912767410278320e+01
1.245313000679016113e+01
1.245764446258544922e+01
1.246174597740173340e+01
1.246602487564086914e+01
1.247006726264953613e+01
1.247419643402099609e+01
1.247835206985473633e+01
1.248214602470397949e+01
1.248611640930175781e+01
1.248982787132263184e+01
1.249396681785583496e+01
1.249806594848632812e+01
1.250263500213623047e+01
1.250678896903991699e+01
1.251216840744018555e+01
1.251588129997253418e+01
1.251932835578918457e+01
1.252337265014648438e+01
1.252738118171691895e+01
1.253135991096496582e+01
1.253533911705017090e+01
1.253897237777709961e+01
1.254276943206787109e+01
1.254702973365783691e+01
1.255171036720275879e+01
1.255580282211303711e+01
1.256023526191711426e+01
1.256429624557495117e+01
1.256842517852783203e+01
1.257273054122924805e+01
1.257678484916687012e+01
1.258078098297119141e+01
1.258422398567199707e+01
1.258781909942626953e+01
1.259164690971374512e+01
1.259634089469909668e+01
1.259977293014526367e+01
1.260328984260559082e+01
1.260677218437194824e+01
1.261049270629882812e+01
1.261350488662719727e+01
1.261694812774658203e+01
1.262028574943542480e+01
1.262466502189636230e+01
1.263038134574890137e+01
1.263469266891479492e+01
1.263964676856994629e+01
1.264365768432617188e+01
1.264732146263122559e+01
1.265072393417358398e+01
1.265428614616394043e+01
1.265773773193359375e+01
1.266118335723876953e+01
1.266477227210998535e+01
1.266818356513977051e+01
1.267176151275634766e+01
1.267570924758911133e+01
1.267964053153991699e+01
1.268373608589172363e+01
1.268714547157287598e+01
1.269052505493164062e+01
1.269395637512207031e+01
1.269764328002929688e+01
1.270164561271667480e+01
1.270516514778137207e+01
1.270972919464111328e+01
1.271333122253417969e+01
1.271692013740539551e+01
1.272020792961120605e+01
1.272429370880126953e+01
1.272777009010314941e+01
1.273233437538146973e+01
1.273577260971069336e+01
1.273994421958923340e+01
1.274404335021972656e+01
1.274806308746337891e+01
1.275207543373107910e+01
1.275613999366760254e+01
1.276069426536560059e+01
1.276460003852844238e+01
1.276830863952636719e+01
1.277202630043029785e+01
1.277551770210266113e+01
1.277879953384399414e+01
1.278259992599487305e+01
1.278673267364501953e+01
1.279209375381469727e+01
1.279533100128173828e+01
1.279902648925781250e+01
1.280258750915527344e+01
1.280667185783386230e+01
1.281155443191528320e+01
1.281530833244323730e+01
1.281907773017883301e+01
1.282290410995483398e+01
1.282766771316528320e+01
1.283264207839965820e+01
1.283615517616271973e+01
1.283965373039245605e+01
1.284452819824218750e+01
1.284874606132507324e+01
1.285309576988220215e+01
1.285694813728332520e+01
1.286060261726379395e+01
1.286407828330993652e+01
1.286691904067993164e+01
1.287054562568664551e+01
1.287512421607971191e+01
1.287905812263488770e+01
1.288361454010009766e+01
1.288740086555480957e+01
1.289085626602172852e+01
1.289462471008300781e+01
1.289838647842407227e+01
1.290211653709411621e+01
1.290598773956298828e+01
1.291047596931457520e+01
1.291464686393737793e+01
1.291876196861267090e+01
1.292298936843872070e+01
1.292770552635192871e+01
1.293194627761840820e+01
1.293655419349670410e+01
1.294076180458068848e+01
1.294438028335571289e+01
1.294783735275268555e+01
1.295433974266052246e+01
1.295823478698730469e+01
1.296201252937316895e+01
1.296584630012512207e+01
1.297067284584045410e+01
1.297566914558410645e+01
1.297975826263427734e+01
1.298430037498474121e+01
1.298864483833312988e+01
1.299281096458435059e+01
1.299693942070007324e+01
1.300156521797180176e+01
1.300557899475097656e+01
1.300929069519042969e+01
1.301363635063171387e+01
1.301790261268615723e+01
1.302227187156677246e+01
1.302635717391967773e+01
1.302991437911987305e+01
1.303375196456909180e+01
1.303847742080688477e+01
1.304280638694763184e+01
1.304694724082946777e+01
1.305107450485229492e+01
1.305567955970764160e+01
1.306054997444152832e+01
1.306478714942932129e+01
1.306954169273376465e+01
1.307468056678771973e+01
1.307860612869262695e+01
1.308193778991699219e+01
1.308665752410888672e+01
1.309097075462341309e+01
1.309476447105407715e+01
1.309867548942565918e+01
1.310192322731018066e+01
1.310566878318786621e+01
1.310951614379882812e+01
1.311356616020202637e+01
1.311710548400878906e+01
1.312052917480468750e+01
1.312458825111389160e+01
1.312865948677062988e+01
1.313373041152954102e+01
1.313828229904174805e+01
1.314301919937133789e+01
1.314690971374511719e+01
1.315189743041992188e+01
1.315550923347473145e+01
1.316161656379699707e+01
1.316573143005371094e+01
1.316918015480041504e+01
1.317216706275939941e+01
1.317495989799499512e+01
1.317694020271301270e+01
1.317900753021240234e+01
1.318155074119567871e+01
1.318413901329040527e+01
1.318649601936340332e+01
1.318917822837829590e+01
1.319265627861022949e+01
1.319512701034545898e+01
1.319753098487854004e+01
1.320005583763122559e+01
1.320272588729858398e+01
1.320502781867980957e+01
1.320763397216796875e+01
1.321008324623107910e+01
1.321222090721130371e+01
1.321459507942199707e+01
1.321651506423950195e+01
1.321857452392578125e+01
1.322050952911376953e+01
1.322250437736511230e+01
1.322451567649841309e+01
1.322662734985351562e+01
1.322848820686340332e+01
1.323155903816223145e+01
1.323408651351928711e+01
1.323646807670593262e+01
1.323896050453186035e+01
1.324172830581665039e+01
1.324447607994079590e+01
1.324663186073303223e+01
1.324881076812744141e+01
1.325102829933166504e+01
1.325319671630859375e+01
1.325551414489746094e+01
1.325773358345031738e+01
1.325985050201416016e+01
1.326177430152893066e+01
1.326370334625244141e+01
1.326557016372680664e+01
1.326759886741638184e+01
1.327059841156005859e+01
1.327311992645263672e+01
1.327577567100524902e+01
1.327853322029113770e+01
1.328072929382324219e+01
1.328297924995422363e+01
