2.861022949218750000e-06
6.793498992919921875e-03
1.352572441101074219e-02
2.010798454284667969e-02
2.609133720397949219e-02
3.309345245361328125e-02
3.955292701721191406e-02
4.599905014038085938e-02
5.257248878479003906e-02
5.960130691528320312e-02
6.612253189086914062e-02
7.296180725097656250e-02
8.018255233764648438e-02
8.688187599182128906e-02
9.379863739013671875e-02
1.005339622497558594e-01
1.070301532745361328e-01
1.175653934478759766e-01
1.245172023773193359e-01
1.304967403411865234e-01
1.368837356567382812e-01
1.433358192443847656e-01
1.498093605041503906e-01
1.560361385345458984e-01
1.625485420227050781e-01
1.685354709625244141e-01
1.746666431427001953e-01
1.814467906951904297e-01
1.884956359863281250e-01
1.960117816925048828e-01
2.017316818237304688e-01
2.085516452789306641e-01
2.148172855377197266e-01
2.210085391998291016e-01
2.274229526519775391e-01
2.335608005523681641e-01
2.397394180297851562e-01
2.464880943298339844e-01
2.528107166290283203e-01
2.589437961578369141e-01
2.654173374176025391e-01
2.718861103057861328e-01
2.762653827667236328e-01
2.799060344696044922e-01
2.838683128356933594e-01
2.875225543975830078e-01
2.918078899383544922e-01
2.954995632171630859e-01
2.986638545989990234e-01
3.020198345184326172e-01
3.053834438323974609e-01
3.100473880767822266e-01
3.140432834625244141e-01
3.179709911346435547e-01
3.220541477203369141e-01
3.260529041290283203e-01
3.295056819915771484e-01
3.326480388641357422e-01
3.362343311309814453e-01
3.403098583221435547e-01
3.442690372467041016e-01
3.483467102050781250e-01
3.520805835723876953e-01
3.556213378906250000e-01
3.593945503234863281e-01
3.634686470031738281e-01
3.675425052642822266e-01
3.725576400756835938e-01
3.766980171203613281e-01
3.803863525390625000e-01
3.841402530670166016e-01
3.877651691436767578e-01
3.915908336639404297e-01
3.952918052673339844e-01
3.994350433349609375e-01
4.038200378417968750e-01
4.074923992156982422e-01
4.109094142913818359e-01
4.147047996520996094e-01
4.179010391235351562e-01
4.212489128112792969e-01
4.252514839172363281e-01
4.290063381195068359e-01
4.322502613067626953e-01
4.355309009552001953e-01
4.388728141784667969e-01
4.423000812530517578e-01
4.460654258728027344e-01
4.498772621154785156e-01
4.540088176727294922e-01
4.583675861358642578e-01
4.623184204101562500e-01
4.660573005676269531e-01
4.703671932220458984e-01
4.743967056274414062e-01
4.785172939300537109e-01
4.819567203521728516e-01
4.860506057739257812e-01
4.904189109802246094e-01
4.953727722167968750e-01
4.993054866790771484e-01
5.036833286285400391e-01
5.084524154663085938e-01
5.131168365478515625e-01
5.169486999511718750e-01
5.210266113281250000e-01
5.248126983642578125e-01
5.286083221435546875e-01
5.322556495666503906e-01
5.359954833984375000e-01
5.385472774505615234e-01
5.420186519622802734e-01
5.451300144195556641e-01
5.493028163909912109e-01
5.529372692108154297e-01
5.566389560699462891e-01
5.603268146514892578e-01
5.639615058898925781e-01
5.684139728546142578e-01
5.722591876983642578e-01
5.765223503112792969e-01
5.800197124481201172e-01
5.843243598937988281e-01
5.890777111053466797e-01
5.937519073486328125e-01
5.967698097229003906e-01
6.003394126892089844e-01
6.040072441101074219e-01
6.077864170074462891e-01
6.118726730346679688e-01
6.164770126342773438e-01
6.204397678375244141e-01
6.246182918548583984e-01
6.291422843933105469e-01
6.327168941497802734e-01
6.374614238739013672e-01
6.418583393096923828e-01
6.458644866943359375e-01
6.495957374572753906e-01
6.544959545135498047e-01
6.585867404937744141e-01
6.625654697418212891e-01
6.666979789733886719e-01
6.704022884368896484e-01
6.745586395263671875e-01
6.786463260650634766e-01
6.828339099884033203e-01
6.871564388275146484e-01
6.906824111938476562e-01
6.955747604370117188e-01
6.990702152252197266e-01
7.026741504669189453e-01
7.063500881195068359e-01
7.110419273376464844e-01
7.144470214843750000e-01
7.173292636871337891e-01
7.205936908721923828e-01
7.244770526885986328e-01
7.278451919555664062e-01
7.315659523010253906e-01
7.349057197570800781e-01
7.385110855102539062e-01
7.417657375335693359e-01
7.445051670074462891e-01
7.479083538055419922e-01
7.515423297882080078e-01
7.553136348724365234e-01
7.588839530944824219e-01
7.625398635864257812e-01
7.660155296325683594e-01
7.692415714263916016e-01
7.719404697418212891e-01
7.749750614166259766e-01
7.793259620666503906e-01
7.830865383148193359e-01
7.878954410552978516e-01
7.912747859954833984e-01
7.953400611877441406e-01
7.991225719451904297e-01
8.035423755645751953e-01
8.074977397918701172e-01
8.116829395294189453e-01
8.152639865875244141e-01
8.189287185668945312e-01
8.222255706787109375e-01
8.265142440795898438e-01
8.300342559814453125e-01
8.338198661804199219e-01
8.373684883117675781e-01
8.406391143798828125e-01
8.451368808746337891e-01
8.492972850799560547e-01
8.530809879302978516e-01
8.568549156188964844e-01
8.608093261718750000e-01
8.647279739379882812e-01
8.692030906677246094e-01
8.731060028076171875e-01
8.773818016052246094e-01
8.815510272979736328e-01
8.854744434356689453e-01
8.895621299743652344e-01
8.934247493743896484e-01
8.963682651519775391e-01
8.997781276702880859e-01
9.035716056823730469e-01
9.082827568054199219e-01
9.118494987487792969e-01
9.148790836334228516e-01
9.177498817443847656e-01
9.218199253082275391e-01
9.252288341522216797e-01
9.286053180694580078e-01
9.322412014007568359e-01
9.358146190643310547e-01
9.386625289916992188e-01
9.415307044982910156e-01
9.448511600494384766e-01
9.497518539428710938e-01
9.533691406250000000e-01
9.569280147552490234e-01
9.609034061431884766e-01
9.647271633148193359e-01
9.692943096160888672e-01
9.731578826904296875e-01
9.767377376556396484e-01
9.799339771270751953e-01
9.835953712463378906e-01
9.871115684509277344e-01
9.903125762939453125e-01
9.946033954620361328e-01
9.990375041961669922e-01
1.002614498138427734e+00
1.006299734115600586e+00
1.009269237518310547e+00
1.012701511383056641e+00
1.015947103500366211e+00
1.019251823425292969e+00
1.022323608398437500e+00
1.025542020797729492e+00
1.029314041137695312e+00
1.032217502593994141e+00
1.035212516784667969e+00
1.037724018096923828e+00
1.040735006332397461e+00
1.044340372085571289e+00
1.047765970230102539e+00
1.052406311035156250e+00
1.056331396102905273e+00
1.060300111770629883e+00
1.063668012619018555e+00
1.067030668258666992e+00
1.070787906646728516e+00
1.074904441833496094e+00
1.079125881195068359e+00
1.083379507064819336e+00
1.087757587432861328e+00
1.091463565826416016e+00
1.096459388732910156e+00
1.101378440856933594e+00
1.104514598846435547e+00
1.108005285263061523e+00
1.111259460449218750e+00
1.114501237869262695e+00
1.118914365768432617e+00
1.122251987457275391e+00
1.125493764877319336e+00
1.129752874374389648e+00
1.133404016494750977e+00
1.137011051177978516e+00
1.141310930252075195e+00
1.145553112030029297e+00
1.149750232696533203e+00
1.153329133987426758e+00
1.156668901443481445e+00
1.160400152206420898e+00
1.164318561553955078e+00
1.167649269104003906e+00
1.171084403991699219e+00
1.174954652786254883e+00
1.178274154663085938e+00
1.181270360946655273e+00
1.184531450271606445e+00
1.191389083862304688e+00
1.195563316345214844e+00
1.199047088623046875e+00
1.203538179397583008e+00
1.208103418350219727e+00
1.211965322494506836e+00
1.215381860733032227e+00
1.218545198440551758e+00
1.221995115280151367e+00
1.225393772125244141e+00
1.228990077972412109e+00
1.231961965560913086e+00
1.234875917434692383e+00
1.238561153411865234e+00
1.242942571640014648e+00
1.246704339981079102e+00
1.250375270843505859e+00
1.254253149032592773e+00
1.257642030715942383e+00
1.261227607727050781e+00
1.264763116836547852e+00
1.268491029739379883e+00
1.272430896759033203e+00
1.276115179061889648e+00
1.279726982116699219e+00
1.283322572708129883e+00
1.287722349166870117e+00
1.290538072586059570e+00
1.293869018554687500e+00
1.297224760055541992e+00
1.301354408264160156e+00
1.304619789123535156e+00
1.308789968490600586e+00
1.312531471252441406e+00
1.315844774246215820e+00
1.319587230682373047e+00
1.323259353637695312e+00
1.326639413833618164e+00
1.330036640167236328e+00
1.334565639495849609e+00
1.338434934616088867e+00
1.343377113342285156e+00
1.346692562103271484e+00
1.351025104522705078e+00
1.354255199432373047e+00
1.357524871826171875e+00
1.362017869949340820e+00
1.365329742431640625e+00
1.368870019912719727e+00
1.372283220291137695e+00
1.375636577606201172e+00
1.378725528717041016e+00
1.381224393844604492e+00
1.383994579315185547e+00
1.386917591094970703e+00
1.390539169311523438e+00
1.394007444381713867e+00
1.397762060165405273e+00
1.401386499404907227e+00
1.404823780059814453e+00
1.408578395843505859e+00
1.412046432495117188e+00
1.415433883666992188e+00
1.420368671417236328e+00
1.424073934555053711e+00
1.427992582321166992e+00
1.431294202804565430e+00
1.434794187545776367e+00
1.438621997833251953e+00
1.442367315292358398e+00
1.445902347564697266e+00
1.450496435165405273e+00
1.455554723739624023e+00
1.460443735122680664e+00
1.465329647064208984e+00
1.482411146163940430e+00
1.487635850906372070e+00
1.492406606674194336e+00
1.497102975845336914e+00
1.501521825790405273e+00
1.505526542663574219e+00
1.511373996734619141e+00
1.515647888183593750e+00
1.520297765731811523e+00
1.524270057678222656e+00
1.529376506805419922e+00
1.534473419189453125e+00
1.538036346435546875e+00
1.542441606521606445e+00
1.548955202102661133e+00
1.553285121917724609e+00
1.557458400726318359e+00
1.561062097549438477e+00
1.564637899398803711e+00
1.567965984344482422e+00
1.570313692092895508e+00
1.572673082351684570e+00
1.575412511825561523e+00
1.577531337738037109e+00
1.579583644866943359e+00
1.581609249114990234e+00
1.583536148071289062e+00
1.585265874862670898e+00
1.587793111801147461e+00
1.589790344238281250e+00
1.591785192489624023e+00
1.593932151794433594e+00
1.596457719802856445e+00
1.598763942718505859e+00
1.601226568222045898e+00
1.603694677352905273e+00
1.605939865112304688e+00
1.608359813690185547e+00
1.610661506652832031e+00
1.613162994384765625e+00
1.615162849426269531e+00
1.617304086685180664e+00
1.619553089141845703e+00
1.621900081634521484e+00
1.624544858932495117e+00
1.626972675323486328e+00
1.628899812698364258e+00
1.631141901016235352e+00
1.633165597915649414e+00
1.635644912719726562e+00
1.637656927108764648e+00
1.639957427978515625e+00
1.642280578613281250e+00
1.644865036010742188e+00
1.647202014923095703e+00
1.649685859680175781e+00
1.652907133102416992e+00
1.655175924301147461e+00
1.657770395278930664e+00
1.660229206085205078e+00
1.662599325180053711e+00
1.664863109588623047e+00
1.667670249938964844e+00
1.672302722930908203e+00
1.675436019897460938e+00
1.678194999694824219e+00
1.680270671844482422e+00
1.682198524475097656e+00
1.684275627136230469e+00
1.686868429183959961e+00
1.688900947570800781e+00
1.691165685653686523e+00
1.692903280258178711e+00
1.694888591766357422e+00
1.697162151336669922e+00
1.699145555496215820e+00
1.701177597045898438e+00
1.703138589859008789e+00
1.704893589019775391e+00
1.707295894622802734e+00
1.711244344711303711e+00
1.713082790374755859e+00
1.715216159820556641e+00
1.717309951782226562e+00
1.720260620117187500e+00
1.723028898239135742e+00
1.726235389709472656e+00
1.728933811187744141e+00
1.731180191040039062e+00
1.733211755752563477e+00
1.736289501190185547e+00
1.738705635070800781e+00
1.740661144256591797e+00
1.742913246154785156e+00
1.744891643524169922e+00
1.747422933578491211e+00
1.749552488327026367e+00
1.751404762268066406e+00
1.753435134887695312e+00
1.755532979965209961e+00
1.757545471191406250e+00
1.760227203369140625e+00
1.762733459472656250e+00
1.764639377593994141e+00
1.766695499420166016e+00
1.769157886505126953e+00
1.771296262741088867e+00
1.773538351058959961e+00
1.775686740875244141e+00
1.778775691986083984e+00
1.780721902847290039e+00
1.782870292663574219e+00
1.784652948379516602e+00
1.786823034286499023e+00
1.788913965225219727e+00
1.790951251983642578e+00
1.793836355209350586e+00
1.796160459518432617e+00
1.798734426498413086e+00
1.801583766937255859e+00
1.804144859313964844e+00
1.806206464767456055e+00
1.808638811111450195e+00
1.810976982116699219e+00
1.814242601394653320e+00
1.816343307495117188e+00
1.818659067153930664e+00
1.820662260055541992e+00
1.823094367980957031e+00
1.825681447982788086e+00
1.828658819198608398e+00
1.831208467483520508e+00
1.833205461502075195e+00
1.835581541061401367e+00
1.837563276290893555e+00
1.839564561843872070e+00
1.841551303863525391e+00
1.844425678253173828e+00
1.846558094024658203e+00
1.849312782287597656e+00
1.851536512374877930e+00
1.853787899017333984e+00
1.855924844741821289e+00
1.858218193054199219e+00
1.860162019729614258e+00
1.862292051315307617e+00
1.865209579467773438e+00
1.867959976196289062e+00
1.870281219482421875e+00
1.872660636901855469e+00
1.875489950180053711e+00
1.877589941024780273e+00
1.879649877548217773e+00
1.881525039672851562e+00
1.883564710617065430e+00
1.886272668838500977e+00
1.888587474822998047e+00
1.890695810317993164e+00
1.892934560775756836e+00
1.894904136657714844e+00
1.896926641464233398e+00
1.899164915084838867e+00
1.901164054870605469e+00
1.903203725814819336e+00
1.906314849853515625e+00
1.911423444747924805e+00
1.913804531097412109e+00
1.915665388107299805e+00
1.917792081832885742e+00
1.919916629791259766e+00
1.921898841857910156e+00
1.924479246139526367e+00
1.926575422286987305e+00
1.929278373718261719e+00
1.932018756866455078e+00
1.934337854385375977e+00
1.936663627624511719e+00
1.939195394515991211e+00
1.941144704818725586e+00
1.943061351776123047e+00
1.944860696792602539e+00
1.946759223937988281e+00
1.949541807174682617e+00
1.951511621475219727e+00
1.953287601470947266e+00
1.955531835556030273e+00
1.957573413848876953e+00
1.960267782211303711e+00
1.963140964508056641e+00
1.965173006057739258e+00
1.967442750930786133e+00
1.969328165054321289e+00
1.971819162368774414e+00
1.973657131195068359e+00
1.976342916488647461e+00
1.978816509246826172e+00
1.981433391571044922e+00
1.983662843704223633e+00
1.985694885253906250e+00
1.989408254623413086e+00
1.991785287857055664e+00
1.994163751602172852e+00
1.996136903762817383e+00
1.997892618179321289e+00
1.999903202056884766e+00
2.002160787582397461e+00
2.004530906677246094e+00
2.006851911544799805e+00
2.009136676788330078e+00
2.011174917221069336e+00
2.013137578964233398e+00
2.014858722686767578e+00
2.016500234603881836e+00
2.018917322158813477e+00
2.021180152893066406e+00
2.023202419281005859e+00
2.025581598281860352e+00
2.028708219528198242e+00
2.030685901641845703e+00
2.032652854919433594e+00
2.034621000289916992e+00
2.036475658416748047e+00
2.038217306137084961e+00
2.040560960769653320e+00
2.043139219284057617e+00
2.045292615890502930e+00
2.047709941864013672e+00
2.050250530242919922e+00
2.052963018417358398e+00
2.055449724197387695e+00
2.058212518692016602e+00
2.060571670532226562e+00
2.062532424926757812e+00
2.064556837081909180e+00
2.066698074340820312e+00
2.069643735885620117e+00
2.071901559829711914e+00
2.073999881744384766e+00
2.077166557312011719e+00
2.079164505004882812e+00
2.081273317337036133e+00
2.083718299865722656e+00
2.085797071456909180e+00
2.087652683258056641e+00
2.089646816253662109e+00
2.091930627822875977e+00
2.093899011611938477e+00
2.095908641815185547e+00
2.097938776016235352e+00
2.100192785263061523e+00
2.102282285690307617e+00
2.104468107223510742e+00
2.106744050979614258e+00
2.111281156539916992e+00
2.113300800323486328e+00
2.115264892578125000e+00
2.117164611816406250e+00
2.119137048721313477e+00
2.120890855789184570e+00
2.122885465621948242e+00
2.124761104583740234e+00
2.126646995544433594e+00
2.128538370132446289e+00
2.130528926849365234e+00
2.132504463195800781e+00
2.134550571441650391e+00
2.136530399322509766e+00
2.138715982437133789e+00
2.140947103500366211e+00
2.143162012100219727e+00
2.145278215408325195e+00
2.147911787033081055e+00
2.151141405105590820e+00
2.153140306472778320e+00
2.155332565307617188e+00
2.157362461090087891e+00
2.159958600997924805e+00
2.161896228790283203e+00
2.163862943649291992e+00
2.165974617004394531e+00
2.167908906936645508e+00
2.169906377792358398e+00
2.172140121459960938e+00
2.173859834671020508e+00
2.176146507263183594e+00
2.178140163421630859e+00
2.179900646209716797e+00
2.181887149810791016e+00
2.183901309967041016e+00
2.186209917068481445e+00
2.188524007797241211e+00
2.190560817718505859e+00
2.192676305770874023e+00
2.195238351821899414e+00
2.197296142578125000e+00
2.199849605560302734e+00
2.202186107635498047e+00
2.204556465148925781e+00
2.206546783447265625e+00
2.208666086196899414e+00
2.210951566696166992e+00
2.212923049926757812e+00
2.214942932128906250e+00
2.216930150985717773e+00
2.218880176544189453e+00
2.220975637435913086e+00
2.223899602890014648e+00
2.226221323013305664e+00
2.228538513183593750e+00
2.230556726455688477e+00
2.232554197311401367e+00
2.234531641006469727e+00
2.236564874649047852e+00
2.238534688949584961e+00
2.240566253662109375e+00
2.243139982223510742e+00
2.245305299758911133e+00
2.247539281845092773e+00
2.249556064605712891e+00
2.251782894134521484e+00
2.253663778305053711e+00
2.256151199340820312e+00
2.258162975311279297e+00
2.260165452957153320e+00
2.262552499771118164e+00
2.264540195465087891e+00
2.266920566558837891e+00
2.271566152572631836e+00
2.273995637893676758e+00
2.276898145675659180e+00
2.279432058334350586e+00
2.281661987304687500e+00
2.284305572509765625e+00
2.286768198013305664e+00
2.289195060729980469e+00
2.291550874710083008e+00
2.293682336807250977e+00
2.296182155609130859e+00
2.298557996749877930e+00
2.300670862197875977e+00
2.302932500839233398e+00
2.304905652999877930e+00
2.307147502899169922e+00
2.309511899948120117e+00
2.311788082122802734e+00
2.313660621643066406e+00
2.318418264389038086e+00
2.320547819137573242e+00
2.322682857513427734e+00
2.324788331985473633e+00
2.327162981033325195e+00
2.329166173934936523e+00
2.331287622451782227e+00
2.333296537399291992e+00
2.335951328277587891e+00
2.338217020034790039e+00
2.340273380279541016e+00
2.342719793319702148e+00
2.344825267791748047e+00
2.347242593765258789e+00
2.349534273147583008e+00
2.351526260375976562e+00
2.353502988815307617e+00
2.355659008026123047e+00
2.358196496963500977e+00
2.360532045364379883e+00
2.363208055496215820e+00
2.365141630172729492e+00
2.366882085800170898e+00
2.368788719177246094e+00
2.370582580566406250e+00
2.372764110565185547e+00
2.374757289886474609e+00
2.376480340957641602e+00
2.378321647644042969e+00
2.380269289016723633e+00
2.382150888442993164e+00
2.384188175201416016e+00
2.386204242706298828e+00
2.391914129257202148e+00
2.394667387008666992e+00
2.396633625030517578e+00
2.398632526397705078e+00
2.400526285171508789e+00
2.403256893157958984e+00
2.405556201934814453e+00
2.408141851425170898e+00
2.410672903060913086e+00
2.413311004638671875e+00
2.415256977081298828e+00
2.417274951934814453e+00
2.419536352157592773e+00
2.421518802642822266e+00
2.423791408538818359e+00
2.425971984863281250e+00
2.429155349731445312e+00
2.431750059127807617e+00
2.434203863143920898e+00
2.436833381652832031e+00
2.439224958419799805e+00
2.441928863525390625e+00
2.444794893264770508e+00
2.446914911270141602e+00
2.449370145797729492e+00
2.451660871505737305e+00
2.453668832778930664e+00
2.455646514892578125e+00
2.458230733871459961e+00
2.461527585983276367e+00
2.464208364486694336e+00
2.467016220092773438e+00
2.470382213592529297e+00
2.472941875457763672e+00
2.476023674011230469e+00
2.478462934494018555e+00
2.480563163757324219e+00
2.482946634292602539e+00
2.485210657119750977e+00
2.487872362136840820e+00
2.490241527557373047e+00
2.492243528366088867e+00
2.493878841400146484e+00
2.496288537979125977e+00
2.498323917388916016e+00
2.500534534454345703e+00
2.502802848815917969e+00
2.505706787109375000e+00
2.509217023849487305e+00
2.511708974838256836e+00
2.514258861541748047e+00
2.517246246337890625e+00
2.519815206527709961e+00
2.521898984909057617e+00
2.524230718612670898e+00
2.526303768157958984e+00
2.528572559356689453e+00
2.530570983886718750e+00
2.532528162002563477e+00
2.534545660018920898e+00
2.536822080612182617e+00
2.538827180862426758e+00
2.540719270706176758e+00
2.543262481689453125e+00
2.545294284820556641e+00
2.548532009124755859e+00
2.550681114196777344e+00
2.552693367004394531e+00
2.554674148559570312e+00
2.556663036346435547e+00
2.559179544448852539e+00
2.561738967895507812e+00
2.564395666122436523e+00
2.566891670227050781e+00
2.569430112838745117e+00
2.571833610534667969e+00
2.574086189270019531e+00
2.576195478439331055e+00
2.579213619232177734e+00
2.581755161285400391e+00
2.584156990051269531e+00
2.586223840713500977e+00
2.589534997940063477e+00
2.592296838760375977e+00
2.594475507736206055e+00
2.596523046493530273e+00
2.598551273345947266e+00
2.600669384002685547e+00
2.603177309036254883e+00
2.605159997940063477e+00
2.607178211212158203e+00
2.609791040420532227e+00
2.611631155014038086e+00
2.613640069961547852e+00
2.616563320159912109e+00
2.619229793548583984e+00
2.621539592742919922e+00
2.623675823211669922e+00
2.625782489776611328e+00
2.629647016525268555e+00
2.631652116775512695e+00
2.633662700653076172e+00
2.636144638061523438e+00
2.638152599334716797e+00
2.640151500701904297e+00
2.643119573593139648e+00
2.645554542541503906e+00
2.647858142852783203e+00
2.650192260742187500e+00
2.652212858200073242e+00
2.654718637466430664e+00
2.657161474227905273e+00
2.659538507461547852e+00
2.661671400070190430e+00
2.664243221282958984e+00
2.668041467666625977e+00
2.670526981353759766e+00
2.673186302185058594e+00
2.675655603408813477e+00
2.677515029907226562e+00
2.679695606231689453e+00
2.682229280471801758e+00
2.684989929199218750e+00
2.688240528106689453e+00
2.690844774246215820e+00
2.693449258804321289e+00
2.696489095687866211e+00
2.698942422866821289e+00
2.701335191726684570e+00
2.703841686248779297e+00
2.706604242324829102e+00
2.712177515029907227e+00
2.714560031890869141e+00
2.717115402221679688e+00
2.718911647796630859e+00
2.720894575119018555e+00
2.723335742950439453e+00
2.725572586059570312e+00
2.727717638015747070e+00
2.730190515518188477e+00
2.732565641403198242e+00
2.735243320465087891e+00
2.737573385238647461e+00
2.739685535430908203e+00
2.741891384124755859e+00
2.743956089019775391e+00
2.745898723602294922e+00
2.748259544372558594e+00
2.750727176666259766e+00
2.753131628036499023e+00
2.755302429199218750e+00
2.757543563842773438e+00
2.760727405548095703e+00
2.763534545898437500e+00
2.765900373458862305e+00
2.768322944641113281e+00
2.770712614059448242e+00
2.772933244705200195e+00
2.775477170944213867e+00
2.777843236923217773e+00
2.780498743057250977e+00
2.782805681228637695e+00
2.785800457000732422e+00
2.788573503494262695e+00
2.790826559066772461e+00
2.793828010559082031e+00
2.796316385269165039e+00
2.798720598220825195e+00
2.801278114318847656e+00
2.803251028060913086e+00
2.805136680603027344e+00
2.807399272918701172e+00
2.809253215789794922e+00
2.811113357543945312e+00
2.812840461730957031e+00
2.815169572830200195e+00
2.817191600799560547e+00
2.819421052932739258e+00
2.821668148040771484e+00
2.824168205261230469e+00
2.826274871826171875e+00
2.830885171890258789e+00
2.832899093627929688e+00
2.835129261016845703e+00
2.837133646011352539e+00
2.839163780212402344e+00
2.841429233551025391e+00
2.843961238861083984e+00
2.846714735031127930e+00
2.849232912063598633e+00
2.851969003677368164e+00
2.854202985763549805e+00
2.856276035308837891e+00
2.858638048171997070e+00
2.861142635345458984e+00
2.863761425018310547e+00
2.866173505783081055e+00
2.869143724441528320e+00
2.871120452880859375e+00
2.873395681381225586e+00
2.876401901245117188e+00
2.878318309783935547e+00
2.880256175994873047e+00
2.882235288619995117e+00
2.884719133377075195e+00
2.887301921844482422e+00
2.889294862747192383e+00
2.891730070114135742e+00
2.893649101257324219e+00
2.895618677139282227e+00
2.898287773132324219e+00
2.900552988052368164e+00
2.902598142623901367e+00
2.905210733413696289e+00
2.908860445022583008e+00
2.911507606506347656e+00
2.913881301879882812e+00
2.915920257568359375e+00
2.918171644210815430e+00
2.920524120330810547e+00
2.922712802886962891e+00
2.924917221069335938e+00
2.927142620086669922e+00
2.929200410842895508e+00
2.931142091751098633e+00
2.933128595352172852e+00
2.935129404067993164e+00
2.937275886535644531e+00
2.939784049987792969e+00
2.941891431808471680e+00
2.944391965866088867e+00
2.946476459503173828e+00
2.948509454727172852e+00
2.950536251068115234e+00
2.953165054321289062e+00
2.955771684646606445e+00
2.957768201828002930e+00
2.959938287734985352e+00
2.962233066558837891e+00
2.964246034622192383e+00
2.966286420822143555e+00
2.969398021697998047e+00
2.971804380416870117e+00
2.973622560501098633e+00
2.976360321044921875e+00
2.978708505630493164e+00
2.980900764465332031e+00
2.982847690582275391e+00
2.984611272811889648e+00
2.987813472747802734e+00
2.990185499191284180e+00
2.992506980895996094e+00
2.994624614715576172e+00
2.996515274047851562e+00
2.998661994934082031e+00
3.000646352767944336e+00
3.003147602081298828e+00
3.005137681961059570e+00
3.007644891738891602e+00
3.009638309478759766e+00
3.013172388076782227e+00
3.015922784805297852e+00
3.018145561218261719e+00
3.020321846008300781e+00
3.022844314575195312e+00
3.025155305862426758e+00
3.028910160064697266e+00
3.031171321868896484e+00
3.033129692077636719e+00
3.035315036773681641e+00
3.037646293640136719e+00
3.040442705154418945e+00
3.043673038482666016e+00
3.046487808227539062e+00
3.048503160476684570e+00
3.050899982452392578e+00
3.052893161773681641e+00
3.055163145065307617e+00
3.057389974594116211e+00
3.059775590896606445e+00
3.061779260635375977e+00
3.063669919967651367e+00
3.065782546997070312e+00
3.070487976074218750e+00
3.073382616043090820e+00
3.076278448104858398e+00
3.078919172286987305e+00
3.081136465072631836e+00
3.083484411239624023e+00
3.086212873458862305e+00
3.088270187377929688e+00
3.090270280838012695e+00
3.092510938644409180e+00
3.094718456268310547e+00
3.096884012222290039e+00
3.098908662796020508e+00
3.100928783416748047e+00
3.103114843368530273e+00
3.105112314224243164e+00
3.109426975250244141e+00
3.111945629119873047e+00
3.114494323730468750e+00
3.116715669631958008e+00
3.119451284408569336e+00
3.121694803237915039e+00
3.124679803848266602e+00
3.126880407333374023e+00
3.129213809967041016e+00
3.132172822952270508e+00
3.134165525436401367e+00
3.136166095733642578e+00
3.138273000717163086e+00
3.140239000320434570e+00
3.142109394073486328e+00
3.143745899200439453e+00
3.145658731460571289e+00
3.148271560668945312e+00
3.150691986083984375e+00
3.152631521224975586e+00
3.154511451721191406e+00
3.156258821487426758e+00
3.158334493637084961e+00
3.160675287246704102e+00
3.162926912307739258e+00
3.164909124374389648e+00
3.167163133621215820e+00
3.169148921966552734e+00
3.171176433563232422e+00
3.173136234283447266e+00
3.175153732299804688e+00
3.177134037017822266e+00
3.179327964782714844e+00
3.181892871856689453e+00
3.183905124664306641e+00
3.185603857040405273e+00
3.188550472259521484e+00
3.190600395202636719e+00
3.193302392959594727e+00
3.195518493652343750e+00
3.197512865066528320e+00
3.199518918991088867e+00
3.201683521270751953e+00
3.203775405883789062e+00
3.205836772918701172e+00
3.208167314529418945e+00
3.210475921630859375e+00
3.212766885757446289e+00
3.214861631393432617e+00
3.217128753662109375e+00
3.219321727752685547e+00
3.221547365188598633e+00
3.223735570907592773e+00
3.225821256637573242e+00
3.228252649307250977e+00
3.230529546737670898e+00
3.232508182525634766e+00
3.234527349472045898e+00
3.237026929855346680e+00
3.239274263381958008e+00
3.241728782653808594e+00
3.243904829025268555e+00
3.245894432067871094e+00
3.248152017593383789e+00
3.250192403793334961e+00
3.252284049987792969e+00
3.254273414611816406e+00
3.256274700164794922e+00
3.258541345596313477e+00
3.260527849197387695e+00
3.262671232223510742e+00
3.264665842056274414e+00
3.267977237701416016e+00
3.270531654357910156e+00
3.272537231445312500e+00
3.274663686752319336e+00
3.276917457580566406e+00
3.279152154922485352e+00
3.281140089035034180e+00
3.283171415328979492e+00
3.285119533538818359e+00
3.286901712417602539e+00
3.288925170898437500e+00
3.291321516036987305e+00
3.294379472732543945e+00
3.297008275985717773e+00
3.299331188201904297e+00
3.301665306091308594e+00
3.304177284240722656e+00
3.306285381317138672e+00
3.311203718185424805e+00
3.313680648803710938e+00
3.316142797470092773e+00
3.318811655044555664e+00
3.320881843566894531e+00
3.322889089584350586e+00
3.324638128280639648e+00
3.326642036437988281e+00
3.328505516052246094e+00
3.330290794372558594e+00
3.332252979278564453e+00
3.334115505218505859e+00
3.335834503173828125e+00
3.338151693344116211e+00
3.340120315551757812e+00
3.342160701751708984e+00
3.344128131866455078e+00
3.346157312393188477e+00
3.348659992218017578e+00
3.351526498794555664e+00
3.353504657745361328e+00
3.356214523315429688e+00
3.359340429306030273e+00
3.361646890640258789e+00
3.364196062088012695e+00
3.366669178009033203e+00
3.369262933731079102e+00
3.371767282485961914e+00
3.374157190322875977e+00
3.376178503036499023e+00
3.378139019012451172e+00
3.380153894424438477e+00
3.382116317749023438e+00
3.384139299392700195e+00
3.386140108108520508e+00
3.388630151748657227e+00
3.390946388244628906e+00
3.396118164062500000e+00
3.397882223129272461e+00
3.399879693984985352e+00
3.402258634567260742e+00
3.404473543167114258e+00
3.406643629074096680e+00
3.408634185791015625e+00
3.410641193389892578e+00
3.412504196166992188e+00
3.414669036865234375e+00
3.416780233383178711e+00
3.418656110763549805e+00
3.420920610427856445e+00
3.422922849655151367e+00
3.425140380859375000e+00
3.428263187408447266e+00
3.431517839431762695e+00
3.433479070663452148e+00
3.435274839401245117e+00
3.437276124954223633e+00
3.439545154571533203e+00
3.442146539688110352e+00
3.444520711898803711e+00
3.446516275405883789e+00
3.448517322540283203e+00
3.450546979904174805e+00
3.452527284622192383e+00
3.454525232315063477e+00
3.456508636474609375e+00
3.458655834197998047e+00
3.460637331008911133e+00
3.463202953338623047e+00
3.465570926666259766e+00
3.468829870223999023e+00
3.471183061599731445e+00
3.473186254501342773e+00
3.475410223007202148e+00
3.477369070053100586e+00
3.479274749755859375e+00
3.481299161911010742e+00
3.483679294586181641e+00
3.485643386840820312e+00
3.488145112991333008e+00
3.490421056747436523e+00
3.492526054382324219e+00
3.494544267654418945e+00
3.496510982513427734e+00
3.498528480529785156e+00
3.500525712966918945e+00
3.502532243728637695e+00
3.504523038864135742e+00
3.506647348403930664e+00
3.511317729949951172e+00
3.513514041900634766e+00
3.515507459640502930e+00
3.517568826675415039e+00
3.520650386810302734e+00
3.522901296615600586e+00
3.525121688842773438e+00
3.527137994766235352e+00
3.529120683670043945e+00
3.530836820602416992e+00
3.532378673553466797e+00
3.534304380416870117e+00
3.536298990249633789e+00
3.538296222686767578e+00
3.540317058563232422e+00
3.542414426803588867e+00
3.544260978698730469e+00
3.546180248260498047e+00
3.548781394958496094e+00
3.550909280776977539e+00
3.552871227264404297e+00
3.554876565933227539e+00
3.556903839111328125e+00
3.559301376342773438e+00
3.561263561248779297e+00
3.563267946243286133e+00
3.565319776535034180e+00
3.567652463912963867e+00
3.569970607757568359e+00
3.572164773941040039e+00
3.574476003646850586e+00
3.576593875885009766e+00
3.579365730285644531e+00
3.582199335098266602e+00
3.584816455841064453e+00
3.587522029876708984e+00
3.590514659881591797e+00
3.593225002288818359e+00
3.595507144927978516e+00
3.597566366195678711e+00
3.599510908126831055e+00
3.601630687713623047e+00
3.603833436965942383e+00
3.606231212615966797e+00
3.608699083328247070e+00
3.611728429794311523e+00
3.614280223846435547e+00
3.616972208023071289e+00
3.619180202484130859e+00
3.621171236038208008e+00
3.623361110687255859e+00
3.625565290451049805e+00
3.627891063690185547e+00
3.629868268966674805e+00
3.632128477096557617e+00
3.634108066558837891e+00
3.636832475662231445e+00
3.639192104339599609e+00
3.642382860183715820e+00
3.644524574279785156e+00
3.646588802337646484e+00
3.648481845855712891e+00
3.650412321090698242e+00
3.652803897857666016e+00
3.655813217163085938e+00
3.658313989639282227e+00
3.660871028900146484e+00
3.663256406784057617e+00
3.666228771209716797e+00
3.670440912246704102e+00
3.673960685729980469e+00
3.677234888076782227e+00
3.681004285812377930e+00
3.684262275695800781e+00
3.687497377395629883e+00
3.690457344055175781e+00
3.693522214889526367e+00
3.696892976760864258e+00
3.700273752212524414e+00
3.703344583511352539e+00
3.706505298614501953e+00
3.711221218109130859e+00
3.714506626129150391e+00
3.718463659286499023e+00
3.722026586532592773e+00
3.724903345108032227e+00
3.727890014648437500e+00
3.731999635696411133e+00
3.735262155532836914e+00
3.738516569137573242e+00
3.741653680801391602e+00
3.744348049163818359e+00
3.748844146728515625e+00
3.751723527908325195e+00
3.754974365234375000e+00
3.757965326309204102e+00
3.760848045349121094e+00
3.764724493026733398e+00
3.769018411636352539e+00
3.772633314132690430e+00
3.776536464691162109e+00
3.780909061431884766e+00
3.785254478454589844e+00
3.789322853088378906e+00
3.793422698974609375e+00
3.797561168670654297e+00
3.801854848861694336e+00
3.805455207824707031e+00
3.810364246368408203e+00
3.815359115600585938e+00
3.820525169372558594e+00
3.825229167938232422e+00
3.829224109649658203e+00
3.833298921585083008e+00
3.838000297546386719e+00
3.842609405517578125e+00
3.846555948257446289e+00
3.850325107574462891e+00
3.855282545089721680e+00
3.858879566192626953e+00
3.862660408020019531e+00
3.866684913635253906e+00
3.872386693954467773e+00
3.876798868179321289e+00
3.880996704101562500e+00
3.884847164154052734e+00
3.888211965560913086e+00
3.891655921936035156e+00
3.895609855651855469e+00
3.899416446685791016e+00
3.904040575027465820e+00
3.911334991455078125e+00
3.915879011154174805e+00
3.920368909835815430e+00
3.925002813339233398e+00
3.928637504577636719e+00
3.932416200637817383e+00
3.936773777008056641e+00
3.940511226654052734e+00
3.944422006607055664e+00
3.948423147201538086e+00
3.952240943908691406e+00
3.956029415130615234e+00
3.960548400878906250e+00
3.964541912078857422e+00
3.969367504119873047e+00
3.973282098770141602e+00
3.977070093154907227e+00
3.980201244354248047e+00
3.983240604400634766e+00
3.986695289611816406e+00
3.991255521774291992e+00
3.995630502700805664e+00
3.999283313751220703e+00
4.002954006195068359e+00
4.007292985916137695e+00
4.010750055313110352e+00
4.014734506607055664e+00
4.019326448440551758e+00
4.023002624511718750e+00
4.027040004730224609e+00
4.030898571014404297e+00
4.034585237503051758e+00
4.038359880447387695e+00
4.043362140655517578e+00
4.046903371810913086e+00
4.050628662109375000e+00
4.054793596267700195e+00
4.058624982833862305e+00
4.062227487564086914e+00
4.066024303436279297e+00
4.070346832275390625e+00
4.074815034866333008e+00
4.078593492507934570e+00
4.081993103027343750e+00
4.085475444793701172e+00
4.089225053787231445e+00
4.093020915985107422e+00
4.096796512603759766e+00
4.100423812866210938e+00
4.104436874389648438e+00
4.109953641891479492e+00
4.114240407943725586e+00
4.118611097335815430e+00
4.122672796249389648e+00
4.126747131347656250e+00
4.130432605743408203e+00
4.135411739349365234e+00
4.139230728149414062e+00
4.142996788024902344e+00
4.147355079650878906e+00
4.151422739028930664e+00
4.155430316925048828e+00
4.159682512283325195e+00
4.164013385772705078e+00
4.168249845504760742e+00
4.172535896301269531e+00
4.177385568618774414e+00
4.182281017303466797e+00
4.186377286911010742e+00
4.191604375839233398e+00
4.196352720260620117e+00
4.200695514678955078e+00
4.205353736877441406e+00
4.209665536880493164e+00
4.214385747909545898e+00
4.218537807464599609e+00
4.222313642501831055e+00
4.226473093032836914e+00
4.231733798980712891e+00
4.236361026763916016e+00
4.240786790847778320e+00
4.245325326919555664e+00
4.249539375305175781e+00
4.253305673599243164e+00
4.257104873657226562e+00
4.261389732360839844e+00
4.265272378921508789e+00
4.269245147705078125e+00
4.273339033126831055e+00
4.278360843658447266e+00
4.282244682312011719e+00
4.286540746688842773e+00
4.289964437484741211e+00
4.293265104293823242e+00
4.297512769699096680e+00
4.302387237548828125e+00
4.307296752929687500e+00
4.312447071075439453e+00
4.316460609436035156e+00
4.321340560913085938e+00
4.326051473617553711e+00
4.330381393432617188e+00
4.335383653640747070e+00
4.340333461761474609e+00
4.344652175903320312e+00
4.349686145782470703e+00
4.354351282119750977e+00
4.359349966049194336e+00
4.363492727279663086e+00
4.367571353912353516e+00
4.372052907943725586e+00
4.376100301742553711e+00
4.380718469619750977e+00
4.385304927825927734e+00
4.389836311340332031e+00
4.394355773925781250e+00
4.398317337036132812e+00
4.402716636657714844e+00
4.407383203506469727e+00
4.412301778793334961e+00
4.417031049728393555e+00
4.421102046966552734e+00
4.425527095794677734e+00
4.431278228759765625e+00
4.435337781906127930e+00
4.440396070480346680e+00
4.444847583770751953e+00
4.449372529983520508e+00
4.454004764556884766e+00
4.458218574523925781e+00
4.462666511535644531e+00
4.467363119125366211e+00
4.472374916076660156e+00
4.477329254150390625e+00
4.481425523757934570e+00
4.485753297805786133e+00
4.489554643630981445e+00
4.493470191955566406e+00
4.497400045394897461e+00
4.502338409423828125e+00
4.507080078125000000e+00
4.513143301010131836e+00
4.516484498977661133e+00
4.519967794418334961e+00
4.523464202880859375e+00
4.527070522308349609e+00
4.530205726623535156e+00
4.533482551574707031e+00
4.538384914398193359e+00
4.542828798294067383e+00
4.547319412231445312e+00
4.552361726760864258e+00
4.557313680648803711e+00
4.561395883560180664e+00
4.564687013626098633e+00
4.568375110626220703e+00
4.572347879409790039e+00
4.575897693634033203e+00
4.580040454864501953e+00
4.584318637847900391e+00
4.588252067565917969e+00
4.591972827911376953e+00
4.595510244369506836e+00
4.599286079406738281e+00
4.602781772613525391e+00
4.606384515762329102e+00
4.611051797866821289e+00
4.615241527557373047e+00
4.619039773941040039e+00
4.622563838958740234e+00
4.629020690917968750e+00
4.633510112762451172e+00
4.637552261352539062e+00
4.641518354415893555e+00
4.646362066268920898e+00
4.651366949081420898e+00
4.656370401382446289e+00
4.661418199539184570e+00
4.666404247283935547e+00
4.671874046325683594e+00
4.676830530166625977e+00
4.680722951889038086e+00
4.685009002685546875e+00
4.689490318298339844e+00
4.694003582000732422e+00
4.698345184326171875e+00
4.703480243682861328e+00
4.709267616271972656e+00
4.713241577148437500e+00
4.717042922973632812e+00
4.721516370773315430e+00
4.725985288619995117e+00
4.730378389358520508e+00
4.735381126403808594e+00
4.739475011825561523e+00
4.743217468261718750e+00
4.747555494308471680e+00
4.751523971557617188e+00
4.755516290664672852e+00
4.759818077087402344e+00
4.764283418655395508e+00
4.768564224243164062e+00
4.772974729537963867e+00
4.777357339859008789e+00
4.782407522201538086e+00
4.787084817886352539e+00
4.791450738906860352e+00
4.796158075332641602e+00
4.799784183502197266e+00
4.803303241729736328e+00
4.807846546173095703e+00
4.812223434448242188e+00
4.815895080566406250e+00
4.819689035415649414e+00
4.823289155960083008e+00
4.827113866806030273e+00
4.830658197402954102e+00
4.834810018539428711e+00
4.839411735534667969e+00
4.843834638595581055e+00
4.848348379135131836e+00
4.853501081466674805e+00
4.857240438461303711e+00
4.860970258712768555e+00
4.865241289138793945e+00
4.870039701461791992e+00
4.874336242675781250e+00
4.879251003265380859e+00
4.883511304855346680e+00
4.887397289276123047e+00
4.891354799270629883e+00
4.895551443099975586e+00
4.899857521057128906e+00
4.904310941696166992e+00
4.910289525985717773e+00
4.915362119674682617e+00
4.919535875320434570e+00
4.923635005950927734e+00
4.928055524826049805e+00
4.932059764862060547e+00
4.935855627059936523e+00
4.940003395080566406e+00
4.943381547927856445e+00
4.946640014648437500e+00
4.950644016265869141e+00
4.954927921295166016e+00
4.958710908889770508e+00
4.963474750518798828e+00
4.967520713806152344e+00
4.972317457199096680e+00
4.977365016937255859e+00
4.982335329055786133e+00
4.987344264984130859e+00
4.992402791976928711e+00
4.996350049972534180e+00
5.000901699066162109e+00
5.005354404449462891e+00
5.009535312652587891e+00
5.014405488967895508e+00
5.019455194473266602e+00
5.023733615875244141e+00
5.029264450073242188e+00
5.033074140548706055e+00
5.037265300750732422e+00
5.041381835937500000e+00
5.045897483825683594e+00
5.050484657287597656e+00
5.054658651351928711e+00
5.058810234069824219e+00
5.063355922698974609e+00
5.069032192230224609e+00
5.073219537734985352e+00
5.077972173690795898e+00
5.081236362457275391e+00
5.085385322570800781e+00
5.089141130447387695e+00
5.093550443649291992e+00
5.097997903823852539e+00
5.102332830429077148e+00
5.106264829635620117e+00
5.114430665969848633e+00
5.118507146835327148e+00
5.122284889221191406e+00
5.126562595367431641e+00
5.130962610244750977e+00
5.135476112365722656e+00
5.140354871749877930e+00
5.144535303115844727e+00
5.148829936981201172e+00
5.153043508529663086e+00
5.156865119934082031e+00
5.161408662796020508e+00
5.166260719299316406e+00
5.170685291290283203e+00
5.175360918045043945e+00
5.180368423461914062e+00
5.185015201568603516e+00
5.189057588577270508e+00
5.194394826889038086e+00
5.199354887008666992e+00
5.204319000244140625e+00
5.208415746688842773e+00
5.212689399719238281e+00
5.217382907867431641e+00
5.221385478973388672e+00
5.226322412490844727e+00
5.230730056762695312e+00
5.234317541122436523e+00
5.238323688507080078e+00
5.243216514587402344e+00
5.247360944747924805e+00
5.252011299133300781e+00
5.256065845489501953e+00
5.260284900665283203e+00
5.264379024505615234e+00
5.268883705139160156e+00
5.272575855255126953e+00
5.276657104492187500e+00
5.281245470046997070e+00
5.285453319549560547e+00
5.290345191955566406e+00
5.294215440750122070e+00
5.298525810241699219e+00
5.303480148315429688e+00
5.309629917144775391e+00
5.313668251037597656e+00
5.317965745925903320e+00
5.321961164474487305e+00
5.326381206512451172e+00
5.331343173980712891e+00
5.336196184158325195e+00
5.340685367584228516e+00
5.345343351364135742e+00
5.350004196166992188e+00
5.354485034942626953e+00
5.359453678131103516e+00
5.364386796951293945e+00
5.369354248046875000e+00
5.374289274215698242e+00
5.379366159439086914e+00
5.384315729141235352e+00
5.388675928115844727e+00
5.393351554870605469e+00
5.397650957107543945e+00
5.402383327484130859e+00
5.407469511032104492e+00
5.411396503448486328e+00
5.416347026824951172e+00
5.421367645263671875e+00
5.426327705383300781e+00
5.431358098983764648e+00
5.436382055282592773e+00
5.441277503967285156e+00
5.445536375045776367e+00
5.449598550796508789e+00
5.453955411911010742e+00
5.458365201950073242e+00
5.463049888610839844e+00
5.468139171600341797e+00
5.472313880920410156e+00
5.477365493774414062e+00
5.482001781463623047e+00
5.486272335052490234e+00
5.490314960479736328e+00
5.494756221771240234e+00
5.498838186264038086e+00
5.503341197967529297e+00
5.509039163589477539e+00
5.512574434280395508e+00
5.515857219696044922e+00
5.519335269927978516e+00
5.523372173309326172e+00
5.527299404144287109e+00
5.531634569168090820e+00
5.536367177963256836e+00
5.541083335876464844e+00
5.545016288757324219e+00
5.549994230270385742e+00
5.554385185241699219e+00
5.559408187866210938e+00
5.564245462417602539e+00
5.568343877792358398e+00
5.573376417160034180e+00
5.578408956527709961e+00
5.583371877670288086e+00
5.588768720626831055e+00
5.593357563018798828e+00
5.598341464996337891e+00
5.603371858596801758e+00
5.608250379562377930e+00
5.612364292144775391e+00
5.616497993469238281e+00
5.621227502822875977e+00
5.625100612640380859e+00
5.629509449005126953e+00
5.633378267288208008e+00
5.636857032775878906e+00
5.640451669692993164e+00
5.644649267196655273e+00
5.649332523345947266e+00
5.653397321701049805e+00
5.658011198043823242e+00
5.661995172500610352e+00
5.666005134582519531e+00
5.671347856521606445e+00
5.676970958709716797e+00
5.680352210998535156e+00
5.684334754943847656e+00
5.689371824264526367e+00
5.694369316101074219e+00
5.699470043182373047e+00
5.704305410385131836e+00
5.712255239486694336e+00
5.716318368911743164e+00
5.720655679702758789e+00
5.724966764450073242e+00
5.728959798812866211e+00
5.733598709106445312e+00
5.737546205520629883e+00
5.741556882858276367e+00
5.746334314346313477e+00
5.750700235366821289e+00
5.755361795425415039e+00
5.760364294052124023e+00
5.764420270919799805e+00
5.769043445587158203e+00
5.772605895996093750e+00
5.776419878005981445e+00
5.780624389648437500e+00
5.784227132797241211e+00
5.788211345672607422e+00
5.793616771697998047e+00
5.797501802444458008e+00
5.801607847213745117e+00
5.805205583572387695e+00
5.809062242507934570e+00
5.813538074493408203e+00
5.817457914352416992e+00
5.822032690048217773e+00
5.826439380645751953e+00
5.832947969436645508e+00
5.837070703506469727e+00
5.841240167617797852e+00
5.845827579498291016e+00
5.850224256515502930e+00
5.854333400726318359e+00
5.859032392501831055e+00
5.863370418548583984e+00
5.868051052093505859e+00
5.872317790985107422e+00
5.877327919006347656e+00
5.882400512695312500e+00
5.887378454208374023e+00
5.892360448837280273e+00
5.896291494369506836e+00
5.900593757629394531e+00
5.904729604721069336e+00
5.909180879592895508e+00
5.913664579391479492e+00
5.917206048965454102e+00
5.921386480331420898e+00
5.925993442535400391e+00
5.930064439773559570e+00
5.934325456619262695e+00
5.939374446868896484e+00
5.944365978240966797e+00
5.949317216873168945e+00
5.954359292984008789e+00
5.959991931915283203e+00
5.964022874832153320e+00
5.967514276504516602e+00
5.971427917480468750e+00
5.976344823837280273e+00
5.980959177017211914e+00
5.985203027725219727e+00
5.989422559738159180e+00
5.993517875671386719e+00
5.997565984725952148e+00
6.001977205276489258e+00
6.005996942520141602e+00
6.010297775268554688e+00
6.015063047409057617e+00
6.019008636474609375e+00
6.023062705993652344e+00
6.027484893798828125e+00
6.031811714172363281e+00
6.036032915115356445e+00
6.039991617202758789e+00
6.044355630874633789e+00
6.049360990524291992e+00
6.054337024688720703e+00
6.059284210205078125e+00
6.064270734786987305e+00
6.068341016769409180e+00
6.073031902313232422e+00
6.076581478118896484e+00
6.080227851867675781e+00
6.084200620651245117e+00
6.087951660156250000e+00
6.091581583023071289e+00
6.095039367675781250e+00
6.098347187042236328e+00
6.102200269699096680e+00
6.106201410293579102e+00
6.112478494644165039e+00
6.117203950881958008e+00
6.121494054794311523e+00
6.125398635864257812e+00
6.129808425903320312e+00
6.134496688842773438e+00
6.138647794723510742e+00
6.143318176269531250e+00
6.149158954620361328e+00
6.153357267379760742e+00
6.158039569854736328e+00
6.162265777587890625e+00
6.166333198547363281e+00
6.170657634735107422e+00
6.175329446792602539e+00
6.180030107498168945e+00
6.184235334396362305e+00
6.189352512359619141e+00
6.194497585296630859e+00
6.199252128601074219e+00
6.204331159591674805e+00
6.208407163619995117e+00
6.212400197982788086e+00
6.216291904449462891e+00
6.220399379730224609e+00
6.224246501922607422e+00
6.228970050811767578e+00
6.233233213424682617e+00
6.236833095550537109e+00
6.241464138031005859e+00
6.246497392654418945e+00
6.251299381256103516e+00
6.254998683929443359e+00
6.259319305419921875e+00
6.264324426651000977e+00
6.268953561782836914e+00
6.273308515548706055e+00
6.277797460556030273e+00
6.281640768051147461e+00
6.285780906677246094e+00
6.289341211318969727e+00
6.293202638626098633e+00
6.297327280044555664e+00
6.301429271697998047e+00
6.306318759918212891e+00
6.311821937561035156e+00
6.316311120986938477e+00
6.320369482040405273e+00
6.324077367782592773e+00
6.328498601913452148e+00
6.333319187164306641e+00
6.337989330291748047e+00
6.342337608337402344e+00
6.346483707427978516e+00
6.349903106689453125e+00
6.354377031326293945e+00
6.358103752136230469e+00
6.361470699310302734e+00
6.364953041076660156e+00
6.368201017379760742e+00
6.371218919754028320e+00
6.374214649200439453e+00
6.377253532409667969e+00
6.381014347076416016e+00
6.384608268737792969e+00
6.388983249664306641e+00
6.392995357513427734e+00
6.397357702255249023e+00
6.401855230331420898e+00
6.405785083770751953e+00
6.410221338272094727e+00
6.413962602615356445e+00
6.417476654052734375e+00
6.421268701553344727e+00
6.424956798553466797e+00
6.430233478546142578e+00
6.434235095977783203e+00
6.438041925430297852e+00
6.442434787750244141e+00
6.447367191314697266e+00
6.452349424362182617e+00
6.457028150558471680e+00
6.461235761642456055e+00
6.466385126113891602e+00
6.470409631729125977e+00
6.474725723266601562e+00
6.478834390640258789e+00
6.482715368270874023e+00
6.486793994903564453e+00
6.490455389022827148e+00
6.494671106338500977e+00
6.499033689498901367e+00
6.503222703933715820e+00
6.508976936340332031e+00
6.513419628143310547e+00
6.517822742462158203e+00
6.522299051284790039e+00
6.527340173721313477e+00
6.532355546951293945e+00
6.537219762802124023e+00
6.541359186172485352e+00
6.546352863311767578e+00
6.550802230834960938e+00
6.555331230163574219e+00
6.560633182525634766e+00
6.565207958221435547e+00
6.569220781326293945e+00
6.572882890701293945e+00
6.577282905578613281e+00
6.581188678741455078e+00
6.584849834442138672e+00
6.602029800415039062e+00
6.606019496917724609e+00
6.610007047653198242e+00
6.613505601882934570e+00
6.617268323898315430e+00
6.621240854263305664e+00
6.624994277954101562e+00
6.629252672195434570e+00
6.631718397140502930e+00
6.634423971176147461e+00
6.637839317321777344e+00
6.641194820404052734e+00
6.644625902175903320e+00
6.648377656936645508e+00
6.651548385620117188e+00
6.654515504837036133e+00
6.657515287399291992e+00
6.660803556442260742e+00
6.663764953613281250e+00
6.666297197341918945e+00
6.672271490097045898e+00
6.676252365112304688e+00
6.680043935775756836e+00
6.684302806854248047e+00
6.688517332077026367e+00
6.693048954010009766e+00
6.696702241897583008e+00
6.700291633605957031e+00
6.703842163085937500e+00
6.707434415817260742e+00
6.710382461547851562e+00
6.713276624679565430e+00
6.716395378112792969e+00
6.719817638397216797e+00
6.723238468170166016e+00
6.727310895919799805e+00
6.731054544448852539e+00
6.734973907470703125e+00
6.738812446594238281e+00
6.742695569992065430e+00
6.746251106262207031e+00
6.750034332275390625e+00
6.753727912902832031e+00
6.757561922073364258e+00
6.760846614837646484e+00
6.764473676681518555e+00
6.768472671508789062e+00
6.772301673889160156e+00
6.775448083877563477e+00
6.778373956680297852e+00
6.781824827194213867e+00
6.784646511077880859e+00
6.790969848632812500e+00
6.794754266738891602e+00
6.797509431838989258e+00
6.801240444183349609e+00
6.804604768753051758e+00
6.808015108108520508e+00
6.810946226119995117e+00
6.813797950744628906e+00
6.816272735595703125e+00
6.818809509277343750e+00
6.821358680725097656e+00
6.823860883712768555e+00
6.826299190521240234e+00
6.830497264862060547e+00
6.834179878234863281e+00
6.837795495986938477e+00
6.841834545135498047e+00
6.844781637191772461e+00
6.847883939743041992e+00
6.850912332534790039e+00
6.854250669479370117e+00
6.857983112335205078e+00
6.861324310302734375e+00
6.864828109741210938e+00
6.869533300399780273e+00
6.873174428939819336e+00
6.876962423324584961e+00
6.880569696426391602e+00
6.883787870407104492e+00
6.886983633041381836e+00
6.890247344970703125e+00
6.893553256988525391e+00
6.897276401519775391e+00
6.901055335998535156e+00
6.904206514358520508e+00
6.907778739929199219e+00
6.911235332489013672e+00
6.913767576217651367e+00
6.916646480560302734e+00
6.919652223587036133e+00
6.923166275024414062e+00
6.927017450332641602e+00
6.930270195007324219e+00
6.933670043945312500e+00
6.936668872833251953e+00
6.939789772033691406e+00
6.943071365356445312e+00
6.946266412734985352e+00
6.949985265731811523e+00
6.953217744827270508e+00
6.956693410873413086e+00
6.960424423217773438e+00
6.963986396789550781e+00
6.968290328979492188e+00
6.971948385238647461e+00
6.975256443023681641e+00
6.978298902511596680e+00
6.981981515884399414e+00
6.985605239868164062e+00
6.989923477172851562e+00
6.993515014648437500e+00
6.997317790985107422e+00
7.000844240188598633e+00
7.004282236099243164e+00
7.008278846740722656e+00
7.011862516403198242e+00
7.015592813491821289e+00
7.019296884536743164e+00
7.022831916809082031e+00
7.026417970657348633e+00
7.030956506729125977e+00
7.033897876739501953e+00
7.036594390869140625e+00
7.039857864379882812e+00
7.043783903121948242e+00
7.047296047210693359e+00
7.051038265228271484e+00
7.054524421691894531e+00
7.057790994644165039e+00
7.060786485671997070e+00
7.064436912536621094e+00
7.068671703338623047e+00
7.072355031967163086e+00
7.076945304870605469e+00
7.080597639083862305e+00
7.084192514419555664e+00
7.087440967559814453e+00
7.090917587280273438e+00
7.094498395919799805e+00
7.097847461700439453e+00
7.101976394653320312e+00
7.105781316757202148e+00
7.109974861145019531e+00
7.113496780395507812e+00
7.116916894912719727e+00
7.120381593704223633e+00
7.123159885406494141e+00
7.126863956451416016e+00
7.130346775054931641e+00
7.134301185607910156e+00
7.137984037399291992e+00
7.141124725341796875e+00
7.144163131713867188e+00
7.146821022033691406e+00
7.150228738784790039e+00
7.153549432754516602e+00
7.156668186187744141e+00
7.160545825958251953e+00
7.163909435272216797e+00
7.167986631393432617e+00
7.171777009963989258e+00
7.175467014312744141e+00
7.178952217102050781e+00
7.182775974273681641e+00
7.186486244201660156e+00
7.190690040588378906e+00
7.194251298904418945e+00
7.197570800781250000e+00
7.201189994812011719e+00
7.204555511474609375e+00
7.208018064498901367e+00
7.211324214935302734e+00
7.214574337005615234e+00
7.217818260192871094e+00
7.220907688140869141e+00
7.224449634552001953e+00
7.228908300399780273e+00
7.232250690460205078e+00
7.235116720199584961e+00
7.237745761871337891e+00
7.241172790527343750e+00
7.244862794876098633e+00
7.248582363128662109e+00
7.252032518386840820e+00
7.256045579910278320e+00
7.259636640548706055e+00
7.263222932815551758e+00
7.267258167266845703e+00
7.273382186889648438e+00
7.278319597244262695e+00
7.283040285110473633e+00
7.286621570587158203e+00
7.290967702865600586e+00
7.294265508651733398e+00
7.296919822692871094e+00
7.300719499588012695e+00
7.304960250854492188e+00
7.308478355407714844e+00
7.311989545822143555e+00
7.316299915313720703e+00
7.320017576217651367e+00
7.323983907699584961e+00
7.327948093414306641e+00
7.332246303558349609e+00
7.336277961730957031e+00
7.339973449707031250e+00
7.344300031661987305e+00
7.348687887191772461e+00
7.352205038070678711e+00
7.355723857879638672e+00
7.359315633773803711e+00
7.363026857376098633e+00
7.366942167282104492e+00
7.371308803558349609e+00
7.376310825347900391e+00
7.381507873535156250e+00
7.386577367782592773e+00
7.392922401428222656e+00
7.396956682205200195e+00
7.400626659393310547e+00
7.404662847518920898e+00
7.409347295761108398e+00
7.414337396621704102e+00
7.418999671936035156e+00
7.422966480255126953e+00
7.426581621170043945e+00
7.430478811264038086e+00
7.434207916259765625e+00
7.437479019165039062e+00
7.442203283309936523e+00
7.445960521697998047e+00
7.449944496154785156e+00
7.454329490661621094e+00
7.459050416946411133e+00
7.462754964828491211e+00
7.466931819915771484e+00
7.471336841583251953e+00
7.475790977478027344e+00
7.479367256164550781e+00
7.482549428939819336e+00
7.485786437988281250e+00
7.488778352737426758e+00
7.493239164352416992e+00
7.497333765029907227e+00
7.502341747283935547e+00
7.508174657821655273e+00
7.512253522872924805e+00
7.516166925430297852e+00
7.519714593887329102e+00
7.523211479187011719e+00
7.526798963546752930e+00
7.529758691787719727e+00
7.533363342285156250e+00
7.537285089492797852e+00
7.540971279144287109e+00
7.544914722442626953e+00
7.549219608306884766e+00
7.552264928817749023e+00
7.555843830108642578e+00
7.559719085693359375e+00
7.564344882965087891e+00
7.569293975830078125e+00
7.573326826095581055e+00
7.576542377471923828e+00
7.581309080123901367e+00
7.586290121078491211e+00
7.591305732727050781e+00
7.595240831375122070e+00
7.600353956222534180e+00
7.604182004928588867e+00
7.607985973358154297e+00
7.611773014068603516e+00
7.614938497543334961e+00
7.618295192718505859e+00
7.621956825256347656e+00
7.625182151794433594e+00
7.629526615142822266e+00
7.633803844451904297e+00
7.637767553329467773e+00
7.642246723175048828e+00
7.646340131759643555e+00
7.651325941085815430e+00
7.655200719833374023e+00
7.658987760543823242e+00
7.662602663040161133e+00
7.665817737579345703e+00
7.669770240783691406e+00
7.673302650451660156e+00
7.677930831909179688e+00
7.681696176528930664e+00
7.686266183853149414e+00
7.690324068069458008e+00
7.695420026779174805e+00
7.700349569320678711e+00
7.704991579055786133e+00
7.709421396255493164e+00
7.713346004486083984e+00
7.718319416046142578e+00
7.723323822021484375e+00
7.728163719177246094e+00
7.732285976409912109e+00
7.736314535140991211e+00
7.740400791168212891e+00
7.744438648223876953e+00
7.749195098876953125e+00
7.752838134765625000e+00
7.757310867309570312e+00
7.761314630508422852e+00
7.764952182769775391e+00
7.769335985183715820e+00
7.774328470230102539e+00
7.778772115707397461e+00
7.782844543457031250e+00
7.786814928054809570e+00
7.790788412094116211e+00
7.794720411300659180e+00
7.798778772354125977e+00
7.802543640136718750e+00
7.806346893310546875e+00
7.810307502746582031e+00
7.815309524536132812e+00
7.820325136184692383e+00
7.825313568115234375e+00
7.831279516220092773e+00
7.836325883865356445e+00
7.841555595397949219e+00
7.845687866210937500e+00
7.849978923797607422e+00
7.854232072830200195e+00
7.858029365539550781e+00
7.862349748611450195e+00
7.867280483245849609e+00
7.871381044387817383e+00
7.875950813293457031e+00
7.880181789398193359e+00
7.884264945983886719e+00
7.887977123260498047e+00
7.892328023910522461e+00
7.896470069885253906e+00
7.900512218475341797e+00
7.904390096664428711e+00
7.908867597579956055e+00
7.912739992141723633e+00
7.916245222091674805e+00
7.920449495315551758e+00
7.924897909164428711e+00
7.929344892501831055e+00
7.934014081954956055e+00
7.937743663787841797e+00
7.941405534744262695e+00
7.946269989013671875e+00
7.952284336090087891e+00
7.956268548965454102e+00
7.960193395614624023e+00
7.963928699493408203e+00
7.968409776687622070e+00
7.972291946411132812e+00
7.976223707199096680e+00
7.980025053024291992e+00
7.983985185623168945e+00
7.987994194030761719e+00
7.992298364639282227e+00
7.996942996978759766e+00
8.000937700271606445e+00
8.004918098449707031e+00
8.009313106536865234e+00
8.014359474182128906e+00
8.019352436065673828e+00
8.023818969726562500e+00
8.027559518814086914e+00
8.032309532165527344e+00
8.037311077117919922e+00
8.041998147964477539e+00
8.046296358108520508e+00
8.051311731338500977e+00
8.056318759918212891e+00
8.060468912124633789e+00
8.065572977066040039e+00
8.070005893707275391e+00
8.074295043945312500e+00
8.079241752624511719e+00
8.083271741867065430e+00
8.087263584136962891e+00
8.091006517410278320e+00
8.094744920730590820e+00
8.099348068237304688e+00
8.104348182678222656e+00
8.109347581863403320e+00
8.113910436630249023e+00
8.118325233459472656e+00
8.123297929763793945e+00
8.128282546997070312e+00
8.132318973541259766e+00
8.137310981750488281e+00
8.142207860946655273e+00
8.146292686462402344e+00
8.150356769561767578e+00
8.155360937118530273e+00
8.160000324249267578e+00
8.163606882095336914e+00
8.167836904525756836e+00
8.171637535095214844e+00
8.176312208175659180e+00
8.180578470230102539e+00
8.185430049896240234e+00
8.190399885177612305e+00
8.195326089859008789e+00
8.199985742568969727e+00
8.204346895217895508e+00
8.209319114685058594e+00
8.212848663330078125e+00
8.216249704360961914e+00
8.219176769256591797e+00
8.221895694732666016e+00
8.225266695022583008e+00
8.230072736740112305e+00
8.234239339828491211e+00
8.237889289855957031e+00
8.241904735565185547e+00
8.245689392089843750e+00
8.249219655990600586e+00
8.252954006195068359e+00
8.257314920425415039e+00
8.261954069137573242e+00
8.266213893890380859e+00
8.270347833633422852e+00
8.275519371032714844e+00
8.279319763183593750e+00
8.284266710281372070e+00
8.288515806198120117e+00
8.293100595474243164e+00
8.297293663024902344e+00
8.301353693008422852e+00
8.306324481964111328e+00
8.311324596405029297e+00
8.316322803497314453e+00
8.321356296539306641e+00
8.326286554336547852e+00
8.330692529678344727e+00
8.334255218505859375e+00
8.338567733764648438e+00
8.342436552047729492e+00
8.346614837646484375e+00
8.350899219512939453e+00
8.355299472808837891e+00
8.360315084457397461e+00
8.365354299545288086e+00
8.369495153427124023e+00
8.374351501464843750e+00
8.379354715347290039e+00
8.383854389190673828e+00
8.388530969619750977e+00
8.392891883850097656e+00
8.396953105926513672e+00
8.400820493698120117e+00
8.404703378677368164e+00
8.408462285995483398e+00
8.412315368652343750e+00
8.417017936706542969e+00
8.420928478240966797e+00
8.424933433532714844e+00
8.431585311889648438e+00
8.435972452163696289e+00
8.440120697021484375e+00
8.444371700286865234e+00
8.449353456497192383e+00
8.453539609909057617e+00
8.457634449005126953e+00
8.461425304412841797e+00
8.465995788574218750e+00
8.470282316207885742e+00
8.474655151367187500e+00
8.479322433471679688e+00
8.484314203262329102e+00
8.489007472991943359e+00
8.493218183517456055e+00
8.497216463088989258e+00
8.500914573669433594e+00
8.505387783050537109e+00
8.509840011596679688e+00
8.513867855072021484e+00
8.517585515975952148e+00
8.522894620895385742e+00
8.527360200881958008e+00
8.532257556915283203e+00
8.537395954132080078e+00
8.542342185974121094e+00
8.548200607299804688e+00
8.552409648895263672e+00
8.556926012039184570e+00
8.560540437698364258e+00
8.565227031707763672e+00
8.570345640182495117e+00
8.575355291366577148e+00
8.579505205154418945e+00
8.583495140075683594e+00
8.588222503662109375e+00
8.592186689376831055e+00
8.595709562301635742e+00
8.599451780319213867e+00
8.603263616561889648e+00
8.607259035110473633e+00
8.611019372940063477e+00
8.615339756011962891e+00
8.620229721069335938e+00
8.624233722686767578e+00
8.628291845321655273e+00
8.631961822509765625e+00
8.635544776916503906e+00
8.638848066329956055e+00
8.642571926116943359e+00
8.645803928375244141e+00
8.649903059005737305e+00
8.653596639633178711e+00
8.658292055130004883e+00
8.663398504257202148e+00
8.668146848678588867e+00
8.672282934188842773e+00
8.676774024963378906e+00
8.680256366729736328e+00
8.684682369232177734e+00
8.688624382019042969e+00
8.692297697067260742e+00
8.697353601455688477e+00
8.701217651367187500e+00
8.705339431762695312e+00
8.709973573684692383e+00
8.713725805282592773e+00
8.718298435211181641e+00
8.723734140396118164e+00
8.728280782699584961e+00
8.733433485031127930e+00
8.737455129623413086e+00
8.742078542709350586e+00
8.746293306350708008e+00
8.751013517379760742e+00
8.755312204360961914e+00
8.760362386703491211e+00
8.765385866165161133e+00
8.770323753356933594e+00
8.775350093841552734e+00
8.779461383819580078e+00
8.783466100692749023e+00
8.787424564361572266e+00
8.791515111923217773e+00
8.794930696487426758e+00
8.799322128295898438e+00
8.803336858749389648e+00
8.807007789611816406e+00
8.810586452484130859e+00
8.814521551132202148e+00
8.818249940872192383e+00
8.822319746017456055e+00
8.828032732009887695e+00
8.831698894500732422e+00
8.836357831954956055e+00
8.841232776641845703e+00
8.845271110534667969e+00
8.848944902420043945e+00
8.852178812026977539e+00
8.856320142745971680e+00
8.861451625823974609e+00
8.866327047348022461e+00
8.871333122253417969e+00
8.876240253448486328e+00
8.880289316177368164e+00
8.884246587753295898e+00
8.888395547866821289e+00
8.893311977386474609e+00
8.898203372955322266e+00
8.902727842330932617e+00
8.908061027526855469e+00
8.912012100219726562e+00
8.915963172912597656e+00
8.919329404830932617e+00
8.923294305801391602e+00
8.928304433822631836e+00
8.932242393493652344e+00
8.935971498489379883e+00
8.939808607101440430e+00
8.944298982620239258e+00
8.948542833328247070e+00
8.952325582504272461e+00
8.957317352294921875e+00
8.961176633834838867e+00
8.964951276779174805e+00
8.968943119049072266e+00
8.972934246063232422e+00
8.977000236511230469e+00
8.981311559677124023e+00
8.986286163330078125e+00
8.992339611053466797e+00
8.996484518051147461e+00
9.000648021697998047e+00
9.005420923233032227e+00
9.010243892669677734e+00
9.015664339065551758e+00
9.019335269927978516e+00
9.023226737976074219e+00
9.026939630508422852e+00
9.032253026962280273e+00
9.035940885543823242e+00
9.040081501007080078e+00
9.043910980224609375e+00
9.048275470733642578e+00
9.052076101303100586e+00
9.055915594100952148e+00
9.060322761535644531e+00
9.065316915512084961e+00
9.069619178771972656e+00
9.073978424072265625e+00
9.077628135681152344e+00
9.082322597503662109e+00
9.087313175201416016e+00
9.092326402664184570e+00
9.097352027893066406e+00
9.101209163665771484e+00
9.105388641357421875e+00
9.109786748886108398e+00
9.113582134246826172e+00
9.117983102798461914e+00
9.121935367584228516e+00
9.126538515090942383e+00
9.130376100540161133e+00
9.134451150894165039e+00
9.138714313507080078e+00
9.142544746398925781e+00
9.146204710006713867e+00
9.151395320892333984e+00
9.156057119369506836e+00
9.160427331924438477e+00
9.164473772048950195e+00
9.168962955474853516e+00
9.172784090042114258e+00
9.177314043045043945e+00
9.181270122528076172e+00
9.185217857360839844e+00
9.190299034118652344e+00
9.194257736206054688e+00
9.198328971862792969e+00
9.203357458114624023e+00
9.207371234893798828e+00
9.211267471313476562e+00
9.215211391448974609e+00
9.219356775283813477e+00
9.224338531494140625e+00
9.229203224182128906e+00
9.233254432678222656e+00
9.238452196121215820e+00
9.242911338806152344e+00
9.246488332748413086e+00
9.250324010848999023e+00
9.253903627395629883e+00
9.258328676223754883e+00
9.263337850570678711e+00
9.268300294876098633e+00
9.272244215011596680e+00
9.276869773864746094e+00
9.280520677566528320e+00
9.284317970275878906e+00
9.288317918777465820e+00
9.292258262634277344e+00
9.296294450759887695e+00
9.300831317901611328e+00
9.304920673370361328e+00
9.309837579727172852e+00
9.313588619232177734e+00
9.317776203155517578e+00
9.321594476699829102e+00
9.326246023178100586e+00
9.330299139022827148e+00
9.334355354309082031e+00
9.339213132858276367e+00
9.343338489532470703e+00
9.348919153213500977e+00
9.352942943572998047e+00
9.357505083084106445e+00
9.361900091171264648e+00
9.366291522979736328e+00
9.370222568511962891e+00
9.374319314956665039e+00
9.378326654434204102e+00
9.383339405059814453e+00
9.389291286468505859e+00
9.393498659133911133e+00
9.398278474807739258e+00
9.403324842453002930e+00
9.408217668533325195e+00
9.412378311157226562e+00
9.416802167892456055e+00
9.421322822570800781e+00
9.426071882247924805e+00
9.429890155792236328e+00
9.433184862136840820e+00
9.436973571777343750e+00
9.441353321075439453e+00
9.445595979690551758e+00
9.449631452560424805e+00
9.453477621078491211e+00
9.458247423171997070e+00
9.462338209152221680e+00
9.466403722763061523e+00
9.471323728561401367e+00
9.475627422332763672e+00
9.480363845825195312e+00
9.485341310501098633e+00
9.489973545074462891e+00
9.494339227676391602e+00
9.499354600906372070e+00
9.504276752471923828e+00
9.509462356567382812e+00
9.513614177703857422e+00
9.517155170440673828e+00
9.520882129669189453e+00
9.525196313858032227e+00
9.529296398162841797e+00
9.534260511398315430e+00
9.537577629089355469e+00
9.542341709136962891e+00
9.547686100006103516e+00
9.552203655242919922e+00
9.556318521499633789e+00
9.561343193054199219e+00
9.566353797912597656e+00
9.571332216262817383e+00
9.576190710067749023e+00
9.579782485961914062e+00
9.583455324172973633e+00
9.587528228759765625e+00
9.591377258300781250e+00
9.594795942306518555e+00
9.598920106887817383e+00
9.602567195892333984e+00
9.607353687286376953e+00
9.611536026000976562e+00
9.616006374359130859e+00
9.620360136032104492e+00
9.624353885650634766e+00
9.629025936126708984e+00
9.632928133010864258e+00
9.637328386306762695e+00
9.642390251159667969e+00
9.647343158721923828e+00
9.652354001998901367e+00
9.657331228256225586e+00
9.662366867065429688e+00
9.667223691940307617e+00
9.673371791839599609e+00
9.677534103393554688e+00
9.681247949600219727e+00
9.685331344604492188e+00
9.690356016159057617e+00
9.695348978042602539e+00
9.700356006622314453e+00
9.705277919769287109e+00
9.709303855895996094e+00
9.713399648666381836e+00
9.718295812606811523e+00
9.723227500915527344e+00
9.728263854980468750e+00
9.732347011566162109e+00
9.736220359802246094e+00
9.739907979965209961e+00
9.744335174560546875e+00
9.749474048614501953e+00
9.754341125488281250e+00
9.759293556213378906e+00
9.764327049255371094e+00
9.769320011138916016e+00
9.774288892745971680e+00
9.779311895370483398e+00
9.784191608428955078e+00
9.789431333541870117e+00
9.793361425399780273e+00
9.797827243804931641e+00
9.801932573318481445e+00
9.806233644485473633e+00
9.810264110565185547e+00
9.815359354019165039e+00
9.820352792739868164e+00
9.824954032897949219e+00
9.829431295394897461e+00
9.833210945129394531e+00
9.836915969848632812e+00
9.841161489486694336e+00
9.844944000244140625e+00
9.849189281463623047e+00
9.852923870086669922e+00
9.857269525527954102e+00
9.861199378967285156e+00
9.865553379058837891e+00
9.869964361190795898e+00
9.874223709106445312e+00
9.878363370895385742e+00
9.883356571197509766e+00
9.888350486755371094e+00
9.893348217010498047e+00
9.898238182067871094e+00
9.901942729949951172e+00
9.905553817749023438e+00
9.910238742828369141e+00
9.914352655410766602e+00
9.919350385665893555e+00
9.924260854721069336e+00
9.929363965988159180e+00
9.934263467788696289e+00
9.939323663711547852e+00
9.943450927734375000e+00
9.948580980300903320e+00
9.952269077301025391e+00
9.956276893615722656e+00
9.961222887039184570e+00
9.965408086776733398e+00
9.969201326370239258e+00
9.973321676254272461e+00
9.978348493576049805e+00
9.982883691787719727e+00
9.986538887023925781e+00
9.990844011306762695e+00
9.994802474975585938e+00
9.999328374862670898e+00
1.000431632995605469e+01
1.000873637199401855e+01
1.001331877708435059e+01
1.001871442794799805e+01
1.002337694168090820e+01
1.002809333801269531e+01
1.003232383728027344e+01
1.003658652305603027e+01
1.004136848449707031e+01
1.004567503929138184e+01
1.005032753944396973e+01
1.005497121810913086e+01
1.005870699882507324e+01
1.006231760978698730e+01
1.006618833541870117e+01
1.007234191894531250e+01
1.007723021507263184e+01
1.008087825775146484e+01
1.008532023429870605e+01
1.009033012390136719e+01
1.009534859657287598e+01
1.010032558441162109e+01
1.010489940643310547e+01
1.010919594764709473e+01
1.011293435096740723e+01
1.011693143844604492e+01
1.012124800682067871e+01
1.012573957443237305e+01
1.013033533096313477e+01
1.013533091545104980e+01
1.013921809196472168e+01
1.014326238632202148e+01
1.014690566062927246e+01
1.015121197700500488e+01
1.015490198135375977e+01
1.015933012962341309e+01
1.016335606575012207e+01
1.016824483871459961e+01
1.017223501205444336e+01
1.017622756958007812e+01
1.018045639991760254e+01
1.018421459197998047e+01
1.018928337097167969e+01
1.019393539428710938e+01
1.019834232330322266e+01
1.020332074165344238e+01
1.020793437957763672e+01
1.021222043037414551e+01
1.021625709533691406e+01
1.022133398056030273e+01
1.022635555267333984e+01
1.023186945915222168e+01
1.023564505577087402e+01
1.023954749107360840e+01
1.024427986145019531e+01
1.024831724166870117e+01
1.025224804878234863e+01
1.025735640525817871e+01
1.026237678527832031e+01
1.026727986335754395e+01
1.027131724357604980e+01
1.027623987197875977e+01
1.028027081489562988e+01
1.028530240058898926e+01
1.029041004180908203e+01
1.029429936408996582e+01
1.029860067367553711e+01
1.030335974693298340e+01
1.030829310417175293e+01
1.031299543380737305e+01
1.031657099723815918e+01
1.032022953033447266e+01
1.032422971725463867e+01
1.032837963104248047e+01
1.033220767974853516e+01
1.033622503280639648e+01
1.033959674835205078e+01
1.034421586990356445e+01
1.035235071182250977e+01
1.035761737823486328e+01
1.036243748664855957e+01
1.036750125885009766e+01
1.037231874465942383e+01
1.037725925445556641e+01
1.038228321075439453e+01
1.038742876052856445e+01
1.039382481575012207e+01
1.039846372604370117e+01
1.040354752540588379e+01
1.040837383270263672e+01
1.041330003738403320e+01
1.041833257675170898e+01
1.042334342002868652e+01
1.042975306510925293e+01
1.043440151214599609e+01
1.043882369995117188e+01
1.044362545013427734e+01
1.044845247268676758e+01
1.045335459709167480e+01
1.045827150344848633e+01
1.046337723731994629e+01
1.046821379661560059e+01
1.047264933586120605e+01
1.047753572463989258e+01
1.048250889778137207e+01
1.048734569549560547e+01
1.049234247207641602e+01
1.049738121032714844e+01
1.050230741500854492e+01
1.050733876228332520e+01
1.051235127449035645e+01
1.051752948760986328e+01
1.052250027656555176e+01
1.052741050720214844e+01
1.053228402137756348e+01
1.053731131553649902e+01
1.054240179061889648e+01
1.054732728004455566e+01
1.055229592323303223e+01
1.055751895904541016e+01
1.056238126754760742e+01
1.056735563278198242e+01
1.057239437103271484e+01
1.057736063003540039e+01
1.058227753639221191e+01
1.058732175827026367e+01
1.059234881401062012e+01
1.059726119041442871e+01
1.060230541229248047e+01
1.060728263854980469e+01
1.061227822303771973e+01
1.061728715896606445e+01
1.062227272987365723e+01
1.062730288505554199e+01
1.063267326354980469e+01
1.063632440567016602e+01
1.064142465591430664e+01
1.064629244804382324e+01
1.065140795707702637e+01
1.065639662742614746e+01
1.066129660606384277e+01
1.066643261909484863e+01
1.067267799377441406e+01
1.067736458778381348e+01
1.068233919143676758e+01
1.068742513656616211e+01
1.069429707527160645e+01
1.069935727119445801e+01
1.070421814918518066e+01
1.070966768264770508e+01
1.071432065963745117e+01
1.071946597099304199e+01
1.072465610504150391e+01
1.072922325134277344e+01
1.073431420326232910e+01
1.073940372467041016e+01
1.074432039260864258e+01
1.074922776222229004e+01
1.075395774841308594e+01
1.075912499427795410e+01
1.076364707946777344e+01
1.076828312873840332e+01
1.077326011657714844e+01
1.077831101417541504e+01
1.078329110145568848e+01
1.078987431526184082e+01
1.079536318778991699e+01
1.080083155632019043e+01
1.080552530288696289e+01
1.081034660339355469e+01
1.081535553932189941e+01
1.082031655311584473e+01
1.082538533210754395e+01
1.083328533172607422e+01
1.083841466903686523e+01
1.084335565567016602e+01
1.084843611717224121e+01
1.085334992408752441e+01
1.085836791992187500e+01
1.086329627037048340e+01
1.086835384368896484e+01
1.087362289428710938e+01
1.087837886810302734e+01
1.088353157043457031e+01
1.088828539848327637e+01
1.089328908920288086e+01
1.089840173721313477e+01
1.090314817428588867e+01
1.090729427337646484e+01
1.091236138343811035e+01
1.091651701927185059e+01
1.092021012306213379e+01
1.092433047294616699e+01
1.092923450469970703e+01
1.093437528610229492e+01
1.093931460380554199e+01
1.094435429573059082e+01
1.095034122467041016e+01
1.095542311668395996e+01
1.096033859252929688e+01
1.096528983116149902e+01
1.097033858299255371e+01
1.097537064552307129e+01
1.098035931587219238e+01
1.098528671264648438e+01
1.099146866798400879e+01
1.099629974365234375e+01
1.100125718116760254e+01
1.100614881515502930e+01
1.101073718070983887e+01
1.101532387733459473e+01
1.102035403251647949e+01
1.102521371841430664e+01
1.103037548065185547e+01
1.103540110588073730e+01
1.104058122634887695e+01
1.104488301277160645e+01
1.104935860633850098e+01
1.105437755584716797e+01
1.105939912796020508e+01
1.106426787376403809e+01
1.106929802894592285e+01
1.107455539703369141e+01
1.107931661605834961e+01
1.108477592468261719e+01
1.108885455131530762e+01
1.109319686889648438e+01
1.109773230552673340e+01
1.110245800018310547e+01
1.110733270645141602e+01
1.111246466636657715e+01
1.111726093292236328e+01
1.112295341491699219e+01
1.112836170196533203e+01
1.113329911231994629e+01
1.113826680183410645e+01
1.114338660240173340e+01
1.114939236640930176e+01
1.115425229072570801e+01
1.115930914878845215e+01
1.116432547569274902e+01
1.116944980621337891e+01
1.117454862594604492e+01
1.117945933341979980e+01
1.118460011482238770e+01
1.118947458267211914e+01
1.119479656219482422e+01
1.119970417022705078e+01
1.120425868034362793e+01
1.120929241180419922e+01
1.121430683135986328e+01
1.121929430961608887e+01
1.122430515289306641e+01
1.123044562339782715e+01
1.123526811599731445e+01
1.124043893814086914e+01
1.124534583091735840e+01
1.125029540061950684e+01
1.125534844398498535e+01
1.126036262512207031e+01
1.126525712013244629e+01
1.127110934257507324e+01
1.127649211883544922e+01
1.128135752677917480e+01
1.128609061241149902e+01
1.129032421112060547e+01
1.129538249969482422e+01
1.130037260055541992e+01
1.130524945259094238e+01
1.131039547920227051e+01
1.131431078910827637e+01
1.131820297241210938e+01
1.132350182533264160e+01
1.132836532592773438e+01
1.133362412452697754e+01
1.133887743949890137e+01
1.134363865852355957e+01
1.134928488731384277e+01
1.135440540313720703e+01
1.135927796363830566e+01
1.136435985565185547e+01
1.136925840377807617e+01
1.137438702583312988e+01
1.137929344177246094e+01
1.138389086723327637e+01
1.139000582695007324e+01
1.139571690559387207e+01
1.140054893493652344e+01
1.140528583526611328e+01
1.141029882431030273e+01
1.141528940200805664e+01
1.142035222053527832e+01
1.142529368400573730e+01
1.143246459960937500e+01
1.143714165687561035e+01
1.144216656684875488e+01
1.144688844680786133e+01
1.145237231254577637e+01
1.145631694793701172e+01
1.146137690544128418e+01
1.146618723869323730e+01
1.147139191627502441e+01
1.147634983062744141e+01
1.148156142234802246e+01
1.148634243011474609e+01
1.149131774902343750e+01
1.149557948112487793e+01
1.150028300285339355e+01
1.150533747673034668e+01
1.151028275489807129e+01
1.151530313491821289e+01
1.152033472061157227e+01
1.152538204193115234e+01
1.153044581413269043e+01
1.153547239303588867e+01
1.154035997390747070e+01
1.154535794258117676e+01
1.155040335655212402e+01
1.155703639984130859e+01
1.156141734123229980e+01
1.156672573089599609e+01
1.157076430320739746e+01
1.157537817955017090e+01
1.158032250404357910e+01
1.158537745475769043e+01
1.159228968620300293e+01
1.159735250473022461e+01
1.160234522819519043e+01
1.160717511177062988e+01
1.161236786842346191e+01
1.161730313301086426e+01
1.162267494201660156e+01
1.162841033935546875e+01
1.163250279426574707e+01
1.163734006881713867e+01
1.164243030548095703e+01
1.164739418029785156e+01
1.165228176116943359e+01
1.165733551979064941e+01
1.166237902641296387e+01
1.166743397712707520e+01
1.167192268371582031e+01
1.167756199836730957e+01
1.168233752250671387e+01
1.168729853630065918e+01
1.169235610961914062e+01
1.169738364219665527e+01
1.170193719863891602e+01
1.170638513565063477e+01
1.171119379997253418e+01
1.171521925926208496e+01
1.171821904182434082e+01
1.172281002998352051e+01
1.172606539726257324e+01
1.172856521606445312e+01
1.173126435279846191e+01
1.173419427871704102e+01
1.173688507080078125e+01
1.174034190177917480e+01
1.174324941635131836e+01
1.174577307701110840e+01
1.174906206130981445e+01
1.175225663185119629e+01
1.175535511970520020e+01
1.175881409645080566e+01
1.176218748092651367e+01
1.176508545875549316e+01
1.176823449134826660e+01
1.177076697349548340e+01
1.177331233024597168e+01
1.177627968788146973e+01
1.177937412261962891e+01
1.178188657760620117e+01
1.178434062004089355e+01
1.178708148002624512e+01
1.179288554191589355e+01
1.179565286636352539e+01
1.179869890213012695e+01
1.180204939842224121e+01
1.180513668060302734e+01
1.180824947357177734e+01
1.181131553649902344e+01
1.181481409072875977e+01
1.181849074363708496e+01
1.182135200500488281e+01
1.182489562034606934e+01
1.182766318321228027e+01
1.183081674575805664e+01
1.183374214172363281e+01
1.183623766899108887e+01
1.183880805969238281e+01
1.184172248840332031e+01
1.184486842155456543e+01
1.184873819351196289e+01
1.185142230987548828e+01
1.185423851013183594e+01
1.185689949989318848e+01
1.186047267913818359e+01
1.186383485794067383e+01
1.186681461334228516e+01
1.187019085884094238e+01
1.187342548370361328e+01
1.187685060501098633e+01
1.188026499748229980e+01
1.188363289833068848e+01
1.188635611534118652e+01
1.188883852958679199e+01
1.189119744300842285e+01
1.189383554458618164e+01
1.189675474166870117e+01
1.189977240562438965e+01
1.190316414833068848e+01
1.190586686134338379e+01
1.191070771217346191e+01
1.191329717636108398e+01
1.191634225845336914e+01
1.191882634162902832e+01
1.192131638526916504e+01
1.192444777488708496e+01
1.192778825759887695e+01
1.193154191970825195e+01
1.193423795700073242e+01
1.193717503547668457e+01
1.193972206115722656e+01
1.194221401214599609e+01
1.194471406936645508e+01
1.194835972785949707e+01
1.195091938972473145e+01
1.195320844650268555e+01
1.195650100708007812e+01
1.195977854728698730e+01
1.196292853355407715e+01
1.196624779701232910e+01
1.196942353248596191e+01
1.197276711463928223e+01
1.197571015357971191e+01
1.197862696647644043e+01
1.198139572143554688e+01
1.198436188697814941e+01
1.198849320411682129e+01
1.199119615554809570e+01
1.199365115165710449e+01
1.199632501602172852e+01
1.199923300743103027e+01
1.200171756744384766e+01
1.200417733192443848e+01
1.200686573982238770e+01
1.201006937026977539e+01
1.201328516006469727e+01
1.201588082313537598e+01
1.201836633682250977e+01
1.202139472961425781e+01
1.202494025230407715e+01
1.202803611755371094e+01
1.203069710731506348e+01
1.203312969207763672e+01
1.203615474700927734e+01
1.203956890106201172e+01
1.204291892051696777e+01
1.204607248306274414e+01
1.204950141906738281e+01
1.205286335945129395e+01
1.205639433860778809e+01
1.205924248695373535e+01
1.206178379058837891e+01
1.206405115127563477e+01
1.206680989265441895e+01
1.207043623924255371e+01
1.207320737838745117e+01
1.207638287544250488e+01
1.207954192161560059e+01
1.208226251602172852e+01
1.208521008491516113e+01
1.208807301521301270e+01
1.209130978584289551e+01
1.209436631202697754e+01
1.209687399864196777e+01
1.209960484504699707e+01
1.210269999504089355e+01
1.210576534271240234e+01
1.211016583442687988e+01
1.211357641220092773e+01
1.211688685417175293e+01
1.212052941322326660e+01
1.212359046936035156e+01
1.212681651115417480e+01
1.212980699539184570e+01
1.213275074958801270e+01
1.213574552536010742e+01
1.213850283622741699e+01
1.214149045944213867e+01
1.214487886428833008e+01
1.214877605438232422e+01
1.215225839614868164e+01
1.215609884262084961e+01
1.215877723693847656e+01
1.216136860847473145e+01
1.216429042816162109e+01
1.216746878623962402e+01
1.217089462280273438e+01
1.217419457435607910e+01
1.217762780189514160e+01
1.218033480644226074e+01
1.218333339691162109e+01
1.218654632568359375e+01
1.218975377082824707e+01
1.219233250617980957e+01
1.219506454467773438e+01
1.219741129875183105e+01
1.220089840888977051e+01
1.220418310165405273e+01
1.220690059661865234e+01
1.220998406410217285e+01
1.221318984031677246e+01
1.221653914451599121e+01
1.221983885765075684e+01
1.222289919853210449e+01
1.222617673873901367e+01
1.223020839691162109e+01
1.223420763015747070e+01
1.223821210861206055e+01
1.224172568321228027e+01
1.224483370780944824e+01
1.224876594543457031e+01
1.225212359428405762e+01
1.225564789772033691e+01
1.225993919372558594e+01
1.226425719261169434e+01
1.226962208747863770e+01
1.227424621582031250e+01
1.227928566932678223e+01
1.228395891189575195e+01
1.228835487365722656e+01
1.229323840141296387e+01
1.229728436470031738e+01
1.230121684074401855e+01
1.230536079406738281e+01
1.230988764762878418e+01
1.231397867202758789e+01
1.231795215606689453e+01
1.232194161415100098e+01
1.232629084587097168e+01
1.233019065856933594e+01
1.233384895324707031e+01
1.233786559104919434e+01
1.234194326400756836e+01
1.234622859954833984e+01
1.235120272636413574e+01
1.235534763336181641e+01
1.235889554023742676e+01
1.236236405372619629e+01
1.236674571037292480e+01
1.237124300003051758e+01
1.237525653839111328e+01
1.238022804260253906e+01
1.238392043113708496e+01
1.239299058914184570e+01
1.239646673202514648e+01
1.240034818649291992e+01
1.240439224243164062e+01
1.240962743759155273e+01
1.241401863098144531e+01
1.241751313209533691e+01
1.242127084732055664e+01
1.242440176010131836e+01
1.242815351486206055e+01
1.243236112594604492e+01
1.243639373779296875e+01
1.244031977653503418e+01
1.244442749023437500e+01
1.244847798347473145e+01
1.245242619514465332e+01
1.245691466331481934e+01
1.246116280555725098e+01
1.246525716781616211e+01
1.246927165985107422e+01
1.247332739830017090e+01
1.247749829292297363e+01
1.248147058486938477e+01
1.248513340950012207e+01
1.248914647102355957e+01
1.249322175979614258e+01
1.249732589721679688e+01
1.250188326835632324e+01
1.250622439384460449e+01
1.251147603988647461e+01
1.251491761207580566e+01
1.251840615272521973e+01
1.252261567115783691e+01
1.252669334411621094e+01
1.253058528900146484e+01
1.253440785408020020e+01
1.253821492195129395e+01
1.254223799705505371e+01
1.254624867439270020e+01
1.255085492134094238e+01
1.255516695976257324e+01
1.255961036682128906e+01
1.256341361999511719e+01
1.256786251068115234e+01
1.257193207740783691e+01
1.257594108581542969e+01
1.257983946800231934e+01
1.258328771591186523e+01
1.258696603775024414e+01
1.259125685691833496e+01
1.259542655944824219e+01
1.259891891479492188e+01
1.260234022140502930e+01
1.260586357116699219e+01
1.260909867286682129e+01
1.261226367950439453e+01
1.261587834358215332e+01
1.261966037750244141e+01
1.262428236007690430e+01
1.262961912155151367e+01
1.263422751426696777e+01
1.263870334625244141e+01
1.264265751838684082e+01
1.264609098434448242e+01
1.264974498748779297e+01
1.265309000015258789e+01
1.265673899650573730e+01
1.266023445129394531e+01
1.266390275955200195e+01
1.266728472709655762e+01
1.267089033126831055e+01
1.267485380172729492e+01
1.267902326583862305e+01
1.268286228179931641e+01
1.268626260757446289e+01
1.268935751914978027e+01
1.269288969039916992e+01
1.269697237014770508e+01
1.270060420036315918e+01
1.270422554016113281e+01
1.270888352394104004e+01
1.271238493919372559e+01
1.271584606170654297e+01
1.271933627128601074e+01
1.272349429130554199e+01
1.272723245620727539e+01
1.273121619224548340e+01
1.273516964912414551e+01
1.273920345306396484e+01
1.274331760406494141e+01
1.274731040000915527e+01
1.275117874145507812e+01
1.275525760650634766e+01
1.275993943214416504e+01
1.276364898681640625e+01
1.276741909980773926e+01
1.277116894721984863e+01
1.277437329292297363e+01
1.277785897254943848e+01
1.278147745132446289e+01
1.278591084480285645e+01
1.279118680953979492e+01
1.279427337646484375e+01
1.279814338684082031e+01
1.280154871940612793e+01
1.280623316764831543e+01
1.281068611145019531e+01
1.281438660621643066e+01
1.281827998161315918e+01
1.282227396965026855e+01
1.282780909538269043e+01
1.283171033859252930e+01
1.283527326583862305e+01
1.283921456336975098e+01
1.284374713897705078e+01
1.284821820259094238e+01
1.285223913192749023e+01
1.285590672492980957e+01
1.285963892936706543e+01
1.286284875869750977e+01
1.286574292182922363e+01
1.286969733238220215e+01
1.287444972991943359e+01
1.287822914123535156e+01
1.288270807266235352e+01
1.288625454902648926e+01
1.288985085487365723e+01
1.289348006248474121e+01
1.289748454093933105e+01
1.290116047859191895e+01
1.290522837638854980e+01
1.290965342521667480e+01
1.291395139694213867e+01
1.291797041893005371e+01
1.292249417304992676e+01
1.292701387405395508e+01
1.293133306503295898e+01
1.293568539619445801e+01
1.293987035751342773e+01
1.294365930557250977e+01
1.294722938537597656e+01
1.295339012145996094e+01
1.295742058753967285e+01
1.296088075637817383e+01
1.296523761749267578e+01
1.297026944160461426e+01
1.297494697570800781e+01
1.297936224937438965e+01
1.298344969749450684e+01
1.298817491531372070e+01
1.299224090576171875e+01
1.299624991416931152e+01
1.300063943862915039e+01
1.300464630126953125e+01
1.300864100456237793e+01
1.301320958137512207e+01
1.301726627349853516e+01
1.302157592773437500e+01
1.302523136138916016e+01
1.302885675430297852e+01
1.303326058387756348e+01
1.303803014755249023e+01
1.304199743270874023e+01
1.304613995552062988e+01
1.305024361610412598e+01
1.305522847175598145e+01
1.305997824668884277e+01
1.306434941291809082e+01
1.306931209564208984e+01
1.307373547554016113e+01
1.307750654220581055e+01
1.308124899864196777e+01
1.308614516258239746e+01
1.308993005752563477e+01
1.309394216537475586e+01
1.309748172760009766e+01
1.310113787651062012e+01
1.310464167594909668e+01
1.310912251472473145e+01
1.311264944076538086e+01
1.311625051498413086e+01
1.311937522888183594e+01
1.312371897697448730e+01
1.312825918197631836e+01
1.313330483436584473e+01
1.313772368431091309e+01
1.314212775230407715e+01
1.314625000953674316e+01
1.315092134475708008e+01
1.315582847595214844e+01
1.316092228889465332e+01
1.316486096382141113e+01
1.316780114173889160e+01
1.317109847068786621e+01
1.317339444160461426e+01
1.317541027069091797e+01
1.317766833305358887e+01
1.318022799491882324e+01
1.318259525299072266e+01
1.318503856658935547e+01
1.318856501579284668e+01
1.319123768806457520e+01
1.319365930557250977e+01
1.319616055488586426e+01
1.319885659217834473e+01
1.320110034942626953e+01
1.320357012748718262e+01
1.320609235763549805e+01
1.320853090286254883e+01
1.321054720878601074e+01
1.321298503875732422e+01
1.321499085426330566e+01
1.321697783470153809e+01
1.321898531913757324e+01
1.322099256515502930e+01
1.322299838066101074e+01
1.322509193420410156e+01
1.322734045982360840e+01
1.323014545440673828e+01
1.323239421844482422e+01
1.323499655723571777e+01
1.323755741119384766e+01
1.324077129364013672e+01
1.324301552772521973e+01
1.324515867233276367e+01
1.324716544151306152e+01
1.324951434135437012e+01
1.325151228904724121e+01
1.325402832031250000e+01
1.325627708435058594e+01
1.325814080238342285e+01
1.325999784469604492e+01
1.326208734512329102e+01
1.326406884193420410e+01
1.326602339744567871e+01
1.326899790763854980e+01
1.327177381515502930e+01
1.327456569671630859e+01
1.327703046798706055e+01
1.327917408943176270e+01
1.328165745735168457e+01
