3.814697265625000000e-06
9.370565414428710938e-03
1.892137527465820312e-02
2.454280853271484375e-02
2.829217910766601562e-02
3.166174888610839844e-02
3.515100479125976562e-02
3.842043876647949219e-02
4.192137718200683594e-02
4.635715484619140625e-02
5.027318000793457031e-02
5.564188957214355469e-02
6.007862091064453125e-02
6.504511833190917969e-02
7.196545600891113281e-02
7.771635055541992188e-02
8.323550224304199219e-02
8.972668647766113281e-02
9.686112403869628906e-02
1.026980876922607422e-01
1.079742908477783203e-01
1.131603717803955078e-01
1.199471950531005859e-01
1.249141693115234375e-01
1.298274993896484375e-01
1.343507766723632812e-01
1.391117572784423828e-01
1.431207656860351562e-01
1.478266716003417969e-01
1.527917385101318359e-01
1.576950550079345703e-01
1.621298789978027344e-01
1.664516925811767578e-01
1.709821224212646484e-01
1.756787300109863281e-01
1.799149513244628906e-01
1.842586994171142578e-01
1.887960433959960938e-01
1.939823627471923828e-01
1.983802318572998047e-01
2.020974159240722656e-01
2.056651115417480469e-01
2.097208499908447266e-01
2.142977714538574219e-01
2.191100120544433594e-01
2.233357429504394531e-01
2.278256416320800781e-01
2.324149608612060547e-01
2.366342544555664062e-01
2.402050495147705078e-01
2.436196804046630859e-01
2.482900619506835938e-01
2.538201808929443359e-01
2.586555480957031250e-01
2.634551525115966797e-01
2.703936100006103516e-01
2.741122245788574219e-01
2.783894538879394531e-01
2.832071781158447266e-01
2.872769832611083984e-01
2.918725013732910156e-01
2.958235740661621094e-01
3.001637458801269531e-01
3.046691417694091797e-01
3.082060813903808594e-01
3.123588562011718750e-01
3.172736167907714844e-01
3.217430114746093750e-01
3.264880180358886719e-01
3.307199478149414062e-01
3.344547748565673828e-01
3.381023406982421875e-01
3.422279357910156250e-01
3.472914695739746094e-01
3.529090881347656250e-01
3.576381206512451172e-01
3.626658916473388672e-01
3.678057193756103516e-01
3.726415634155273438e-01
3.771228790283203125e-01
3.819780349731445312e-01
3.867325782775878906e-01
3.921742439270019531e-01
3.968651294708251953e-01
4.012904167175292969e-01
4.062333106994628906e-01
4.112343788146972656e-01
4.161853790283203125e-01
4.209280014038085938e-01
4.256329536437988281e-01
4.307601451873779297e-01
4.360105991363525391e-01
4.419958591461181641e-01
4.486958980560302734e-01
4.571564197540283203e-01
4.654569625854492188e-01
4.744286537170410156e-01
4.837179183959960938e-01
4.924230575561523438e-01
5.004587173461914062e-01
5.093686580657958984e-01
5.184371471405029297e-01
5.274636745452880859e-01
5.363817214965820312e-01
5.441455841064453125e-01
5.528833866119384766e-01
5.617330074310302734e-01
5.698673725128173828e-01
5.790281295776367188e-01
5.877637863159179688e-01
5.968763828277587891e-01
6.070039272308349609e-01
6.155161857604980469e-01
6.240022182464599609e-01
6.334171295166015625e-01
6.420226097106933594e-01
6.507134437561035156e-01
6.597135066986083984e-01
6.688315868377685547e-01
6.778125762939453125e-01
6.865131855010986328e-01
6.954996585845947266e-01
7.044301033020019531e-01
7.128937244415283203e-01
7.214100360870361328e-01
7.300200462341308594e-01
7.388982772827148438e-01
7.476866245269775391e-01
7.568216323852539062e-01
7.656970024108886719e-01
7.745459079742431641e-01
7.834432125091552734e-01
7.919194698333740234e-01
7.987749576568603516e-01
8.061065673828125000e-01
8.143470287322998047e-01
8.228943347930908203e-01
8.318278789520263672e-01
8.408155441284179688e-01
8.494100570678710938e-01
8.580782413482666016e-01
8.655302524566650391e-01
8.743748664855957031e-01
8.828465938568115234e-01
8.916859626770019531e-01
9.005014896392822266e-01
9.091064929962158203e-01
9.178285598754882812e-01
9.265677928924560547e-01
9.355292320251464844e-01
9.445612430572509766e-01
9.534878730773925781e-01
9.625949859619140625e-01
9.718146324157714844e-01
9.805245399475097656e-01
9.888429641723632812e-01
9.978229999542236328e-01
1.006591320037841797e+00
1.015876531600952148e+00
1.025133848190307617e+00
1.034010171890258789e+00
1.042943477630615234e+00
1.051457643508911133e+00
1.060528039932250977e+00
1.069471359252929688e+00
1.078484535217285156e+00
1.087557315826416016e+00
1.096371650695800781e+00
1.103661060333251953e+00
1.111881494522094727e+00
1.120072364807128906e+00
1.128432512283325195e+00
1.136722326278686523e+00
1.144913673400878906e+00
1.153607606887817383e+00
1.161586761474609375e+00
1.169290065765380859e+00
1.176656007766723633e+00
1.184623718261718750e+00
1.192312955856323242e+00
1.200705051422119141e+00
1.208719015121459961e+00
1.216314792633056641e+00
1.223423719406127930e+00
1.231820821762084961e+00
1.240876197814941406e+00
1.251186370849609375e+00
1.260722398757934570e+00
1.265865087509155273e+00
1.270671606063842773e+00
1.275914669036865234e+00
1.280830383300781250e+00
1.285893201828002930e+00
1.290645360946655273e+00
1.295719146728515625e+00
1.300387859344482422e+00
1.305289030075073242e+00
1.312595129013061523e+00
1.318149089813232422e+00
1.323304176330566406e+00
1.328245639801025391e+00
1.332486629486083984e+00
1.336879730224609375e+00
1.341408729553222656e+00
1.346284627914428711e+00
1.350869417190551758e+00
1.356724977493286133e+00
1.362206935882568359e+00
1.368300199508666992e+00
1.374775171279907227e+00
1.379921674728393555e+00
1.386033535003662109e+00
1.392698764801025391e+00
1.399538278579711914e+00
1.406585693359375000e+00
1.413669109344482422e+00
1.419534206390380859e+00
1.426007270812988281e+00
1.432509899139404297e+00
1.438998222351074219e+00
1.445304155349731445e+00
1.451854467391967773e+00
1.457932472229003906e+00
1.462775945663452148e+00
1.468201398849487305e+00
1.473969221115112305e+00
1.480928421020507812e+00
1.486485481262207031e+00
1.493835449218750000e+00
1.498785972595214844e+00
1.504434108734130859e+00
1.509140491485595703e+00
1.514677047729492188e+00
1.520824193954467773e+00
1.526229143142700195e+00
1.532928228378295898e+00
1.538727283477783203e+00
1.543813705444335938e+00
1.548775434494018555e+00
1.553634405136108398e+00
1.558090686798095703e+00
1.562108278274536133e+00
1.569378852844238281e+00
1.574298381805419922e+00
1.579890966415405273e+00
1.585700035095214844e+00
1.591383934020996094e+00
1.598970651626586914e+00
1.604340314865112305e+00
1.609636068344116211e+00
1.617712020874023438e+00
1.623612165451049805e+00
1.631308317184448242e+00
1.637845277786254883e+00
1.643346071243286133e+00
1.648971319198608398e+00
1.654401302337646484e+00
1.659805774688720703e+00
1.665493011474609375e+00
1.671247005462646484e+00
1.677358865737915039e+00
1.682391405105590820e+00
1.687875270843505859e+00
1.693503141403198242e+00
1.699270486831665039e+00
1.705317497253417969e+00
1.710706949234008789e+00
1.715361595153808594e+00
1.720917940139770508e+00
1.725764751434326172e+00
1.731168985366821289e+00
1.736980438232421875e+00
1.742753982543945312e+00
1.748147487640380859e+00
1.753326654434204102e+00
1.759162902832031250e+00
1.764390230178833008e+00
1.769298076629638672e+00
1.774251222610473633e+00
1.779826402664184570e+00
1.784652709960937500e+00
1.790758371353149414e+00
1.796139240264892578e+00
1.801770687103271484e+00
1.806374073028564453e+00
1.810737133026123047e+00
1.815245151519775391e+00
1.820978403091430664e+00
1.827292442321777344e+00
1.833694696426391602e+00
1.839955091476440430e+00
1.846311330795288086e+00
1.852180242538452148e+00
1.858368635177612305e+00
1.864349365234375000e+00
1.871001720428466797e+00
1.876818895339965820e+00
1.883309841156005859e+00
1.889973402023315430e+00
1.895984649658203125e+00
1.902198553085327148e+00
1.908585548400878906e+00
1.914773225784301758e+00
1.920338153839111328e+00
1.925831794738769531e+00
1.931423187255859375e+00
1.938040733337402344e+00
1.944206237792968750e+00
1.950979948043823242e+00
1.957318067550659180e+00
1.963702917098999023e+00
1.969969034194946289e+00
1.976438283920288086e+00
1.982962608337402344e+00
1.989202499389648438e+00
1.995942354202270508e+00
2.002204656600952148e+00
2.009059429168701172e+00
2.015235662460327148e+00
2.021982669830322266e+00
2.027929544448852539e+00
2.033424377441406250e+00
2.039244651794433594e+00
2.045590877532958984e+00
2.051916122436523438e+00
2.058451175689697266e+00
2.065437316894531250e+00
2.072355985641479492e+00
2.079441070556640625e+00
2.086421728134155273e+00
2.093168258666992188e+00
2.100152015686035156e+00
2.107684373855590820e+00
2.114556550979614258e+00
2.121445178985595703e+00
2.127557992935180664e+00
2.134158849716186523e+00
2.141360998153686523e+00
2.147913217544555664e+00
2.154021978378295898e+00
2.160419940948486328e+00
2.167436122894287109e+00
2.174361705780029297e+00
2.181623697280883789e+00
2.188340663909912109e+00
2.194784402847290039e+00
2.201157808303833008e+00
2.207897663116455078e+00
2.214458465576171875e+00
2.221326351165771484e+00
2.228277921676635742e+00
2.234671115875244141e+00
2.241449117660522461e+00
2.247906684875488281e+00
2.254525661468505859e+00
2.261345624923706055e+00
2.268283605575561523e+00
2.277449607849121094e+00
2.284345865249633789e+00
2.292328357696533203e+00
2.298996210098266602e+00
2.305361270904541016e+00
2.312291860580444336e+00
2.318903207778930664e+00
2.325160503387451172e+00
2.331869840621948242e+00
2.339005708694458008e+00
2.345442295074462891e+00
2.352138757705688477e+00
2.359162330627441406e+00
2.365875005722045898e+00
2.372118711471557617e+00
2.378884315490722656e+00
2.385443449020385742e+00
2.392005920410156250e+00
2.398951768875122070e+00
2.405655622482299805e+00
2.412636280059814453e+00
2.419147253036499023e+00
2.427004337310791016e+00
2.433289289474487305e+00
2.440016746520996094e+00
2.445853471755981445e+00
2.452238082885742188e+00
2.459405422210693359e+00
2.466520309448242188e+00
2.472874641418457031e+00
2.479939937591552734e+00
2.486385822296142578e+00
2.493293523788452148e+00
2.500293016433715820e+00
2.507524013519287109e+00
2.514994144439697266e+00
2.521312713623046875e+00
2.527981758117675781e+00
2.534284114837646484e+00
2.540802478790283203e+00
2.546799898147583008e+00
2.552968740463256836e+00
2.560335874557495117e+00
2.568335056304931641e+00
2.574189901351928711e+00
2.581942558288574219e+00
2.587292671203613281e+00
2.592879056930541992e+00
2.598277568817138672e+00
2.605329990386962891e+00
2.611541271209716797e+00
2.618706703186035156e+00
2.624867916107177734e+00
2.631398200988769531e+00
2.638043165206909180e+00
2.644246816635131836e+00
2.650903224945068359e+00
2.656969785690307617e+00
2.663194656372070312e+00
2.669605970382690430e+00
2.675376653671264648e+00
2.682037591934204102e+00
2.688186168670654297e+00
2.695467472076416016e+00
2.701560020446777344e+00
2.707214355468750000e+00
2.714027404785156250e+00
2.719930887222290039e+00
2.726333141326904297e+00
2.732801437377929688e+00
2.739256143569946289e+00
2.745331287384033203e+00
2.751987457275390625e+00
2.757918834686279297e+00
2.763961791992187500e+00
2.770325899124145508e+00
2.777036666870117188e+00
2.783183574676513672e+00
2.790369272232055664e+00
2.797232866287231445e+00
2.803984642028808594e+00
2.811039924621582031e+00
2.817296028137207031e+00
2.824276208877563477e+00
2.830968856811523438e+00
2.837937355041503906e+00
2.844276189804077148e+00
2.850801229476928711e+00
2.856946706771850586e+00
2.863198518753051758e+00
2.869949340820312500e+00
2.876454114913940430e+00
2.882915735244750977e+00
2.889282703399658203e+00
2.895997047424316406e+00
2.902197122573852539e+00
2.908937692642211914e+00
2.914929151535034180e+00
2.920560598373413086e+00
2.926332235336303711e+00
2.932264566421508789e+00
2.938424825668334961e+00
2.945021152496337891e+00
2.950776100158691406e+00
2.957276344299316406e+00
2.963968753814697266e+00
2.970714807510375977e+00
2.976345539093017578e+00
2.981798887252807617e+00
2.987360954284667969e+00
2.992942571640014648e+00
2.999389410018920898e+00
3.005407571792602539e+00
3.010909795761108398e+00
3.015671014785766602e+00
3.020664453506469727e+00
3.026425600051879883e+00
3.031766176223754883e+00
3.036749601364135742e+00
3.041363716125488281e+00
3.045721530914306641e+00
3.050348997116088867e+00
3.055415391921997070e+00
3.061156272888183594e+00
3.066576480865478516e+00
3.072281837463378906e+00
3.078996181488037109e+00
3.084830999374389648e+00
3.090296745300292969e+00
3.096383810043334961e+00
3.101778030395507812e+00
3.106736660003662109e+00
3.112190961837768555e+00
3.117184638977050781e+00
3.122317790985107422e+00
3.127797603607177734e+00
3.132619857788085938e+00
3.138746976852416992e+00
3.143740415573120117e+00
3.148635149002075195e+00
3.153743267059326172e+00
3.159221887588500977e+00
3.164377212524414062e+00
3.169419288635253906e+00
3.174731492996215820e+00
3.179979085922241211e+00
3.184736967086791992e+00
3.189660787582397461e+00
3.194641113281250000e+00
3.200664758682250977e+00
3.205614328384399414e+00
3.211419343948364258e+00
3.216362714767456055e+00
3.221106529235839844e+00
3.225647211074829102e+00
3.230352878570556641e+00
3.234861373901367188e+00
3.239421129226684570e+00
3.246987581253051758e+00
3.252813339233398438e+00
3.258408069610595703e+00
3.264213085174560547e+00
3.269814252853393555e+00
3.275161981582641602e+00
3.280775785446166992e+00
3.285767555236816406e+00
3.291809082031250000e+00
3.297139883041381836e+00
3.302393436431884766e+00
3.308373689651489258e+00
3.313774585723876953e+00
3.319822788238525391e+00
3.325826644897460938e+00
3.331281185150146484e+00
3.336781263351440430e+00
3.342276334762573242e+00
3.348099470138549805e+00
3.353604793548583984e+00
3.358231544494628906e+00
3.362034082412719727e+00
3.365588903427124023e+00
3.368225812911987305e+00
3.370741367340087891e+00
3.373101711273193359e+00
3.375984191894531250e+00
3.378533601760864258e+00
3.381161451339721680e+00
3.383547782897949219e+00
3.385984182357788086e+00
3.388534545898437500e+00
3.391289472579956055e+00
3.393642425537109375e+00
3.395967006683349609e+00
3.398429870605468750e+00
3.401284694671630859e+00
3.403624773025512695e+00
3.406108379364013672e+00
3.408719301223754883e+00
3.411288976669311523e+00
3.413718223571777344e+00
3.416288137435913086e+00
3.418648958206176758e+00
3.421240091323852539e+00
3.423983335494995117e+00
3.426498413085937500e+00
3.429108381271362305e+00
3.431498527526855469e+00
3.434210062026977539e+00
3.436717271804809570e+00
3.439099550247192383e+00
3.441726207733154297e+00
3.444285631179809570e+00
3.446989536285400391e+00
3.449547767639160156e+00
3.451795816421508789e+00
3.454103946685791016e+00
3.456622838973999023e+00
3.459239006042480469e+00
3.461533784866333008e+00
3.463963270187377930e+00
3.466434240341186523e+00
3.468805789947509766e+00
3.471404790878295898e+00
3.474097251892089844e+00
3.476966381072998047e+00
3.479622840881347656e+00
3.482460498809814453e+00
3.484794855117797852e+00
3.487217426300048828e+00
3.490000724792480469e+00
3.492520332336425781e+00
3.494814157485961914e+00
3.497287750244140625e+00
3.500174045562744141e+00
3.502495050430297852e+00
3.505230426788330078e+00
3.507971763610839844e+00
3.510548114776611328e+00
3.513382673263549805e+00
3.516176462173461914e+00
3.518989324569702148e+00
3.521233558654785156e+00
3.523599624633789062e+00
3.526131153106689453e+00
3.528598546981811523e+00
3.530963897705078125e+00
3.533494710922241211e+00
3.535984754562377930e+00
3.538414955139160156e+00
3.540973186492919922e+00
3.544133663177490234e+00
3.546982288360595703e+00
3.549441337585449219e+00
3.552103042602539062e+00
3.554983377456665039e+00
3.557391166687011719e+00
3.560124874114990234e+00
3.562972068786621094e+00
3.565494775772094727e+00
3.568242073059082031e+00
3.570984125137329102e+00
3.573566675186157227e+00
3.576236248016357422e+00
3.578970909118652344e+00
3.581496715545654297e+00
3.584295034408569336e+00
3.586818218231201172e+00
3.589291095733642578e+00
3.591981649398803711e+00
3.594759941101074219e+00
3.597233533859252930e+00
3.600264787673950195e+00
3.603260040283203125e+00
3.606005668640136719e+00
3.609217405319213867e+00
3.612718105316162109e+00
3.615770101547241211e+00
3.618633985519409180e+00
3.621419668197631836e+00
3.624393463134765625e+00
3.627000331878662109e+00
3.629230260848999023e+00
3.631981372833251953e+00
3.635061264038085938e+00
3.638007402420043945e+00
3.641653776168823242e+00
3.645204544067382812e+00
3.648026466369628906e+00
3.651280164718627930e+00
3.653725385665893555e+00
3.656230211257934570e+00
3.658494949340820312e+00
3.660724401473999023e+00
3.663311958312988281e+00
3.666244029998779297e+00
3.668721437454223633e+00
3.671296358108520508e+00
3.674015998840332031e+00
3.676623582839965820e+00
3.679250001907348633e+00
3.681971073150634766e+00
3.684257984161376953e+00
3.686810493469238281e+00
3.689547538757324219e+00
3.692523956298828125e+00
3.694778203964233398e+00
3.697097301483154297e+00
3.700006008148193359e+00
3.702392816543579102e+00
3.705113172531127930e+00
3.707968711853027344e+00
3.710495948791503906e+00
3.712724208831787109e+00
3.715149641036987305e+00
3.717962980270385742e+00
3.720623493194580078e+00
3.723172187805175781e+00
3.726181745529174805e+00
3.728725910186767578e+00
3.731172800064086914e+00
3.733593940734863281e+00
3.736119985580444336e+00
3.738494873046875000e+00
3.740723371505737305e+00
3.743171453475952148e+00
3.745569944381713867e+00
3.748113393783569336e+00
3.750494480133056641e+00
3.752720117568969727e+00
3.755285978317260742e+00
3.757984876632690430e+00
3.760637521743774414e+00
3.763295412063598633e+00
3.765959501266479492e+00
3.768496751785278320e+00
3.771089315414428711e+00
3.773730039596557617e+00
3.776414871215820312e+00
3.778996706008911133e+00
3.781229734420776367e+00
3.784238100051879883e+00
3.786531925201416016e+00
3.789512872695922852e+00
3.792258501052856445e+00
3.794994354248046875e+00
3.797219753265380859e+00
3.800044298171997070e+00
3.802489042282104492e+00
3.804957151412963867e+00
3.807241916656494141e+00
3.809719324111938477e+00
3.812261581420898438e+00
3.815302133560180664e+00
3.818017482757568359e+00
3.820727586746215820e+00
3.823301792144775391e+00
3.826050281524658203e+00
3.829041242599487305e+00
3.831974029541015625e+00
3.834743499755859375e+00
3.837288856506347656e+00
3.840223073959350586e+00
3.842496156692504883e+00
3.844719171524047852e+00
3.847285985946655273e+00
3.849967956542968750e+00
3.853045463562011719e+00
3.855624914169311523e+00
3.858484506607055664e+00
3.861116170883178711e+00
3.863310813903808594e+00
3.865470409393310547e+00
3.867953777313232422e+00
3.870220661163330078e+00
3.873231887817382812e+00
3.876123428344726562e+00
3.878839731216430664e+00
3.881229639053344727e+00
3.883609771728515625e+00
3.885725498199462891e+00
3.888458490371704102e+00
3.891176939010620117e+00
3.893494129180908203e+00
3.896399259567260742e+00
3.899242877960205078e+00
3.901536226272583008e+00
3.904458045959472656e+00
3.907219886779785156e+00
3.909470796585083008e+00
3.912534475326538086e+00
3.915222406387329102e+00
3.917720556259155273e+00
3.920417547225952148e+00
3.923628568649291992e+00
3.926416158676147461e+00
3.929416179656982422e+00
3.932403802871704102e+00
3.935002565383911133e+00
3.937756538391113281e+00
3.940623283386230469e+00
3.943249225616455078e+00
3.946008205413818359e+00
3.948741197586059570e+00
3.951634407043457031e+00
3.954251289367675781e+00
3.957301378250122070e+00
3.960754156112670898e+00
3.964055538177490234e+00
3.967318773269653320e+00
3.970655441284179688e+00
3.973680734634399414e+00
3.976811885833740234e+00
3.979687690734863281e+00
3.982799530029296875e+00
3.985767364501953125e+00
3.988765239715576172e+00
3.991806268692016602e+00
3.995014667510986328e+00
3.998160600662231445e+00
4.001483440399169922e+00
4.004761219024658203e+00
4.007694959640502930e+00
4.010792732238769531e+00
4.014044761657714844e+00
4.017317056655883789e+00
4.020766496658325195e+00
4.023618698120117188e+00
4.026239633560180664e+00
4.028974294662475586e+00
4.031763553619384766e+00
4.034653425216674805e+00
4.037234544754028320e+00
4.040016651153564453e+00
4.042619466781616211e+00
4.045469045639038086e+00
4.048417806625366211e+00
4.051418542861938477e+00
4.054235935211181641e+00
4.056996107101440430e+00
4.059613943099975586e+00
4.062239646911621094e+00
4.064740180969238281e+00
4.067236423492431641e+00
4.069739341735839844e+00
4.072407484054565430e+00
4.075118780136108398e+00
4.077738761901855469e+00
4.080249309539794922e+00
4.082751989364624023e+00
4.085232496261596680e+00
4.087740659713745117e+00
4.090255260467529297e+00
4.092737436294555664e+00
4.095260381698608398e+00
4.097975254058837891e+00
4.100649118423461914e+00
4.103120565414428711e+00
4.105738639831542969e+00
4.108419418334960938e+00
4.111485004425048828e+00
4.114419221878051758e+00
4.117419242858886719e+00
4.120418787002563477e+00
4.123329877853393555e+00
4.126119613647460938e+00
4.128974199295043945e+00
4.131623268127441406e+00
4.134241342544555664e+00
4.136996030807495117e+00
4.139759540557861328e+00
4.142507076263427734e+00
4.145235061645507812e+00
4.148004770278930664e+00
4.150981187820434570e+00
4.154002189636230469e+00
4.156993150711059570e+00
4.160003423690795898e+00
4.163007259368896484e+00
4.166003465652465820e+00
4.168756246566772461e+00
4.171254396438598633e+00
4.173967599868774414e+00
4.176763296127319336e+00
4.179640531539916992e+00
4.182625293731689453e+00
4.185418605804443359e+00
4.188419818878173828e+00
4.191245317459106445e+00
4.193976640701293945e+00
4.197005510330200195e+00
4.200613021850585938e+00
4.203424453735351562e+00
4.206419944763183594e+00
4.209138393402099609e+00
4.212010145187377930e+00
4.215484619140625000e+00
4.218408823013305664e+00
4.221408605575561523e+00
4.224256515502929688e+00
4.227080345153808594e+00
4.230245828628540039e+00
4.233621835708618164e+00
4.237003803253173828e+00
4.240260601043701172e+00
4.243260145187377930e+00
4.245970964431762695e+00
4.248756885528564453e+00
4.251251459121704102e+00
4.253986835479736328e+00
4.257441043853759766e+00
4.260485649108886719e+00
4.263496875762939453e+00
4.267068386077880859e+00
4.270112752914428711e+00
4.272994518280029297e+00
4.276081800460815430e+00
4.279701471328735352e+00
4.282328605651855469e+00
4.285823583602905273e+00
4.288730859756469727e+00
4.291815996170043945e+00
4.295041799545288086e+00
4.297486543655395508e+00
4.300500631332397461e+00
4.304457664489746094e+00
4.308704376220703125e+00
4.312134504318237305e+00
4.315683603286743164e+00
4.319550752639770508e+00
4.323213338851928711e+00
4.326606512069702148e+00
4.330053567886352539e+00
4.334160804748535156e+00
4.338028669357299805e+00
4.341520071029663086e+00
4.345736265182495117e+00
4.349056005477905273e+00
4.352293491363525391e+00
4.355455636978149414e+00
4.358875274658203125e+00
4.362516164779663086e+00
4.365820169448852539e+00
4.369494915008544922e+00
4.373715877532958984e+00
4.377171516418457031e+00
4.380300045013427734e+00
4.384247541427612305e+00
4.387662649154663086e+00
4.391474723815917969e+00
4.394840002059936523e+00
4.398563385009765625e+00
4.402749300003051758e+00
4.406538724899291992e+00
4.410063266754150391e+00
4.413457155227661133e+00
4.416645765304565430e+00
4.419569253921508789e+00
4.422623634338378906e+00
4.425602912902832031e+00
4.428837299346923828e+00
4.431218862533569336e+00
4.433992147445678711e+00
4.437029600143432617e+00
4.440281152725219727e+00
4.443563222885131836e+00
4.446823358535766602e+00
4.449216604232788086e+00
4.451732873916625977e+00
4.454092979431152344e+00
4.457022905349731445e+00
4.459993362426757812e+00
4.462604045867919922e+00
4.465407848358154297e+00
4.468242406845092773e+00
4.470998525619506836e+00
4.473621368408203125e+00
4.476100683212280273e+00
4.479249000549316406e+00
4.481982707977294922e+00
4.484757184982299805e+00
4.487628698348999023e+00
4.490460872650146484e+00
4.493418931961059570e+00
4.496625900268554688e+00
4.499233961105346680e+00
4.501790285110473633e+00
4.504625558853149414e+00
4.507469892501831055e+00
4.510240077972412109e+00
4.512966871261596680e+00
4.516604900360107422e+00
4.520008563995361328e+00
4.523066043853759766e+00
4.526241779327392578e+00
4.528994798660278320e+00
4.531827211380004883e+00
4.534653186798095703e+00
4.537759304046630859e+00
4.541247367858886719e+00
4.543993234634399414e+00
4.547517299652099609e+00
4.550792455673217773e+00
4.554308891296386719e+00
4.557682514190673828e+00
4.560611009597778320e+00
4.563268899917602539e+00
4.565735816955566406e+00
4.568087816238403320e+00
4.570481538772583008e+00
4.572964429855346680e+00
4.575213432312011719e+00
4.577472686767578125e+00
4.580462694168090820e+00
4.583429098129272461e+00
4.586097002029418945e+00
4.589049100875854492e+00
4.591723442077636719e+00
4.594152450561523438e+00
4.596473455429077148e+00
4.598961591720581055e+00
4.601217746734619141e+00
4.603475570678710938e+00
4.605730533599853516e+00
4.608624458312988281e+00
4.611235618591308594e+00
4.613475322723388672e+00
4.615965843200683594e+00
4.618227005004882812e+00
4.620999574661254883e+00
4.623709201812744141e+00
4.626088142395019531e+00
4.628396987915039062e+00
4.630838394165039062e+00
4.633479595184326172e+00
4.636218547821044922e+00
4.638473272323608398e+00
4.640728235244750977e+00
4.643277645111083984e+00
4.646542787551879883e+00
4.650207519531250000e+00
4.653294324874877930e+00
4.656436443328857422e+00
4.659529447555541992e+00
4.662436246871948242e+00
4.665107727050781250e+00
4.667603015899658203e+00
4.669955492019653320e+00
4.672627925872802734e+00
4.675251483917236328e+00
4.677966594696044922e+00
4.680733919143676758e+00
4.683230638504028320e+00
4.685726404190063477e+00
4.688160419464111328e+00
4.690473794937133789e+00
4.692961692810058594e+00
4.695217132568359375e+00
4.697474479675292969e+00
4.700100421905517578e+00
4.702473402023315430e+00
4.704724550247192383e+00
4.707193851470947266e+00
4.709730625152587891e+00
4.712216138839721680e+00
4.714594841003417969e+00
4.717102527618408203e+00
4.719605445861816406e+00
4.721724748611450195e+00
4.724109411239624023e+00
4.726473331451416016e+00
4.729091405868530273e+00
4.731593608856201172e+00
4.734098672866821289e+00
4.736474514007568359e+00
4.738798856735229492e+00
4.741641998291015625e+00
4.744256019592285156e+00
4.746971607208251953e+00
4.749475240707397461e+00
4.751963138580322266e+00
4.754209518432617188e+00
4.756474018096923828e+00
4.759497404098510742e+00
4.762101411819458008e+00
4.764492988586425781e+00
4.767281293869018555e+00
4.769963979721069336e+00
4.772735834121704102e+00
4.775631189346313477e+00
4.778421640396118164e+00
4.781485795974731445e+00
4.784420251846313477e+00
4.787409067153930664e+00
4.789980649948120117e+00
4.792729854583740234e+00
4.795684099197387695e+00
4.799008607864379883e+00
4.802243471145629883e+00
4.806080579757690430e+00
4.809287548065185547e+00
4.812504768371582031e+00
4.815416574478149414e+00
4.818578958511352539e+00
4.821637868881225586e+00
4.825253963470458984e+00
4.828651189804077148e+00
4.832248449325561523e+00
4.835298538208007812e+00
4.838127136230468750e+00
4.841291189193725586e+00
4.844284772872924805e+00
4.847557544708251953e+00
4.850488424301147461e+00
4.853737831115722656e+00
4.856694698333740234e+00
4.859509229660034180e+00
4.862238645553588867e+00
4.864991664886474609e+00
4.867498636245727539e+00
4.870223999023437500e+00
4.872739791870117188e+00
4.875486135482788086e+00
4.878242015838623047e+00
4.880736589431762695e+00
4.883235454559326172e+00
4.885968208312988281e+00
4.888602733612060547e+00
4.891229391098022461e+00
4.893734216690063477e+00
4.896218299865722656e+00
4.898745536804199219e+00
4.901240825653076172e+00
4.903973817825317383e+00
4.906486511230468750e+00
4.909228324890136719e+00
4.911977291107177734e+00
4.914486646652221680e+00
4.917226076126098633e+00
4.919968843460083008e+00
4.923051595687866211e+00
4.926255702972412109e+00
4.929768562316894531e+00
4.933033466339111328e+00
4.935596227645874023e+00
4.938224077224731445e+00
4.940974235534667969e+00
4.944047927856445312e+00
4.946974754333496094e+00
4.950027942657470703e+00
4.952723264694213867e+00
4.955606698989868164e+00
4.958410739898681641e+00
4.961123704910278320e+00
4.964095354080200195e+00
4.967070579528808594e+00
4.969743490219116211e+00
4.972686290740966797e+00
4.975281476974487305e+00
4.978258132934570312e+00
4.981415271759033203e+00
4.984983444213867188e+00
4.988312244415283203e+00
4.991474866867065430e+00
4.994429826736450195e+00
4.997270345687866211e+00
4.999976634979248047e+00
5.002622127532958984e+00
5.005243062973022461e+00
5.007976770401000977e+00
5.010958909988403320e+00
5.014027118682861328e+00
5.017028331756591797e+00
5.019976139068603516e+00
5.023025035858154297e+00
5.025743722915649414e+00
5.028460502624511719e+00
5.031287193298339844e+00
5.034006118774414062e+00
5.036992073059082031e+00
5.039779424667358398e+00
5.042643547058105469e+00
5.045274972915649414e+00
5.048157215118408203e+00
5.050737857818603516e+00
5.053234100341796875e+00
5.055977344512939453e+00
5.058960199356079102e+00
5.061971426010131836e+00
5.064956188201904297e+00
5.067815542221069336e+00
5.070490837097167969e+00
5.073432922363281250e+00
5.077240228652954102e+00
5.079608678817749023e+00
5.082134962081909180e+00
5.084994316101074219e+00
5.087943315505981445e+00
5.090978145599365234e+00
5.093217134475708008e+00
5.096181392669677734e+00
5.098975181579589844e+00
5.102237462997436523e+00
5.105003595352172852e+00
5.107583999633789062e+00
5.110103368759155273e+00
5.113008975982666016e+00
5.116042613983154297e+00
5.118482351303100586e+00
5.121102809906005859e+00
5.123579263687133789e+00
5.125959157943725586e+00
5.128580093383789062e+00
5.131160497665405273e+00
5.133975744247436523e+00
5.136476039886474609e+00
5.138946533203125000e+00
5.141476631164550781e+00
5.143967628479003906e+00
5.146228075027465820e+00
5.148970842361450195e+00
5.151666879653930664e+00
5.154145956039428711e+00
5.156728029251098633e+00
5.159284353256225586e+00
5.162252187728881836e+00
5.164999961853027344e+00
5.167222976684570312e+00
5.169476985931396484e+00
5.171966552734375000e+00
5.174476623535156250e+00
5.176965236663818359e+00
5.179227352142333984e+00
5.181591033935546875e+00
5.184465408325195312e+00
5.187668561935424805e+00
5.190294504165649414e+00
5.193241119384765625e+00
5.196161508560180664e+00
5.199084997177124023e+00
5.201974630355834961e+00
5.205011367797851562e+00
5.208046436309814453e+00
5.211231708526611328e+00
5.213974475860595703e+00
5.216780185699462891e+00
5.219741582870483398e+00
5.222284555435180664e+00
5.225029230117797852e+00
5.228247642517089844e+00
5.230984926223754883e+00
5.234043359756469727e+00
5.236990690231323242e+00
5.239976882934570312e+00
5.242491722106933594e+00
5.245523214340209961e+00
5.249027013778686523e+00
5.252320528030395508e+00
5.255127429962158203e+00
5.258227109909057617e+00
5.261447429656982422e+00
5.264568328857421875e+00
5.267544507980346680e+00
5.271446704864501953e+00
5.274818897247314453e+00
5.277984857559204102e+00
5.281236410140991211e+00
5.284221410751342773e+00
5.286991119384765625e+00
5.290019512176513672e+00
5.293240308761596680e+00
5.295984506607055664e+00
5.299012184143066406e+00
5.302795886993408203e+00
5.305625438690185547e+00
5.308611154556274414e+00
5.311234235763549805e+00
5.313986539840698242e+00
5.317001819610595703e+00
5.319987773895263672e+00
5.323510646820068359e+00
5.326972246170043945e+00
5.330114126205444336e+00
5.332982778549194336e+00
5.336461782455444336e+00
5.340056657791137695e+00
5.343001842498779297e+00
5.346016883850097656e+00
5.348978042602539062e+00
5.351746082305908203e+00
5.354502201080322266e+00
5.357621192932128906e+00
5.360630989074707031e+00
5.364072322845458984e+00
5.367499113082885742e+00
5.370595932006835938e+00
5.374051809310913086e+00
5.377267360687255859e+00
5.380477905273437500e+00
5.383413314819335938e+00
5.386640787124633789e+00
5.389752864837646484e+00
5.392749786376953125e+00
5.396323680877685547e+00
5.400023460388183594e+00
5.403475284576416016e+00
5.406478881835937500e+00
5.409268856048583984e+00
5.412080287933349609e+00
5.414995670318603516e+00
5.417975187301635742e+00
5.420622348785400391e+00
5.423232793807983398e+00
5.426007509231567383e+00
5.429230213165283203e+00
5.432230472564697266e+00
5.434999465942382812e+00
5.437974214553833008e+00
5.440976381301879883e+00
5.443737030029296875e+00
5.446596860885620117e+00
5.449232816696166992e+00
5.451984405517578125e+00
5.454996109008789062e+00
5.457727432250976562e+00
5.460685729980468750e+00
5.464002370834350586e+00
5.467242479324340820e+00
5.470802545547485352e+00
5.473972558975219727e+00
5.476960420608520508e+00
5.479980468750000000e+00
5.482985496520996094e+00
5.485966920852661133e+00
5.488611459732055664e+00
5.491606712341308594e+00
5.494413852691650391e+00
5.497241497039794922e+00
5.499955654144287109e+00
5.502988815307617188e+00
5.505737066268920898e+00
5.508569955825805664e+00
5.511238574981689453e+00
5.513721704483032227e+00
5.516618967056274414e+00
5.519415616989135742e+00
5.522414684295654297e+00
5.525424718856811523e+00
5.528425693511962891e+00
5.531425237655639648e+00
5.534425973892211914e+00
5.537425041198730469e+00
5.540426015853881836e+00
5.543425559997558594e+00
5.546236753463745117e+00
5.548721790313720703e+00
5.551425218582153320e+00
5.554235935211181641e+00
5.556724548339843750e+00
5.559229373931884766e+00
5.561952114105224609e+00
5.564489841461181641e+00
5.567099809646606445e+00
5.569740772247314453e+00
5.572231292724609375e+00
5.574729204177856445e+00
5.577228307723999023e+00
5.579719781875610352e+00
5.582332611083984375e+00
5.584952831268310547e+00
5.587463140487670898e+00
5.590098857879638672e+00
5.592719078063964844e+00
5.595237970352172852e+00
5.597723484039306641e+00
5.600220918655395508e+00
5.602755784988403320e+00
5.605223894119262695e+00
5.607954025268554688e+00
5.610470771789550781e+00
5.613225698471069336e+00
5.615723133087158203e+00
5.618233442306518555e+00
5.620719671249389648e+00
5.623223304748535156e+00
5.625724077224731445e+00
5.628227949142456055e+00
5.630727291107177734e+00
5.633234262466430664e+00
5.635718584060668945e+00
5.638232231140136719e+00
5.640722036361694336e+00
5.643219470977783203e+00
5.646216154098510742e+00
5.648727655410766602e+00
5.651084184646606445e+00
5.654110670089721680e+00
5.656594753265380859e+00
5.658943176269531250e+00
5.661521911621093750e+00
5.664230108261108398e+00
5.666952610015869141e+00
5.669950723648071289e+00
5.673246145248413086e+00
5.675957679748535156e+00
5.678428888320922852e+00
5.680949926376342773e+00
5.683607816696166992e+00
5.686226367950439453e+00
5.688981533050537109e+00
5.691953897476196289e+00
5.695000171661376953e+00
5.697964191436767578e+00
5.700929641723632812e+00
5.703216552734375000e+00
5.705709695816040039e+00
5.708608865737915039e+00
5.711339473724365234e+00
5.713719129562377930e+00
5.716458559036254883e+00
5.719432830810546875e+00
5.722802639007568359e+00
5.725789070129394531e+00
5.729118585586547852e+00
5.732017993927001953e+00
5.734947681427001953e+00
5.737409114837646484e+00
5.740402698516845703e+00
5.742789983749389648e+00
5.745452880859375000e+00
5.748638629913330078e+00
5.751778125762939453e+00
5.754779338836669922e+00
5.757992982864379883e+00
5.760739088058471680e+00
5.763612031936645508e+00
5.766319751739501953e+00
5.768980503082275391e+00
5.772078514099121094e+00
5.774452924728393555e+00
5.777085781097412109e+00
5.779325962066650391e+00
5.781452655792236328e+00
5.783941984176635742e+00
5.786217927932739258e+00
5.788451910018920898e+00
5.790734291076660156e+00
5.793096065521240234e+00
5.795209169387817383e+00
5.797455787658691406e+00
5.799937963485717773e+00
5.802128553390502930e+00
5.804708719253540039e+00
5.807087421417236328e+00
5.809204101562500000e+00
5.811591148376464844e+00
5.814090251922607422e+00
5.816217422485351562e+00
5.818749427795410156e+00
5.821077823638916016e+00
5.823218822479248047e+00
5.825943231582641602e+00
5.828205823898315430e+00
5.830452442169189453e+00
5.832703113555908203e+00
5.835077285766601562e+00
5.837213754653930664e+00
5.839452266693115234e+00
5.841702222824096680e+00
5.844076633453369141e+00
5.846210002899169922e+00
5.848455667495727539e+00
5.851081132888793945e+00
5.853204488754272461e+00
5.855706691741943359e+00
5.858087301254272461e+00
5.860265016555786133e+00
5.862972497940063477e+00
5.865980148315429688e+00
5.868738889694213867e+00
5.871200799942016602e+00
5.873982191085815430e+00
5.876739025115966797e+00
5.879622459411621094e+00
5.882604122161865234e+00
5.885228633880615234e+00
5.887977838516235352e+00
5.890951633453369141e+00
5.893744468688964844e+00
5.896225690841674805e+00
5.898966789245605469e+00
5.901962757110595703e+00
5.904738187789916992e+00
5.907612085342407227e+00
5.910216569900512695e+00
5.912957429885864258e+00
5.915469408035278320e+00
5.918414115905761719e+00
5.920952558517456055e+00
5.925075292587280273e+00
5.930605411529541016e+00
5.935476064682006836e+00
5.938434362411499023e+00
5.942376375198364258e+00
5.946768760681152344e+00
5.950946807861328125e+00
5.955693244934082031e+00
5.959268569946289062e+00
5.963198184967041016e+00
5.966632604598999023e+00
5.970021486282348633e+00
5.974214315414428711e+00
5.977996349334716797e+00
5.982027530670166016e+00
5.985480785369873047e+00
5.988791704177856445e+00
5.992250442504882812e+00
5.996186017990112305e+00
5.999731063842773438e+00
6.002602100372314453e+00
6.005565404891967773e+00
6.008594751358032227e+00
6.011641263961791992e+00
6.014533042907714844e+00
6.017958879470825195e+00
6.020951747894287109e+00
6.024486064910888672e+00
6.027830362319946289e+00
6.030822753906250000e+00
6.033764839172363281e+00
6.036957263946533203e+00
6.039455890655517578e+00
6.042093753814697266e+00
6.044958591461181641e+00
6.047473907470703125e+00
6.050086021423339844e+00
6.052454471588134766e+00
6.055239677429199219e+00
6.058012008666992188e+00
6.060250759124755859e+00
6.062769651412963867e+00
6.065225124359130859e+00
6.067586898803710938e+00
6.070220947265625000e+00
6.072959899902343750e+00
6.076004743576049805e+00
6.079041481018066406e+00
6.082227468490600586e+00
6.085017681121826172e+00
6.087616205215454102e+00
6.090234994888305664e+00
6.093020677566528320e+00
6.095945596694946289e+00
6.098459482192993164e+00
6.100946903228759766e+00
6.103796958923339844e+00
6.106596469879150391e+00
6.109395027160644531e+00
6.112205743789672852e+00
6.114589452743530273e+00
6.117226362228393555e+00
6.120034933090209961e+00
6.122998952865600586e+00
6.126132488250732422e+00
6.128942012786865234e+00
6.131199598312377930e+00
6.133571863174438477e+00
6.135709524154663086e+00
6.138074398040771484e+00
6.140711307525634766e+00
6.143277168273925781e+00
6.146004676818847656e+00
6.148514270782470703e+00
6.151092767715454102e+00
6.153456926345825195e+00
6.156220912933349609e+00
6.158956766128540039e+00
6.161406755447387695e+00
6.163720130920410156e+00
6.166081428527832031e+00
6.168456077575683594e+00
6.170796155929565430e+00
6.173214912414550781e+00
6.176021099090576172e+00
6.178802967071533203e+00
6.181199312210083008e+00
6.183646678924560547e+00
6.186392307281494141e+00
6.189202785491943359e+00
6.191643238067626953e+00
6.193706512451171875e+00
6.196070432662963867e+00
6.198952436447143555e+00
6.201196908950805664e+00
6.203503608703613281e+00
6.206121444702148438e+00
6.208519697189331055e+00
6.211268663406372070e+00
6.214012384414672852e+00
6.216968297958374023e+00
6.219259500503540039e+00
6.221648216247558594e+00
6.224212646484375000e+00
6.227217912673950195e+00
6.230038881301879883e+00
6.232954978942871094e+00
6.235492944717407227e+00
6.238380908966064453e+00
6.241366386413574219e+00
6.244081735610961914e+00
6.246924400329589844e+00
6.249924898147583008e+00
6.252954721450805664e+00
6.255644083023071289e+00
6.257703065872192383e+00
6.260096073150634766e+00
6.262595653533935547e+00
6.265204668045043945e+00
6.267944097518920898e+00
6.270346403121948242e+00
6.272988796234130859e+00
6.275571584701538086e+00
6.278146982192993164e+00
6.280978441238403320e+00
6.283997058868408203e+00
6.286470413208007812e+00
6.289141416549682617e+00
6.291468381881713867e+00
6.294094800949096680e+00
6.296927452087402344e+00
6.299470663070678711e+00
6.303622245788574219e+00
6.306495189666748047e+00
6.309749841690063477e+00
6.313283205032348633e+00
6.316237211227416992e+00
6.319077014923095703e+00
6.322239160537719727e+00
6.325279951095581055e+00
6.328372001647949219e+00
6.332024097442626953e+00
6.335302591323852539e+00
6.338788509368896484e+00
6.342238664627075195e+00
6.345219612121582031e+00
6.348505020141601562e+00
6.351786613464355469e+00
6.354808568954467773e+00
6.358026266098022461e+00
6.361128807067871094e+00
6.364483594894409180e+00
6.367790937423706055e+00
6.370608091354370117e+00
6.373782157897949219e+00
6.377033948898315430e+00
6.380229473114013672e+00
6.383270025253295898e+00
6.386334180831909180e+00
6.389286041259765625e+00
6.392402887344360352e+00
6.395673274993896484e+00
6.399037599563598633e+00
6.402292490005493164e+00
6.405241012573242188e+00
6.408101558685302734e+00
6.410971879959106445e+00
6.413966655731201172e+00
6.416729688644409180e+00
6.419594526290893555e+00
6.422336578369140625e+00
6.425255775451660156e+00
6.428347349166870117e+00
6.431255102157592773e+00
6.433986902236938477e+00
6.436753273010253906e+00
6.439597129821777344e+00
6.442596435546875000e+00
6.445468902587890625e+00
6.448342800140380859e+00
6.451190948486328125e+00
6.454225778579711914e+00
6.456932306289672852e+00
6.459975004196166992e+00
6.462967395782470703e+00
6.465956926345825195e+00
6.468585252761840820e+00
6.471217393875122070e+00
6.473951339721679688e+00
6.476602077484130859e+00
6.479206800460815430e+00
6.481956481933593750e+00
6.485038042068481445e+00
6.488253355026245117e+00
6.491134166717529297e+00
6.494313716888427734e+00
6.497231960296630859e+00
6.500085353851318359e+00
6.502728223800659180e+00
6.505313396453857422e+00
6.508220195770263672e+00
6.511298418045043945e+00
6.514119386672973633e+00
6.516962528228759766e+00
6.519734621047973633e+00
6.522741317749023438e+00
6.525590181350708008e+00
6.528601884841918945e+00
6.531305074691772461e+00
6.533956527709960938e+00
6.537022829055786133e+00
6.540300607681274414e+00
6.543296575546264648e+00
6.546484231948852539e+00
6.549207210540771484e+00
6.552259206771850586e+00
6.555222034454345703e+00
6.557953357696533203e+00
6.560941934585571289e+00
6.564075708389282227e+00
6.567265510559082031e+00
6.570099115371704102e+00
6.572958469390869141e+00
6.575716257095336914e+00
6.578427791595458984e+00
6.581472396850585938e+00
6.584470748901367188e+00
6.587943315505981445e+00
6.590570688247680664e+00
6.593196868896484375e+00
6.595459461212158203e+00
6.597954988479614258e+00
6.601531267166137695e+00
6.605016469955444336e+00
6.608287811279296875e+00
6.611970424652099609e+00
6.614966869354248047e+00
6.617457866668701172e+00
6.619950532913208008e+00
6.622213125228881836e+00
6.625084638595581055e+00
6.627955436706542969e+00
6.630189895629882812e+00
6.632457733154296875e+00
6.634732484817504883e+00
6.637087345123291016e+00
6.639589309692382812e+00
6.642200946807861328e+00
6.644950628280639648e+00
6.647943496704101562e+00
6.650764942169189453e+00
6.653614282608032227e+00
6.656352758407592773e+00
6.659242153167724609e+00
6.661962985992431641e+00
6.664717674255371094e+00
6.667251348495483398e+00
6.670107364654541016e+00
6.673017024993896484e+00
6.675612688064575195e+00
6.678337812423706055e+00
6.681189060211181641e+00
6.683969736099243164e+00
6.686972141265869141e+00
6.689944028854370117e+00
6.692715644836425781e+00
6.695588588714599609e+00
6.698221921920776367e+00
6.700957298278808594e+00
6.703469753265380859e+00
6.706084012985229492e+00
6.709295749664306641e+00
6.712234258651733398e+00
6.714999198913574219e+00
6.718083858489990234e+00
6.720942735671997070e+00
6.723217010498046875e+00
6.725456714630126953e+00
6.727947473526000977e+00
6.730210542678833008e+00
6.732947349548339844e+00
6.735456943511962891e+00
6.738073110580444336e+00
6.740687131881713867e+00
6.743244886398315430e+00
6.745987653732299805e+00
6.748605728149414062e+00
6.751592397689819336e+00
6.754084825515747070e+00
6.756691455841064453e+00
6.759081840515136719e+00
6.761459112167358398e+00
6.764230012893676758e+00
6.767220973968505859e+00
6.770229578018188477e+00
6.773094177246093750e+00
6.775941133499145508e+00
6.778969526290893555e+00
6.781469345092773438e+00
6.784350633621215820e+00
6.787219285964965820e+00
6.790206909179687500e+00
6.792950868606567383e+00
6.795970201492309570e+00
6.798600196838378906e+00
6.801225185394287109e+00
6.804233312606811523e+00
6.806951045989990234e+00
6.809587478637695312e+00
6.812483549118041992e+00
6.815216541290283203e+00
6.817976951599121094e+00
6.820970296859741211e+00
6.823623180389404297e+00
6.826087236404418945e+00
6.828957557678222656e+00
6.831470251083374023e+00
6.834080457687377930e+00
6.836945295333862305e+00
6.839470863342285156e+00
6.842098236083984375e+00
6.844954252243041992e+00
6.847470045089721680e+00
6.850081920623779297e+00
6.853107213973999023e+00
6.856235980987548828e+00
6.858995676040649414e+00
6.861942052841186523e+00
6.864711999893188477e+00
6.867775201797485352e+00
6.870084285736083984e+00
6.872947454452514648e+00
6.875710725784301758e+00
6.878323078155517578e+00
6.881097793579101562e+00
6.883958101272583008e+00
6.886599302291870117e+00
6.889228343963623047e+00
6.891927480697631836e+00
6.894317626953125000e+00
6.897101402282714844e+00
6.899697303771972656e+00
6.902072191238403320e+00
6.904458522796630859e+00
6.907098293304443359e+00
6.909483432769775391e+00
6.912100076675415039e+00
6.915013790130615234e+00
6.917590141296386719e+00
6.920075654983520508e+00
6.922536373138427734e+00
6.925084114074707031e+00
6.927536964416503906e+00
6.930070638656616211e+00
6.932457208633422852e+00
6.934796571731567383e+00
6.937353849411010742e+00
6.940252065658569336e+00
6.942950248718261719e+00
6.945189476013183594e+00
6.947562217712402344e+00
6.949708938598632812e+00
6.952100276947021484e+00
6.954537630081176758e+00
6.956941127777099609e+00
6.959200143814086914e+00
6.961460590362548828e+00
6.964074611663818359e+00
6.966967582702636719e+00
6.969586849212646484e+00
6.972206830978393555e+00
6.975055217742919922e+00
6.977973461151123047e+00
6.980969190597534180e+00
6.983717918395996094e+00
6.986587047576904297e+00
6.989597797393798828e+00
6.992354393005371094e+00
6.995225191116333008e+00
6.997978210449218750e+00
7.000722169876098633e+00
7.003591299057006836e+00
7.006087779998779297e+00
7.008958339691162109e+00
7.011549711227416992e+00
7.014077425003051758e+00
7.017126321792602539e+00
7.020434856414794922e+00
7.023214340209960938e+00
7.025955438613891602e+00
7.029113769531250000e+00
7.032090902328491211e+00
7.034955263137817383e+00
7.037949800491333008e+00
7.041103124618530273e+00
7.044133186340332031e+00
7.046920061111450195e+00
7.049206495285034180e+00
7.051563739776611328e+00
7.053942441940307617e+00
7.056542396545410156e+00
7.058936834335327148e+00
7.061198234558105469e+00
7.063538074493408203e+00
7.065993547439575195e+00
7.068929195404052734e+00
7.071187734603881836e+00
7.073537111282348633e+00
7.075922489166259766e+00
7.078072786331176758e+00
7.081086158752441406e+00
7.083939790725708008e+00
7.086194515228271484e+00
7.088934898376464844e+00
7.091323137283325195e+00
7.093689203262329102e+00
7.096608400344848633e+00
7.099252939224243164e+00
7.101956367492675781e+00
7.104537963867187500e+00
7.106953620910644531e+00
7.109197378158569336e+00
7.111965179443359375e+00
7.114282369613647461e+00
7.116951942443847656e+00
7.119356870651245117e+00
7.121689558029174805e+00
7.124100685119628906e+00
7.126974582672119141e+00
7.129314661026000977e+00
7.131538867950439453e+00
7.133691787719726562e+00
7.136619806289672852e+00
7.139640331268310547e+00
7.142594575881958008e+00
7.145098209381103516e+00
7.148136377334594727e+00
7.151075601577758789e+00
7.153990507125854492e+00
7.156629323959350586e+00
7.159209489822387695e+00
7.161687374114990234e+00
7.164351224899291992e+00
7.167205572128295898e+00
7.169697523117065430e+00
7.172061920166015625e+00
7.174992084503173828e+00
7.177589416503906250e+00
7.180263519287109375e+00
7.182817220687866211e+00
7.185754299163818359e+00
7.188525915145874023e+00
7.191249370574951172e+00
7.193951845169067383e+00
7.196642398834228516e+00
7.199605941772460938e+00
7.202356576919555664e+00
7.205346107482910156e+00
7.208213329315185547e+00
7.210979938507080078e+00
7.215050935745239258e+00
7.218808650970458984e+00
7.222276926040649414e+00
7.225639343261718750e+00
7.229034185409545898e+00
7.232219934463500977e+00
7.234990596771240234e+00
7.237944602966308594e+00
7.241477012634277344e+00
7.244208097457885742e+00
7.247236490249633789e+00
7.250352621078491211e+00
7.253197431564331055e+00
7.256273031234741211e+00
7.259224176406860352e+00
7.262250900268554688e+00
7.265631675720214844e+00
7.268552780151367188e+00
7.271366119384765625e+00
7.274231910705566406e+00
7.277286291122436523e+00
7.280969381332397461e+00
7.284357547760009766e+00
7.287950754165649414e+00
7.291270494461059570e+00
7.294594049453735352e+00
7.297597885131835938e+00
7.300714254379272461e+00
7.305100202560424805e+00
7.309617519378662109e+00
7.313240289688110352e+00
7.317423343658447266e+00
7.321427106857299805e+00
7.326031684875488281e+00
7.330564737319946289e+00
7.335707664489746094e+00
7.341297864913940430e+00
7.346692800521850586e+00
7.352474689483642578e+00
7.358063697814941406e+00
7.363735437393188477e+00
7.368671417236328125e+00
7.373707532882690430e+00
7.378436088562011719e+00
7.383518218994140625e+00
7.388468742370605469e+00
7.393200397491455078e+00
7.397542476654052734e+00
7.402704715728759766e+00
7.407698869705200195e+00
7.413303375244140625e+00
7.418557405471801758e+00
7.423720359802246094e+00
7.429319381713867188e+00
7.434309959411621094e+00
7.439204692840576172e+00
7.444599390029907227e+00
7.449704885482788086e+00
7.455116271972656250e+00
7.459676027297973633e+00
7.464829683303833008e+00
7.469561100006103516e+00
7.474402189254760742e+00
7.479746818542480469e+00
7.485178470611572266e+00
7.490319967269897461e+00
7.495557546615600586e+00
7.500753641128540039e+00
7.506284475326538086e+00
7.511239290237426758e+00
7.516796112060546875e+00
7.522058486938476562e+00
7.527573823928833008e+00
7.533240556716918945e+00
7.538708686828613281e+00
7.545218467712402344e+00
7.551127910614013672e+00
7.557205677032470703e+00
7.562054634094238281e+00
7.566676378250122070e+00
7.572076559066772461e+00
7.577204942703247070e+00
7.582562923431396484e+00
7.588066339492797852e+00
7.594707012176513672e+00
7.600469112396240234e+00
7.606267213821411133e+00
7.611372470855712891e+00
7.616060256958007812e+00
7.621230840682983398e+00
7.626939296722412109e+00
7.631701707839965820e+00
7.636565685272216797e+00
7.640822887420654297e+00
7.645699024200439453e+00
7.650602340698242188e+00
7.655927419662475586e+00
7.661297082901000977e+00
7.668068408966064453e+00
7.673475503921508789e+00
7.680292844772338867e+00
7.685776710510253906e+00
7.690682888031005859e+00
7.696734189987182617e+00
7.701704025268554688e+00
7.707475185394287109e+00
7.713701009750366211e+00
7.719687700271606445e+00
7.724703073501586914e+00
7.729663372039794922e+00
7.734558820724487305e+00
7.740097522735595703e+00
7.745204925537109375e+00
7.752260923385620117e+00
7.757073640823364258e+00
7.761430740356445312e+00
7.765697002410888672e+00
7.770786046981811523e+00
7.776309490203857422e+00
7.781924962997436523e+00
7.787549495697021484e+00
7.792706727981567383e+00
7.797375917434692383e+00
7.803202390670776367e+00
7.809195756912231445e+00
7.814547538757324219e+00
7.819722175598144531e+00
7.824713706970214844e+00
7.829676628112792969e+00
7.834583282470703125e+00
7.840237140655517578e+00
7.845730066299438477e+00
7.850692987442016602e+00
7.857194423675537109e+00
7.862696409225463867e+00
7.868623733520507812e+00
7.873602628707885742e+00
7.878696918487548828e+00
7.883682727813720703e+00
7.888660907745361328e+00
7.894326686859130859e+00
7.899213314056396484e+00
7.905719280242919922e+00
7.910457611083984375e+00
7.917560338973999023e+00
7.925409793853759766e+00
7.933833599090576172e+00
7.943981409072875977e+00
7.953521490097045898e+00
7.961528539657592773e+00
7.969810962677001953e+00
7.978848695755004883e+00
7.987829208374023438e+00
7.996536731719970703e+00
8.005675792694091797e+00
8.014284610748291016e+00
8.022953271865844727e+00
8.032924890518188477e+00
8.041290521621704102e+00
8.049671411514282227e+00
8.058426856994628906e+00
8.066836118698120117e+00
8.076828479766845703e+00
8.086853027343750000e+00
8.095927000045776367e+00
8.103817701339721680e+00
8.118117570877075195e+00
8.124901771545410156e+00
8.130673885345458984e+00
8.135149478912353516e+00
8.139452219009399414e+00
8.143692255020141602e+00
8.148173809051513672e+00
8.152302980422973633e+00
8.156697273254394531e+00
8.161182641983032227e+00
8.165050983428955078e+00
8.169338226318359375e+00
8.173588752746582031e+00
8.177657365798950195e+00
8.181839942932128906e+00
8.187231063842773438e+00
8.191645860671997070e+00
8.196290016174316406e+00
8.201685428619384766e+00
8.206412792205810547e+00
8.210164546966552734e+00
8.214759826660156250e+00
8.219192266464233398e+00
8.223582029342651367e+00
8.227666854858398438e+00
8.231404781341552734e+00
8.235288381576538086e+00
8.239198684692382812e+00
8.243619203567504883e+00
8.248638391494750977e+00
8.252648115158081055e+00
8.257672309875488281e+00
8.263162851333618164e+00
8.268818140029907227e+00
8.272811651229858398e+00
8.277026414871215820e+00
8.281456708908081055e+00
8.285637855529785156e+00
8.289767503738403320e+00
8.293704986572265625e+00
8.297403573989868164e+00
8.301729917526245117e+00
8.306432247161865234e+00
8.310542583465576172e+00
8.314751386642456055e+00
8.318539857864379883e+00
8.322638511657714844e+00
8.327304124832153320e+00
8.332309961318969727e+00
8.336793422698974609e+00
8.341222524642944336e+00
8.345451354980468750e+00
8.349698305130004883e+00
8.353407382965087891e+00
8.357894420623779297e+00
8.361777305603027344e+00
8.366022586822509766e+00
8.369643926620483398e+00
8.373441219329833984e+00
8.377156734466552734e+00
8.381383180618286133e+00
8.385481595993041992e+00
8.389340162277221680e+00
8.392968177795410156e+00
8.396582365036010742e+00
8.400333404541015625e+00
8.404508352279663086e+00
8.408809423446655273e+00
8.412805795669555664e+00
8.417142868041992188e+00
8.421403169631958008e+00
8.425281763076782227e+00
8.429210186004638672e+00
8.432709455490112305e+00
8.435971975326538086e+00
8.439390420913696289e+00
8.442603111267089844e+00
8.445717096328735352e+00
8.448717117309570312e+00
8.452034473419189453e+00
8.455735683441162109e+00
8.459814548492431641e+00
8.463514804840087891e+00
8.466602325439453125e+00
8.470525026321411133e+00
8.475130081176757812e+00
8.480285882949829102e+00
8.485336065292358398e+00
8.490156650543212891e+00
8.495129108428955078e+00
8.499439477920532227e+00
8.503578186035156250e+00
8.508829116821289062e+00
8.514394044876098633e+00
8.520660161972045898e+00
8.526396274566650391e+00
8.532859802246093750e+00
8.538334608078002930e+00
8.543477058410644531e+00
8.549705982208251953e+00
8.555760145187377930e+00
8.561058044433593750e+00
8.567035675048828125e+00
8.571914434432983398e+00
8.577166080474853516e+00
8.582154989242553711e+00
8.586623191833496094e+00
8.591692209243774414e+00
8.597269773483276367e+00
8.602701425552368164e+00
8.607700824737548828e+00
8.612874746322631836e+00
8.617740392684936523e+00
8.622440099716186523e+00
8.626658439636230469e+00
8.630662202835083008e+00
8.634362697601318359e+00
8.638774633407592773e+00
8.643221855163574219e+00
8.648308753967285156e+00
8.653815507888793945e+00
8.659949064254760742e+00
8.665941238403320312e+00
8.671709060668945312e+00
8.677595615386962891e+00
8.683813333511352539e+00
8.689783096313476562e+00
8.695664405822753906e+00
8.705177068710327148e+00
8.711790800094604492e+00
8.719954252243041992e+00
8.728680372238159180e+00
8.734472990036010742e+00
8.740191459655761719e+00
8.746704101562500000e+00
8.752367496490478516e+00
8.758095264434814453e+00
8.764327287673950195e+00
8.769381284713745117e+00
8.775084495544433594e+00
8.781860351562500000e+00
8.787945747375488281e+00
8.793956041336059570e+00
8.799471855163574219e+00
8.805251359939575195e+00
8.811744928359985352e+00
8.816897630691528320e+00
8.822839975357055664e+00
8.828945159912109375e+00
8.834813117980957031e+00
8.840490341186523438e+00
8.847273826599121094e+00
8.852912902832031250e+00
8.858248710632324219e+00
8.864140748977661133e+00
8.871922254562377930e+00
8.877850770950317383e+00
8.883495330810546875e+00
8.889771699905395508e+00
8.895518541336059570e+00
8.902040243148803711e+00
8.907938003540039062e+00
8.913758277893066406e+00
8.920504093170166016e+00
8.926521539688110352e+00
8.932118177413940430e+00
8.937893867492675781e+00
8.943145990371704102e+00
8.948814153671264648e+00
8.954529762268066406e+00
8.960866689682006836e+00
8.966822624206542969e+00
8.972757101058959961e+00
8.978173971176147461e+00
8.983546257019042969e+00
8.989505767822265625e+00
8.995567560195922852e+00
9.000371932983398438e+00
9.006827116012573242e+00
9.012812614440917969e+00
9.018817424774169922e+00
9.024856567382812500e+00
9.030823230743408203e+00
9.036935567855834961e+00
9.042313575744628906e+00
9.048224925994873047e+00
9.054678201675415039e+00
9.059691190719604492e+00
9.065088272094726562e+00
9.070170640945434570e+00
9.076375007629394531e+00
9.082664251327514648e+00
9.088838338851928711e+00
9.094069004058837891e+00
9.099179029464721680e+00
9.105070829391479492e+00
9.110113143920898438e+00
9.115203857421875000e+00
9.121172428131103516e+00
9.126795291900634766e+00
9.131707906723022461e+00
9.137208461761474609e+00
9.143942117691040039e+00
9.149499893188476562e+00
9.155118942260742188e+00
9.161291599273681641e+00
9.166831493377685547e+00
9.172783613204956055e+00
9.177700042724609375e+00
9.182668924331665039e+00
9.188490867614746094e+00
9.194072723388671875e+00
9.199602842330932617e+00
9.205507993698120117e+00
9.211349964141845703e+00
9.218145847320556641e+00
9.224233627319335938e+00
9.229710817337036133e+00
9.235864639282226562e+00
9.241945981979370117e+00
9.247932434082031250e+00
9.253773450851440430e+00
9.259521245956420898e+00
9.265105485916137695e+00
9.271518468856811523e+00
9.277195930480957031e+00
9.283313989639282227e+00
9.288481950759887695e+00
9.293836116790771484e+00
9.298793792724609375e+00
9.303810596466064453e+00
9.309084892272949219e+00
9.314072847366333008e+00
9.319061994552612305e+00
9.324511289596557617e+00
9.330687999725341797e+00
9.335705280303955078e+00
9.340871572494506836e+00
9.345790147781372070e+00
9.352260589599609375e+00
9.357477903366088867e+00
9.365200519561767578e+00
9.370507478713989258e+00
9.375740528106689453e+00
9.382204532623291016e+00
9.388772964477539062e+00
9.394253015518188477e+00
9.399442672729492188e+00
9.405705451965332031e+00
9.410696029663085938e+00
9.415896177291870117e+00
9.421141147613525391e+00
9.428396463394165039e+00
9.434691905975341797e+00
9.439676523208618164e+00
9.444746732711791992e+00
9.449703931808471680e+00
9.454559326171875000e+00
9.460083723068237305e+00
9.466694355010986328e+00
9.471552133560180664e+00
9.477479457855224609e+00
9.483060359954833984e+00
9.488819599151611328e+00
9.493664741516113281e+00
9.498677492141723633e+00
9.504056930541992188e+00
9.509805679321289062e+00
9.515476226806640625e+00
9.521213769912719727e+00
9.528849601745605469e+00
9.534753084182739258e+00
9.540220737457275391e+00
9.546604633331298828e+00
9.551866054534912109e+00
9.557137250900268555e+00
9.563064813613891602e+00
9.568098783493041992e+00
9.573194980621337891e+00
9.580174922943115234e+00
9.587733507156372070e+00
9.592875003814697266e+00
9.599112510681152344e+00
9.604490041732788086e+00
9.610496520996093750e+00
9.616084337234497070e+00
9.621240377426147461e+00
9.626430273056030273e+00
9.631842136383056641e+00
9.636888027191162109e+00
9.641897439956665039e+00
9.647027730941772461e+00
9.652805328369140625e+00
9.658731937408447266e+00
9.664469718933105469e+00
9.669861793518066406e+00
9.674345731735229492e+00
9.678545951843261719e+00
9.684484720230102539e+00
9.689829826354980469e+00
9.694777488708496094e+00
9.699857234954833984e+00
9.704687833786010742e+00
9.709731817245483398e+00
9.715241909027099609e+00
9.720486402511596680e+00
9.725327730178833008e+00
9.730286598205566406e+00
9.735343456268310547e+00
9.740238904953002930e+00
9.746101379394531250e+00
9.751228332519531250e+00
9.756319761276245117e+00
9.761595726013183594e+00
9.766750097274780273e+00
9.772228956222534180e+00
9.778791904449462891e+00
9.785276412963867188e+00
9.794453382492065430e+00
9.800990104675292969e+00
9.808427333831787109e+00
9.815170049667358398e+00
9.822985172271728516e+00
9.831546068191528320e+00
9.837308406829833984e+00
9.844864606857299805e+00
9.851080656051635742e+00
9.857894659042358398e+00
9.863739252090454102e+00
9.869225978851318359e+00
9.874789714813232422e+00
9.880046367645263672e+00
9.885127782821655273e+00
9.890257358551025391e+00
9.895448207855224609e+00
9.901827812194824219e+00
9.907194375991821289e+00
9.912448167800903320e+00
9.918694972991943359e+00
9.923750162124633789e+00
9.930937528610229492e+00
9.936225175857543945e+00
9.941311836242675781e+00
9.946309566497802734e+00
9.951318025588989258e+00
9.956832647323608398e+00
9.961702108383178711e+00
9.966811895370483398e+00
9.972921848297119141e+00
9.978772640228271484e+00
9.984765291213989258e+00
9.991842508316040039e+00
9.997442245483398438e+00
1.000285100936889648e+01
1.000854206085205078e+01
1.001470470428466797e+01
1.002092862129211426e+01
1.002622246742248535e+01
1.003251028060913086e+01
1.003849196434020996e+01
1.004423356056213379e+01
1.005080103874206543e+01
1.005674982070922852e+01
1.006250810623168945e+01
1.006812143325805664e+01
1.007386946678161621e+01
1.007935428619384766e+01
1.008476400375366211e+01
1.008983206748962402e+01
1.009524059295654297e+01
1.010058617591857910e+01
1.010585403442382812e+01
1.011109495162963867e+01
1.011609935760498047e+01
1.012059307098388672e+01
1.012498688697814941e+01
1.012970924377441406e+01
1.013477396965026855e+01
1.013965225219726562e+01
1.014433455467224121e+01
1.014905190467834473e+01
1.015341711044311523e+01
1.015780711174011230e+01
1.016215801239013672e+01
1.016628980636596680e+01
1.017052888870239258e+01
1.017525601387023926e+01
1.018248152732849121e+01
1.018824696540832520e+01
1.019483041763305664e+01
1.020069360733032227e+01
1.020679330825805664e+01
1.021386837959289551e+01
1.021992325782775879e+01
1.022596597671508789e+01
1.023339200019836426e+01
1.024196147918701172e+01
1.025073766708374023e+01
1.025987315177917480e+01
1.026895666122436523e+01
1.027786111831665039e+01
1.028689789772033691e+01
1.029567384719848633e+01
1.030414056777954102e+01
1.031294441223144531e+01
1.032186126708984375e+01
1.033071637153625488e+01
1.033947372436523438e+01
1.034831142425537109e+01
1.035720562934875488e+01
1.036632108688354492e+01
1.037495493888854980e+01
1.038399100303649902e+01
1.039287304878234863e+01
1.040144133567810059e+01
1.041037797927856445e+01
1.041893982887268066e+01
1.042776417732238770e+01
1.043644428253173828e+01
1.044503569602966309e+01
1.045423412322998047e+01
1.046324372291564941e+01
1.047196102142333984e+01
1.048042726516723633e+01
1.048922419548034668e+01
1.049803900718688965e+01
1.050674843788146973e+01
1.051551675796508789e+01
1.052464485168457031e+01
1.053341984748840332e+01
1.054224729537963867e+01
1.055119276046752930e+01
1.056032705307006836e+01
1.056922054290771484e+01
1.057798981666564941e+01
1.058671379089355469e+01
1.059465408325195312e+01
1.060375404357910156e+01
1.061249709129333496e+01
1.062065815925598145e+01
1.062854862213134766e+01
1.063640069961547852e+01
1.064419126510620117e+01
1.065165257453918457e+01
1.065947723388671875e+01
1.066752052307128906e+01
1.067647910118103027e+01
1.068464922904968262e+01
1.069236135482788086e+01
1.070170736312866211e+01
1.070938277244567871e+01
1.071763205528259277e+01
1.072536754608154297e+01
1.073248243331909180e+01
1.074064087867736816e+01
1.074961757659912109e+01
1.075764536857604980e+01
1.076666855812072754e+01
1.077483582496643066e+01
1.078283548355102539e+01
1.079135084152221680e+01
1.079934477806091309e+01
1.080743789672851562e+01
1.081590366363525391e+01
1.082416558265686035e+01
1.083228898048400879e+01
1.083961486816406250e+01
1.084743094444274902e+01
1.085428786277770996e+01
1.086199235916137695e+01
1.087024307250976562e+01
1.087825465202331543e+01
1.088651418685913086e+01
1.089458346366882324e+01
1.090269446372985840e+01
1.091026306152343750e+01
1.091818594932556152e+01
1.092587065696716309e+01
1.093425178527832031e+01
1.094170808792114258e+01
1.094981598854064941e+01
1.095821762084960938e+01
1.096543335914611816e+01
1.097372817993164062e+01
1.098222112655639648e+01
1.099040150642395020e+01
1.099858570098876953e+01
1.100663399696350098e+01
1.101463460922241211e+01
1.102280950546264648e+01
1.103126549720764160e+01
1.103971648216247559e+01
1.104827046394348145e+01
1.105647730827331543e+01
1.106462502479553223e+01
1.107275438308715820e+01
1.108234024047851562e+01
1.109074902534484863e+01
1.109938311576843262e+01
1.110722565650939941e+01
1.111479687690734863e+01
1.112223482131958008e+01
1.112919449806213379e+01
1.113587164878845215e+01
1.114254570007324219e+01
1.114967870712280273e+01
1.115725064277648926e+01
1.116428256034851074e+01
1.117128086090087891e+01
1.117823410034179688e+01
1.118541622161865234e+01
1.119278168678283691e+01
1.120023941993713379e+01
1.120728492736816406e+01
1.121426534652709961e+01
1.122117090225219727e+01
1.122826957702636719e+01
1.123528957366943359e+01
1.124307107925415039e+01
1.125022864341735840e+01
1.125728774070739746e+01
1.126451587677001953e+01
1.127176976203918457e+01
1.127923727035522461e+01
1.128626275062561035e+01
1.129328179359436035e+01
1.130033087730407715e+01
1.130727434158325195e+01
1.131424379348754883e+01
1.132087469100952148e+01
1.132674312591552734e+01
1.133248829841613770e+01
1.133884930610656738e+01
1.134468317031860352e+01
1.135011935234069824e+01
1.135590004920959473e+01
1.136220693588256836e+01
1.136884212493896484e+01
1.137474083900451660e+01
1.138001060485839844e+01
1.138619685173034668e+01
1.139287805557250977e+01
1.139809107780456543e+01
1.140241384506225586e+01
1.140596508979797363e+01
1.141020631790161133e+01
1.141407728195190430e+01
1.141869544982910156e+01
1.142300605773925781e+01
1.142846155166625977e+01
1.143242692947387695e+01
1.143663406372070312e+01
1.144139981269836426e+01
1.144565296173095703e+01
1.145108294486999512e+01
1.145528149604797363e+01
1.145936846733093262e+01
1.146350431442260742e+01
1.146698808670043945e+01
1.147113275527954102e+01
1.147601032257080078e+01
1.147964692115783691e+01
1.148374629020690918e+01
1.148811340332031250e+01
1.149356579780578613e+01
1.149772620201110840e+01
1.150416493415832520e+01
1.150993466377258301e+01
1.151630783081054688e+01
1.152238488197326660e+01
1.152650880813598633e+01
1.153136682510375977e+01
1.153620147705078125e+01
1.154229998588562012e+01
1.154834961891174316e+01
1.155434060096740723e+01
1.156028866767883301e+01
1.156603193283081055e+01
1.157172369956970215e+01
1.157811117172241211e+01
1.158421206474304199e+01
1.159245562553405762e+01
1.160155129432678223e+01
1.160761427879333496e+01
1.161263132095336914e+01
1.161831521987915039e+01
1.162415719032287598e+01
1.163164758682250977e+01
1.163710474967956543e+01
1.164264917373657227e+01
1.164766478538513184e+01
1.165205645561218262e+01
1.165706849098205566e+01
1.166203188896179199e+01
1.166767024993896484e+01
1.167263221740722656e+01
1.167947149276733398e+01
1.168548035621643066e+01
1.169107747077941895e+01
1.170116543769836426e+01
1.170867776870727539e+01
1.171634387969970703e+01
1.172419357299804688e+01
1.173177576065063477e+01
1.173943305015563965e+01
1.174709486961364746e+01
1.175471663475036621e+01
1.176186394691467285e+01
1.177032899856567383e+01
1.177837181091308594e+01
1.178580927848815918e+01
1.179282808303833008e+01
1.180010318756103516e+01
1.180709481239318848e+01
1.181410956382751465e+01
1.182128739356994629e+01
1.182884716987609863e+01
1.183653926849365234e+01
1.184444236755371094e+01
1.185223722457885742e+01
1.185981106758117676e+01
1.186720323562622070e+01
1.187481021881103516e+01
1.188226127624511719e+01
1.189017081260681152e+01
1.189769124984741211e+01
1.190530300140380859e+01
1.191281580924987793e+01
1.192011070251464844e+01
1.192782068252563477e+01
1.193529343605041504e+01
1.194282841682434082e+01
1.195011425018310547e+01
1.195779609680175781e+01
1.196527075767517090e+01
1.197281789779663086e+01
1.198031282424926758e+01
1.198783421516418457e+01
1.199559974670410156e+01
1.200329780578613281e+01
1.201086378097534180e+01
1.201855969429016113e+01
1.202640604972839355e+01
1.203343296051025391e+01
1.204131126403808594e+01
1.204883527755737305e+01
1.205631065368652344e+01
1.206381511688232422e+01
1.207158970832824707e+01
1.207920074462890625e+01
1.208670616149902344e+01
1.209415102005004883e+01
1.210158419609069824e+01
1.210938930511474609e+01
1.211665344238281250e+01
1.212349772453308105e+01
1.212911224365234375e+01
1.213361763954162598e+01
1.213739562034606934e+01
1.214154934883117676e+01
1.214530634880065918e+01
1.214892935752868652e+01
1.215269374847412109e+01
1.215631651878356934e+01
1.216106677055358887e+01
1.216532826423645020e+01
1.216975021362304688e+01
1.217473149299621582e+01
1.217871785163879395e+01
1.218225455284118652e+01
1.218664097785949707e+01
1.219112229347229004e+01
1.219506788253784180e+01
1.219869709014892578e+01
1.220107555389404297e+01
1.220389747619628906e+01
1.220646095275878906e+01
1.220920467376708984e+01
1.221192002296447754e+01
1.221446084976196289e+01
1.221714854240417480e+01
1.221987271308898926e+01
1.222246026992797852e+01
1.222548675537109375e+01
1.222828388214111328e+01
1.223090004920959473e+01
1.223305535316467285e+01
1.223693680763244629e+01
1.224059772491455078e+01
1.224358367919921875e+01
1.224669170379638672e+01
1.224953722953796387e+01
1.225268745422363281e+01
1.225623559951782227e+01
1.225919437408447266e+01
1.226217174530029297e+01
1.226492714881896973e+01
1.226772904396057129e+01
1.227076911926269531e+01
1.227437639236450195e+01
