3.576278686523437500e-06
9.494304656982421875e-03
1.861524581909179688e-02
2.298927307128906250e-02
2.659106254577636719e-02
3.019571304321289062e-02
3.352928161621093750e-02
3.713297843933105469e-02
4.071760177612304688e-02
4.479455947875976562e-02
4.923582077026367188e-02
5.425190925598144531e-02
5.871391296386718750e-02
6.408119201660156250e-02
7.123708724975585938e-02
7.658791542053222656e-02
8.205389976501464844e-02
8.888578414916992188e-02
9.563493728637695312e-02
1.018393039703369141e-01
1.069726943969726562e-01
1.119263172149658203e-01
1.188817024230957031e-01
1.238827705383300781e-01
1.285638809204101562e-01
1.333379745483398438e-01
1.377995014190673828e-01
1.416711807250976562e-01
1.467263698577880859e-01
1.515560150146484375e-01
1.565372943878173828e-01
1.606817245483398438e-01
1.651804447174072266e-01
1.696970462799072266e-01
1.743054389953613281e-01
1.786696910858154297e-01
1.828896999359130859e-01
1.875748634338378906e-01
1.928038597106933594e-01
1.969068050384521484e-01
2.005174160003662109e-01
2.041583061218261719e-01
2.081377506256103516e-01
2.136907577514648438e-01
2.175278663635253906e-01
2.218983173370361328e-01
2.265989780426025391e-01
2.311718463897705078e-01
2.351295948028564453e-01
2.386176586151123047e-01
2.422668933868408203e-01
2.475488185882568359e-01
2.526783943176269531e-01
2.575719356536865234e-01
2.645368576049804688e-01
2.692019939422607422e-01
2.726306915283203125e-01
2.772166728973388672e-01
2.817435264587402344e-01
2.861227989196777344e-01
2.904994487762451172e-01
2.943313121795654297e-01
2.989485263824462891e-01
3.031194210052490234e-01
3.067905902862548828e-01
3.112435340881347656e-01
3.159539699554443359e-01
3.206541538238525391e-01
3.251912593841552734e-01
3.291509151458740234e-01
3.330450057983398438e-01
3.365578651428222656e-01
3.411531448364257812e-01
3.463530540466308594e-01
3.518199920654296875e-01
3.563704490661621094e-01
3.616607189178466797e-01
3.667454719543457031e-01
3.714084625244140625e-01
3.757822513580322266e-01
3.807272911071777344e-01
3.855628967285156250e-01
3.911030292510986328e-01
3.955242633819580078e-01
3.998203277587890625e-01
4.050798416137695312e-01
4.100565910339355469e-01
4.150576591491699219e-01
4.196913242340087891e-01
4.246277809143066406e-01
4.295899868011474609e-01
4.350275993347167969e-01
4.410684108734130859e-01
4.480092525482177734e-01
4.569151401519775391e-01
4.654285907745361328e-01
4.744262695312500000e-01
4.836103916168212891e-01
4.921190738677978516e-01
5.002491474151611328e-01
5.092530250549316406e-01
5.184376239776611328e-01
5.274243354797363281e-01
5.359551906585693359e-01
5.440320968627929688e-01
5.533120632171630859e-01
5.613987445831298828e-01
5.700120925903320312e-01
5.789208412170410156e-01
5.878071784973144531e-01
5.976674556732177734e-01
6.067879199981689453e-01
6.152951717376708984e-01
6.239128112792968750e-01
6.331541538238525391e-01
6.419036388397216797e-01
6.508476734161376953e-01
6.598381996154785156e-01
6.687924861907958984e-01
6.777520179748535156e-01
6.865124702453613281e-01
6.954262256622314453e-01
7.043275833129882812e-01
7.127251625061035156e-01
7.212274074554443359e-01
7.300047874450683594e-01
7.390477657318115234e-01
7.478382587432861328e-01
7.568562030792236328e-01
7.657785415649414062e-01
7.744700908660888672e-01
7.833137512207031250e-01
7.912964820861816406e-01
7.982792854309082031e-01
8.060355186462402344e-01
8.142821788787841797e-01
8.229191303253173828e-01
8.317165374755859375e-01
8.407959938049316406e-01
8.493366241455078125e-01
8.577044010162353516e-01
8.653228282928466797e-01
8.743040561676025391e-01
8.830099105834960938e-01
8.916234970092773438e-01
9.003415107727050781e-01
9.089543819427490234e-01
9.177560806274414062e-01
9.265363216400146484e-01
9.354670047760009766e-01
9.445459842681884766e-01
9.534561634063720703e-01
9.628262519836425781e-01
9.717378616333007812e-01
9.803535938262939453e-01
9.886875152587890625e-01
9.977710247039794922e-01
1.006824493408203125e+00
1.016074180603027344e+00
1.025122642517089844e+00
1.033995389938354492e+00
1.042996406555175781e+00
1.051450490951538086e+00
1.060614347457885742e+00
1.069506883621215820e+00
1.078454017639160156e+00
1.087571144104003906e+00
1.095886945724487305e+00
1.103305101394653320e+00
1.111697912216186523e+00
1.119827270507812500e+00
1.128224134445190430e+00
1.136499404907226562e+00
1.144965410232543945e+00
1.153380632400512695e+00
1.161255121231079102e+00
1.168944120407104492e+00
1.176260709762573242e+00
1.184223890304565430e+00
1.191850423812866211e+00
1.200363636016845703e+00
1.208354234695434570e+00
1.215624332427978516e+00
1.222904205322265625e+00
1.231743574142456055e+00
1.241419076919555664e+00
1.250629186630249023e+00
1.260109663009643555e+00
1.264584302902221680e+00
1.269601106643676758e+00
1.274676084518432617e+00
1.279708862304687500e+00
1.284870862960815430e+00
1.289552688598632812e+00
1.294519662857055664e+00
1.299383640289306641e+00
1.304791450500488281e+00
1.312064409255981445e+00
1.317067861557006836e+00
1.322297334671020508e+00
1.326904058456420898e+00
1.331208705902099609e+00
1.335539579391479492e+00
1.340322017669677734e+00
1.345186471939086914e+00
1.350648641586303711e+00
1.355250597000122070e+00
1.361009120941162109e+00
1.368341207504272461e+00
1.373732089996337891e+00
1.379349470138549805e+00
1.385071992874145508e+00
1.392086744308471680e+00
1.398869276046752930e+00
1.406114339828491211e+00
1.412985801696777344e+00
1.418634891510009766e+00
1.425307989120483398e+00
1.431773900985717773e+00
1.438276767730712891e+00
1.444602012634277344e+00
1.450875282287597656e+00
1.456847667694091797e+00
1.461650609970092773e+00
1.467330932617187500e+00
1.472981929779052734e+00
1.479869127273559570e+00
1.485548496246337891e+00
1.492542266845703125e+00
1.497887134552001953e+00
1.503173112869262695e+00
1.507941484451293945e+00
1.513776302337646484e+00
1.519909381866455078e+00
1.525661230087280273e+00
1.532132148742675781e+00
1.537722826004028320e+00
1.542590379714965820e+00
1.547775268554687500e+00
1.552140951156616211e+00
1.556780576705932617e+00
1.560638904571533203e+00
1.568306684494018555e+00
1.573181629180908203e+00
1.578789472579956055e+00
1.584676027297973633e+00
1.591675996780395508e+00
1.598064661026000977e+00
1.603681087493896484e+00
1.608545303344726562e+00
1.616767883300781250e+00
1.622632503509521484e+00
1.630352735519409180e+00
1.637115478515625000e+00
1.642394781112670898e+00
1.648113727569580078e+00
1.653413772583007812e+00
1.658936977386474609e+00
1.664732694625854492e+00
1.670672893524169922e+00
1.676322937011718750e+00
1.681381940841674805e+00
1.686917304992675781e+00
1.692671060562133789e+00
1.698710680007934570e+00
1.704654693603515625e+00
1.709507942199707031e+00
1.714406490325927734e+00
1.719746351242065430e+00
1.724683284759521484e+00
1.730086326599121094e+00
1.736045122146606445e+00
1.741729021072387695e+00
1.746970415115356445e+00
1.752761602401733398e+00
1.757932424545288086e+00
1.763328313827514648e+00
1.768467664718627930e+00
1.773849964141845703e+00
1.778514623641967773e+00
1.783911943435668945e+00
1.789837837219238281e+00
1.794931411743164062e+00
1.800534486770629883e+00
1.805147409439086914e+00
1.809510231018066406e+00
1.814761638641357422e+00
1.820022821426391602e+00
1.826814651489257812e+00
1.832930326461791992e+00
1.839172363281250000e+00
1.845354318618774414e+00
1.851453065872192383e+00
1.857576370239257812e+00
1.863661766052246094e+00
1.870076894760131836e+00
1.876023292541503906e+00
1.882714271545410156e+00
1.889104604721069336e+00
1.895218849182128906e+00
1.901692867279052734e+00
1.907751083374023438e+00
1.913887739181518555e+00
1.919398307800292969e+00
1.924776077270507812e+00
1.930631875991821289e+00
1.937235355377197266e+00
1.943687200546264648e+00
1.950291633605957031e+00
1.956694602966308594e+00
1.963005304336547852e+00
1.969282150268554688e+00
1.975616455078125000e+00
1.982140064239501953e+00
1.988385438919067383e+00
1.995109319686889648e+00
2.001698017120361328e+00
2.008197546005249023e+00
2.014693498611450195e+00
2.021261453628540039e+00
2.026937246322631836e+00
2.032675981521606445e+00
2.038738965988159180e+00
2.044710159301757812e+00
2.051065921783447266e+00
2.057742357254028320e+00
2.064579248428344727e+00
2.071710586547851562e+00
2.078852176666259766e+00
2.085763931274414062e+00
2.092734813690185547e+00
2.099933862686157227e+00
2.106973886489868164e+00
2.114078998565673828e+00
2.120828866958618164e+00
2.126553058624267578e+00
2.133957147598266602e+00
2.140731811523437500e+00
2.147065401077270508e+00
2.153213739395141602e+00
2.159711837768554688e+00
2.166843175888061523e+00
2.173884868621826172e+00
2.181073427200317383e+00
2.187547445297241211e+00
2.194038152694702148e+00
2.200866222381591797e+00
2.207061767578125000e+00
2.214076042175292969e+00
2.220839738845825195e+00
2.227816104888916016e+00
2.233929395675659180e+00
2.240933895111083984e+00
2.247067689895629883e+00
2.253552913665771484e+00
2.260704994201660156e+00
2.268420696258544922e+00
2.276848793029785156e+00
2.284418106079101562e+00
2.291799068450927734e+00
2.298198461532592773e+00
2.304701566696166992e+00
2.311810255050659180e+00
2.318067073822021484e+00
2.325208425521850586e+00
2.331340789794921875e+00
2.338173866271972656e+00
2.344783067703247070e+00
2.351997137069702148e+00
2.358927726745605469e+00
2.365092039108276367e+00
2.371692657470703125e+00
2.378029108047485352e+00
2.384988546371459961e+00
2.391165018081665039e+00
2.398200035095214844e+00
2.405683040618896484e+00
2.411799430847167969e+00
2.418687820434570312e+00
2.426162958145141602e+00
2.432702302932739258e+00
2.439184427261352539e+00
2.445075750350952148e+00
2.451797246932983398e+00
2.458796977996826172e+00
2.465776681900024414e+00
2.472052574157714844e+00
2.479178905487060547e+00
2.485532999038696289e+00
2.492739677429199219e+00
2.499952316284179688e+00
2.507094144821166992e+00
2.514174461364746094e+00
2.520695209503173828e+00
2.527266263961791992e+00
2.533705949783325195e+00
2.539866447448730469e+00
2.546037435531616211e+00
2.552490949630737305e+00
2.559720039367675781e+00
2.567612409591674805e+00
2.574683189392089844e+00
2.581004142761230469e+00
2.586318731307983398e+00
2.591837882995605469e+00
2.597756385803222656e+00
2.604281663894653320e+00
2.610773324966430664e+00
2.618074178695678711e+00
2.624111413955688477e+00
2.630546331405639648e+00
2.637197494506835938e+00
2.643749475479125977e+00
2.649982929229736328e+00
2.656031370162963867e+00
2.662804126739501953e+00
2.668765306472778320e+00
2.674601316452026367e+00
2.681223630905151367e+00
2.687661170959472656e+00
2.694729089736938477e+00
2.700654506683349609e+00
2.706691741943359375e+00
2.713217973709106445e+00
2.719019889831542969e+00
2.725613594055175781e+00
2.731889009475708008e+00
2.738353490829467773e+00
2.744693517684936523e+00
2.751264333724975586e+00
2.756894350051879883e+00
2.763290166854858398e+00
2.769686222076416016e+00
2.776181697845458984e+00
2.782819986343383789e+00
2.789689302444458008e+00
2.796658039093017578e+00
2.803466081619262695e+00
2.810228109359741211e+00
2.816609621047973633e+00
2.823823928833007812e+00
2.830432891845703125e+00
2.837117910385131836e+00
2.843695163726806641e+00
2.849846601486206055e+00
2.856125116348266602e+00
2.862820625305175781e+00
2.868984222412109375e+00
2.875777482986450195e+00
2.882110595703125000e+00
2.888724327087402344e+00
2.895236015319824219e+00
2.901697397232055664e+00
2.908123731613159180e+00
2.914081335067749023e+00
2.919751167297363281e+00
2.925707101821899414e+00
2.931539773941040039e+00
2.937641859054565430e+00
2.944210767745971680e+00
2.950099229812622070e+00
2.956686973571777344e+00
2.963440179824829102e+00
2.969875097274780273e+00
2.975280284881591797e+00
2.980899095535278320e+00
2.986609458923339844e+00
2.991990327835083008e+00
2.998688459396362305e+00
3.004710674285888672e+00
3.009800195693969727e+00
3.014488458633422852e+00
3.019777536392211914e+00
3.025569677352905273e+00
3.030726194381713867e+00
3.035509347915649414e+00
3.040147304534912109e+00
3.044526815414428711e+00
3.049169540405273438e+00
3.054673910140991211e+00
3.060156822204589844e+00
3.065591096878051758e+00
3.071686029434204102e+00
3.077985286712646484e+00
3.083841562271118164e+00
3.089766025543212891e+00
3.095338344573974609e+00
3.100688219070434570e+00
3.105536937713623047e+00
3.110925674438476562e+00
3.115951776504516602e+00
3.121693849563598633e+00
3.126662492752075195e+00
3.131576538085937500e+00
3.137678384780883789e+00
3.142533063888549805e+00
3.147518634796142578e+00
3.152727603912353516e+00
3.157941102981567383e+00
3.163338899612426758e+00
3.168270587921142578e+00
3.173602342605590820e+00
3.178860664367675781e+00
3.183521986007690430e+00
3.188619136810302734e+00
3.193587064743041992e+00
3.199586153030395508e+00
3.204277753829956055e+00
3.210344314575195312e+00
3.215173482894897461e+00
3.219842433929443359e+00
3.224522829055786133e+00
3.229133367538452148e+00
3.233521223068237305e+00
3.239717245101928711e+00
3.245984077453613281e+00
3.251843452453613281e+00
3.257308721542358398e+00
3.263324022293090820e+00
3.268864393234252930e+00
3.274285078048706055e+00
3.279731035232543945e+00
3.284629344940185547e+00
3.290833234786987305e+00
3.295943260192871094e+00
3.301786184310913086e+00
3.307412862777709961e+00
3.313068151473999023e+00
3.318840742111206055e+00
3.324868917465209961e+00
3.330323219299316406e+00
3.335731506347656250e+00
3.341680049896240234e+00
3.347071170806884766e+00
3.352320909500122070e+00
3.356775283813476562e+00
3.360522747039794922e+00
3.363951206207275391e+00
3.366415977478027344e+00
3.368809223175048828e+00
3.371403932571411133e+00
3.374385595321655273e+00
3.376811742782592773e+00
3.379365205764770508e+00
3.381663084030151367e+00
3.384196519851684570e+00
3.386810541152954102e+00
3.389396667480468750e+00
3.391656160354614258e+00
3.394149541854858398e+00
3.396815061569213867e+00
3.399388074874877930e+00
3.401811599731445312e+00
3.404404163360595703e+00
3.406861782073974609e+00
3.409400224685668945e+00
3.411810874938964844e+00
3.414395809173583984e+00
3.416811943054199219e+00
3.419461488723754883e+00
3.422174930572509766e+00
3.424669742584228516e+00
3.427277088165283203e+00
3.429811716079711914e+00
3.432406425476074219e+00
3.434914112091064453e+00
3.437402725219726562e+00
3.439810752868652344e+00
3.442397356033325195e+00
3.445157289505004883e+00
3.447665214538574219e+00
3.449913740158081055e+00
3.452411651611328125e+00
3.454813003540039062e+00
3.457408905029296875e+00
3.459666013717651367e+00
3.462145090103149414e+00
3.464653968811035156e+00
3.467031478881835938e+00
3.469820499420166016e+00
3.472391128540039062e+00
3.475203275680541992e+00
3.477816581726074219e+00
3.480658292770385742e+00
3.482914686203002930e+00
3.485415458679199219e+00
3.488168478012084961e+00
3.490662097930908203e+00
3.493044376373291016e+00
3.495547056198120117e+00
3.498394250869750977e+00
3.500903606414794922e+00
3.503406047821044922e+00
3.506281852722167969e+00
3.508823633193969727e+00
3.511591672897338867e+00
3.514477014541625977e+00
3.517163276672363281e+00
3.519388675689697266e+00
3.521824359893798828e+00
3.524388551712036133e+00
3.526661634445190430e+00
3.529150247573852539e+00
3.531657218933105469e+00
3.534169673919677734e+00
3.536547422409057617e+00
3.539403915405273438e+00
3.542402267456054688e+00
3.545158863067626953e+00
3.547810554504394531e+00
3.550378561019897461e+00
3.553147315979003906e+00
3.555517196655273438e+00
3.558378934860229492e+00
3.561151504516601562e+00
3.563837289810180664e+00
3.566405057907104492e+00
3.569154500961303711e+00
3.571815490722656250e+00
3.574446916580200195e+00
3.577213048934936523e+00
3.579812288284301758e+00
3.582660675048828125e+00
3.585047245025634766e+00
3.587527275085449219e+00
3.590468645095825195e+00
3.592914819717407227e+00
3.595409154891967773e+00
3.598550796508789062e+00
3.601420879364013672e+00
3.604209184646606445e+00
3.607557773590087891e+00
3.610934495925903320e+00
3.614047765731811523e+00
3.616858005523681641e+00
3.619824647903442383e+00
3.622520208358764648e+00
3.625146627426147461e+00
3.627413272857666016e+00
3.630172967910766602e+00
3.633401870727539062e+00
3.636509895324707031e+00
3.640048742294311523e+00
3.643486261367797852e+00
3.646469116210937500e+00
3.649398326873779297e+00
3.651916742324829102e+00
3.654390811920166016e+00
3.656655073165893555e+00
3.658810138702392578e+00
3.661522388458251953e+00
3.664408445358276367e+00
3.666810512542724609e+00
3.669528484344482422e+00
3.672168016433715820e+00
3.674818515777587891e+00
3.677505970001220703e+00
3.680155038833618164e+00
3.682415962219238281e+00
3.685168743133544922e+00
3.687811374664306641e+00
3.690644502639770508e+00
3.692889690399169922e+00
3.695399999618530273e+00
3.698180913925170898e+00
3.700710535049438477e+00
3.703392505645751953e+00
3.706387281417846680e+00
3.708650588989257812e+00
3.710889101028442383e+00
3.713386297225952148e+00
3.716222286224365234e+00
3.718817949295043945e+00
3.721490859985351562e+00
3.724423646926879883e+00
3.726887941360473633e+00
3.729409217834472656e+00
3.731817007064819336e+00
3.734274625778198242e+00
3.736642837524414062e+00
3.738812208175659180e+00
3.741410255432128906e+00
3.743815898895263672e+00
3.746274232864379883e+00
3.748643875122070312e+00
3.750811338424682617e+00
3.753536224365234375e+00
3.756245374679565430e+00
3.758814811706542969e+00
3.761541366577148438e+00
3.764215707778930664e+00
3.766664505004882812e+00
3.769444704055786133e+00
3.771812200546264648e+00
3.774523496627807617e+00
3.777150154113769531e+00
3.779452562332153320e+00
3.782402992248535156e+00
3.784877777099609375e+00
3.787813425064086914e+00
3.790553092956542969e+00
3.793158531188964844e+00
3.795378446578979492e+00
3.798158168792724609e+00
3.800652742385864258e+00
3.803153038024902344e+00
3.805377960205078125e+00
3.807811975479125977e+00
3.810531377792358398e+00
3.813527107238769531e+00
3.816371679306030273e+00
3.818890571594238281e+00
3.821527481079101562e+00
3.824411153793334961e+00
3.827399969100952148e+00
3.830405712127685547e+00
3.832916259765625000e+00
3.835535526275634766e+00
3.838386058807373047e+00
3.840642452239990234e+00
3.842812538146972656e+00
3.845537900924682617e+00
3.848425626754760742e+00
3.851158618927001953e+00
3.853817701339721680e+00
3.856818199157714844e+00
3.859147548675537109e+00
3.861393213272094727e+00
3.863644838333129883e+00
3.865994453430175781e+00
3.868590354919433594e+00
3.871394634246826172e+00
3.874404430389404297e+00
3.877058982849121094e+00
3.879392385482788086e+00
3.881651401519775391e+00
3.883889913558959961e+00
3.886850118637084961e+00
3.889408111572265625e+00
3.891820192337036133e+00
3.894545316696166992e+00
3.897405862808227539e+00
3.899813175201416016e+00
3.902819156646728516e+00
3.905387163162231445e+00
3.907813072204589844e+00
3.910816431045532227e+00
3.913381338119506836e+00
3.915891408920288086e+00
3.918946266174316406e+00
3.921836614608764648e+00
3.924837827682495117e+00
3.927824735641479492e+00
3.930526733398437500e+00
3.933168411254882812e+00
3.935913324356079102e+00
3.938825130462646484e+00
3.941413640975952148e+00
3.944199085235595703e+00
3.946914196014404297e+00
3.949836492538452148e+00
3.952414035797119141e+00
3.955690383911132812e+00
3.959208250045776367e+00
3.962456226348876953e+00
3.965670585632324219e+00
3.968973398208618164e+00
3.971923828125000000e+00
3.975037813186645508e+00
3.977916955947875977e+00
3.981220006942749023e+00
3.984226703643798828e+00
3.987103939056396484e+00
3.990197658538818359e+00
3.993399143218994141e+00
3.996432304382324219e+00
3.999887228012084961e+00
4.003091812133789062e+00
4.006022930145263672e+00
4.009199380874633789e+00
4.012449979782104492e+00
4.015683412551879883e+00
4.019181489944458008e+00
4.021824836730957031e+00
4.024430274963378906e+00
4.027181386947631836e+00
4.029916048049926758e+00
4.032838106155395508e+00
4.035398721694946289e+00
4.038173198699951172e+00
4.040827274322509766e+00
4.043838739395141602e+00
4.046838998794555664e+00
4.049826622009277344e+00
4.052432060241699219e+00
4.055174827575683594e+00
4.057826519012451172e+00
4.060415267944335938e+00
4.062905550003051758e+00
4.065407276153564453e+00
4.067903518676757812e+00
4.070543289184570312e+00
4.073395013809204102e+00
4.075902938842773438e+00
4.078418016433715820e+00
4.080903291702270508e+00
4.083421468734741211e+00
4.085905313491821289e+00
4.088421583175659180e+00
4.090904712677001953e+00
4.093419075012207031e+00
4.096162080764770508e+00
4.098824977874755859e+00
4.101387739181518555e+00
4.103903293609619141e+00
4.106842041015625000e+00
4.109827280044555664e+00
4.112841606140136719e+00
4.115827798843383789e+00
4.118839979171752930e+00
4.121553421020507812e+00
4.124406337738037109e+00
4.127166748046875000e+00
4.129838466644287109e+00
4.132420301437377930e+00
4.135166168212890625e+00
4.137916564941406250e+00
4.140839576721191406e+00
4.143423318862915039e+00
4.146383047103881836e+00
4.149381637573242188e+00
4.152197122573852539e+00
4.155382156372070312e+00
4.158370018005371094e+00
4.161380290985107422e+00
4.164208173751831055e+00
4.166904449462890625e+00
4.169429779052734375e+00
4.172195434570312500e+00
4.174915790557861328e+00
4.177917718887329102e+00
4.180827617645263672e+00
4.183840036392211914e+00
4.186838865280151367e+00
4.189400672912597656e+00
4.192414522171020508e+00
4.195398092269897461e+00
4.198833465576171875e+00
4.201843500137329102e+00
4.204566240310668945e+00
4.207397699356079102e+00
4.210611343383789062e+00
4.213840723037719727e+00
4.216667175292968750e+00
4.219542026519775391e+00
4.222415447235107422e+00
4.225577116012573242e+00
4.228628396987915039e+00
4.231829404830932617e+00
4.235453844070434570e+00
4.238434553146362305e+00
4.241433620452880859e+00
4.244244337081909180e+00
4.246904373168945312e+00
4.249428033828735352e+00
4.252251148223876953e+00
4.255932331085205078e+00
4.258840084075927734e+00
4.261913776397705078e+00
4.265401363372802734e+00
4.268407821655273438e+00
4.271153450012207031e+00
4.274562358856201172e+00
4.277908802032470703e+00
4.280734300613403320e+00
4.284068107604980469e+00
4.286924600601196289e+00
4.290183067321777344e+00
4.293154716491699219e+00
4.295826196670532227e+00
4.298913717269897461e+00
4.303274393081665039e+00
4.306967735290527344e+00
4.310587406158447266e+00
4.314255237579345703e+00
4.318013668060302734e+00
4.321598052978515625e+00
4.325102329254150391e+00
4.328474998474121094e+00
4.332639455795288086e+00
4.336590528488159180e+00
4.340157270431518555e+00
4.344104528427124023e+00
4.347451210021972656e+00
4.350565671920776367e+00
4.353938102722167969e+00
4.357506275177001953e+00
4.360889434814453125e+00
4.364255428314208984e+00
4.368021726608276367e+00
4.372068166732788086e+00
4.375555753707885742e+00
4.378759622573852539e+00
4.382776975631713867e+00
4.386127471923828125e+00
4.389890432357788086e+00
4.393242835998535156e+00
4.397124052047729492e+00
4.401535034179687500e+00
4.404964447021484375e+00
4.408535718917846680e+00
4.411948919296264648e+00
4.414822101593017578e+00
4.417940616607666016e+00
4.420921087265014648e+00
4.423821926116943359e+00
4.427032232284545898e+00
4.429435491561889648e+00
4.432398557662963867e+00
4.435399055480957031e+00
4.438559293746948242e+00
4.441975593566894531e+00
4.445041418075561523e+00
4.447457313537597656e+00
4.449816226959228516e+00
4.452400922775268555e+00
4.455405235290527344e+00
4.458184480667114258e+00
4.460839033126831055e+00
4.463540792465209961e+00
4.466420412063598633e+00
4.469178915023803711e+00
4.471825599670410156e+00
4.474356889724731445e+00
4.477407693862915039e+00
4.480196237564086914e+00
4.482917547225952148e+00
4.485839366912841797e+00
4.488839387893676758e+00
4.491838216781616211e+00
4.494839191436767578e+00
4.497414112091064453e+00
4.499916076660156250e+00
4.502826690673828125e+00
4.505839109420776367e+00
4.508397579193115234e+00
4.511173009872436523e+00
4.515102148056030273e+00
4.518423318862915039e+00
4.521430492401123047e+00
4.524417161941528320e+00
4.527150630950927734e+00
4.530052185058593750e+00
4.533107995986938477e+00
4.536072969436645508e+00
4.539410591125488281e+00
4.542480707168579102e+00
4.545952796936035156e+00
4.549192190170288086e+00
4.552690267562866211e+00
4.555930376052856445e+00
4.558770895004272461e+00
4.561399936676025391e+00
4.563893318176269531e+00
4.566385746002197266e+00
4.568648815155029297e+00
4.571154117584228516e+00
4.573388099670410156e+00
4.575819015502929688e+00
4.578821659088134766e+00
4.581846475601196289e+00
4.584422111511230469e+00
4.587389707565307617e+00
4.589899063110351562e+00
4.592268466949462891e+00
4.594642400741577148e+00
4.597029447555541992e+00
4.599378347396850586e+00
4.601641416549682617e+00
4.603893280029296875e+00
4.606821775436401367e+00
4.609384298324584961e+00
4.611632347106933594e+00
4.614148855209350586e+00
4.616447925567626953e+00
4.619141578674316406e+00
4.621817111968994141e+00
4.624189615249633789e+00
4.626508235931396484e+00
4.629065275192260742e+00
4.631880283355712891e+00
4.634386301040649414e+00
4.636636257171630859e+00
4.638890504837036133e+00
4.641612768173217773e+00
4.644936084747314453e+00
4.648548603057861328e+00
4.651548385620117188e+00
4.654899835586547852e+00
4.657819271087646484e+00
4.660733461380004883e+00
4.663356781005859375e+00
4.665636777877807617e+00
4.668158292770385742e+00
4.670882463455200195e+00
4.673528432846069336e+00
4.676262140274047852e+00
4.678895950317382812e+00
4.681488752365112305e+00
4.683893203735351562e+00
4.686377286911010742e+00
4.688643455505371094e+00
4.691012859344482422e+00
4.693377017974853516e+00
4.695640802383422852e+00
4.698377132415771484e+00
4.700644254684448242e+00
4.702893972396850586e+00
4.705404520034790039e+00
4.707816600799560547e+00
4.710383653640747070e+00
4.712731838226318359e+00
4.715378046035766602e+00
4.717644929885864258e+00
4.719893217086791992e+00
4.722353935241699219e+00
4.724731206893920898e+00
4.727356195449829102e+00
4.729816913604736328e+00
4.732371807098388672e+00
4.734638929367065430e+00
4.737149477005004883e+00
4.739739894866943359e+00
4.742537260055541992e+00
4.745150089263916016e+00
4.747644662857055664e+00
4.750149726867675781e+00
4.752379179000854492e+00
4.754816293716430664e+00
4.757727622985839844e+00
4.760376930236816406e+00
4.762881278991699219e+00
4.765508413314819336e+00
4.768228530883789062e+00
4.770920515060424805e+00
4.773839712142944336e+00
4.776828527450561523e+00
4.779839992523193359e+00
4.782840967178344727e+00
4.785533905029296875e+00
4.788183212280273438e+00
4.790908813476562500e+00
4.794192314147949219e+00
4.797502040863037109e+00
4.800631999969482422e+00
4.804616451263427734e+00
4.807545185089111328e+00
4.810846805572509766e+00
4.813715219497680664e+00
4.816851615905761719e+00
4.820099830627441406e+00
4.823408126831054688e+00
4.827119827270507812e+00
4.830527782440185547e+00
4.833536863327026367e+00
4.836415052413940430e+00
4.839620828628540039e+00
4.842660903930664062e+00
4.845923185348510742e+00
4.848907232284545898e+00
4.851914882659912109e+00
4.854903936386108398e+00
4.857843875885009766e+00
4.860419034957885742e+00
4.863153934478759766e+00
4.865827322006225586e+00
4.868410825729370117e+00
4.871001243591308594e+00
4.873828411102294922e+00
4.876397609710693359e+00
4.878906488418579102e+00
4.881393432617187500e+00
4.884183168411254883e+00
4.886828184127807617e+00
4.889393806457519531e+00
4.891904115676879883e+00
4.894484281539916992e+00
4.896905899047851562e+00
4.899397850036621094e+00
4.902160644531250000e+00
4.904832839965820312e+00
4.907393455505371094e+00
4.910160064697265625e+00
4.912828922271728516e+00
4.915389537811279297e+00
4.918182134628295898e+00
4.921401023864746094e+00
4.924726724624633789e+00
4.928023099899291992e+00
4.931150436401367188e+00
4.933881282806396484e+00
4.936401367187500000e+00
4.939164876937866211e+00
4.942466259002685547e+00
4.945379972457885742e+00
4.948379278182983398e+00
4.950911521911621094e+00
4.953905105590820312e+00
4.956559896469116211e+00
4.959542751312255859e+00
4.962399005889892578e+00
4.965401411056518555e+00
4.968048334121704102e+00
4.970910549163818359e+00
4.973634958267211914e+00
4.976670265197753906e+00
4.979737520217895508e+00
4.983404159545898438e+00
4.986561059951782227e+00
4.989882707595825195e+00
4.992834091186523438e+00
4.995391607284545898e+00
4.998221874237060547e+00
5.000832557678222656e+00
5.003401279449462891e+00
5.006398677825927734e+00
5.009447574615478516e+00
5.012413978576660156e+00
5.015380144119262695e+00
5.018415689468383789e+00
5.021154403686523438e+00
5.023907184600830078e+00
5.026831865310668945e+00
5.029539585113525391e+00
5.032363891601562500e+00
5.035209417343139648e+00
5.038038730621337891e+00
5.040831327438354492e+00
5.043527364730834961e+00
5.046396017074584961e+00
5.048907279968261719e+00
5.051445960998535156e+00
5.054146766662597656e+00
5.057394266128540039e+00
5.060249090194702148e+00
5.063140630722045898e+00
5.066034317016601562e+00
5.068833112716674805e+00
5.072260141372680664e+00
5.075381517410278320e+00
5.077820539474487305e+00
5.080382823944091797e+00
5.083384752273559570e+00
5.086387872695922852e+00
5.089152336120605469e+00
5.091393232345581055e+00
5.094416379928588867e+00
5.097386121749877930e+00
5.100392103195190430e+00
5.103381156921386719e+00
5.105818748474121094e+00
5.108422994613647461e+00
5.111374139785766602e+00
5.114144563674926758e+00
5.116823196411132812e+00
5.119360446929931641e+00
5.121640920639038086e+00
5.124246358871459961e+00
5.126902341842651367e+00
5.129404544830322266e+00
5.132393360137939453e+00
5.134638071060180664e+00
5.137126684188842773e+00
5.139638185501098633e+00
5.142124176025390625e+00
5.144434213638305664e+00
5.147190332412719727e+00
5.149822235107421875e+00
5.152378559112548828e+00
5.154818058013916016e+00
5.157635688781738281e+00
5.160576105117797852e+00
5.163142204284667969e+00
5.165372610092163086e+00
5.167642116546630859e+00
5.170130729675292969e+00
5.172639846801757812e+00
5.175126075744628906e+00
5.177361726760864258e+00
5.179818391799926758e+00
5.182912349700927734e+00
5.185905218124389648e+00
5.188432931900024414e+00
5.191479682922363281e+00
5.194410800933837891e+00
5.197398424148559570e+00
5.200387001037597656e+00
5.203426122665405273e+00
5.206369400024414062e+00
5.209383249282836914e+00
5.212367296218872070e+00
5.215152740478515625e+00
5.217902183532714844e+00
5.220654726028442383e+00
5.223380565643310547e+00
5.226386308670043945e+00
5.229376077651977539e+00
5.232368230819702148e+00
5.235381603240966797e+00
5.238181829452514648e+00
5.240733385086059570e+00
5.243994235992431641e+00
5.247404098510742188e+00
5.250540494918823242e+00
5.253448009490966797e+00
5.256406068801879883e+00
5.259940147399902344e+00
5.262831687927246094e+00
5.266104221343994141e+00
5.269981145858764648e+00
5.273178577423095703e+00
5.276409626007080078e+00
5.279545545578002930e+00
5.282413244247436523e+00
5.285375356674194336e+00
5.288399934768676758e+00
5.291425704956054688e+00
5.294385194778442383e+00
5.297469615936279297e+00
5.301131725311279297e+00
5.303927659988403320e+00
5.306845903396606445e+00
5.309401273727416992e+00
5.312406063079833984e+00
5.315158367156982422e+00
5.318452358245849609e+00
5.321943759918212891e+00
5.325456380844116211e+00
5.328396558761596680e+00
5.331387519836425781e+00
5.334944963455200195e+00
5.338452339172363281e+00
5.341442584991455078e+00
5.344404697418212891e+00
5.347158670425415039e+00
5.349923610687255859e+00
5.352864980697631836e+00
5.355834245681762695e+00
5.358920097351074219e+00
5.362459182739257812e+00
5.365942239761352539e+00
5.369056224822998047e+00
5.372473955154418945e+00
5.375626564025878906e+00
5.378845691680908203e+00
5.381893634796142578e+00
5.385067462921142578e+00
5.388223171234130859e+00
5.391220331192016602e+00
5.394899606704711914e+00
5.398447036743164062e+00
5.401829004287719727e+00
5.404835462570190430e+00
5.407379150390625000e+00
5.410417079925537109e+00
5.413392066955566406e+00
5.416225671768188477e+00
5.418871641159057617e+00
5.421418428421020508e+00
5.424402236938476562e+00
5.427408695220947266e+00
5.430414676666259766e+00
5.433281898498535156e+00
5.436367988586425781e+00
5.439144134521484375e+00
5.441920042037963867e+00
5.444831132888793945e+00
5.447396993637084961e+00
5.450376272201538086e+00
5.453373432159423828e+00
5.455898761749267578e+00
5.459050178527832031e+00
5.462450981140136719e+00
5.465710639953613281e+00
5.469163894653320312e+00
5.472388267517089844e+00
5.475385665893554688e+00
5.478281021118164062e+00
5.481379032135009766e+00
5.484133005142211914e+00
5.486896276473999023e+00
5.489845752716064453e+00
5.492650270462036133e+00
5.495403289794921875e+00
5.498387575149536133e+00
5.501268148422241211e+00
5.503912210464477539e+00
5.506844758987426758e+00
5.509385824203491211e+00
5.511922121047973633e+00
5.514845848083496094e+00
5.517845392227172852e+00
5.520836114883422852e+00
5.523833513259887695e+00
5.526845216751098633e+00
5.529833078384399414e+00
5.532790899276733398e+00
5.535834074020385742e+00
5.538846015930175781e+00
5.541845321655273438e+00
5.544384479522705078e+00
5.546911001205444336e+00
5.549845695495605469e+00
5.552399158477783203e+00
5.554909467697143555e+00
5.557401657104492188e+00
5.560163259506225586e+00
5.562755584716796875e+00
5.565373659133911133e+00
5.567884922027587891e+00
5.570384740829467773e+00
5.572884798049926758e+00
5.575398445129394531e+00
5.577887058258056641e+00
5.580518007278442383e+00
5.583141326904296875e+00
5.585732460021972656e+00
5.588373422622680664e+00
5.590887069702148438e+00
5.593401432037353516e+00
5.595884084701538086e+00
5.598383188247680664e+00
5.600884437561035156e+00
5.603387594223022461e+00
5.606139898300170898e+00
5.608834981918334961e+00
5.611393213272094727e+00
5.613883256912231445e+00
5.616389989852905273e+00
5.618885278701782227e+00
5.621388435363769531e+00
5.623884916305541992e+00
5.626401662826538086e+00
5.628885030746459961e+00
5.631398439407348633e+00
5.633883476257324219e+00
5.636395215988159180e+00
5.638886451721191406e+00
5.641406536102294922e+00
5.644408941268920898e+00
5.646874666213989258e+00
5.649425983428955078e+00
5.652372837066650391e+00
5.654640913009643555e+00
5.657010793685913086e+00
5.659890890121459961e+00
5.662393569946289062e+00
5.665388107299804688e+00
5.668425083160400391e+00
5.671399593353271484e+00
5.674122333526611328e+00
5.676520824432373047e+00
5.679135560989379883e+00
5.681825876235961914e+00
5.684502124786376953e+00
5.687447309494018555e+00
5.690406560897827148e+00
5.693432569503784180e+00
5.696392297744750977e+00
5.699142932891845703e+00
5.701366424560546875e+00
5.703873872756958008e+00
5.706814289093017578e+00
5.709501504898071289e+00
5.711849212646484375e+00
5.714836597442626953e+00
5.717832565307617188e+00
5.721026420593261719e+00
5.724210500717163086e+00
5.727352142333984375e+00
5.730406045913696289e+00
5.733009338378906250e+00
5.735926628112792969e+00
5.738495588302612305e+00
5.741153240203857422e+00
5.743887662887573242e+00
5.746955156326293945e+00
5.750080347061157227e+00
5.753197193145751953e+00
5.756220102310180664e+00
5.759029626846313477e+00
5.761847972869873047e+00
5.764525651931762695e+00
5.767389535903930664e+00
5.770344734191894531e+00
5.772626399993896484e+00
5.775130748748779297e+00
5.777380943298339844e+00
5.779593229293823242e+00
5.782002449035644531e+00
5.784393787384033203e+00
5.786638975143432617e+00
5.788872480392456055e+00
5.791129112243652344e+00
5.793370485305786133e+00
5.795641422271728516e+00
5.797977924346923828e+00
5.800386428833007812e+00
5.802846908569335938e+00
5.805128812789916992e+00
5.807361125946044922e+00
5.809724330902099609e+00
5.812166213989257812e+00
5.814375638961791992e+00
5.816821575164794922e+00
5.819128751754760742e+00
5.821386098861694336e+00
5.824007987976074219e+00
5.826353311538696289e+00
5.828638553619384766e+00
5.830847501754760742e+00
5.833127498626708984e+00
5.835370302200317383e+00
5.837639808654785156e+00
5.839821338653564453e+00
5.842128276824951172e+00
5.844367742538452148e+00
5.846821308135986328e+00
5.849128246307373047e+00
5.851357221603393555e+00
5.853821039199829102e+00
5.856148958206176758e+00
5.858379125595092773e+00
5.861389636993408203e+00
5.864167928695678711e+00
5.866887092590332031e+00
5.869394540786743164e+00
5.872200250625610352e+00
5.874898910522460938e+00
5.877897977828979492e+00
5.880760908126831055e+00
5.883395671844482422e+00
5.886385917663574219e+00
5.889147758483886719e+00
5.891886472702026367e+00
5.894400596618652344e+00
5.897389888763427734e+00
5.900169610977172852e+00
5.902898788452148438e+00
5.905847549438476562e+00
5.908385992050170898e+00
5.911149740219116211e+00
5.913834571838378906e+00
5.916516780853271484e+00
5.919173479080200195e+00
5.925017595291137695e+00
5.930647373199462891e+00
5.933865308761596680e+00
5.937131643295288086e+00
5.941294908523559570e+00
5.945624113082885742e+00
5.949708700180053711e+00
5.954114437103271484e+00
5.957663774490356445e+00
5.961603879928588867e+00
5.964957475662231445e+00
5.968505620956420898e+00
5.972845792770385742e+00
5.976739406585693359e+00
5.980452060699462891e+00
5.983825206756591797e+00
5.987189531326293945e+00
5.991202592849731445e+00
5.994603633880615234e+00
5.997880220413208008e+00
6.000959634780883789e+00
6.003961563110351562e+00
6.006726503372192383e+00
6.009883165359497070e+00
6.013213634490966797e+00
6.016396045684814453e+00
6.019417524337768555e+00
6.022936582565307617e+00
6.026098728179931641e+00
6.029159545898437500e+00
6.032434225082397461e+00
6.035162925720214844e+00
6.037849903106689453e+00
6.040342092514038086e+00
6.043204545974731445e+00
6.045745372772216797e+00
6.048252582550048828e+00
6.050826311111450195e+00
6.053355932235717773e+00
6.056149244308471680e+00
6.058361291885375977e+00
6.060849428176879883e+00
6.063369750976562500e+00
6.065825223922729492e+00
6.068441867828369141e+00
6.071417808532714844e+00
6.074389219284057617e+00
6.077389001846313477e+00
6.080490350723266602e+00
6.083176374435424805e+00
6.085769176483154297e+00
6.088396549224853516e+00
6.091359615325927734e+00
6.094132900238037109e+00
6.096633434295654297e+00
6.099123477935791016e+00
6.102028608322143555e+00
6.104830503463745117e+00
6.107887983322143555e+00
6.110369682312011719e+00
6.113004207611083984e+00
6.115477561950683594e+00
6.118437290191650391e+00
6.121430397033691406e+00
6.124392986297607422e+00
6.127005100250244141e+00
6.129364490509033203e+00
6.131627559661865234e+00
6.133746623992919922e+00
6.136338949203491211e+00
6.138746261596679688e+00
6.141518354415893555e+00
6.144135713577270508e+00
6.146829366683959961e+00
6.149339199066162109e+00
6.151745796203613281e+00
6.154437541961669922e+00
6.157134294509887695e+00
6.159501314163208008e+00
6.161849737167358398e+00
6.164366722106933594e+00
6.166623830795288086e+00
6.169016838073730469e+00
6.171420335769653320e+00
6.174372196197509766e+00
6.177022933959960938e+00
6.179366111755371094e+00
6.181882381439208984e+00
6.184815645217895508e+00
6.187414884567260742e+00
6.189632415771484375e+00
6.191875696182250977e+00
6.194365501403808594e+00
6.197163343429565430e+00
6.199369907379150391e+00
6.201825380325317383e+00
6.204344749450683594e+00
6.206680536270141602e+00
6.209513425827026367e+00
6.212358474731445312e+00
6.215117216110229492e+00
6.217368364334106445e+00
6.219826221466064453e+00
6.222520351409912109e+00
6.225507974624633789e+00
6.228373765945434570e+00
6.231157064437866211e+00
6.233814239501953125e+00
6.236810445785522461e+00
6.239546537399291992e+00
6.242380619049072266e+00
6.245350837707519531e+00
6.248350858688354492e+00
6.251160860061645508e+00
6.253630399703979492e+00
6.255875349044799805e+00
6.258352994918823242e+00
6.260876178741455078e+00
6.263396739959716797e+00
6.266115903854370117e+00
6.268531560897827148e+00
6.271129846572875977e+00
6.273859739303588867e+00
6.276516675949096680e+00
6.279351949691772461e+00
6.282379150390625000e+00
6.284826993942260742e+00
6.287378787994384766e+00
6.289826631546020508e+00
6.292346000671386719e+00
6.295349836349487305e+00
6.297902107238769531e+00
6.301805973052978516e+00
6.304990053176879883e+00
6.308172702789306641e+00
6.311572551727294922e+00
6.314397573471069336e+00
6.317371845245361328e+00
6.320487022399902344e+00
6.323525667190551758e+00
6.326936960220336914e+00
6.330394029617309570e+00
6.333650827407836914e+00
6.337156534194946289e+00
6.340513944625854492e+00
6.343390464782714844e+00
6.346908569335937500e+00
6.350046873092651367e+00
6.353153944015502930e+00
6.356411218643188477e+00
6.359572649002075195e+00
6.362939834594726562e+00
6.366034507751464844e+00
6.369055032730102539e+00
6.372225761413574219e+00
6.375435590744018555e+00
6.378408193588256836e+00
6.381525278091430664e+00
6.384537696838378906e+00
6.387712478637695312e+00
6.390890121459960938e+00
6.393911838531494141e+00
6.397464513778686523e+00
6.400611639022827148e+00
6.403536558151245117e+00
6.406394720077514648e+00
6.409401655197143555e+00
6.412188291549682617e+00
6.414901971817016602e+00
6.417851686477661133e+00
6.420527219772338867e+00
6.423541307449340820e+00
6.426539421081542969e+00
6.429405450820922852e+00
6.432194232940673828e+00
6.434903621673583984e+00
6.437760591506958008e+00
6.440900087356567383e+00
6.443848133087158203e+00
6.446531772613525391e+00
6.449407339096069336e+00
6.452377796173095703e+00
6.455382585525512695e+00
6.458385944366455078e+00
6.461263179779052734e+00
6.464175701141357422e+00
6.466836690902709961e+00
6.469376087188720703e+00
6.472175359725952148e+00
6.474757432937622070e+00
6.477392435073852539e+00
6.480233907699584961e+00
6.483382463455200195e+00
6.486496448516845703e+00
6.489497184753417969e+00
6.492525577545166016e+00
6.495559453964233398e+00
6.498379468917846680e+00
6.500889778137207031e+00
6.503501653671264648e+00
6.506595611572265625e+00
6.509601116180419922e+00
6.512398242950439453e+00
6.515147209167480469e+00
6.518023490905761719e+00
6.520923852920532227e+00
6.523839712142944336e+00
6.526895284652709961e+00
6.529511451721191406e+00
6.532217025756835938e+00
6.535378694534301758e+00
6.538547515869140625e+00
6.541526079177856445e+00
6.544759511947631836e+00
6.547379016876220703e+00
6.550676345825195312e+00
6.553387165069580078e+00
6.556248426437377930e+00
6.559135198593139648e+00
6.562474012374877930e+00
6.565515041351318359e+00
6.568377494812011719e+00
6.571148157119750977e+00
6.573890447616577148e+00
6.576967477798461914e+00
6.579926013946533203e+00
6.582850456237792969e+00
6.586189270019531250e+00
6.588744878768920898e+00
6.591381788253784180e+00
6.593629598617553711e+00
6.596502065658569336e+00
6.599920034408569336e+00
6.603478670120239258e+00
6.606673002243041992e+00
6.610361099243164062e+00
6.613128900527954102e+00
6.615664482116699219e+00
6.618130207061767578e+00
6.620424509048461914e+00
6.623346090316772461e+00
6.626135349273681641e+00
6.628375291824340820e+00
6.630626678466796875e+00
6.632744312286376953e+00
6.635337352752685547e+00
6.637902975082397461e+00
6.640551567077636719e+00
6.643134355545043945e+00
6.646147012710571289e+00
6.649034976959228516e+00
6.651893854141235352e+00
6.654512643814086914e+00
6.657413244247436523e+00
6.660191059112548828e+00
6.662902116775512695e+00
6.665514707565307617e+00
6.668393373489379883e+00
6.671132802963256836e+00
6.673851251602172852e+00
6.676516532897949219e+00
6.679401159286499023e+00
6.682389020919799805e+00
6.685340642929077148e+00
6.688154458999633789e+00
6.690902233123779297e+00
6.693905830383300781e+00
6.696384191513061523e+00
6.699123144149780273e+00
6.701757431030273438e+00
6.704440832138061523e+00
6.707533836364746094e+00
6.710393905639648438e+00
6.713417291641235352e+00
6.716370105743408203e+00
6.719085454940795898e+00
6.721360921859741211e+00
6.723619699478149414e+00
6.726133346557617188e+00
6.728431224822998047e+00
6.731092214584350586e+00
6.733728408813476562e+00
6.736369609832763672e+00
6.738749504089355469e+00
6.741487503051757812e+00
6.744146823883056641e+00
6.746739387512207031e+00
6.749773025512695312e+00
6.752364873886108398e+00
6.754852771759033203e+00
6.757340669631958008e+00
6.759626865386962891e+00
6.762514829635620117e+00
6.765390872955322266e+00
6.768372535705566406e+00
6.771373748779296875e+00
6.774123668670654297e+00
6.777138233184814453e+00
6.779774427413940430e+00
6.782506704330444336e+00
6.785383701324462891e+00
6.788371562957763672e+00
6.791390895843505859e+00
6.794148683547973633e+00
6.796763181686401367e+00
6.799387216567993164e+00
6.802383661270141602e+00
6.805135965347290039e+00
6.807839393615722656e+00
6.810768604278564453e+00
6.813385248184204102e+00
6.816379547119140625e+00
6.819133758544921875e+00
6.821891546249389648e+00
6.824378967285156250e+00
6.827127695083618164e+00
6.829759359359741211e+00
6.832373380661010742e+00
6.835128545761108398e+00
6.837760210037231445e+00
6.840380430221557617e+00
6.843142509460449219e+00
6.845757484436035156e+00
6.848440885543823242e+00
6.851517915725708008e+00
6.854396820068359375e+00
6.857421398162841797e+00
6.860177040100097656e+00
6.863009929656982422e+00
6.865884304046630859e+00
6.868428945541381836e+00
6.871119976043701172e+00
6.873953580856323242e+00
6.876632452011108398e+00
6.879378557205200195e+00
6.882123708724975586e+00
6.884931325912475586e+00
6.887367486953735352e+00
6.890094041824340820e+00
6.892637252807617188e+00
6.895375728607177734e+00
6.897852182388305664e+00
6.900338888168334961e+00
6.902734279632568359e+00
6.905366897583007812e+00
6.907749652862548828e+00
6.910368680953979492e+00
6.913124799728393555e+00
6.915865898132324219e+00
6.918338298797607422e+00
6.920728206634521484e+00
6.923336505889892578e+00
6.925754070281982422e+00
6.928336381912231445e+00
6.930616855621337891e+00
6.932994842529296875e+00
6.935492992401123047e+00
6.938569784164428711e+00
6.941108226776123047e+00
6.943344593048095703e+00
6.945623397827148438e+00
6.947855472564697266e+00
6.950361728668212891e+00
6.952618837356567383e+00
6.955116748809814453e+00
6.957357645034790039e+00
6.959619283676147461e+00
6.962339639663696289e+00
6.965141296386718750e+00
6.967776775360107422e+00
6.970396280288696289e+00
6.973388433456420898e+00
6.976371765136718750e+00
6.979147434234619141e+00
6.981984853744506836e+00
6.984984874725341797e+00
6.987748622894287109e+00
6.990521192550659180e+00
6.993392229080200195e+00
6.996157407760620117e+00
6.998981237411499023e+00
7.001765012741088867e+00
7.004377365112304688e+00
7.007138252258300781e+00
7.009839534759521484e+00
7.012447834014892578e+00
7.015522003173828125e+00
7.018798589706420898e+00
7.021379470825195312e+00
7.024242639541625977e+00
7.027369737625122070e+00
7.030406475067138672e+00
7.033356904983520508e+00
7.036242008209228516e+00
7.039370536804199219e+00
7.042355060577392578e+00
7.044991970062255859e+00
7.047346830368041992e+00
7.049618721008300781e+00
7.051997900009155273e+00
7.054613113403320312e+00
7.056993961334228516e+00
7.059355497360229492e+00
7.061620473861694336e+00
7.064369916915893555e+00
7.066989660263061523e+00
7.069347620010375977e+00
7.071618080139160156e+00
7.073957443237304688e+00
7.076411724090576172e+00
7.079368829727172852e+00
7.082104206085205078e+00
7.084450721740722656e+00
7.086994886398315430e+00
7.089486598968505859e+00
7.091828346252441406e+00
7.094884634017944336e+00
7.097488641738891602e+00
7.100167274475097656e+00
7.102654457092285156e+00
7.105087518692016602e+00
7.107381105422973633e+00
7.110125780105590820e+00
7.112642526626586914e+00
7.115121364593505859e+00
7.117484569549560547e+00
7.119853734970092773e+00
7.122362613677978516e+00
7.125119447708129883e+00
7.127368211746215820e+00
7.129621505737304688e+00
7.131854534149169922e+00
7.134750604629516602e+00
7.137962341308593750e+00
7.140885591506958008e+00
7.143371582031250000e+00
7.146514892578125000e+00
7.149399518966674805e+00
7.152160167694091797e+00
7.154720067977905273e+00
7.157348155975341797e+00
7.159734964370727539e+00
7.162506580352783203e+00
7.165523052215576172e+00
7.167856693267822266e+00
7.170427322387695312e+00
7.173366785049438477e+00
7.175732135772705078e+00
7.178632020950317383e+00
7.181180000305175781e+00
7.183996677398681641e+00
7.186744689941406250e+00
7.189494609832763672e+00
7.192150354385375977e+00
7.194750308990478516e+00
7.197886228561401367e+00
7.200648546218872070e+00
7.203513383865356445e+00
7.206384181976318359e+00
7.209588766098022461e+00
7.213555574417114258e+00
7.217153787612915039e+00
7.220656394958496094e+00
7.224014043807983398e+00
7.227396965026855469e+00
7.230373144149780273e+00
7.233361482620239258e+00
7.236369848251342773e+00
7.239762544631958008e+00
7.242409229278564453e+00
7.245706558227539062e+00
7.248754262924194336e+00
7.251394987106323242e+00
7.254520416259765625e+00
7.257383823394775391e+00
7.260517597198486328e+00
7.264022111892700195e+00
7.266765594482421875e+00
7.269534587860107422e+00
7.272534608840942383e+00
7.275639057159423828e+00
7.279455423355102539e+00
7.282959222793579102e+00
7.286389350891113281e+00
7.289644002914428711e+00
7.292974710464477539e+00
7.295773267745971680e+00
7.299762248992919922e+00
7.303777933120727539e+00
7.308050870895385742e+00
7.311693906784057617e+00
7.316048145294189453e+00
7.320104122161865234e+00
7.324780941009521484e+00
7.329506635665893555e+00
7.334712982177734375e+00
7.340251207351684570e+00
7.345727682113647461e+00
7.351589202880859375e+00
7.357124805450439453e+00
7.362648487091064453e+00
7.367482662200927734e+00
7.372632503509521484e+00
7.377240419387817383e+00
7.382248878479003906e+00
7.387364864349365234e+00
7.391758203506469727e+00
7.396218299865722656e+00
7.401631355285644531e+00
7.406497240066528320e+00
7.412112712860107422e+00
7.417603492736816406e+00
7.422494649887084961e+00
7.428202629089355469e+00
7.433277606964111328e+00
7.438730716705322266e+00
7.443577289581298828e+00
7.448537349700927734e+00
7.453854322433471680e+00
7.458482265472412109e+00
7.463672637939453125e+00
7.468472003936767578e+00
7.473254680633544922e+00
7.478643417358398438e+00
7.484316349029541016e+00
7.489296436309814453e+00
7.494472026824951172e+00
7.499727725982666016e+00
7.505315780639648438e+00
7.510342836380004883e+00
7.515838384628295898e+00
7.521075725555419922e+00
7.526480674743652344e+00
7.532239913940429688e+00
7.537484645843505859e+00
7.544643163681030273e+00
7.550971031188964844e+00
7.556109905242919922e+00
7.560740232467651367e+00
7.565490007400512695e+00
7.571095943450927734e+00
7.576113700866699219e+00
7.581591129302978516e+00
7.587010145187377930e+00
7.593740224838256836e+00
7.599651336669921875e+00
7.605277061462402344e+00
7.610098600387573242e+00
7.614866018295288086e+00
7.620212793350219727e+00
7.625749826431274414e+00
7.630641937255859375e+00
7.635211467742919922e+00
7.639502763748168945e+00
7.644660949707031250e+00
7.649517774581909180e+00
7.654919385910034180e+00
7.661647796630859375e+00
7.667136907577514648e+00
7.673683881759643555e+00
7.679344177246093750e+00
7.684795618057250977e+00
7.690611124038696289e+00
7.695490837097167969e+00
7.700527906417846680e+00
7.707590579986572266e+00
7.712513923645019531e+00
7.718540191650390625e+00
7.723620891571044922e+00
7.728480339050292969e+00
7.733510255813598633e+00
7.738852739334106445e+00
7.745669603347778320e+00
7.751138448715209961e+00
7.755745172500610352e+00
7.760109901428222656e+00
7.764494180679321289e+00
7.769804239273071289e+00
7.775346755981445312e+00
7.780894279479980469e+00
7.786529541015625000e+00
7.791640996932983398e+00
7.796164989471435547e+00
7.802639007568359375e+00
7.808540821075439453e+00
7.813246726989746094e+00
7.818489313125610352e+00
7.823504686355590820e+00
7.828620433807373047e+00
7.833497285842895508e+00
7.839267492294311523e+00
7.844630479812622070e+00
7.849716901779174805e+00
7.856606721878051758e+00
7.861520528793334961e+00
7.867552995681762695e+00
7.872497320175170898e+00
7.877567768096923828e+00
7.882472515106201172e+00
7.888353347778320312e+00
7.893116712570190430e+00
7.899321794509887695e+00
7.904692888259887695e+00
7.910608768463134766e+00
7.917086601257324219e+00
7.925371408462524414e+00
7.934743404388427734e+00
7.943872451782226562e+00
7.953326225280761719e+00
7.961325645446777344e+00
7.970013856887817383e+00
7.979134321212768555e+00
7.988308429718017578e+00
7.997338771820068359e+00
8.005710363388061523e+00
8.014204978942871094e+00
8.023998737335205078e+00
8.032825946807861328e+00
8.041202306747436523e+00
8.049799680709838867e+00
8.058225870132446289e+00
8.067869186401367188e+00
8.076998710632324219e+00
8.086954116821289062e+00
8.095764160156250000e+00
8.103875637054443359e+00
8.118099212646484375e+00
8.123709201812744141e+00
8.129283428192138672e+00
8.133763790130615234e+00
8.138150453567504883e+00
8.142478704452514648e+00
8.146716356277465820e+00
8.151244640350341797e+00
8.155626296997070312e+00
8.159876346588134766e+00
8.163851976394653320e+00
8.167976617813110352e+00
8.172069549560546875e+00
8.176075935363769531e+00
8.180534362792968750e+00
8.185913562774658203e+00
8.190074443817138672e+00
8.195690870285034180e+00
8.200665473937988281e+00
8.204960107803344727e+00
8.209019184112548828e+00
8.213711261749267578e+00
8.217703342437744141e+00
8.222193717956542969e+00
8.226189136505126953e+00
8.229956150054931641e+00
8.233964681625366211e+00
8.237898349761962891e+00
8.242570161819458008e+00
8.247236251831054688e+00
8.251581907272338867e+00
8.257613420486450195e+00
8.261904716491699219e+00
8.267441987991333008e+00
8.271450996398925781e+00
8.275978326797485352e+00
8.280088663101196289e+00
8.284180402755737305e+00
8.288172960281372070e+00
8.292166233062744141e+00
8.295963048934936523e+00
8.300580024719238281e+00
8.305243968963623047e+00
8.309122323989868164e+00
8.313186883926391602e+00
8.317184448242187500e+00
8.321606397628784180e+00
8.326353311538696289e+00
8.331497907638549805e+00
8.335623025894165039e+00
8.339710712432861328e+00
8.344103097915649414e+00
8.348173141479492188e+00
8.352085590362548828e+00
8.356487274169921875e+00
8.360573530197143555e+00
8.364543437957763672e+00
8.368046998977661133e+00
8.371912956237792969e+00
8.375833988189697266e+00
8.380054712295532227e+00
8.384191036224365234e+00
8.387921810150146484e+00
8.391432046890258789e+00
8.395056724548339844e+00
8.399152994155883789e+00
8.402978658676147461e+00
8.407504796981811523e+00
8.411463975906372070e+00
8.416107654571533203e+00
8.420055150985717773e+00
8.424073934555053711e+00
8.427685022354125977e+00
8.431021690368652344e+00
8.434362649917602539e+00
8.437762498855590820e+00
8.441020250320434570e+00
8.444160461425781250e+00
8.447002887725830078e+00
8.450439214706420898e+00
8.454466581344604492e+00
8.458434104919433594e+00
8.461867809295654297e+00
8.465064287185668945e+00
8.469233274459838867e+00
8.473913192749023438e+00
8.479715585708618164e+00
8.484103679656982422e+00
8.488924264907836914e+00
8.493834972381591797e+00
8.497992992401123047e+00
8.502243280410766602e+00
8.508105754852294922e+00
8.513634681701660156e+00
8.519659519195556641e+00
8.525638580322265625e+00
8.532120466232299805e+00
8.537115097045898438e+00
8.542716503143310547e+00
8.548630714416503906e+00
8.554878711700439453e+00
8.560903787612915039e+00
8.565694570541381836e+00
8.570819377899169922e+00
8.576099157333374023e+00
8.580907344818115234e+00
8.585560321807861328e+00
8.590713977813720703e+00
8.596221923828125000e+00
8.601628541946411133e+00
8.606693983078002930e+00
8.611748695373535156e+00
8.616529941558837891e+00
8.621034383773803711e+00
8.625206232070922852e+00
8.629177093505859375e+00
8.633061170578002930e+00
8.637433290481567383e+00
8.642358064651489258e+00
8.647269010543823242e+00
8.652869939804077148e+00
8.659093379974365234e+00
8.664897680282592773e+00
8.670733928680419922e+00
8.677114009857177734e+00
8.682991981506347656e+00
8.688984632492065430e+00
8.696386575698852539e+00
8.705115079879760742e+00
8.710987091064453125e+00
8.719120979309082031e+00
8.727696180343627930e+00
8.733539104461669922e+00
8.739501953125000000e+00
8.745842218399047852e+00
8.751255750656127930e+00
8.757587194442749023e+00
8.763248205184936523e+00
8.768539190292358398e+00
8.775231361389160156e+00
8.780919551849365234e+00
8.786947488784790039e+00
8.792928457260131836e+00
8.798670291900634766e+00
8.804653167724609375e+00
8.810643196105957031e+00
8.815923452377319336e+00
8.821924448013305664e+00
8.827954769134521484e+00
8.833830356597900391e+00
8.840427398681640625e+00
8.846306562423706055e+00
8.851915836334228516e+00
8.857316970825195312e+00
8.864624738693237305e+00
8.870907306671142578e+00
8.876915216445922852e+00
8.882752180099487305e+00
8.888812065124511719e+00
8.894528388977050781e+00
8.901117324829101562e+00
8.906943559646606445e+00
8.913001775741577148e+00
8.919745922088623047e+00
8.925539493560791016e+00
8.931280851364135742e+00
8.936919689178466797e+00
8.942607879638671875e+00
8.947597265243530273e+00
8.953542709350585938e+00
8.960114479064941406e+00
8.965904712677001953e+00
8.971754789352416992e+00
8.977616310119628906e+00
8.982586383819580078e+00
8.989596128463745117e+00
8.994086742401123047e+00
8.999492406845092773e+00
9.005900382995605469e+00
9.011870145797729492e+00
9.017883062362670898e+00
9.024029016494750977e+00
9.029904603958129883e+00
9.035928010940551758e+00
9.041715621948242188e+00
9.047696590423583984e+00
9.053555488586425781e+00
9.058647871017456055e+00
9.063983917236328125e+00
9.069362640380859375e+00
9.075635194778442383e+00
9.081651210784912109e+00
9.087886333465576172e+00
9.092853307723999023e+00
9.098718881607055664e+00
9.103855371475219727e+00
9.108858823776245117e+00
9.114560842514038086e+00
9.120669603347778320e+00
9.125757694244384766e+00
9.130456209182739258e+00
9.136784076690673828e+00
9.142890930175781250e+00
9.148608207702636719e+00
9.154548406600952148e+00
9.160218000411987305e+00
9.166021585464477539e+00
9.171766519546508789e+00
9.176759958267211914e+00
9.181675434112548828e+00
9.187547922134399414e+00
9.193021535873413086e+00
9.198799610137939453e+00
9.204714298248291016e+00
9.210612297058105469e+00
9.217595338821411133e+00
9.223601102828979492e+00
9.228907585144042969e+00
9.234916925430297852e+00
9.240922451019287109e+00
9.246879100799560547e+00
9.252762079238891602e+00
9.258556604385375977e+00
9.264704227447509766e+00
9.270541429519653320e+00
9.276600837707519531e+00
9.282319307327270508e+00
9.287699460983276367e+00
9.292609214782714844e+00
9.297659873962402344e+00
9.302801609039306641e+00
9.308028459548950195e+00
9.312879323959350586e+00
9.318027973175048828e+00
9.323249340057373047e+00
9.329584121704101562e+00
9.334540128707885742e+00
9.339897155761718750e+00
9.344811201095581055e+00
9.351257801055908203e+00
9.357623338699340820e+00
9.364110708236694336e+00
9.369478225708007812e+00
9.374481678009033203e+00
9.382246732711791992e+00
9.387794256210327148e+00
9.393110036849975586e+00
9.399232387542724609e+00
9.404590129852294922e+00
9.409654617309570312e+00
9.414734363555908203e+00
9.420216083526611328e+00
9.428364753723144531e+00
9.433561563491821289e+00
9.438689947128295898e+00
9.443461179733276367e+00
9.448617696762084961e+00
9.453558921813964844e+00
9.460494518280029297e+00
9.465471506118774414e+00
9.470646142959594727e+00
9.476639509201049805e+00
9.482022285461425781e+00
9.487760782241821289e+00
9.492471933364868164e+00
9.497545242309570312e+00
9.503035068511962891e+00
9.508788347244262695e+00
9.514510869979858398e+00
9.521673440933227539e+00
9.528107643127441406e+00
9.533748865127563477e+00
9.540080070495605469e+00
9.545567035675048828e+00
9.550736427307128906e+00
9.556977510452270508e+00
9.562038421630859375e+00
9.566859722137451172e+00
9.572093248367309570e+00
9.580196857452392578e+00
9.586617946624755859e+00
9.591739654541015625e+00
9.597866535186767578e+00
9.603737592697143555e+00
9.609595537185668945e+00
9.614985227584838867e+00
9.620197534561157227e+00
9.625561714172363281e+00
9.630730867385864258e+00
9.635744571685791016e+00
9.640757560729980469e+00
9.645691871643066406e+00
9.652015686035156250e+00
9.657903194427490234e+00
9.663742542266845703e+00
9.668698787689208984e+00
9.673081636428833008e+00
9.677443981170654297e+00
9.683674573898315430e+00
9.688520193099975586e+00
9.693783044815063477e+00
9.698594570159912109e+00
9.703480482101440430e+00
9.708482503890991211e+00
9.714270114898681641e+00
9.719283819198608398e+00
9.724177360534667969e+00
9.729291677474975586e+00
9.734074831008911133e+00
9.739607572555541992e+00
9.745069265365600586e+00
9.750093698501586914e+00
9.755329370498657227e+00
9.760546445846557617e+00
9.765481472015380859e+00
9.772403001785278320e+00
9.777828931808471680e+00
9.784764766693115234e+00
9.793482303619384766e+00
9.800711393356323242e+00
9.807978868484497070e+00
9.814785242080688477e+00
9.822360992431640625e+00
9.830543041229248047e+00
9.836380004882812500e+00
9.844030141830444336e+00
9.850613832473754883e+00
9.857090711593627930e+00
9.862785100936889648e+00
9.868567943572998047e+00
9.873567819595336914e+00
9.879004240036010742e+00
9.883940219879150391e+00
9.889261960983276367e+00
9.895608901977539062e+00
9.900775671005249023e+00
9.906109094619750977e+00
9.912364244461059570e+00
9.917472362518310547e+00
9.922492980957031250e+00
9.929923295974731445e+00
9.935299396514892578e+00
9.940285205841064453e+00
9.945263624191284180e+00
9.950275182723999023e+00
9.955746889114379883e+00
9.960646390914916992e+00
9.965922117233276367e+00
9.971903085708618164e+00
9.977762222290039062e+00
9.983767509460449219e+00
9.990898132324218750e+00
9.996205568313598633e+00
1.000203061103820801e+01
1.000750064849853516e+01
1.001397514343261719e+01
1.001992201805114746e+01
1.002600383758544922e+01
1.003151702880859375e+01
1.003758645057678223e+01
1.004362463951110840e+01
1.004988217353820801e+01
1.005578422546386719e+01
1.006153964996337891e+01
1.006753993034362793e+01
1.007290363311767578e+01
1.007862329483032227e+01
1.008343577384948730e+01
1.008873653411865234e+01
1.009430623054504395e+01
1.009954214096069336e+01
1.010480403900146484e+01
1.010990023612976074e+01
1.011478638648986816e+01
1.011945176124572754e+01
1.012363934516906738e+01
1.012859392166137695e+01
1.013350129127502441e+01
1.013843584060668945e+01
1.014304828643798828e+01
1.014783048629760742e+01
1.015210008621215820e+01
1.015650486946105957e+01
1.016066479682922363e+01
1.016507887840270996e+01
1.016945981979370117e+01
1.017566609382629395e+01
1.018173122406005859e+01
1.018748116493225098e+01
1.019387960433959961e+01
1.019984197616577148e+01
1.020597839355468750e+01
1.021322631835937500e+01
1.021891784667968750e+01
1.022517490386962891e+01
1.023329186439514160e+01
1.024187612533569336e+01
1.025096559524536133e+01
1.025983619689941406e+01
1.026889443397521973e+01
1.027796053886413574e+01
1.028683066368103027e+01
1.029561448097229004e+01
1.030410075187683105e+01
1.031288814544677734e+01
1.032194137573242188e+01
1.033065652847290039e+01
1.033941006660461426e+01
1.034829807281494141e+01
1.035720396041870117e+01
1.036627936363220215e+01
1.037501931190490723e+01
1.038396048545837402e+01
1.039287662506103516e+01
1.040133261680603027e+01
1.041027593612670898e+01
1.041884756088256836e+01
1.042767024040222168e+01
1.043627691268920898e+01
1.044512605667114258e+01
1.045416712760925293e+01
1.046317148208618164e+01
1.047188735008239746e+01
1.048032808303833008e+01
1.048919916152954102e+01
1.049799990653991699e+01
1.050667524337768555e+01
1.051574921607971191e+01
1.052474594116210938e+01
1.053334331512451172e+01
1.054216074943542480e+01
1.055115175247192383e+01
1.056029915809631348e+01
1.056917119026184082e+01
1.057793307304382324e+01
1.058620691299438477e+01
1.059473443031311035e+01
1.060393619537353516e+01
1.061224627494812012e+01
1.062030768394470215e+01
1.062824892997741699e+01
1.063586997985839844e+01
1.064351034164428711e+01
1.065116262435913086e+01
1.065916275978088379e+01
1.066710019111633301e+01
1.067609739303588867e+01
1.068427515029907227e+01
1.069207787513732910e+01
1.070128846168518066e+01
1.070918512344360352e+01
1.071742510795593262e+01
1.072495436668395996e+01
1.073219919204711914e+01
1.074018549919128418e+01
1.074943089485168457e+01
1.075715374946594238e+01
1.076616334915161133e+01
1.077452278137207031e+01
1.078320217132568359e+01
1.079104113578796387e+01
1.079902338981628418e+01
1.080715084075927734e+01
1.081631636619567871e+01
1.082371973991394043e+01
1.083182358741760254e+01
1.083916258811950684e+01
1.084687042236328125e+01
1.085392642021179199e+01
1.086178803443908691e+01
1.087006163597106934e+01
1.087795925140380859e+01
1.088622426986694336e+01
1.089432501792907715e+01
1.090237784385681152e+01
1.090998625755310059e+01
1.091768145561218262e+01
1.092576694488525391e+01
1.093394351005554199e+01
1.094137048721313477e+01
1.095024538040161133e+01
1.095756840705871582e+01
1.096516609191894531e+01
1.097367358207702637e+01
1.098200964927673340e+01
1.099024415016174316e+01
1.099833893775939941e+01
1.100636625289916992e+01
1.101436924934387207e+01
1.102278017997741699e+01
1.103101038932800293e+01
1.103968000411987305e+01
1.104798984527587891e+01
1.105628561973571777e+01
1.106432557106018066e+01
1.107271647453308105e+01
1.108212637901306152e+01
1.109069871902465820e+01
1.109892201423645020e+01
1.110699033737182617e+01
1.111435151100158691e+01
1.112168717384338379e+01
1.112866473197937012e+01
1.113510179519653320e+01
1.114208507537841797e+01
1.114924120903015137e+01
1.115670609474182129e+01
1.116369462013244629e+01
1.117053294181823730e+01
1.117777705192565918e+01
1.118499255180358887e+01
1.119222927093505859e+01
1.119967222213745117e+01
1.120670223236083984e+01
1.121352171897888184e+01
1.122067141532897949e+01
1.122769808769226074e+01
1.123465466499328613e+01
1.124256563186645508e+01
1.124971008300781250e+01
1.125674390792846680e+01
1.126396131515502930e+01
1.127119374275207520e+01
1.127867531776428223e+01
1.128571128845214844e+01
1.129272627830505371e+01
1.129983139038085938e+01
1.130669212341308594e+01
1.131364178657531738e+01
1.132006001472473145e+01
1.132575273513793945e+01
1.133165884017944336e+01
1.133805894851684570e+01
1.134367012977600098e+01
1.134913754463195801e+01
1.135509204864501953e+01
1.136162376403808594e+01
1.136809015274047852e+01
1.137374448776245117e+01
1.137901854515075684e+01
1.138562321662902832e+01
1.139192700386047363e+01
1.139680862426757812e+01
1.140089797973632812e+01
1.140455651283264160e+01
1.140869736671447754e+01
1.141273355484008789e+01
1.141759037971496582e+01
1.142153692245483398e+01
1.142707514762878418e+01
1.143107271194458008e+01
1.143543982505798340e+01
1.144009399414062500e+01
1.144451785087585449e+01
1.144957590103149414e+01
1.145420217514038086e+01
1.145799112319946289e+01
1.146190619468688965e+01
1.146552968025207520e+01
1.146954345703125000e+01
1.147440814971923828e+01
1.147814774513244629e+01
1.148239564895629883e+01
1.148682451248168945e+01
1.149202370643615723e+01
1.149808502197265625e+01
1.150394082069396973e+01
1.150895142555236816e+01
1.151552605628967285e+01
1.152093076705932617e+01
1.152558159828186035e+01
1.153004121780395508e+01
1.153553891181945801e+01
1.154179000854492188e+01
1.154733705520629883e+01
1.155385804176330566e+01
1.155925393104553223e+01
1.156487131118774414e+01
1.157105278968811035e+01
1.157696104049682617e+01
1.158355712890625000e+01
1.159166455268859863e+01
1.160072374343872070e+01
1.160657167434692383e+01
1.161139822006225586e+01
1.161779928207397461e+01
1.162417554855346680e+01
1.163062930107116699e+01
1.163611793518066406e+01
1.164140367507934570e+01
1.164614796638488770e+01
1.165070891380310059e+01
1.165586495399475098e+01
1.166070604324340820e+01
1.166665267944335938e+01
1.167239689826965332e+01
1.167855429649353027e+01
1.168444061279296875e+01
1.169240880012512207e+01
1.170076584815979004e+01
1.170821642875671387e+01
1.171592760086059570e+01
1.172378039360046387e+01
1.173137307167053223e+01
1.173900866508483887e+01
1.174673461914062500e+01
1.175429844856262207e+01
1.176112627983093262e+01
1.177025580406188965e+01
1.177789449691772461e+01
1.178535556793212891e+01
1.179228472709655762e+01
1.179957652091979980e+01
1.180659413337707520e+01
1.181353139877319336e+01
1.182088422775268555e+01
1.182855153083801270e+01
1.183613562583923340e+01
1.184402275085449219e+01
1.185180640220642090e+01
1.185937619209289551e+01
1.186682701110839844e+01
1.187439417839050293e+01
1.188195824623107910e+01
1.188976836204528809e+01
1.189727497100830078e+01
1.190489602088928223e+01
1.191229891777038574e+01
1.191981005668640137e+01
1.192737984657287598e+01
1.193485903739929199e+01
1.194244742393493652e+01
1.194970679283142090e+01
1.195730590820312500e+01
1.196483349800109863e+01
1.197230458259582520e+01
1.197988557815551758e+01
1.198770594596862793e+01
1.199522924423217773e+01
1.200285100936889648e+01
1.201063799858093262e+01
1.201814436912536621e+01
1.202597689628601074e+01
1.203321504592895508e+01
1.204092502593994141e+01
1.204831242561340332e+01
1.205586361885070801e+01
1.206364297866821289e+01
1.207122850418090820e+01
1.207874751091003418e+01
1.208626341819763184e+01
1.209374189376831055e+01
1.210114526748657227e+01
1.210896325111389160e+01
1.211619353294372559e+01
1.212277078628540039e+01
1.212814903259277344e+01
1.213212013244628906e+01
1.213611459732055664e+01
1.214000749588012695e+01
1.214398574829101562e+01
1.214752221107482910e+01
1.215112066268920898e+01
1.215490007400512695e+01
1.216004562377929688e+01
1.216406369209289551e+01
1.216851949691772461e+01
1.217342805862426758e+01
1.217712426185607910e+01
1.218106389045715332e+01
1.218568563461303711e+01
1.218958711624145508e+01
1.219362211227416992e+01
1.219689369201660156e+01
1.219929337501525879e+01
1.220206689834594727e+01
1.220464849472045898e+01
1.220728993415832520e+01
1.221005558967590332e+01
1.221258091926574707e+01
1.221529221534729004e+01
1.221806645393371582e+01
1.222083687782287598e+01
1.222368669509887695e+01
1.222643160820007324e+01
1.222894287109375000e+01
1.223144197463989258e+01
1.223553991317749023e+01
1.223889207839965820e+01
1.224188280105590820e+01
1.224487948417663574e+01
1.224769568443298340e+01
1.225110960006713867e+01
1.225445556640625000e+01
1.225747942924499512e+01
1.226033210754394531e+01
1.226307606697082520e+01
1.226609230041503906e+01
1.226917457580566406e+01
1.227295923233032227e+01
