2.861022949218750000e-06
6.549119949340820312e-03
1.320552825927734375e-02
2.019929885864257812e-02
2.753043174743652344e-02
3.413033485412597656e-02
4.100465774536132812e-02
4.732775688171386719e-02
5.379629135131835938e-02
6.146693229675292969e-02
6.756711006164550781e-02
7.411527633666992188e-02
8.054471015930175781e-02
8.729434013366699219e-02
9.439039230346679688e-02
1.014313697814941406e-01
1.081819534301757812e-01
1.149084568023681641e-01
1.214954853057861328e-01
1.302776336669921875e-01
1.369116306304931641e-01
1.437108516693115234e-01
1.515069007873535156e-01
1.585032939910888672e-01
1.656036376953125000e-01
1.729931831359863281e-01
1.800177097320556641e-01
1.865921020507812500e-01
1.941702365875244141e-01
2.004437446594238281e-01
2.082626819610595703e-01
2.145082950592041016e-01
2.213428020477294922e-01
2.280018329620361328e-01
2.349569797515869141e-01
2.419574260711669922e-01
2.489426136016845703e-01
2.571713924407958984e-01
2.653007507324218750e-01
2.719924449920654297e-01
2.789351940155029297e-01
2.856009006500244141e-01
2.929892539978027344e-01
2.993829250335693359e-01
3.062133789062500000e-01
3.128635883331298828e-01
3.198213577270507812e-01
3.274414539337158203e-01
3.334498405456542969e-01
3.399546146392822266e-01
3.464496135711669922e-01
3.529381752014160156e-01
3.610882759094238281e-01
3.675808906555175781e-01
3.744106292724609375e-01
3.798294067382812500e-01
3.849372863769531250e-01
3.925640583038330078e-01
3.980176448822021484e-01
4.031021595001220703e-01
4.076194763183593750e-01
4.123492240905761719e-01
4.168794155120849609e-01
4.217159748077392578e-01
4.267826080322265625e-01
4.320352077484130859e-01
4.377405643463134766e-01
4.427175521850585938e-01
4.478292465209960938e-01
4.527237415313720703e-01
4.581272602081298828e-01
4.631621837615966797e-01
4.684047698974609375e-01
4.735243320465087891e-01
4.791862964630126953e-01
4.843957424163818359e-01
4.904685020446777344e-01
4.960534572601318359e-01
5.008587837219238281e-01
5.058710575103759766e-01
5.111851692199707031e-01
5.161819458007812500e-01
5.216035842895507812e-01
5.278251171112060547e-01
5.329124927520751953e-01
5.377328395843505859e-01
5.422790050506591797e-01
5.473828315734863281e-01
5.520422458648681641e-01
5.578670501708984375e-01
5.628061294555664062e-01
5.679948329925537109e-01
5.731370449066162109e-01
5.783796310424804688e-01
5.836093425750732422e-01
5.889050960540771484e-01
5.944294929504394531e-01
5.997323989868164062e-01
6.057088375091552734e-01
6.107680797576904297e-01
6.159651279449462891e-01
6.208209991455078125e-01
6.255762577056884766e-01
6.304695606231689453e-01
6.354129314422607422e-01
6.408283710479736328e-01
6.460881233215332031e-01
6.512088775634765625e-01
6.610295772552490234e-01
6.664907932281494141e-01
6.716616153717041016e-01
6.769278049468994141e-01
6.821641921997070312e-01
6.868689060211181641e-01
6.919689178466796875e-01
6.968479156494140625e-01
7.021927833557128906e-01
7.071862220764160156e-01
7.125430107116699219e-01
7.169508934020996094e-01
7.221035957336425781e-01
7.264666557312011719e-01
7.310192584991455078e-01
7.360889911651611328e-01
7.414262294769287109e-01
7.468550205230712891e-01
7.519879341125488281e-01
7.568414211273193359e-01
7.617959976196289062e-01
7.667899131774902344e-01
7.723095417022705078e-01
7.771458625793457031e-01
7.821395397186279297e-01
7.872254848480224609e-01
7.918543815612792969e-01
7.967281341552734375e-01
8.023488521575927734e-01
8.082602024078369141e-01
8.134987354278564453e-01
8.188006877899169922e-01
8.280873298645019531e-01
8.327486515045166016e-01
8.377344608306884766e-01
8.427584171295166016e-01
8.477168083190917969e-01
8.531522750854492188e-01
8.587098121643066406e-01
8.628554344177246094e-01
8.680894374847412109e-01
8.735182285308837891e-01
8.781776428222656250e-01
8.834571838378906250e-01
8.877441883087158203e-01
8.930447101593017578e-01
8.973169326782226562e-01
9.022967815399169922e-01
9.074566364288330078e-01
9.128365516662597656e-01
9.178717136383056641e-01
9.229850769042968750e-01
9.281382560729980469e-01
9.327256679534912109e-01
9.377224445343017578e-01
9.428613185882568359e-01
9.480121135711669922e-01
9.527328014373779297e-01
9.578418731689453125e-01
9.620149135589599609e-01
9.668211936950683594e-01
9.718575477600097656e-01
9.767763614654541016e-01
9.822001457214355469e-01
9.874300956726074219e-01
9.934761524200439453e-01
9.987645149230957031e-01
1.004284381866455078e+00
1.009096145629882812e+00
1.014209032058715820e+00
1.019398450851440430e+00
1.025026559829711914e+00
1.029901742935180664e+00
1.034855365753173828e+00
1.039849519729614258e+00
1.044775724411010742e+00
1.050532102584838867e+00
1.057801246643066406e+00
1.062810897827148438e+00
1.067830324172973633e+00
1.072894096374511719e+00
1.078094720840454102e+00
1.083151817321777344e+00
1.087995529174804688e+00
1.094258546829223633e+00
1.099069833755493164e+00
1.104271173477172852e+00
1.109100103378295898e+00
1.114039421081542969e+00
1.118730306625366211e+00
1.124851226806640625e+00
1.129474163055419922e+00
1.134540796279907227e+00
1.139776468276977539e+00
1.145383358001708984e+00
1.149712085723876953e+00
1.154741048812866211e+00
1.160887718200683594e+00
1.165849208831787109e+00
1.171116352081298828e+00
1.176352739334106445e+00
1.181309461593627930e+00
1.186154365539550781e+00
1.191156625747680664e+00
1.196046352386474609e+00
1.202854871749877930e+00
1.208277463912963867e+00
1.213591098785400391e+00
1.218995809555053711e+00
1.225120306015014648e+00
1.229869127273559570e+00
1.234783172607421875e+00
1.239813566207885742e+00
1.245008230209350586e+00
1.250147104263305664e+00
1.256381988525390625e+00
1.261326789855957031e+00
1.266355037689208984e+00
1.271488428115844727e+00
1.276375055313110352e+00
1.281855344772338867e+00
1.287146568298339844e+00
1.291975975036621094e+00
1.296795606613159180e+00
1.302001953125000000e+00
1.306971073150634766e+00
1.312811136245727539e+00
1.317852497100830078e+00
1.322709560394287109e+00
1.329883098602294922e+00
1.335336923599243164e+00
1.340343952178955078e+00
1.345281600952148438e+00
1.349895000457763672e+00
1.355154991149902344e+00
1.360792398452758789e+00
1.366628408432006836e+00
1.371840953826904297e+00
1.375817775726318359e+00
1.380776166915893555e+00
1.385865926742553711e+00
1.391280174255371094e+00
1.395879983901977539e+00
1.400902032852172852e+00
1.406205415725708008e+00
1.411885023117065430e+00
1.416809320449829102e+00
1.422159910202026367e+00
1.427136421203613281e+00
1.431753158569335938e+00
1.437061309814453125e+00
1.441876649856567383e+00
1.446788311004638672e+00
1.451992273330688477e+00
1.458225011825561523e+00
1.463328123092651367e+00
1.468747615814208984e+00
1.473781585693359375e+00
1.478966951370239258e+00
1.483798742294311523e+00
1.488778829574584961e+00
1.495216846466064453e+00
1.500274658203125000e+00
1.505894422531127930e+00
1.511467218399047852e+00
1.516141891479492188e+00
1.521090984344482422e+00
1.527468919754028320e+00
1.532335758209228516e+00
1.538350343704223633e+00
1.543463468551635742e+00
1.548557758331298828e+00
1.553723096847534180e+00
1.559959173202514648e+00
1.564910173416137695e+00
1.570869684219360352e+00
1.576081514358520508e+00
1.581279277801513672e+00
1.585971355438232422e+00
1.592263698577880859e+00
1.597159385681152344e+00
1.602441072463989258e+00
1.606724023818969727e+00
1.612014293670654297e+00
1.617115736007690430e+00
1.621865749359130859e+00
1.628354072570800781e+00
1.633271455764770508e+00
1.638706445693969727e+00
1.643934488296508789e+00
1.649238109588623047e+00
1.654320240020751953e+00
1.660149812698364258e+00
1.664790391921997070e+00
1.671193599700927734e+00
1.676413059234619141e+00
1.681383848190307617e+00
1.686112165451049805e+00
1.690575838088989258e+00
1.696178913116455078e+00
1.701192378997802734e+00
1.706457853317260742e+00
1.711534023284912109e+00
1.716136217117309570e+00
1.720957279205322266e+00
1.729902982711791992e+00
1.735278606414794922e+00
1.740532875061035156e+00
1.745893955230712891e+00
1.750833988189697266e+00
1.755854129791259766e+00
1.761301755905151367e+00
1.765785694122314453e+00
1.771010160446166992e+00
1.776297092437744141e+00
1.781421661376953125e+00
1.786792755126953125e+00
1.792057514190673828e+00
1.796888113021850586e+00
1.802710533142089844e+00
1.807853221893310547e+00
1.812770605087280273e+00
1.818042039871215820e+00
1.823462724685668945e+00
1.828335762023925781e+00
1.836088895797729492e+00
1.841421842575073242e+00
1.846092939376831055e+00
1.851277828216552734e+00
1.856223344802856445e+00
1.861721754074096680e+00
1.866766214370727539e+00
1.871738910675048828e+00
1.877127885818481445e+00
1.882070779800415039e+00
1.887298822402954102e+00
1.892347097396850586e+00
1.897085666656494141e+00
1.901827335357666016e+00
1.906713485717773438e+00
1.911826133728027344e+00
1.916903018951416016e+00
1.921897172927856445e+00
1.926794290542602539e+00
1.932191610336303711e+00
1.937451124191284180e+00
1.942022085189819336e+00
1.947187900543212891e+00
1.952090740203857422e+00
1.958458900451660156e+00
1.963073730468750000e+00
1.968426704406738281e+00
1.973905086517333984e+00
1.979190587997436523e+00
1.984055519104003906e+00
1.988672256469726562e+00
1.994224071502685547e+00
1.998862743377685547e+00
2.003934860229492188e+00
2.008772373199462891e+00
2.014124631881713867e+00
2.019141197204589844e+00
2.025417804718017578e+00
2.030073642730712891e+00
2.035309791564941406e+00
2.039764165878295898e+00
2.045184135437011719e+00
2.049880743026733398e+00
2.054800748825073242e+00
2.060736656188964844e+00
2.065728902816772461e+00
2.071205377578735352e+00
2.076737642288208008e+00
2.081743717193603516e+00
2.086861848831176758e+00
2.091812372207641602e+00
2.096705675125122070e+00
2.101931810379028320e+00
2.106720209121704102e+00
2.111705303192138672e+00
2.116922855377197266e+00
2.121796131134033203e+00
2.126796722412109375e+00
2.131816625595092773e+00
2.137140750885009766e+00
2.142406225204467773e+00
2.147801876068115234e+00
2.152735710144042969e+00
2.159383773803710938e+00
2.164149284362792969e+00
2.169343709945678711e+00
2.174426555633544922e+00
2.179870605468750000e+00
2.184964179992675781e+00
2.189892768859863281e+00
2.195174217224121094e+00
2.200167894363403320e+00
2.205244541168212891e+00
2.210694789886474609e+00
2.216201066970825195e+00
2.220514059066772461e+00
2.225257396697998047e+00
2.231564760208129883e+00
2.237298488616943359e+00
2.242085456848144531e+00
2.246807098388671875e+00
2.251818418502807617e+00
2.256852149963378906e+00
2.261393308639526367e+00
2.266058921813964844e+00
2.272117137908935547e+00
2.276864767074584961e+00
2.281913995742797852e+00
2.286381959915161133e+00
2.291150093078613281e+00
2.296128988265991211e+00
2.302429199218750000e+00
2.307435035705566406e+00
2.312360763549804688e+00
2.317019939422607422e+00
2.322218656539916992e+00
2.328009128570556641e+00
2.333178758621215820e+00
2.338188648223876953e+00
2.343358755111694336e+00
2.348266363143920898e+00
2.353075981140136719e+00
2.358514547348022461e+00
2.363421201705932617e+00
2.370340108871459961e+00
2.375466346740722656e+00
2.380712985992431641e+00
2.385882854461669922e+00
2.391132116317749023e+00
2.397196292877197266e+00
2.402492046356201172e+00
2.407193660736083984e+00
2.412233591079711914e+00
2.417368412017822266e+00
2.421998023986816406e+00
2.427332639694213867e+00
2.432143688201904297e+00
2.437198877334594727e+00
2.441691398620605469e+00
2.446441888809204102e+00
2.451871395111083984e+00
2.456742525100708008e+00
2.463262081146240234e+00
2.468112230300903320e+00
2.473184585571289062e+00
2.478314399719238281e+00
2.483355998992919922e+00
2.487873077392578125e+00
2.493534088134765625e+00
2.498714208602905273e+00
2.504488468170166016e+00
2.509841680526733398e+00
2.514882087707519531e+00
2.520228862762451172e+00
2.525801181793212891e+00
2.530794382095336914e+00
2.536074638366699219e+00
2.541053533554077148e+00
2.546456575393676758e+00
2.551465988159179688e+00
2.556222915649414062e+00
2.561717271804809570e+00
2.566119432449340820e+00
2.571468114852905273e+00
2.576487779617309570e+00
2.581966400146484375e+00
2.587142467498779297e+00
2.592323303222656250e+00
2.597197771072387695e+00
2.602355480194091797e+00
2.607845067977905273e+00
2.613254308700561523e+00
2.618085384368896484e+00
2.622812986373901367e+00
2.629185438156127930e+00
2.634068012237548828e+00
2.639877080917358398e+00
2.645787954330444336e+00
2.650761842727661133e+00
2.655769109725952148e+00
2.660794258117675781e+00
2.665333986282348633e+00
2.670425415039062500e+00
2.675887584686279297e+00
2.680817365646362305e+00
2.685836076736450195e+00
2.691640138626098633e+00
2.697096109390258789e+00
2.703214645385742188e+00
2.708163976669311523e+00
2.713135719299316406e+00
2.718197107315063477e+00
2.723172903060913086e+00
2.731186151504516602e+00
2.736357927322387695e+00
2.741324663162231445e+00
2.746845960617065430e+00
2.751696348190307617e+00
2.756871938705444336e+00
2.761425971984863281e+00
2.766660451889038086e+00
2.772356986999511719e+00
2.777359008789062500e+00
2.782188177108764648e+00
2.787226438522338867e+00
2.792259454727172852e+00
2.796758890151977539e+00
2.801808834075927734e+00
2.806740522384643555e+00
2.811900377273559570e+00
2.816859006881713867e+00
2.822143077850341797e+00
2.830769062042236328e+00
2.835848569869995117e+00
2.840878963470458984e+00
2.846507072448730469e+00
2.851756811141967773e+00
2.856773138046264648e+00
2.862328529357910156e+00
2.866780757904052734e+00
2.872060060501098633e+00
2.877373218536376953e+00
2.881685018539428711e+00
2.886736869812011719e+00
2.892326354980468750e+00
2.897412538528442383e+00
2.902770757675170898e+00
2.907877683639526367e+00
2.913086891174316406e+00
2.918180227279663086e+00
2.923283815383911133e+00
2.928412675857543945e+00
2.933180332183837891e+00
2.938371419906616211e+00
2.943447113037109375e+00
2.948188304901123047e+00
2.953034877777099609e+00
2.957838535308837891e+00
2.964095354080200195e+00
2.969442367553710938e+00
2.974397659301757812e+00
2.979281187057495117e+00
2.984113216400146484e+00
2.988794326782226562e+00
2.995404958724975586e+00
3.000120162963867188e+00
3.005049228668212891e+00
3.010414600372314453e+00
3.015079498291015625e+00
3.020257711410522461e+00
3.025701522827148438e+00
3.030185699462890625e+00
3.034864902496337891e+00
3.039810657501220703e+00
3.043839454650878906e+00
3.048085927963256836e+00
3.052803277969360352e+00
3.057843685150146484e+00
3.063764333724975586e+00
3.068861246109008789e+00
3.073702335357666016e+00
3.078877449035644531e+00
3.084203720092773438e+00
3.089340925216674805e+00
3.096698999404907227e+00
3.101051330566406250e+00
3.105715751647949219e+00
3.110240221023559570e+00
3.114726543426513672e+00
3.119794130325317383e+00
3.125022411346435547e+00
3.130697727203369141e+00
3.136881589889526367e+00
3.141677856445312500e+00
3.146773815155029297e+00
3.153158187866210938e+00
3.159638404846191406e+00
3.164690971374511719e+00
3.170361995697021484e+00
3.175520181655883789e+00
3.180751800537109375e+00
3.185860395431518555e+00
3.190820693969726562e+00
3.196822404861450195e+00
3.201470136642456055e+00
3.207191467285156250e+00
3.214164733886718750e+00
3.219454526901245117e+00
3.224544763565063477e+00
3.230003833770751953e+00
3.234838962554931641e+00
3.239803075790405273e+00
3.244737386703491211e+00
3.249703168869018555e+00
3.254727125167846680e+00
3.259958267211914062e+00
3.265418529510498047e+00
3.270087718963623047e+00
3.274794101715087891e+00
3.279811859130859375e+00
3.284699678421020508e+00
3.290148258209228516e+00
3.295394897460937500e+00
3.300277948379516602e+00
3.304956197738647461e+00
3.309962749481201172e+00
3.314453363418579102e+00
3.319481611251831055e+00
3.324892044067382812e+00
3.331272602081298828e+00
3.336836576461791992e+00
3.342251062393188477e+00
3.347234964370727539e+00
3.352221012115478516e+00
3.356793403625488281e+00
3.362780094146728516e+00
3.368278503417968750e+00
3.373404264450073242e+00
3.378727197647094727e+00
3.383197784423828125e+00
3.388329505920410156e+00
3.393833875656127930e+00
3.398886442184448242e+00
3.403917074203491211e+00
3.409119367599487305e+00
3.413967132568359375e+00
3.419081211090087891e+00
3.423732280731201172e+00
3.428448677062988281e+00
3.432995557785034180e+00
3.438248395919799805e+00
3.443189382553100586e+00
3.448128938674926758e+00
3.452831268310546875e+00
3.458263635635375977e+00
3.462431669235229492e+00
3.466804742813110352e+00
3.471733808517456055e+00
3.476960897445678711e+00
3.481802701950073242e+00
3.486993789672851562e+00
3.493170738220214844e+00
3.498070240020751953e+00
3.503303289413452148e+00
3.508433818817138672e+00
3.513736963272094727e+00
3.518756628036499023e+00
3.523847341537475586e+00
3.529479742050170898e+00
3.534256458282470703e+00
3.538841485977172852e+00
3.543754816055297852e+00
3.548687934875488281e+00
3.553688287734985352e+00
3.559859991073608398e+00
3.564705133438110352e+00
3.569751739501953125e+00
3.574717044830322266e+00
3.579959630966186523e+00
3.584752559661865234e+00
3.589810132980346680e+00
3.595745801925659180e+00
3.601138591766357422e+00
3.607191085815429688e+00
3.612113475799560547e+00
3.616854190826416016e+00
3.622091054916381836e+00
3.628334522247314453e+00
3.633216142654418945e+00
3.638119220733642578e+00
3.642727375030517578e+00
3.647721767425537109e+00
3.652740001678466797e+00
3.657399177551269531e+00
3.662742376327514648e+00
3.666823625564575195e+00
3.671826601028442383e+00
3.677186250686645508e+00
3.682281017303466797e+00
3.687747240066528320e+00
3.692808628082275391e+00
3.697521209716796875e+00
3.702818155288696289e+00
3.707700967788696289e+00
3.713471651077270508e+00
3.719194412231445312e+00
3.724434375762939453e+00
3.732229948043823242e+00
3.737663269042968750e+00
3.742897272109985352e+00
3.747740745544433594e+00
3.752750635147094727e+00
3.757853269577026367e+00
3.762687921524047852e+00
3.767200231552124023e+00
3.772736072540283203e+00
3.777801513671875000e+00
3.782771348953247070e+00
3.788114547729492188e+00
3.793018341064453125e+00
3.797700881958007812e+00
3.802169084548950195e+00
3.807047605514526367e+00
3.812307357788085938e+00
3.817286729812622070e+00
3.822148799896240234e+00
3.830716848373413086e+00
3.835952758789062500e+00
3.840764760971069336e+00
3.845802545547485352e+00
3.850675821304321289e+00
3.855805397033691406e+00
3.862344741821289062e+00
3.866813659667968750e+00
3.871816635131835938e+00
3.876841068267822266e+00
3.881858825683593750e+00
3.886822700500488281e+00
3.891693353652954102e+00
3.897329807281494141e+00
3.902044057846069336e+00
3.906714200973510742e+00
3.911716222763061523e+00
3.916759252548217773e+00
3.921690464019775391e+00
3.926725625991821289e+00
3.930786848068237305e+00
3.935218095779418945e+00
3.940686702728271484e+00
3.945979833602905273e+00
3.949867010116577148e+00
3.954752206802368164e+00
3.960411310195922852e+00
3.964638948440551758e+00
3.969722986221313477e+00
3.974689960479736328e+00
3.979409217834472656e+00
3.983422756195068359e+00
3.987725257873535156e+00
3.992131710052490234e+00
3.997314691543579102e+00
4.002281427383422852e+00
4.006660461425781250e+00
4.011185407638549805e+00
4.015801191329956055e+00
4.020692825317382812e+00
4.025699853897094727e+00
4.029700040817260742e+00
4.034820318222045898e+00
4.039830207824707031e+00
4.044848680496215820e+00
4.049704074859619141e+00
4.054296255111694336e+00
4.060011863708496094e+00
4.064819097518920898e+00
4.069718837738037109e+00
4.074348211288452148e+00
4.079167366027832031e+00
4.084287166595458984e+00
4.089170694351196289e+00
4.094171047210693359e+00
4.099039316177368164e+00
4.104075193405151367e+00
4.109284162521362305e+00
4.113650083541870117e+00
4.117806434631347656e+00
4.122751712799072266e+00
4.128274202346801758e+00
4.133241653442382812e+00
4.137831211090087891e+00
4.142806529998779297e+00
4.147503376007080078e+00
4.152238607406616211e+00
4.156876564025878906e+00
4.162546873092651367e+00
4.166739940643310547e+00
4.171753168106079102e+00
4.176694154739379883e+00
4.180843591690063477e+00
4.185786962509155273e+00
4.190767526626586914e+00
4.196660757064819336e+00
4.201426267623901367e+00
4.205981969833374023e+00
4.210715532302856445e+00
4.215746641159057617e+00
4.220770120620727539e+00
4.226068019866943359e+00
4.233493566513061523e+00
4.238276004791259766e+00
4.243293762207031250e+00
4.248183488845825195e+00
4.252731800079345703e+00
4.257754564285278320e+00
4.262732505798339844e+00
4.267933607101440430e+00
4.272805929183959961e+00
4.277881860733032227e+00
4.282735824584960938e+00
4.287723302841186523e+00
4.292746782302856445e+00
4.297802925109863281e+00
4.302691698074340820e+00
4.307510614395141602e+00
4.312793493270874023e+00
4.317644834518432617e+00
4.321850776672363281e+00
4.329008102416992188e+00
4.333785295486450195e+00
4.338809490203857422e+00
4.343815088272094727e+00
4.347853183746337891e+00
4.352425575256347656e+00
4.356795549392700195e+00
4.361793041229248047e+00
4.366655826568603516e+00
4.371883630752563477e+00
4.376082897186279297e+00
4.380555152893066406e+00
4.385713338851928711e+00
4.390783071517944336e+00
4.395930051803588867e+00
4.401022672653198242e+00
4.405893564224243164e+00
4.410788536071777344e+00
4.415750265121459961e+00
4.420701503753662109e+00
4.425891399383544922e+00
4.430496215820312500e+00
4.434996604919433594e+00
4.439319133758544922e+00
4.443860530853271484e+00
4.448813915252685547e+00
4.453799486160278320e+00
4.458733081817626953e+00
4.463821172714233398e+00
4.468289136886596680e+00
4.472886800765991211e+00
4.477863073348999023e+00
4.482799768447875977e+00
4.487670660018920898e+00
4.493007659912109375e+00
4.498197078704833984e+00
4.503281593322753906e+00
4.508336544036865234e+00
4.513180732727050781e+00
4.517722129821777344e+00
4.522746562957763672e+00
4.528809309005737305e+00
4.534155368804931641e+00
4.538948059082031250e+00
4.543801784515380859e+00
4.548818111419677734e+00
4.553833246231079102e+00
4.558754920959472656e+00
4.564813137054443359e+00
4.569780349731445312e+00
4.574460029602050781e+00
4.579285144805908203e+00
4.584324836730957031e+00
4.589137077331542969e+00
4.594678163528442383e+00
4.599255323410034180e+00
4.604269742965698242e+00
4.609233617782592773e+00
4.613655090332031250e+00
4.617886543273925781e+00
4.622781753540039062e+00
4.628287553787231445e+00
4.633235216140747070e+00
4.638202905654907227e+00
4.643166303634643555e+00
4.648181676864624023e+00
4.652685880661010742e+00
4.657816886901855469e+00
4.662378549575805664e+00
4.667522907257080078e+00
4.672773838043212891e+00
4.677677869796752930e+00
4.683056354522705078e+00
4.687706470489501953e+00
4.692708492279052734e+00
4.697739601135253906e+00
4.702966928482055664e+00
4.707901477813720703e+00
4.712801933288574219e+00
4.717232227325439453e+00
4.721462726593017578e+00
4.726107597351074219e+00
4.733238458633422852e+00
4.738229990005493164e+00
4.743445634841918945e+00
4.748239278793334961e+00
4.752874374389648438e+00
4.757881164550781250e+00
4.762709140777587891e+00
4.768419265747070312e+00
4.773235559463500977e+00
4.778241395950317383e+00
4.783405065536499023e+00
4.787878751754760742e+00
4.793812274932861328e+00
4.799785852432250977e+00
4.805659055709838867e+00
4.810318946838378906e+00
4.815438747406005859e+00
4.820801973342895508e+00
4.826161861419677734e+00
4.834247589111328125e+00
4.837893247604370117e+00
4.840702295303344727e+00
4.843989849090576172e+00
4.846856594085693359e+00
4.850144386291503906e+00
4.853043794631958008e+00
4.855980157852172852e+00
4.859300136566162109e+00
4.862103462219238281e+00
4.864983081817626953e+00
4.868554353713989258e+00
4.871709585189819336e+00
4.874746799468994141e+00
4.878274440765380859e+00
4.881703138351440430e+00
4.884795188903808594e+00
4.887238740921020508e+00
4.889708042144775391e+00
4.892937660217285156e+00
4.896057367324829102e+00
4.898550033569335938e+00
4.901882171630859375e+00
4.905402183532714844e+00
4.908714532852172852e+00
4.911213636398315430e+00
4.913672924041748047e+00
4.916323184967041016e+00
4.918789148330688477e+00
4.921849012374877930e+00
4.925655126571655273e+00
4.929104328155517578e+00
4.932668209075927734e+00
4.936212301254272461e+00
4.938989400863647461e+00
4.942329645156860352e+00
4.946484565734863281e+00
4.950157403945922852e+00
4.953587532043457031e+00
4.956626653671264648e+00
4.960703849792480469e+00
4.963631391525268555e+00
4.966712951660156250e+00
4.969578981399536133e+00
4.972745180130004883e+00
4.975759744644165039e+00
4.978883504867553711e+00
4.982296466827392578e+00
4.985578298568725586e+00
4.989276170730590820e+00
4.992410182952880859e+00
4.995891809463500977e+00
4.999676704406738281e+00
5.002825736999511719e+00
5.005728006362915039e+00
5.008729934692382812e+00
5.011609792709350586e+00
5.014241695404052734e+00
5.017276525497436523e+00
5.021408319473266602e+00
5.024235486984252930e+00
5.027994155883789062e+00
5.030632257461547852e+00
5.033554553985595703e+00
5.036316633224487305e+00
5.039210319519042969e+00
5.041970729827880859e+00
5.045254230499267578e+00
5.048340797424316406e+00
5.051324367523193359e+00
5.054591655731201172e+00
5.057714223861694336e+00
5.061296463012695312e+00
5.064104557037353516e+00
5.066962480545043945e+00
5.069823741912841797e+00
5.072557926177978516e+00
5.075559854507446289e+00
5.079150438308715820e+00
5.082392215728759766e+00
5.085707664489746094e+00
5.088206529617309570e+00
5.090681314468383789e+00
5.093941450119018555e+00
5.097208976745605469e+00
5.100888729095458984e+00
5.103718042373657227e+00
5.106305122375488281e+00
5.109218597412109375e+00
5.112603664398193359e+00
5.115251302719116211e+00
5.118149995803833008e+00
5.120672464370727539e+00
5.123299121856689453e+00
5.126726865768432617e+00
5.129605293273925781e+00
5.132656574249267578e+00
5.135817050933837891e+00
5.138746023178100586e+00
5.142231225967407227e+00
5.144705295562744141e+00
5.147560358047485352e+00
5.151040077209472656e+00
5.154175043106079102e+00
5.157145500183105469e+00
5.161225795745849609e+00
5.164692401885986328e+00
5.168226242065429688e+00
5.171724081039428711e+00
5.175441503524780273e+00
5.179427146911621094e+00
5.182633399963378906e+00
5.186210155487060547e+00
5.188852548599243164e+00
5.192142724990844727e+00
5.197605133056640625e+00
5.201350450515747070e+00
5.205218076705932617e+00
5.209126234054565430e+00
5.213207244873046875e+00
5.216768980026245117e+00
5.220368146896362305e+00
5.223615169525146484e+00
5.226425409317016602e+00
5.231919050216674805e+00
5.236336469650268555e+00
5.239845275878906250e+00
5.243702650070190430e+00
5.247353315353393555e+00
5.251438617706298828e+00
5.255162477493286133e+00
5.258908271789550781e+00
5.262395620346069336e+00
5.265691280364990234e+00
5.269213438034057617e+00
5.273041248321533203e+00
5.276758432388305664e+00
5.279879331588745117e+00
5.283293008804321289e+00
5.287162065505981445e+00
5.290372371673583984e+00
5.293850183486938477e+00
5.296864986419677734e+00
5.300452709197998047e+00
5.304746627807617188e+00
5.308439493179321289e+00
5.312233924865722656e+00
5.315862655639648438e+00
5.319948911666870117e+00
5.323226213455200195e+00
5.327095270156860352e+00
5.332004308700561523e+00
5.336637496948242188e+00
5.340883255004882812e+00
5.344701766967773438e+00
5.348004579544067383e+00
5.351337909698486328e+00
5.354560852050781250e+00
5.358436107635498047e+00
5.362655162811279297e+00
5.365878820419311523e+00
5.370204687118530273e+00
5.373550415039062500e+00
5.377170562744140625e+00
5.380229234695434570e+00
5.382849693298339844e+00
5.386228084564208984e+00
5.389684677124023438e+00
5.393363237380981445e+00
5.397556543350219727e+00
5.400767564773559570e+00
5.404084444046020508e+00
5.408113241195678711e+00
5.411411046981811523e+00
5.414102077484130859e+00
5.417077064514160156e+00
5.420215368270874023e+00
5.423567295074462891e+00
5.426811456680297852e+00
5.429685592651367188e+00
5.433419227600097656e+00
5.437085151672363281e+00
5.439692258834838867e+00
5.443686962127685547e+00
5.447080612182617188e+00
5.450568914413452148e+00
5.454434156417846680e+00
5.458193302154541016e+00
5.462563753128051758e+00
5.466408729553222656e+00
5.469691276550292969e+00
5.472679376602172852e+00
5.475719451904296875e+00
5.478565454483032227e+00
5.482193708419799805e+00
5.485611915588378906e+00
5.488906383514404297e+00
5.491853475570678711e+00
5.495736598968505859e+00
5.499717473983764648e+00
5.502693176269531250e+00
5.505162954330444336e+00
5.507817745208740234e+00
5.510303258895874023e+00
5.513211488723754883e+00
5.515808343887329102e+00
5.519232273101806641e+00
5.522878885269165039e+00
5.526491165161132812e+00
5.531238079071044922e+00
5.535322666168212891e+00
5.539054393768310547e+00
5.542576551437377930e+00
5.546447515487670898e+00
5.550005435943603516e+00
5.553658008575439453e+00
5.557192564010620117e+00
5.559823513031005859e+00
5.564401626586914062e+00
5.568665742874145508e+00
5.572194337844848633e+00
5.576392889022827148e+00
5.580231189727783203e+00
5.583992242813110352e+00
5.587294578552246094e+00
5.590590000152587891e+00
5.593939781188964844e+00
5.597560405731201172e+00
5.601209878921508789e+00
5.604332208633422852e+00
5.607582330703735352e+00
5.611004829406738281e+00
5.613979578018188477e+00
5.617238998413085938e+00
5.620655775070190430e+00
5.624109983444213867e+00
5.628688097000122070e+00
5.632047891616821289e+00
5.635328531265258789e+00
5.638665676116943359e+00
5.643847227096557617e+00
5.647633790969848633e+00
5.650715351104736328e+00
5.654264926910400391e+00
5.658872365951538086e+00
5.662760019302368164e+00
5.666236162185668945e+00
5.669821262359619141e+00
5.674444675445556641e+00
5.678458690643310547e+00
5.681777715682983398e+00
5.685253143310546875e+00
5.689056158065795898e+00
5.692226886749267578e+00
5.696651458740234375e+00
5.700703859329223633e+00
5.704282283782958984e+00
5.707265138626098633e+00
5.711921453475952148e+00
5.715621232986450195e+00
5.719194889068603516e+00
5.722834110260009766e+00
5.729873895645141602e+00
5.733721494674682617e+00
5.737401247024536133e+00
5.741363763809204102e+00
5.744292736053466797e+00
5.747648954391479492e+00
5.750545024871826172e+00
5.753556489944458008e+00
5.756719827651977539e+00
5.760209560394287109e+00
5.763771772384643555e+00
5.767267704010009766e+00
5.770583868026733398e+00
5.774345636367797852e+00
5.777587175369262695e+00
5.781191825866699219e+00
5.784708738327026367e+00
5.788580179214477539e+00
5.791834592819213867e+00
5.795343399047851562e+00
5.799106121063232422e+00
5.803070545196533203e+00
5.806927442550659180e+00
5.810913801193237305e+00
5.814741373062133789e+00
5.818002462387084961e+00
5.820962190628051758e+00
5.824431180953979492e+00
5.828808784484863281e+00
5.832677841186523438e+00
5.836673021316528320e+00
5.840012073516845703e+00
5.844067335128784180e+00
5.847615242004394531e+00
5.850947618484497070e+00
5.854369401931762695e+00
5.857591629028320312e+00
5.861198663711547852e+00
5.864204406738281250e+00
5.867319822311401367e+00
5.871082782745361328e+00
5.874249696731567383e+00
5.877598285675048828e+00
5.880835771560668945e+00
5.884667873382568359e+00
5.888711214065551758e+00
5.892067670822143555e+00
5.896277666091918945e+00
5.899915933609008789e+00
5.903340339660644531e+00
5.906574487686157227e+00
5.910685539245605469e+00
5.914999723434448242e+00
5.919105291366577148e+00
5.922416210174560547e+00
5.925958156585693359e+00
5.930099725723266602e+00
5.933961153030395508e+00
5.937651395797729492e+00
5.941438913345336914e+00
5.945379257202148438e+00
5.949126482009887695e+00
5.953232288360595703e+00
5.956982374191284180e+00
5.960610866546630859e+00
5.964220762252807617e+00
5.968281269073486328e+00
5.972162723541259766e+00
5.976128101348876953e+00
5.979813575744628906e+00
5.983830451965332031e+00
5.987292528152465820e+00
5.991131782531738281e+00
5.998657703399658203e+00
6.002632141113281250e+00
6.005970954895019531e+00
6.009379863739013672e+00
6.012717008590698242e+00
6.016259908676147461e+00
6.019562959671020508e+00
6.022903919219970703e+00
6.026240110397338867e+00
6.029707431793212891e+00
6.033398628234863281e+00
6.037013292312622070e+00
6.040551424026489258e+00
6.043920993804931641e+00
6.046696901321411133e+00
6.049293518066406250e+00
6.052733898162841797e+00
6.056820869445800781e+00
6.060726642608642578e+00
6.066100597381591797e+00
6.069980859756469727e+00
6.073840379714965820e+00
6.077926397323608398e+00
6.081672191619873047e+00
6.085790395736694336e+00
6.090801477432250977e+00
6.094935894012451172e+00
6.098143815994262695e+00
6.101318359375000000e+00
6.104608297348022461e+00
6.107596635818481445e+00
6.110212802886962891e+00
6.112803936004638672e+00
6.115847587585449219e+00
6.118546962738037109e+00
6.121573209762573242e+00
6.124848604202270508e+00
6.128602266311645508e+00
6.132116556167602539e+00
6.135955572128295898e+00
6.139394521713256836e+00
6.142732620239257812e+00
6.146240949630737305e+00
6.150018930435180664e+00
6.153608798980712891e+00
6.157117128372192383e+00
6.160538673400878906e+00
6.166272640228271484e+00
6.168947219848632812e+00
6.172043800354003906e+00
6.175688266754150391e+00
6.179430961608886719e+00
6.182703971862792969e+00
6.185856819152832031e+00
6.189374208450317383e+00
6.192713499069213867e+00
6.196678161621093750e+00
6.200191497802734375e+00
6.203305482864379883e+00
6.206617593765258789e+00
6.210563898086547852e+00
6.214385986328125000e+00
6.218248605728149414e+00
6.221884489059448242e+00
6.225696325302124023e+00
6.229633331298828125e+00
6.233266830444335938e+00
6.237149477005004883e+00
6.240577936172485352e+00
6.244045734405517578e+00
6.247916936874389648e+00
6.251785755157470703e+00
6.256152391433715820e+00
6.259603500366210938e+00
6.263655900955200195e+00
6.267807006835937500e+00
6.271277189254760742e+00
6.275420427322387695e+00
6.279310941696166992e+00
6.283171176910400391e+00
6.286570549011230469e+00
6.290212869644165039e+00
6.293877124786376953e+00
6.297990560531616211e+00
6.301067590713500977e+00
6.304122209548950195e+00
6.307332515716552734e+00
6.310570001602172852e+00
6.313173770904541016e+00
6.315778017044067383e+00
6.318293571472167969e+00
6.322396993637084961e+00
6.325588941574096680e+00
6.329698085784912109e+00
6.332992076873779297e+00
6.337715625762939453e+00
6.341427087783813477e+00
6.344537973403930664e+00
6.347378015518188477e+00
6.350379228591918945e+00
6.353728532791137695e+00
6.356709003448486328e+00
6.359692811965942383e+00
6.364096164703369141e+00
6.368735313415527344e+00
6.371890068054199219e+00
6.374735116958618164e+00
6.378077030181884766e+00
6.381322860717773438e+00
6.384726524353027344e+00
6.387607336044311523e+00
6.390686988830566406e+00
6.393539667129516602e+00
6.397308826446533203e+00
6.400807380676269531e+00
6.404391527175903320e+00
6.407683610916137695e+00
6.410939931869506836e+00
6.414567470550537109e+00
6.417697668075561523e+00
6.420926570892333984e+00
6.423950910568237305e+00
6.427693605422973633e+00
6.432543039321899414e+00
6.436577558517456055e+00
6.439572095870971680e+00
6.443080902099609375e+00
6.446740388870239258e+00
6.451396465301513672e+00
6.455189704895019531e+00
6.458088874816894531e+00
6.462102890014648438e+00
6.466133594512939453e+00
6.469346523284912109e+00
6.472600460052490234e+00
6.475708007812500000e+00
6.479447603225708008e+00
6.483378648757934570e+00
6.487095832824707031e+00
6.490544319152832031e+00
6.493330717086791992e+00
6.497339487075805664e+00
6.501045942306518555e+00
6.504696846008300781e+00
6.508574724197387695e+00
6.512068748474121094e+00
6.515375137329101562e+00
6.518091201782226562e+00
6.520654201507568359e+00
6.523315906524658203e+00
6.526705980300903320e+00
6.531679153442382812e+00
6.535344600677490234e+00
6.539469718933105469e+00
6.543791294097900391e+00
6.548042535781860352e+00
6.551270961761474609e+00
6.554683923721313477e+00
6.557962894439697266e+00
6.561247587203979492e+00
6.566635608673095703e+00
6.570565700531005859e+00
6.573708295822143555e+00
6.577237606048583984e+00
6.580738067626953125e+00
6.584677219390869141e+00
6.588364839553833008e+00
6.591684103012084961e+00
6.595310688018798828e+00
6.599213838577270508e+00
6.602703809738159180e+00
6.606104612350463867e+00
6.610349655151367188e+00
6.614255666732788086e+00
6.617695808410644531e+00
6.621201515197753906e+00
6.625338554382324219e+00
6.629314661026000977e+00
6.633259057998657227e+00
6.636944770812988281e+00
6.640414714813232422e+00
6.644854307174682617e+00
6.648933172225952148e+00
6.652416467666625977e+00
6.656116247177124023e+00
6.659532546997070312e+00
6.665404319763183594e+00
6.669486045837402344e+00
6.673776865005493164e+00
6.677355527877807617e+00
6.680886268615722656e+00
6.684748888015747070e+00
6.688940048217773438e+00
6.692665815353393555e+00
6.696672439575195312e+00
6.700395822525024414e+00
6.703922271728515625e+00
6.707462310791015625e+00
6.710582017898559570e+00
6.713823318481445312e+00
6.717806100845336914e+00
6.720832109451293945e+00
6.723941326141357422e+00
6.726953029632568359e+00
6.731098890304565430e+00
6.734729528427124023e+00
6.737666368484497070e+00
6.740681409835815430e+00
6.743586301803588867e+00
6.746508359909057617e+00
6.749166011810302734e+00
6.752170562744140625e+00
6.755417346954345703e+00
6.759118795394897461e+00
6.762533903121948242e+00
6.766401290893554688e+00
6.769736289978027344e+00
6.773177862167358398e+00
6.776054859161376953e+00
6.778533220291137695e+00
6.782091140747070312e+00
6.785305976867675781e+00
6.789055824279785156e+00
6.792124271392822266e+00
6.795716762542724609e+00
6.798916101455688477e+00
6.802075386047363281e+00
6.805239439010620117e+00
6.808882236480712891e+00
6.812231063842773438e+00
6.815600395202636719e+00
6.818572282791137695e+00
6.821588039398193359e+00
6.824609756469726562e+00
6.828149318695068359e+00
6.832586765289306641e+00
6.836129903793334961e+00
6.840013027191162109e+00
6.843994855880737305e+00
6.847340822219848633e+00
6.850884199142456055e+00
6.854584455490112305e+00
6.858371496200561523e+00
6.863236904144287109e+00
6.867198228836059570e+00
6.870550155639648438e+00
6.873954534530639648e+00
6.877315044403076172e+00
6.880551815032958984e+00
6.883584737777709961e+00
6.887197732925415039e+00
6.890722990036010742e+00
6.894099235534667969e+00
6.898309469223022461e+00
6.902206897735595703e+00
6.905997514724731445e+00
6.909180879592895508e+00
6.912658452987670898e+00
6.916752815246582031e+00
6.920771598815917969e+00
6.923993349075317383e+00
6.927307367324829102e+00
6.931080341339111328e+00
6.935233116149902344e+00
6.938550472259521484e+00
6.942643642425537109e+00
6.945662498474121094e+00
6.948676824569702148e+00
6.951542854309082031e+00
6.954834699630737305e+00
6.958792209625244141e+00
6.962469816207885742e+00
6.965528488159179688e+00
6.968695402145385742e+00
6.971940040588378906e+00
6.975380420684814453e+00
6.979398727416992188e+00
6.983692884445190430e+00
6.987442731857299805e+00
6.991383314132690430e+00
6.995912790298461914e+00
7.000164508819580078e+00
7.003309488296508789e+00
7.006311893463134766e+00
7.009687423706054688e+00
7.013147592544555664e+00
7.016581058502197266e+00
7.020201683044433594e+00
7.024745225906372070e+00
7.029895067214965820e+00
7.033594369888305664e+00
7.037232637405395508e+00
7.040737152099609375e+00
7.045684099197387695e+00
7.049572706222534180e+00
7.052802324295043945e+00
7.056401014328002930e+00
7.059812545776367188e+00
7.066590547561645508e+00
7.071626186370849609e+00
7.076025724411010742e+00
7.080987453460693359e+00
7.084185600280761719e+00
7.087930917739868164e+00
7.091202020645141602e+00
7.094234466552734375e+00
7.097292184829711914e+00
7.100995779037475586e+00
7.104210138320922852e+00
7.107264041900634766e+00
7.110733509063720703e+00
7.114116430282592773e+00
7.117679357528686523e+00
7.121314048767089844e+00
7.124688863754272461e+00
7.127936601638793945e+00
7.131591558456420898e+00
7.135205984115600586e+00
7.139102935791015625e+00
7.142682313919067383e+00
7.146059989929199219e+00
7.149709224700927734e+00
7.153362274169921875e+00
7.156749486923217773e+00
7.159854412078857422e+00
7.166641712188720703e+00
7.170360803604125977e+00
7.173606872558593750e+00
7.177524805068969727e+00
7.180606842041015625e+00
7.183828830718994141e+00
7.187629938125610352e+00
7.191394329071044922e+00
7.194966554641723633e+00
7.199461460113525391e+00
7.203106641769409180e+00
7.206717252731323242e+00
7.210585355758666992e+00
7.214184045791625977e+00
7.217904329299926758e+00
7.221202611923217773e+00
7.224261760711669922e+00
7.227687120437622070e+00
7.232429504394531250e+00
7.236057758331298828e+00
7.239426612854003906e+00
7.243086814880371094e+00
7.246222257614135742e+00
7.249726772308349609e+00
7.252970695495605469e+00
7.256556749343872070e+00
7.259814262390136719e+00
7.263544082641601562e+00
7.266566991806030273e+00
7.269807100296020508e+00
7.273692607879638672e+00
7.277220010757446289e+00
7.281042814254760742e+00
7.284692287445068359e+00
7.288411617279052734e+00
7.292004108428955078e+00
7.295272588729858398e+00
7.300398111343383789e+00
7.304003953933715820e+00
7.307265281677246094e+00
7.310205459594726562e+00
7.313616991043090820e+00
7.316686391830444336e+00
7.320322751998901367e+00
7.324749708175659180e+00
7.329901695251464844e+00
7.333987712860107422e+00
7.337889671325683594e+00
7.341794729232788086e+00
7.345728874206542969e+00
7.349354505538940430e+00
7.353087186813354492e+00
7.356564044952392578e+00
7.360085248947143555e+00
7.364689588546752930e+00
7.368077993392944336e+00
7.371530294418334961e+00
7.374425172805786133e+00
7.378194093704223633e+00
7.381600618362426758e+00
7.384996652603149414e+00
7.388240098953247070e+00
7.391662359237670898e+00
7.394967317581176758e+00
7.400393247604370117e+00
7.403843879699707031e+00
7.407682895660400391e+00
7.410833358764648438e+00
7.413964986801147461e+00
7.417533874511718750e+00
7.421075582504272461e+00
7.424806356430053711e+00
7.428181648254394531e+00
7.432501554489135742e+00
7.435932159423828125e+00
7.439629793167114258e+00
7.443382740020751953e+00
7.446557521820068359e+00
7.450252771377563477e+00
7.453509807586669922e+00
7.456719875335693359e+00
7.460067510604858398e+00
7.463572263717651367e+00
7.467207193374633789e+00
7.470551967620849609e+00
7.474056005477905273e+00
7.477863788604736328e+00
7.481463193893432617e+00
7.485118865966796875e+00
7.488784313201904297e+00
7.492740631103515625e+00
7.496800899505615234e+00
7.500557899475097656e+00
7.503733396530151367e+00
7.507139444351196289e+00
7.510579109191894531e+00
7.513807773590087891e+00
7.516974449157714844e+00
7.521391868591308594e+00
7.525112152099609375e+00
7.528747081756591797e+00
7.533880472183227539e+00
7.537194490432739258e+00
7.541147470474243164e+00
7.544243812561035156e+00
7.547251462936401367e+00
7.551038742065429688e+00
7.554084300994873047e+00
7.556986331939697266e+00
7.560358047485351562e+00
7.566750764846801758e+00
7.570157051086425781e+00
7.573150873184204102e+00
7.576338529586791992e+00
7.580157279968261719e+00
7.583632707595825195e+00
7.587744712829589844e+00
7.592355012893676758e+00
7.596083879470825195e+00
7.599597930908203125e+00
7.602937459945678711e+00
7.606230020523071289e+00
7.610404253005981445e+00
7.614563465118408203e+00
7.617792129516601562e+00
7.621747016906738281e+00
7.625696182250976562e+00
7.629315614700317383e+00
7.633091449737548828e+00
7.636694669723510742e+00
7.640209436416625977e+00
7.644063949584960938e+00
7.648416280746459961e+00
7.651934146881103516e+00
7.655264616012573242e+00
7.658708810806274414e+00
7.665199518203735352e+00
7.669639825820922852e+00
7.673415899276733398e+00
7.677396297454833984e+00
7.680807828903198242e+00
7.684676170349121094e+00
7.689058780670166016e+00
7.693433761596679688e+00
7.697883844375610352e+00
7.701710462570190430e+00
7.705240964889526367e+00
7.708990097045898438e+00
7.712689161300659180e+00
7.716439247131347656e+00
7.720833063125610352e+00
7.724952936172485352e+00
7.728351593017578125e+00
7.732666492462158203e+00
7.736361980438232422e+00
7.739764451980590820e+00
7.743769407272338867e+00
7.747874736785888672e+00
7.751615762710571289e+00
7.755408763885498047e+00
7.759445190429687500e+00
7.763739109039306641e+00
7.768572092056274414e+00
7.771751880645751953e+00
7.775352954864501953e+00
7.778778553009033203e+00
7.782378196716308594e+00
7.786387681961059570e+00
7.789860010147094727e+00
7.793809413909912109e+00
7.798042297363281250e+00
7.801743984222412109e+00
7.804802179336547852e+00
7.808200597763061523e+00
7.812311172485351562e+00
7.816126585006713867e+00
7.820142984390258789e+00
7.823879480361938477e+00
7.827332973480224609e+00
7.832116842269897461e+00
7.836120605468750000e+00
7.839870691299438477e+00
7.843626499176025391e+00
7.847390413284301758e+00
7.850894927978515625e+00
7.854555130004882812e+00
7.858357429504394531e+00
7.861744165420532227e+00
7.866298198699951172e+00
7.870591640472412109e+00
7.874736070632934570e+00
7.878542900085449219e+00
7.881803035736083984e+00
7.885370016098022461e+00
7.888832092285156250e+00
7.892605543136596680e+00
7.896987915039062500e+00
7.900888442993164062e+00
7.903859376907348633e+00
7.906957149505615234e+00
7.910048961639404297e+00
7.913557767868041992e+00
7.917268514633178711e+00
7.920680522918701172e+00
7.924308061599731445e+00
7.928373336791992188e+00
7.933708190917968750e+00
7.937021493911743164e+00
7.941032409667968750e+00
7.944710016250610352e+00
7.948386192321777344e+00
7.952082872390747070e+00
7.956139564514160156e+00
7.959921836853027344e+00
7.964350223541259766e+00
7.967752456665039062e+00
7.970789194107055664e+00
7.974001407623291016e+00
7.977345705032348633e+00
7.980731010437011719e+00
7.984798669815063477e+00
7.988594055175781250e+00
7.992135286331176758e+00
7.995765209197998047e+00
7.999895572662353516e+00
8.003600835800170898e+00
8.007145404815673828e+00
8.010574817657470703e+00
8.014006376266479492e+00
8.017351865768432617e+00
8.020794153213500977e+00
8.024712085723876953e+00
8.028052330017089844e+00
8.032106637954711914e+00
8.035645484924316406e+00
8.039259433746337891e+00
8.042703866958618164e+00
8.046807765960693359e+00
8.050410032272338867e+00
8.054154396057128906e+00
8.057673692703247070e+00
8.061386346817016602e+00
8.065030097961425781e+00
8.070713520050048828e+00
8.074228286743164062e+00
8.078063249588012695e+00
8.081555128097534180e+00
8.084952592849731445e+00
8.088173627853393555e+00
8.091178178787231445e+00
8.095086097717285156e+00
8.099706649780273438e+00
8.103404998779296875e+00
8.106884002685546875e+00
8.110268592834472656e+00
8.113434553146362305e+00
8.116306781768798828e+00
8.118909120559692383e+00
8.121783733367919922e+00
8.125000238418579102e+00
8.128055334091186523e+00
8.131994962692260742e+00
8.135346651077270508e+00
8.138549327850341797e+00
8.141962289810180664e+00
8.145040273666381836e+00
8.148453712463378906e+00
8.151984453201293945e+00
8.155249357223510742e+00
8.158819675445556641e+00
8.162236928939819336e+00
8.169306755065917969e+00
8.173808813095092773e+00
8.178422212600708008e+00
8.182672023773193359e+00
8.186217546463012695e+00
8.189824581146240234e+00
8.193882942199707031e+00
8.198573589324951172e+00
8.201963186264038086e+00
8.205567121505737305e+00
8.209214925765991211e+00
8.212723731994628906e+00
8.216315031051635742e+00
8.219875812530517578e+00
8.223611354827880859e+00
8.227343797683715820e+00
8.231790542602539062e+00
8.235288381576538086e+00
8.239119052886962891e+00
8.242912292480468750e+00
8.246375083923339844e+00
8.250117301940917969e+00
8.253952264785766602e+00
8.257693290710449219e+00
8.261321544647216797e+00
8.264800548553466797e+00
8.268912553787231445e+00
8.272309780120849609e+00
8.276187658309936523e+00
8.279658079147338867e+00
8.283271789550781250e+00
8.287025690078735352e+00
8.290335655212402344e+00
8.293505907058715820e+00
8.299026489257812500e+00
8.302515745162963867e+00
8.305604934692382812e+00
8.309620141983032227e+00
8.312714099884033203e+00
8.316164255142211914e+00
8.319618940353393555e+00
8.322152376174926758e+00
8.324624538421630859e+00
8.328119993209838867e+00
8.333542108535766602e+00
8.336708307266235352e+00
8.340615034103393555e+00
8.344785451889038086e+00
8.348866701126098633e+00
8.352669477462768555e+00
8.356196165084838867e+00
8.360836505889892578e+00
8.365688085556030273e+00
8.368881702423095703e+00
8.372674942016601562e+00
8.376853942871093750e+00
8.380949974060058594e+00
8.384677171707153320e+00
8.387804985046386719e+00
8.390278816223144531e+00
8.394361734390258789e+00
8.398391246795654297e+00
8.401818275451660156e+00
8.405598163604736328e+00
8.409394979476928711e+00
8.412995815277099609e+00
8.416190624237060547e+00
8.419867515563964844e+00
8.423588275909423828e+00
8.426861763000488281e+00
8.430732488632202148e+00
8.435131072998046875e+00
8.438822746276855469e+00
8.442721843719482422e+00
8.445978879928588867e+00
8.449138641357421875e+00
8.452343940734863281e+00
8.455651760101318359e+00
8.458886861801147461e+00
8.462068080902099609e+00
8.466172218322753906e+00
8.469013929367065430e+00
8.471636533737182617e+00
8.474536657333374023e+00
8.477658987045288086e+00
8.480273723602294922e+00
8.483383893966674805e+00
8.486550569534301758e+00
8.490790843963623047e+00
8.495423555374145508e+00
8.500613212585449219e+00
8.503985166549682617e+00
8.508198261260986328e+00
8.511564254760742188e+00
8.515028238296508789e+00
8.518377065658569336e+00
8.521562337875366211e+00
8.524820804595947266e+00
8.528778791427612305e+00
8.534408092498779297e+00
8.538396120071411133e+00
8.542328834533691406e+00
8.545975446701049805e+00
8.549310922622680664e+00
8.552974939346313477e+00
8.556643486022949219e+00
8.560251474380493164e+00
8.565117359161376953e+00
8.569661855697631836e+00
8.572762489318847656e+00
8.576067447662353516e+00
8.579303264617919922e+00
8.582422971725463867e+00
8.585532188415527344e+00
8.589444875717163086e+00
8.593351602554321289e+00
8.596687078475952148e+00
8.600622177124023438e+00
8.604074239730834961e+00
8.607610464096069336e+00
8.610941886901855469e+00
8.614050388336181641e+00
8.617613077163696289e+00
8.621016979217529297e+00
8.624297857284545898e+00
8.627521038055419922e+00
8.631119012832641602e+00
8.634714841842651367e+00
8.638165950775146484e+00
8.642012357711791992e+00
8.645281791687011719e+00
8.648543834686279297e+00
8.651677846908569336e+00
8.655342817306518555e+00
8.659108638763427734e+00
8.662703752517700195e+00
8.666918754577636719e+00
8.671581983566284180e+00
8.674893856048583984e+00
8.678575277328491211e+00
8.682384252548217773e+00
8.686275243759155273e+00
8.689778327941894531e+00
8.693686246871948242e+00
8.698248386383056641e+00
8.702315330505371094e+00
8.706419706344604492e+00
8.710589647293090820e+00
8.714365482330322266e+00
8.717566490173339844e+00
8.721225738525390625e+00
8.724842786788940430e+00
8.728678464889526367e+00
8.733634471893310547e+00
8.737218379974365234e+00
8.741006612777709961e+00
8.744327783584594727e+00
8.747563600540161133e+00
8.750894546508789062e+00
8.754267692565917969e+00
8.758172035217285156e+00
8.761742591857910156e+00
8.765473365783691406e+00
8.768536329269409180e+00
8.771317243576049805e+00
8.774554491043090820e+00
8.777187585830688477e+00
8.779618978500366211e+00
8.782176971435546875e+00
8.785110712051391602e+00
8.788057088851928711e+00
8.790541172027587891e+00
8.793175458908081055e+00
8.795676708221435547e+00
8.799973964691162109e+00
8.803426265716552734e+00
8.807161808013916016e+00
8.810672998428344727e+00
8.814275741577148438e+00
8.817342042922973633e+00
8.820632696151733398e+00
8.824090003967285156e+00
8.827060699462890625e+00
8.829857110977172852e+00
8.834113121032714844e+00
8.837565183639526367e+00
8.841117858886718750e+00
8.844713211059570312e+00
8.848091602325439453e+00
8.852017879486083984e+00
8.855993032455444336e+00
8.860131263732910156e+00
8.863947391510009766e+00
8.867839336395263672e+00
8.871207475662231445e+00
8.874346017837524414e+00
8.877603769302368164e+00
8.881020784378051758e+00
8.884921550750732422e+00
8.888643026351928711e+00
8.891989707946777344e+00
8.895193099975585938e+00
8.899808168411254883e+00
8.903337001800537109e+00
8.906894922256469727e+00
8.910037279129028320e+00
8.912829637527465820e+00
8.916252851486206055e+00
8.919714689254760742e+00
8.923032283782958984e+00
8.926033496856689453e+00
8.929275035858154297e+00
8.933962106704711914e+00
8.937261581420898438e+00
8.940829992294311523e+00
8.944341421127319336e+00
8.947632551193237305e+00
8.950875520706176758e+00
8.953959465026855469e+00
8.956762552261352539e+00
8.959581375122070312e+00
8.962653636932373047e+00
8.967262744903564453e+00
8.969801902770996094e+00
8.973570108413696289e+00
8.977358818054199219e+00
8.981357097625732422e+00
8.985001325607299805e+00
8.987993478775024414e+00
8.990940332412719727e+00
8.994642972946166992e+00
8.998544692993164062e+00
9.002030134201049805e+00
9.005016088485717773e+00
9.008128404617309570e+00
9.010974407196044922e+00
9.013496637344360352e+00
9.016531705856323242e+00
9.019615173339843750e+00
9.022711515426635742e+00
9.025515556335449219e+00
9.028656721115112305e+00
9.033990859985351562e+00
9.037171602249145508e+00
9.040467500686645508e+00
9.043803453445434570e+00
9.046571016311645508e+00
9.050190925598144531e+00
9.053777694702148438e+00
9.058167695999145508e+00
9.062418222427368164e+00
9.070136070251464844e+00
9.074022531509399414e+00
9.078047037124633789e+00
9.081563949584960938e+00
9.085111856460571289e+00
9.088939189910888672e+00
9.092685461044311523e+00
9.096185922622680664e+00
9.100188255310058594e+00
9.103639602661132812e+00
9.107357978820800781e+00
9.110851287841796875e+00
9.114667892456054688e+00
9.118215322494506836e+00
9.122647047042846680e+00
9.126414775848388672e+00
9.130238771438598633e+00
9.134702444076538086e+00
9.137641191482543945e+00
9.140289068222045898e+00
9.143702268600463867e+00
9.146976470947265625e+00
9.150299787521362305e+00
9.154395818710327148e+00
9.158100128173828125e+00
9.161942720413208008e+00
9.168561220169067383e+00
9.172075986862182617e+00
9.175536394119262695e+00
9.179507017135620117e+00
9.183118343353271484e+00
9.186683416366577148e+00
9.190020799636840820e+00
9.193660259246826172e+00
9.198377609252929688e+00
9.201524496078491211e+00
9.204982042312622070e+00
9.208643198013305664e+00
9.212242126464843750e+00
9.215332984924316406e+00
9.218634843826293945e+00
9.222383975982666016e+00
9.225576400756835938e+00
9.228325605392456055e+00
9.233771562576293945e+00
9.237679243087768555e+00
9.241567611694335938e+00
9.244988203048706055e+00
9.248364925384521484e+00
9.252138853073120117e+00
9.256422281265258789e+00
9.260368585586547852e+00
9.263539314270019531e+00
9.268392562866210938e+00
9.272128582000732422e+00
9.275784730911254883e+00
9.279833555221557617e+00
9.283912897109985352e+00
9.287962913513183594e+00
9.291033983230590820e+00
9.294839620590209961e+00
9.299643039703369141e+00
9.302827119827270508e+00
9.306598424911499023e+00
9.310838699340820312e+00
9.315301895141601562e+00
9.318914651870727539e+00
9.322635650634765625e+00
9.326183319091796875e+00
9.329700708389282227e+00
9.334226131439208984e+00
9.337562084197998047e+00
9.341232061386108398e+00
9.344300508499145508e+00
9.347567796707153320e+00
9.350851774215698242e+00
9.354291677474975586e+00
9.357807397842407227e+00
9.361641883850097656e+00
9.365257501602172852e+00
9.368780851364135742e+00
9.372660875320434570e+00
9.376182317733764648e+00
9.379553556442260742e+00
9.382551193237304688e+00
9.386189222335815430e+00
9.390403032302856445e+00
9.393537044525146484e+00
9.397386550903320312e+00
9.401788711547851562e+00
9.405261516571044922e+00
9.408777952194213867e+00
9.411764144897460938e+00
9.414800643920898438e+00
9.418089628219604492e+00
9.421661376953125000e+00
9.425898075103759766e+00
9.429948329925537109e+00
9.435722827911376953e+00
9.439013004302978516e+00
9.443440198898315430e+00
9.447388887405395508e+00
9.451121807098388672e+00
9.455330133438110352e+00
9.458956480026245117e+00
9.463304281234741211e+00
9.467965126037597656e+00
9.471328020095825195e+00
9.474678754806518555e+00
9.478333473205566406e+00
9.482178211212158203e+00
9.485722303390502930e+00
9.489394426345825195e+00
9.492651462554931641e+00
9.495977163314819336e+00
9.500597000122070312e+00
9.503567934036254883e+00
9.506996154785156250e+00
9.510555744171142578e+00
9.514192342758178711e+00
9.517900943756103516e+00
9.521648406982421875e+00
9.525168418884277344e+00
9.528712272644042969e+00
9.534589290618896484e+00
9.538205623626708984e+00
9.542373180389404297e+00
9.545577049255371094e+00
9.549151659011840820e+00
9.552674055099487305e+00
9.556207656860351562e+00
9.559727430343627930e+00
9.563688039779663086e+00
9.570564508438110352e+00
9.574201107025146484e+00
9.578272104263305664e+00
9.582034587860107422e+00
9.585291147232055664e+00
9.588524103164672852e+00
9.591607809066772461e+00
9.595038175582885742e+00
9.598833322525024414e+00
9.602197170257568359e+00
9.605649709701538086e+00
9.608495235443115234e+00
9.611068487167358398e+00
9.614812374114990234e+00
9.618680477142333984e+00
9.622425556182861328e+00
9.626365184783935547e+00
9.629827022552490234e+00
9.634208679199218750e+00
9.637580871582031250e+00
9.641118764877319336e+00
9.644973278045654297e+00
9.648587942123413086e+00
9.652697801589965820e+00
9.655997037887573242e+00
9.659446477890014648e+00
9.663027524948120117e+00
9.669075012207031250e+00
9.672388792037963867e+00
9.676813840866088867e+00
9.680750370025634766e+00
9.684619426727294922e+00
9.687998294830322266e+00
9.691592216491699219e+00
9.695004224777221680e+00
9.699649333953857422e+00
9.703046083450317383e+00
9.706298828125000000e+00
9.709530115127563477e+00
9.712720155715942383e+00
9.716145515441894531e+00
9.719736337661743164e+00
9.724519252777099609e+00
9.728105783462524414e+00
9.732312440872192383e+00
9.736126899719238281e+00
9.739913702011108398e+00
9.744387388229370117e+00
9.748134374618530273e+00
9.751846790313720703e+00
9.755632162094116211e+00
9.758792638778686523e+00
9.762172698974609375e+00
9.766587495803833008e+00
9.770197629928588867e+00
9.773571968078613281e+00
9.777181148529052734e+00
9.780028820037841797e+00
9.783338785171508789e+00
9.787760972976684570e+00
9.792560815811157227e+00
9.796908140182495117e+00
9.801953792572021484e+00
9.805333375930786133e+00
9.809386968612670898e+00
9.812715530395507812e+00
9.815779685974121094e+00
9.818650960922241211e+00
9.821833372116088867e+00
9.825728178024291992e+00
9.829413175582885742e+00
9.834307909011840820e+00
9.837992668151855469e+00
9.841856956481933594e+00
9.845663070678710938e+00
9.849656343460083008e+00
9.853389263153076172e+00
9.857409715652465820e+00
9.861084938049316406e+00
9.866214752197265625e+00
9.870243787765502930e+00
9.873985052108764648e+00
9.877533435821533203e+00
9.881112575531005859e+00
9.884576320648193359e+00
9.888278961181640625e+00
9.892097473144531250e+00
9.895261764526367188e+00
9.899660348892211914e+00
9.903194904327392578e+00
9.906204223632812500e+00
9.909255981445312500e+00
9.912668943405151367e+00
9.915238618850708008e+00
9.917787551879882812e+00
9.921262979507446289e+00
9.924654960632324219e+00
9.928815841674804688e+00
9.934525012969970703e+00
9.938067674636840820e+00
9.941340923309326172e+00
9.944548130035400391e+00
9.947305440902709961e+00
9.950532436370849609e+00
9.953747034072875977e+00
9.956950902938842773e+00
9.960276126861572266e+00
9.963846445083618164e+00
9.969581365585327148e+00
9.973077058792114258e+00
9.976888418197631836e+00
9.980460166931152344e+00
9.983993530273437500e+00
9.987210035324096680e+00
9.991098165512084961e+00
9.994148969650268555e+00
9.996696472167968750e+00
1.000174832344055176e+01
1.000488853454589844e+01
1.000869798660278320e+01
1.001325941085815430e+01
1.001708650588989258e+01
1.002092146873474121e+01
1.002455043792724609e+01
1.002802371978759766e+01
1.003203153610229492e+01
1.003562331199645996e+01
1.003935670852661133e+01
1.004306769371032715e+01
1.004683351516723633e+01
1.005066585540771484e+01
1.005473875999450684e+01
1.005864214897155762e+01
1.006241703033447266e+01
1.006870460510253906e+01
1.007225108146667480e+01
1.007584095001220703e+01
1.007980394363403320e+01
1.008440303802490234e+01
1.008842086791992188e+01
1.009224271774291992e+01
1.009666109085083008e+01
1.010169124603271484e+01
1.010571861267089844e+01
1.011036300659179688e+01
1.011421442031860352e+01
1.011816382408142090e+01
1.012169408798217773e+01
1.012636804580688477e+01
1.012977218627929688e+01
1.013380956649780273e+01
1.013728260993957520e+01
1.014051008224487305e+01
1.014353728294372559e+01
1.014699244499206543e+01
1.014960622787475586e+01
1.015332317352294922e+01
1.015670752525329590e+01
1.016001415252685547e+01
1.016314959526062012e+01
1.016936016082763672e+01
1.017268943786621094e+01
1.017635822296142578e+01
1.018009281158447266e+01
1.018360400199890137e+01
1.018697977066040039e+01
1.019031310081481934e+01
1.019385504722595215e+01
1.019763803482055664e+01
1.020237660408020020e+01
1.020580983161926270e+01
1.020928597450256348e+01
1.021283435821533203e+01
1.021654963493347168e+01
1.022037696838378906e+01
1.022353982925415039e+01
1.022707629203796387e+01
1.023033094406127930e+01
1.023565840721130371e+01
1.023930811882019043e+01
1.024278235435485840e+01
1.024607872962951660e+01
1.024953389167785645e+01
1.025380802154541016e+01
1.025827574729919434e+01
1.026152849197387695e+01
1.026524066925048828e+01
1.026870489120483398e+01
1.027221250534057617e+01
1.027569746971130371e+01
1.027880239486694336e+01
1.028257608413696289e+01
1.028634428977966309e+01
1.029020547866821289e+01
1.029355144500732422e+01
1.029648184776306152e+01
1.030158185958862305e+01
1.030498290061950684e+01
1.030829334259033203e+01
1.031118106842041016e+01
1.031413006782531738e+01
1.031749892234802246e+01
1.032052516937255859e+01
1.032364392280578613e+01
1.032685995101928711e+01
1.033052992820739746e+01
1.033535480499267578e+01
1.033878827095031738e+01
1.034230589866638184e+01
1.034552121162414551e+01
1.034897327423095703e+01
1.035270977020263672e+01
1.035736703872680664e+01
1.036134815216064453e+01
1.036509275436401367e+01
1.037007689476013184e+01
1.037377929687500000e+01
1.037717986106872559e+01
1.038061904907226562e+01
1.038403749465942383e+01
1.038760328292846680e+01
1.039135217666625977e+01
1.039510750770568848e+01
1.040003299713134766e+01
1.040358376502990723e+01
1.040698575973510742e+01
1.041053128242492676e+01
1.041408061981201172e+01
1.041699337959289551e+01
1.042027497291564941e+01
1.042374563217163086e+01
1.042783069610595703e+01
1.043211841583251953e+01
1.043565177917480469e+01
1.043926358222961426e+01
1.044302415847778320e+01
1.044630908966064453e+01
1.045039677619934082e+01
1.045412302017211914e+01
1.045813393592834473e+01
1.046294522285461426e+01
1.046856927871704102e+01
1.047235059738159180e+01
1.047641301155090332e+01
1.048083972930908203e+01
1.048542261123657227e+01
1.048939228057861328e+01
1.049313044548034668e+01
1.049767112731933594e+01
1.050368976593017578e+01
1.050870704650878906e+01
1.051367354393005371e+01
1.051868605613708496e+01
1.052361273765563965e+01
1.052763247489929199e+01
1.053348326683044434e+01
1.053734087944030762e+01
1.054126882553100586e+01
1.054539275169372559e+01
1.055009770393371582e+01
1.055455136299133301e+01
1.055879974365234375e+01
1.056361985206604004e+01
1.057066512107849121e+01
1.057566499710083008e+01
1.058064007759094238e+01
1.058567118644714355e+01
1.059043645858764648e+01
1.059530305862426758e+01
1.059954643249511719e+01
1.060360383987426758e+01
1.060730123519897461e+01
1.061167979240417480e+01
1.061667180061340332e+01
1.062092351913452148e+01
1.062481498718261719e+01
1.062885570526123047e+01
1.063284420967102051e+01
1.063660240173339844e+01
1.064132809638977051e+01
1.064513158798217773e+01
1.064919066429138184e+01
1.065357089042663574e+01
1.065731573104858398e+01
1.066118741035461426e+01
1.066540336608886719e+01
1.066967868804931641e+01
1.067435908317565918e+01
1.067857670783996582e+01
1.068333816528320312e+01
1.068767762184143066e+01
1.069176149368286133e+01
1.069558024406433105e+01
1.069960403442382812e+01
1.070310068130493164e+01
1.070679306983947754e+01
1.071108341217041016e+01
1.071468615531921387e+01
1.071864104270935059e+01
1.072237706184387207e+01
1.072638273239135742e+01
1.073068737983703613e+01
1.073594617843627930e+01
1.073914194107055664e+01
1.074371600151062012e+01
1.074866223335266113e+01
1.075300002098083496e+01
1.075655436515808105e+01
1.075972032546997070e+01
1.076286196708679199e+01
1.076726627349853516e+01
1.077130317687988281e+01
1.077511048316955566e+01
1.077963304519653320e+01
1.078365445137023926e+01
1.078867793083190918e+01
1.079335641860961914e+01
1.079757142066955566e+01
1.080209255218505859e+01
1.080665206909179688e+01
1.081183147430419922e+01
1.081663632392883301e+01
1.082085061073303223e+01
1.082556796073913574e+01
1.082958912849426270e+01
1.083402013778686523e+01
1.083839559555053711e+01
1.084268569946289062e+01
1.084708905220031738e+01
1.085161590576171875e+01
1.085654067993164062e+01
1.086056041717529297e+01
1.086416077613830566e+01
1.086888551712036133e+01
1.087248969078063965e+01
1.087537980079650879e+01
1.087960410118103027e+01
1.088367581367492676e+01
1.088767385482788086e+01
1.089202475547790527e+01
1.089638805389404297e+01
1.090153837203979492e+01
1.090568995475769043e+01
1.091039800643920898e+01
1.091517353057861328e+01
1.091971492767333984e+01
1.092410874366760254e+01
1.092809963226318359e+01
1.093258404731750488e+01
1.093756413459777832e+01
1.094131374359130859e+01
1.094556665420532227e+01
1.094988417625427246e+01
1.095410799980163574e+01
1.095881152153015137e+01
1.096372342109680176e+01
1.096871685981750488e+01
1.097257065773010254e+01
1.097688579559326172e+01
1.098079919815063477e+01
1.098565816879272461e+01
1.099074053764343262e+01
1.099517703056335449e+01
1.100001192092895508e+01
1.100433993339538574e+01
1.100813603401184082e+01
1.101293444633483887e+01
1.101741671562194824e+01
1.102114582061767578e+01
1.102577614784240723e+01
1.103055739402770996e+01
1.103503274917602539e+01
1.103913044929504395e+01
1.104331588745117188e+01
1.104807376861572266e+01
1.105191421508789062e+01
1.105591177940368652e+01
1.106038022041320801e+01
1.106410074234008789e+01
1.107143139839172363e+01
1.107609534263610840e+01
1.108009505271911621e+01
1.108434677124023438e+01
1.108843135833740234e+01
1.109259653091430664e+01
1.109646368026733398e+01
1.110085415840148926e+01
1.110531568527221680e+01
1.110907721519470215e+01
1.111318421363830566e+01
1.111754345893859863e+01
1.112166261672973633e+01
1.112633538246154785e+01
1.113062334060668945e+01
1.113457870483398438e+01
1.113896751403808594e+01
1.114391851425170898e+01
1.114831352233886719e+01
1.115222668647766113e+01
1.115606546401977539e+01
1.116059064865112305e+01
1.116492438316345215e+01
1.116953301429748535e+01
1.117369079589843750e+01
1.117834353446960449e+01
1.118276619911193848e+01
1.118767189979553223e+01
1.119269299507141113e+01
1.119765782356262207e+01
1.120305633544921875e+01
1.120771980285644531e+01
1.121212983131408691e+01
1.121653652191162109e+01
1.122014236450195312e+01
1.122415161132812500e+01
1.122858023643493652e+01
1.123251748085021973e+01
1.123752498626708984e+01
1.124214982986450195e+01
1.124611043930053711e+01
1.125069546699523926e+01
1.125569272041320801e+01
1.126038122177124023e+01
1.126415681838989258e+01
1.126912117004394531e+01
1.127376413345336914e+01
1.127840471267700195e+01
1.128285789489746094e+01
1.128667044639587402e+01
1.129082226753234863e+01
1.129512143135070801e+01
1.130000543594360352e+01
1.130356931686401367e+01
1.130738019943237305e+01
1.131160783767700195e+01
1.131601214408874512e+01
1.132067728042602539e+01
1.132542324066162109e+01
1.133009552955627441e+01
1.133775186538696289e+01
1.134213018417358398e+01
1.134666466712951660e+01
1.135167169570922852e+01
1.135669946670532227e+01
1.136087727546691895e+01
1.136500740051269531e+01
1.136956524848937988e+01
1.137368178367614746e+01
1.137865591049194336e+01
1.138396263122558594e+01
1.138868713378906250e+01
1.139310145378112793e+01
1.139744949340820312e+01
1.140416979789733887e+01
1.140818548202514648e+01
1.141167759895324707e+01
1.141616415977478027e+01
1.142033529281616211e+01
1.142601084709167480e+01
1.142954587936401367e+01
1.143300461769104004e+01
1.143657231330871582e+01
1.144007015228271484e+01
1.144407463073730469e+01
1.144868540763854980e+01
1.145334887504577637e+01
1.145694661140441895e+01
1.146002268791198730e+01
1.146429800987243652e+01
1.146820235252380371e+01
1.147267436981201172e+01
1.147683477401733398e+01
1.148104524612426758e+01
1.148532223701477051e+01
1.148962426185607910e+01
1.149358010292053223e+01
1.149803757667541504e+01
1.150500154495239258e+01
1.150856232643127441e+01
1.151270580291748047e+01
1.151770210266113281e+01
1.152268981933593750e+01
1.152712941169738770e+01
1.153167724609375000e+01
1.153769016265869141e+01
1.154257011413574219e+01
1.154709601402282715e+01
1.155174493789672852e+01
1.155654501914978027e+01
1.156020140647888184e+01
1.156467485427856445e+01
1.157015895843505859e+01
1.157363700866699219e+01
1.157740449905395508e+01
1.158204412460327148e+01
1.158643770217895508e+01
1.159094524383544922e+01
1.159568691253662109e+01
1.160056972503662109e+01
1.160477352142333984e+01
1.160874390602111816e+01
1.161341977119445801e+01
1.161798334121704102e+01
1.162239217758178711e+01
1.162678503990173340e+01
1.163058805465698242e+01
1.163494729995727539e+01
1.163968181610107422e+01
1.164482450485229492e+01
1.164927601814270020e+01
1.165314459800720215e+01
1.165780591964721680e+01
1.166253781318664551e+01
1.166754889488220215e+01
1.167111206054687500e+01
1.167493081092834473e+01
1.167985582351684570e+01
1.168456149101257324e+01
1.168832683563232422e+01
1.169208741188049316e+01
1.169597649574279785e+01
1.170016932487487793e+01
1.170516133308410645e+01
1.170902609825134277e+01
1.171359467506408691e+01
1.171793389320373535e+01
1.172257876396179199e+01
1.172778701782226562e+01
1.173180913925170898e+01
1.173600268363952637e+01
1.174017453193664551e+01
1.174461865425109863e+01
1.174879860877990723e+01
1.175273656845092773e+01
1.175705909729003906e+01
1.176130867004394531e+01
1.176522684097290039e+01
1.177074790000915527e+01
1.177530646324157715e+01
1.177936887741088867e+01
1.178369975090026855e+01
1.178870153427124023e+01
1.179382920265197754e+01
1.179883861541748047e+01
1.180410766601562500e+01
1.180861711502075195e+01
1.181386733055114746e+01
1.181883716583251953e+01
1.182259488105773926e+01
1.182699322700500488e+01
1.183167219161987305e+01
1.183615159988403320e+01
1.183978080749511719e+01
1.184365248680114746e+01
1.184784746170043945e+01
1.185218524932861328e+01
1.185631084442138672e+01
1.185951066017150879e+01
1.186308193206787109e+01
1.186751103401184082e+01
1.187178707122802734e+01
1.187577986717224121e+01
1.187967014312744141e+01
1.188467931747436523e+01
1.188963985443115234e+01
1.189456176757812500e+01
1.189899373054504395e+01
1.190570998191833496e+01
1.191065001487731934e+01
1.191557216644287109e+01
1.191984796524047852e+01
1.192358350753784180e+01
1.192772936820983887e+01
1.193248558044433594e+01
1.193690681457519531e+01
1.194182252883911133e+01
1.194636154174804688e+01
1.195020771026611328e+01
1.195360541343688965e+01
1.195751905441284180e+01
1.196152496337890625e+01
1.196528983116149902e+01
1.196926784515380859e+01
1.197383570671081543e+01
1.197802948951721191e+01
1.198222112655639648e+01
1.198673582077026367e+01
1.199053263664245605e+01
1.199424910545349121e+01
1.199857378005981445e+01
1.200429272651672363e+01
1.200862050056457520e+01
1.201357007026672363e+01
1.201756763458251953e+01
1.202133774757385254e+01
1.202528548240661621e+01
1.202952075004577637e+01
1.203354811668395996e+01
1.203774762153625488e+01
1.204227542877197266e+01
1.204654669761657715e+01
1.205167031288146973e+01
1.205550956726074219e+01
1.205965399742126465e+01
1.206366944313049316e+01
1.206902980804443359e+01
1.207255411148071289e+01
1.207680225372314453e+01
1.208157205581665039e+01
1.208599925041198730e+01
1.209034490585327148e+01
1.209431481361389160e+01
1.209892153739929199e+01
1.210280585289001465e+01
1.210618066787719727e+01
1.211074781417846680e+01
1.211508870124816895e+01
1.211879944801330566e+01
1.212265968322753906e+01
1.212761425971984863e+01
1.213138151168823242e+01
1.213588666915893555e+01
1.214010715484619141e+01
1.214447760581970215e+01
1.214852643013000488e+01
1.215225481986999512e+01
1.215609216690063477e+01
1.216000080108642578e+01
1.216367220878601074e+01
1.216864800453186035e+01
1.217250323295593262e+01
1.217664432525634766e+01
1.218167400360107422e+01
1.218633627891540527e+01
1.219081044197082520e+01
1.219467067718505859e+01
1.219880461692810059e+01
1.220339107513427734e+01
1.220694255828857422e+01
1.221089887619018555e+01
1.221514201164245605e+01
1.221898102760314941e+01
1.222312235832214355e+01
1.222773313522338867e+01
1.223236608505249023e+01
1.223651409149169922e+01
1.224060010910034180e+01
1.224558687210083008e+01
1.225003814697265625e+01
1.225432682037353516e+01
1.225857448577880859e+01
1.226257634162902832e+01
1.226768469810485840e+01
1.227125525474548340e+01
1.227504897117614746e+01
1.227852678298950195e+01
1.228258705139160156e+01
1.228716444969177246e+01
1.229154920578002930e+01
1.229569292068481445e+01
1.230063390731811523e+01
1.230563712120056152e+01
1.231026577949523926e+01
1.231462192535400391e+01
1.231961679458618164e+01
1.232461142539978027e+01
1.232829594612121582e+01
1.233179378509521484e+01
1.233575153350830078e+01
1.234066367149353027e+01
1.234565925598144531e+01
1.235021829605102539e+01
1.235457015037536621e+01
1.235965132713317871e+01
1.236432743072509766e+01
1.236932182312011719e+01
1.237359666824340820e+01
1.237803268432617188e+01
1.238201427459716797e+01
1.238669180870056152e+01
1.239163017272949219e+01
1.239627385139465332e+01
1.240086221694946289e+01
1.240766644477844238e+01
1.241261816024780273e+01
1.241679167747497559e+01
1.242066311836242676e+01
1.242511248588562012e+01
1.242905473709106445e+01
1.243378281593322754e+01
1.243761467933654785e+01
1.244168210029602051e+01
1.244595026969909668e+01
1.245165610313415527e+01
1.245660424232482910e+01
1.246126723289489746e+01
1.246563458442687988e+01
1.246962928771972656e+01
1.247361683845520020e+01
1.247857260704040527e+01
1.248406648635864258e+01
1.248830747604370117e+01
1.249236917495727539e+01
1.249661779403686523e+01
1.250429630279541016e+01
1.250815391540527344e+01
1.251199960708618164e+01
1.251628994941711426e+01
1.252012324333190918e+01
1.252398276329040527e+01
1.252866983413696289e+01
1.253304004669189453e+01
1.253800249099731445e+01
1.254209089279174805e+01
1.254691672325134277e+01
1.255125951766967773e+01
1.255574417114257812e+01
1.256062841415405273e+01
1.256467080116271973e+01
1.257000851631164551e+01
1.257434916496276855e+01
1.257820892333984375e+01
1.258264207839965820e+01
1.258703470230102539e+01
1.259130835533142090e+01
1.259541821479797363e+01
1.260000109672546387e+01
1.260467290878295898e+01
1.260888195037841797e+01
1.261307907104492188e+01
1.261684441566467285e+01
1.262075424194335938e+01
1.262498521804809570e+01
1.262962388992309570e+01
1.263516068458557129e+01
1.263961482048034668e+01
1.264462971687316895e+01
1.264927363395690918e+01
1.265290188789367676e+01
1.265707421302795410e+01
1.266153550148010254e+01
1.266508793830871582e+01
1.266973161697387695e+01
1.267352938652038574e+01
1.267764639854431152e+01
1.268288850784301758e+01
1.268714666366577148e+01
1.269152498245239258e+01
1.269517946243286133e+01
1.269959235191345215e+01
1.270426869392395020e+01
1.270827651023864746e+01
1.271223425865173340e+01
1.271692442893981934e+01
1.272098469734191895e+01
1.272570848464965820e+01
1.273081636428833008e+01
1.273660755157470703e+01
1.274062919616699219e+01
1.274465870857238770e+01
1.274931311607360840e+01
1.275312781333923340e+01
1.275749254226684570e+01
1.276136708259582520e+01
1.276584672927856445e+01
1.277097892761230469e+01
1.277568197250366211e+01
1.278063321113586426e+01
1.278527760505676270e+01
1.278952145576477051e+01
1.279384922981262207e+01
1.279849934577941895e+01
1.280465579032897949e+01
1.280961656570434570e+01
1.281473231315612793e+01
1.281968522071838379e+01
1.282443904876708984e+01
1.282854986190795898e+01
1.283254837989807129e+01
1.283660292625427246e+01
1.284031438827514648e+01
1.284468197822570801e+01
1.284956288337707520e+01
1.285394024848937988e+01
1.285881805419921875e+01
1.286326980590820312e+01
1.286766862869262695e+01
1.287328219413757324e+01
1.287728857994079590e+01
1.288263463973999023e+01
1.288735651969909668e+01
1.289199733734130859e+01
1.289669036865234375e+01
1.290411043167114258e+01
1.290865755081176758e+01
1.291362595558166504e+01
1.291847658157348633e+01
1.292290186882019043e+01
1.292780828475952148e+01
1.293200731277465820e+01
1.293662166595458984e+01
1.294162607192993164e+01
1.294663691520690918e+01
1.295165872573852539e+01
1.295668053627014160e+01
1.296093511581420898e+01
1.296563839912414551e+01
1.297032904624938965e+01
1.297435665130615234e+01
1.297879028320312500e+01
1.298334407806396484e+01
1.298767542839050293e+01
1.299257040023803711e+01
1.299656486511230469e+01
1.300115108489990234e+01
1.300678038597106934e+01
1.301055097579956055e+01
1.301468753814697266e+01
1.301880598068237305e+01
1.302364969253540039e+01
1.302849769592285156e+01
1.303303551673889160e+01
1.303775620460510254e+01
1.304155349731445312e+01
1.304587197303771973e+01
1.305067491531372070e+01
1.305563831329345703e+01
1.305986380577087402e+01
1.306398725509643555e+01
1.306916570663452148e+01
1.307366037368774414e+01
1.307861495018005371e+01
1.308316206932067871e+01
1.308696055412292480e+01
1.309179997444152832e+01
1.309593725204467773e+01
1.310039353370666504e+01
1.310438632965087891e+01
1.310856080055236816e+01
1.311266970634460449e+01
1.311634325981140137e+01
1.312033891677856445e+01
1.312522077560424805e+01
1.312965941429138184e+01
1.313429832458496094e+01
1.313793802261352539e+01
1.314253973960876465e+01
1.314777708053588867e+01
1.315168190002441406e+01
1.315581655502319336e+01
1.315953826904296875e+01
1.316404128074645996e+01
1.316767048835754395e+01
1.317273592948913574e+01
1.317651295661926270e+01
1.317947244644165039e+01
1.318358874320983887e+01
1.318736886978149414e+01
1.319113922119140625e+01
1.319447135925292969e+01
1.319858884811401367e+01
1.320448327064514160e+01
1.320822811126708984e+01
1.321216487884521484e+01
1.321672797203063965e+01
1.322165465354919434e+01
1.322668433189392090e+01
1.323164296150207520e+01
1.323660707473754883e+01
1.324111676216125488e+01
1.324463796615600586e+01
1.324863576889038086e+01
1.325254583358764648e+01
1.325664901733398438e+01
1.326123332977294922e+01
1.326552176475524902e+01
1.327010774612426758e+01
1.327469587326049805e+01
1.327855014801025391e+01
1.328308582305908203e+01
1.328769803047180176e+01
1.329278492927551270e+01
1.329719281196594238e+01
1.330258798599243164e+01
1.330678033828735352e+01
1.331054806709289551e+01
1.331509566307067871e+01
1.331959271430969238e+01
1.332437324523925781e+01
1.332876014709472656e+01
1.333247113227844238e+01
1.333654713630676270e+01
1.334031629562377930e+01
1.334426403045654297e+01
1.334863233566284180e+01
1.335365796089172363e+01
1.335853505134582520e+01
1.336303901672363281e+01
1.336777210235595703e+01
1.337305951118469238e+01
1.337752628326416016e+01
1.338156700134277344e+01
1.338548088073730469e+01
1.338927340507507324e+01
1.339284420013427734e+01
1.339671492576599121e+01
1.340081453323364258e+01
1.340663766860961914e+01
1.341062307357788086e+01
1.341568541526794434e+01
1.342057394981384277e+01
1.342495441436767578e+01
1.342963743209838867e+01
1.343399953842163086e+01
1.343796396255493164e+01
1.344265365600585938e+01
1.344704937934875488e+01
1.345157265663146973e+01
1.345570015907287598e+01
1.345998454093933105e+01
1.346432948112487793e+01
1.346850347518920898e+01
1.347211456298828125e+01
1.347661375999450684e+01
1.348024511337280273e+01
1.348451209068298340e+01
1.348852300643920898e+01
1.349257946014404297e+01
1.349595713615417480e+01
1.350012636184692383e+01
1.350649285316467285e+01
1.351042914390563965e+01
1.351526331901550293e+01
1.351934003829956055e+01
1.352356314659118652e+01
1.352784204483032227e+01
1.353191208839416504e+01
1.353771495819091797e+01
1.354224872589111328e+01
1.354626679420471191e+01
1.354999637603759766e+01
1.355400252342224121e+01
1.355760622024536133e+01
1.356172752380371094e+01
1.356597232818603516e+01
1.357037663459777832e+01
1.357429981231689453e+01
1.357855772972106934e+01
1.358355021476745605e+01
1.358781576156616211e+01
1.359202766418457031e+01
1.359574508666992188e+01
1.360011363029479980e+01
1.360436081886291504e+01
1.360901856422424316e+01
1.361332321166992188e+01
1.361764454841613770e+01
1.362268710136413574e+01
1.362775683403015137e+01
1.363231301307678223e+01
1.363712263107299805e+01
1.364111876487731934e+01
1.364528989791870117e+01
1.364978313446044922e+01
1.365433406829833984e+01
1.365831184387207031e+01
1.366174888610839844e+01
1.366635680198669434e+01
1.367139482498168945e+01
1.367557907104492188e+01
1.367979121208190918e+01
1.368411016464233398e+01
1.368828320503234863e+01
1.369261240959167480e+01
1.369632053375244141e+01
1.369988942146301270e+01
1.370362663269042969e+01
1.370729446411132812e+01
1.371092510223388672e+01
1.371562409400939941e+01
1.372030663490295410e+01
1.372427988052368164e+01
1.372775459289550781e+01
1.373210096359252930e+01
1.373682689666748047e+01
1.374090528488159180e+01
1.374463510513305664e+01
1.374991250038146973e+01
1.375382137298583984e+01
1.375782799720764160e+01
1.376155686378479004e+01
1.376557636260986328e+01
