4.989365577697754794e+00
4.985207796096802646e+00
4.982046604156495029e+00
4.978223323822022373e+00
4.974463367462158558e+00
4.970925569534302646e+00
4.967281137193952922e+00
4.963790357112885410e+00
4.960293451944988163e+00
4.956556081771851474e+00
4.952946966344661028e+00
4.949434399604798251e+00
4.945692392495963041e+00
4.942156859806607017e+00
4.938613414764405185e+00
4.934983074665070468e+00
4.931428600760067837e+00
4.927839676539104374e+00
4.924229496403745188e+00
4.920458841323853250e+00
4.916682583945139129e+00
4.913050456480546835e+00
4.909351784250011619e+00
4.905642211437226230e+00
4.901986618041992649e+00
4.898219851347116460e+00
4.894466479619345556e+00
4.890707492828370029e+00
4.886921027611043300e+00
4.883238959312439675e+00
4.879458758138842001e+00
4.875790119171143466e+00
4.872063810175116139e+00
4.868354047045989397e+00
4.864592933654786400e+00
4.860864162445069248e+00
4.857157204602216893e+00
4.853413286962007689e+00
4.849667255695050194e+00
4.845910918712617033e+00
4.842139028921360833e+00
4.838363443102156047e+00
4.834594366162322743e+00
4.830842261964625628e+00
4.827079312006633316e+00
4.823327634645545814e+00
4.819590238814658534e+00
4.815830707550049716e+00
4.812081254258448126e+00
4.808355679512024139e+00
4.804652592715095594e+00
4.800961549465473155e+00
4.797230814987758940e+00
4.793520092964173251e+00
4.789813375473023882e+00
4.786129593849183017e+00
4.782477102781597544e+00
4.778829323834387743e+00
4.775214433670044833e+00
4.771622192859650724e+00
4.768062134258083340e+00
4.764533473599342095e+00
4.761040937332881029e+00
4.757573679089547092e+00
4.754117019359882512e+00
4.750675797462464267e+00
4.747259111546759058e+00
4.743878638043123708e+00
4.740527785342673717e+00
4.737199183872768948e+00
4.733881728749880224e+00
4.730578631162644321e+00
4.727291779975369757e+00
4.724022343352035413e+00
4.720749149322510441e+00
4.717475903661628500e+00
4.714213104991170411e+00
4.710967861689054459e+00
4.707744477670404493e+00
4.704531797766685841e+00
4.697724807262421365e+00
4.690951156616211648e+00
4.684167832136155063e+00
4.677397918701172941e+00
4.670642283558846586e+00
4.663894990086555836e+00
4.657194125652313943e+00
4.650507780909538980e+00
4.643851459026337558e+00
4.637232267856598256e+00
4.630625745654106673e+00
4.624030810594559782e+00
4.617492121458054655e+00
4.610922890901566262e+00
4.604362377524376271e+00
4.597843813896179910e+00
4.591325768828392384e+00
4.584826990962029392e+00
4.578337001800537820e+00
4.571911466121674650e+00
4.565514504909516269e+00
4.559104052186013334e+00
4.552729120850563582e+00
4.546372509002686080e+00
4.540024676918983815e+00
4.533741155266762135e+00
4.527476534247399265e+00
4.521233585476876371e+00
4.515011298656464334e+00
4.508725363016129251e+00
4.502496916055680032e+00
4.496235442161561124e+00
4.490010884404183500e+00
4.483807703852654036e+00
4.477657112479210610e+00
4.471518537402153548e+00
4.465381580591202493e+00
4.459274646639824979e+00
4.453185290098191196e+00
4.447140690684319608e+00
4.441125604510308023e+00
4.435131466388702925e+00
4.429159438610077437e+00
4.423234072327614896e+00
4.417341303825379484e+00
4.411438494920731479e+00
4.405551725625992177e+00
4.399721792340279158e+00
4.393902114033699569e+00
4.388074532151223117e+00
4.382240933179856412e+00
4.376440665125847396e+00
4.370699790120125883e+00
4.364964047074318287e+00
4.359248733520508345e+00
4.353539580106735585e+00
4.347827494144440585e+00
4.342116731405258889e+00
4.336390143632889327e+00
4.330648392438889438e+00
4.324852156639099832e+00
4.319080230593682401e+00
4.313294759392738875e+00
4.307505479454994735e+00
4.301731139421463901e+00
4.295960599184036610e+00
4.290168610215188139e+00
4.284369727969170150e+00
4.278551220893860751e+00
4.272709423303604481e+00
4.266878032684326527e+00
4.261068242788315530e+00
4.255266731977463301e+00
4.249436584115029447e+00
4.243630754947663064e+00
4.237862709164620156e+00
4.232092320919037753e+00
4.226288163661957142e+00
4.220468923449517185e+00
4.214663827419281361e+00
4.208859750628471730e+00
4.203063952922821755e+00
4.197274744510651523e+00
4.191515558958053944e+00
4.185774102807045871e+00
4.180038216710091348e+00
4.174281901121140059e+00
4.168520373106003873e+00
4.162741124629975253e+00
4.156973749399186069e+00
4.151207312941552097e+00
4.145434582233429310e+00
4.139652991294861195e+00
4.133870515227318521e+00
4.128100350499154025e+00
4.122321611642838057e+00
4.116547781229019876e+00
4.110773879289627786e+00
4.105016016960144398e+00
4.099253246188164113e+00
4.093495526909828541e+00
4.087741839885712380e+00
4.081991156935692366e+00
4.076245892047882791e+00
4.070492938160897189e+00
4.064740055799484608e+00
4.058951947093010659e+00
4.053169623017311984e+00
4.047409489750863010e+00
4.041708025336266275e+00
4.036007955670357639e+00
4.030316236615181680e+00
4.024615433812142484e+00
4.018913826346397933e+00
4.013201454281807301e+00
4.007481312751770552e+00
4.001771426200867232e+00
3.996088495850563582e+00
3.990417215228081460e+00
3.984741678833962020e+00
3.979070898890495922e+00
3.973403927683830883e+00
3.967729490995407726e+00
3.962035134434700900e+00
3.956340402364731723e+00
3.950648602843285229e+00
3.944949042797089245e+00
3.939240622520447488e+00
3.933547723293305154e+00
3.927876800298691684e+00
3.922221550345421637e+00
3.916546237468720104e+00
3.910864335298538830e+00
3.905152025818825479e+00
3.899423685669899609e+00
3.893684133887291843e+00
3.887946048378945196e+00
3.882225102186203536e+00
3.876529932022095615e+00
3.870854243636132175e+00
3.865230491757393416e+00
3.859580740332604343e+00
3.853936916589737471e+00
3.848267969489098217e+00
3.842574927210808511e+00
3.836884889006615396e+00
3.831217694282532449e+00
3.825542381405830916e+00
3.819863912463188793e+00
3.814197450876236850e+00
3.808529970049858715e+00
3.802845492959023410e+00
3.797144833207131143e+00
3.791451495885849621e+00
3.785734358429909463e+00
3.779999643564225131e+00
3.774275469779968972e+00
3.768546468019486007e+00
3.762815195322037454e+00
3.757071173191071090e+00
3.751335653662682290e+00
3.745592659711838301e+00
3.739839705824852700e+00
3.734072911739350076e+00
3.728290221095085677e+00
3.722492876648903604e+00
3.716707763075829174e+00
3.710911232233048196e+00
3.705111911892891463e+00
3.699307021498680736e+00
3.693498116731644298e+00
3.687680637836456832e+00
3.681861111521721686e+00
3.676062604784966048e+00
3.670285627245903903e+00
3.664499861001969006e+00
3.658686190843583041e+00
3.652906432747841770e+00
3.647130769491196300e+00
3.641336143016816074e+00
3.635515221953392828e+00
3.629707407951355602e+00
3.623907139897347029e+00
3.618085119128227944e+00
3.612261855602265204e+00
3.606429293751717502e+00
3.600633344054222640e+00
3.594823554158211643e+00
3.588992968201638156e+00
3.583130437135697122e+00
3.577260440587997969e+00
3.571397104859352911e+00
3.565577059984208041e+00
3.559743979573250616e+00
3.553902396559716070e+00
3.548076128959656295e+00
3.542239677906036999e+00
3.536353570222855236e+00
3.530460202693940008e+00
3.524564421176910933e+00
3.518654951453209723e+00
3.512733027338982517e+00
3.506836083531380321e+00
3.500895625352860030e+00
3.494944411516190286e+00
3.489042264223099377e+00
3.483128833770752664e+00
3.477161937952042425e+00
3.471217241883278515e+00
3.465256425738335366e+00
3.459309825301171148e+00
3.453356769680977489e+00
3.447404590249062206e+00
3.441497391462326583e+00
3.435592535138130899e+00
3.429695072770119424e+00
3.423780614137650335e+00
3.417862570285797652e+00
3.411936113238335455e+00
3.406009209156036999e+00
3.400063699483871993e+00
3.394113504886627997e+00
3.388144856691361007e+00
3.382202798128128851e+00
3.376277431845665866e+00
3.370344600081444320e+00
3.364412349462509777e+00
3.358479365706444675e+00
3.352563449740410650e+00
3.346651852130890781e+00
3.340731832385063882e+00
3.334813350439072455e+00
3.328906294703484203e+00
3.322966569662094916e+00
3.317034971714020397e+00
3.311091437935830051e+00
3.305149298906326916e+00
3.299247223138809915e+00
3.293350493907929000e+00
3.287439700961113598e+00
3.281525617837906417e+00
3.275614681839943643e+00
3.269705069065094616e+00
3.263794276118279214e+00
3.257885020971298839e+00
3.251995176076889926e+00
3.246108335256577160e+00
3.240226840972900924e+00
3.234356048703194375e+00
3.228486713767052319e+00
3.222614955902100231e+00
3.216748034954071578e+00
3.210889679193497326e+00
3.205012646317482616e+00
3.199082809686661033e+00
3.193179491162300376e+00
3.187307295203209101e+00
3.181408071517944691e+00
3.175492817163467762e+00
3.169594550132751820e+00
3.163708370923996149e+00
3.157789522409439442e+00
3.151855072379112777e+00
3.145939522981644032e+00
3.140038028359413591e+00
3.134157338738441823e+00
3.128282871842384516e+00
3.122420349717140553e+00
3.116573205590248641e+00
3.110752284526825395e+00
3.104939347505569991e+00
3.099112570285797563e+00
3.093245211243629722e+00
3.087386131286621538e+00
3.081552022695541737e+00
3.075705540180206476e+00
3.069863447546959279e+00
3.064051243662834434e+00
3.058238092064857749e+00
3.052408382296562639e+00
3.046567317843437372e+00
3.040726476907730458e+00
3.034873253107071456e+00
3.029063168168068199e+00
3.023254469037056413e+00
3.017420879006386336e+00
3.011602666974067866e+00
3.005835944414139149e+00
3.000039556622505543e+00
2.994250348210335311e+00
2.988435792922973899e+00
2.982611867785454063e+00
2.976783767342567888e+00
2.970957419276238021e+00
2.965129238367080866e+00
2.959299966692924944e+00
2.953483220934868037e+00
2.947660028934479204e+00
2.941828629374504622e+00
2.935979366302490678e+00
2.930135592818260637e+00
2.924305802583694991e+00
2.918507876992225913e+00
2.912697640061378657e+00
2.906871148943901417e+00
2.901062601804733632e+00
2.895257791876793441e+00
2.889431667327881037e+00
2.883576834201813099e+00
2.877750423550605952e+00
2.871940195560455766e+00
2.866109904646873652e+00
2.860264736413955955e+00
2.854477360844612566e+00
2.848670503497124251e+00
2.842864012718201217e+00
2.837033203244209822e+00
2.831175446510315385e+00
2.825310134887695668e+00
2.819487014412880299e+00
2.813664108514786211e+00
2.807830733060836970e+00
2.802003213763237355e+00
2.796191671490669606e+00
2.790383642911911544e+00
2.784557741880417048e+00
2.778703713417053578e+00
2.772833788394928334e+00
2.766975289583206710e+00
2.761142432689667192e+00
2.755287751555443254e+00
2.749415341019630699e+00
2.743555527925491511e+00
2.737723842263222185e+00
2.731914195418358116e+00
2.726072254776954917e+00
2.720224162936211165e+00
2.714389696717262712e+00
2.708558297157288131e+00
2.702734300494194386e+00
2.696913450956345049e+00
2.691117429733276722e+00
2.685343161225319353e+00
2.679577162861824569e+00
2.673779389262199935e+00
2.667952388525009599e+00
2.662118360400200334e+00
2.656294801831245778e+00
2.650469848513603566e+00
2.644624242186546681e+00
2.638769409060478743e+00
2.632931348681450068e+00
2.627110356092453358e+00
2.621291482448578236e+00
2.615450784564018694e+00
2.609604302048683433e+00
2.603773930668831227e+00
2.597926563024521407e+00
2.592084836959839045e+00
2.586242091655731379e+00
2.580421975255013045e+00
2.574618631601333973e+00
2.568796977400780168e+00
2.562956574559211997e+00
2.557126721739769515e+00
2.551304692029953358e+00
2.545496001839638200e+00
2.539682403206825700e+00
2.533857154846191673e+00
2.528036376833916243e+00
2.522226810455322710e+00
2.516441562771797535e+00
2.510651844739914207e+00
2.504838469624519615e+00
2.499050146341324385e+00
2.493261814117432085e+00
2.487491282820701866e+00
2.481731292605400263e+00
2.475973653793335227e+00
2.470231607556343523e+00
2.464513003826141802e+00
2.458775579929352251e+00
2.453003215789795188e+00
2.447227928042412071e+00
2.441475188732147750e+00
2.435720697045326677e+00
2.429953393340110956e+00
2.424197578430176137e+00
2.418463739752769737e+00
2.412695479393005549e+00
2.406905975937843500e+00
2.401112735271454302e+00
2.395320156216621754e+00
2.389524430036545244e+00
2.383762463927269426e+00
2.378024449944496688e+00
2.372293105721474227e+00
2.366585195064545122e+00
2.360884097218513666e+00
2.355152609944343833e+00
2.349405807256698786e+00
2.343651682138443437e+00
2.337896752357483177e+00
2.332140713930130449e+00
2.326380804181099382e+00
2.320622575283050715e+00
2.314880466461182174e+00
2.309140700101852683e+00
2.303390088677406577e+00
2.297593477368355064e+00
2.291790276765823808e+00
2.286012637615204124e+00
2.280231708288193104e+00
2.274438986182213185e+00
2.268657466769218978e+00
2.262887150049210039e+00
2.257121598720551070e+00
2.251344031095505294e+00
2.245571738481522139e+00
2.239783334732055931e+00
2.233987313508987604e+00
2.228159651160240617e+00
2.222327008843422380e+00
2.216484263539314714e+00
2.210650736093521473e+00
2.204825121164322166e+00
2.198966184258461354e+00
2.193083295226097462e+00
2.187188541889191207e+00
2.181323972344398676e+00
2.175490891933441695e+00
2.169633564352989374e+00
2.163762906193733571e+00
2.157910120487213312e+00
2.152058658003807246e+00
2.146194374561310347e+00
2.140309000015259144e+00
2.134459736943245201e+00
2.128620871901512501e+00
2.122795918583870289e+00
2.116964152455330428e+00
2.111127039790154036e+00
2.105301496386528193e+00
2.099484089016914634e+00
2.093651661276817677e+00
2.087743586301804122e+00
2.081821662187576472e+00
2.075900614261627641e+00
2.070009964704513816e+00
2.064116454124451217e+00
2.058210936188697993e+00
2.052301385998726246e+00
2.046417692303657887e+00
2.040515759587288258e+00
2.034584823250770835e+00
2.028674691915512529e+00
2.022757971286774037e+00
2.016819202899933217e+00
2.010889366269112077e+00
2.004974478483200429e+00
1.999017980694771213e+00
1.993077817559242515e+00
1.987171861529350547e+00
1.981246423721313876e+00
1.975294843316078630e+00
1.969361636042595176e+00
1.963430923223495883e+00
1.957503071427345587e+00
1.951574701070785789e+00
1.945663836598396701e+00
1.939771863818168907e+00
1.933884727954864768e+00
1.927996206283569602e+00
1.922092154622078386e+00
1.916176605224609641e+00
1.910245892405510348e+00
1.904335609078407598e+00
1.898395293951034901e+00
1.892452645301819114e+00
1.886511963605881137e+00
1.880587115883827654e+00
1.874681302905083058e+00
1.868770876526832936e+00
1.862857893109322038e+00
1.856951785087585849e+00
1.851062673330307273e+00
1.845176923274994163e+00
1.839322233200073597e+00
1.833475679159164873e+00
1.827651977539062944e+00
1.821860426664352772e+00
1.816058325767517356e+00
1.810241356492042986e+00
1.804424092173576799e+00
1.798609322309494329e+00
1.792808178067207603e+00
1.787005567550659535e+00
1.781154614686966342e+00
1.775317430496216264e+00
1.769499066472053794e+00
1.763697913289070440e+00
1.757914122939110202e+00
1.752116197347641346e+00
1.746334311366081637e+00
1.740571621060371665e+00
1.734805998206139011e+00
1.729078167676926014e+00
1.723361396789551137e+00
1.717636713385582325e+00
1.711892914772034091e+00
1.706104949116707292e+00
1.700316688418388678e+00
1.694545200467109991e+00
1.688760828971863193e+00
1.682992058992386131e+00
1.677240133285522905e+00
1.671483147144317893e+00
1.665714958310127614e+00
1.659918418526649786e+00
1.654074278473854465e+00
1.648223111033439992e+00
1.642374867200851796e+00
1.636536297202110690e+00
1.630704092979431419e+00
1.624883171916008395e+00
1.619131603837013600e+00
1.613387876749039052e+00
1.607641002535820318e+00
1.601859778165817705e+00
1.596060314774513378e+00
1.590277624130249201e+00
1.584501308202743708e+00
1.578701844811439603e+00
1.572927728295326455e+00
1.567162981629371732e+00
1.561382123827934398e+00
1.555598038434982566e+00
1.549833291769027843e+00
1.544047373533249168e+00
1.538248276710510343e+00
1.532486677169800027e+00
1.526718416810035839e+00
1.520909431576729087e+00
1.515122637152672036e+00
1.509357818961143627e+00
1.503564953804016335e+00
1.497769227623939603e+00
1.491979286074638589e+00
1.486171481013298212e+00
1.480348941683769404e+00
1.474518284201622231e+00
1.468688645958900585e+00
1.462865820527076810e+00
1.457045480608940347e+00
1.451220822334289728e+00
1.445396530628204612e+00
1.439552175998688011e+00
1.433721446990966930e+00
1.427920660376548856e+00
1.422132775187492593e+00
1.416326713562011896e+00
1.410505202412605463e+00
1.404717308282852350e+00
1.398938274383545011e+00
1.393139615654945596e+00
1.387312909960746854e+00
1.381488841772079645e+00
1.375661036372184842e+00
1.369834026694297879e+00
1.364009073376655667e+00
1.358171960711479276e+00
1.352347087860107600e+00
1.346527552604675382e+00
1.340698942542076333e+00
1.334847989678383140e+00
1.328970742225647150e+00
1.323085653781891136e+00
1.317258653044700800e+00
1.311446306109428583e+00
1.305618795752525596e+00
1.299775460362434520e+00
1.293942603468895225e+00
1.288123220205307229e+00
1.282276442646980374e+00
1.276419481635093778e+00
1.270579883456230297e+00
1.264729440212249978e+00
1.258865380287170543e+00
1.253041169047355741e+00
1.247211968898773282e+00
1.241388919949531822e+00
1.235612022876739768e+00
1.229821500182151972e+00
1.223996913433075040e+00
1.218152987957000999e+00
1.212326058745384350e+00
1.206486898660660056e+00
1.200646120309829978e+00
1.194842776656150907e+00
1.189076054096222190e+00
1.183309769630432218e+00
1.177554696798324807e+00
1.171783432364464028e+00
1.165997666120529352e+00
1.160213223099708646e+00
1.154431632161140531e+00
1.148656049370765819e+00
1.142865669727325617e+00
1.137097185850143521e+00
1.131348040699958979e+00
1.125594496726989968e+00
1.119830188155174433e+00
1.114054238796234220e+00
1.108278727531433194e+00
1.102522036433219998e+00
1.096769449114799677e+00
1.091019356250763073e+00
1.085262522101402505e+00
1.079502174258232250e+00
1.073741164803505121e+00
1.067938044667244180e+00
1.062120270729065119e+00
1.056326663494110196e+00
1.050556346774101479e+00
1.044793942570686474e+00
1.039025387167930692e+00
1.033254265785217507e+00
1.027488714456558316e+00
1.021740955114364802e+00
1.015992105007171853e+00
1.010232114791870250e+00
1.004479017853737055e+00
9.987418085336686735e-01
9.930281847715379806e-01
9.873391747474672409e-01
9.816501647233965011e-01
9.759664922952653310e-01
9.702944695949555776e-01
9.646039217710496994e-01
9.588444501161577094e-01
9.530873209238054367e-01
9.473457217216493254e-01
9.415875732898714157e-01
9.358338952064515492e-01
9.300959616899492355e-01
9.243509918451311425e-01
9.186012566089631903e-01
9.128357052803041105e-01
9.070523619651795766e-01
9.012558311223985985e-01
8.954563677310944936e-01
8.896552145481111395e-01
8.838654965162279220e-01
8.780943751335146263e-01
8.723423063755036955e-01
8.666081011295320158e-01
8.608864933252335927e-01
8.551571965217592552e-01
8.493922978639604215e-01
8.436331123113633979e-01
8.378905653953554467e-01
8.321458101272585228e-01
8.263887524604799362e-01
8.206618696451188910e-01
8.149385809898378463e-01
8.091963201761247504e-01
8.034734696149827826e-01
7.977650493383408037e-01
7.920237362384796587e-01
7.862869650125504650e-01
7.805786877870560803e-01
7.748634457588197133e-01
7.691719412803650346e-01
7.635029941797257802e-01
7.578408598899841753e-01
7.521752834320069026e-01
7.465540975332261020e-01
7.409419953823090932e-01
7.353045463562012385e-01
7.296677500009537409e-01
7.240543961524964489e-01
7.184310734272003618e-01
7.128232806921006581e-01
7.072210580110550593e-01
7.016078472137452504e-01
6.959885656833649792e-01
6.903544783592224787e-01
6.847326308488848046e-01
6.791012614965440397e-01
6.734675496816636686e-01
6.678320765495302513e-01
6.622145473957063988e-01
6.566351771354677069e-01
6.510392487049104782e-01
6.454194486141207054e-01
6.398189783096315253e-01
6.342097193002702582e-01
6.286009073257448065e-01
6.230063021183015470e-01
6.174275934696199508e-01
6.118902623653413864e-01
6.063608437776567550e-01
6.008309870958330468e-01
5.952889710664750478e-01
5.897467315196992521e-01
5.842170894145967130e-01
5.786784440279009178e-01
5.731128424406053412e-01
5.675567626953126332e-01
5.620119661092759511e-01
5.564791768789293380e-01
5.509677022695542714e-01
5.454541802406313034e-01
5.399286419153215277e-01
5.343718290328981491e-01
5.288139164447785978e-01
5.232615023851396874e-01
5.177075415849687889e-01
5.121360838413240302e-01
5.066123068332674118e-01
5.011154860258104637e-01
4.955862194299699430e-01
4.900385618209840421e-01
4.844796925783159125e-01
4.789408236742021541e-01
4.734247356653215055e-01
4.678817719221116667e-01
4.623320668935777533e-01
4.568082809448243964e-01
4.512905746698381293e-01
4.457812994718553523e-01
4.402705579996110674e-01
4.347525656223298895e-01
4.292337685823442439e-01
4.237168759107591276e-01
4.181988835334779497e-01
4.126706361770631770e-01
4.071241497993470793e-01
4.015924602746965277e-01
3.960835516452790861e-01
3.905766904354097124e-01
3.850201010704042415e-01
3.794650495052339645e-01
3.739038467407228561e-01
3.683610975742341864e-01
3.628291845321657272e-01
3.572886347770692916e-01
3.517454385757448065e-01
3.462199002504350309e-01
3.407049834728242965e-01
3.351926326751710761e-01
3.296679794788362483e-01
3.241208314895631659e-01
3.185798436403276535e-01
3.130469828844072433e-01
3.075083285570146541e-01
3.019486546516420011e-01
2.963782876729966764e-01
2.908208131790163131e-01
2.852796733379366345e-01
2.797223508358003818e-01
2.741620957851412244e-01
2.685962080955507369e-01
2.630468696355822145e-01
2.575117379426958286e-01
2.519730120897295533e-01
2.464287251234056897e-01
2.408919036388399437e-01
2.353703260421755039e-01
2.298720300197603650e-01
2.243820935487749468e-01
2.188763320446016625e-01
2.133403241634371506e-01
2.078298062086108011e-01
2.023373037576678135e-01
1.968091368675234654e-01
1.912719577550890671e-01
1.857450246810915806e-01
1.802350163459780497e-01
1.747236132621767801e-01
1.692079633474352640e-01
1.636765688657763618e-01
1.581448078155520687e-01
1.526075571775439566e-01
1.470572620630267446e-01
1.414859473705294968e-01
1.359220266342166250e-01
1.303826481103900758e-01
1.248385846614841199e-01
1.192960500717166611e-01
1.137504488229755112e-01
1.081921696662906801e-01
1.026280254125599145e-01
9.706301391124771971e-02
9.150817692279868132e-02
8.592844009399475125e-02
8.034731745719982110e-02
7.477425038814633496e-02
6.922109425067990429e-02
6.368016898632138101e-02
5.812569856643765714e-02
5.259451866149991023e-02
4.707476496696560986e-02
4.155252575874417154e-02
3.599658906459897445e-02
3.043340146541684277e-02
2.490288317203610477e-02
1.939324140548794734e-02
1.386807858944028027e-02
8.344453573227817583e-03
2.813202142716342107e-03
-2.711674571036404215e-03
-8.241388201712673139e-03
-1.378047168254763546e-02
-1.933099031448275509e-02
-2.488618493080050481e-02
-3.044101297855288449e-02
-3.596991300582796924e-02
-4.150137901306063387e-02
-4.705877304077059342e-02
-5.263074934482485367e-02
-5.814383327960879339e-02
-6.367186605930238996e-02
-6.922845542430788868e-02
-7.480812072753817432e-02
-8.036222457885652815e-02
-8.591075837612063837e-02
-9.146258234977633350e-02
-9.702642261981875293e-02
-1.026015460491171566e-01
-1.081857532262793242e-01
-1.137794822454444021e-01
-1.193833857774726087e-01
-1.249937355518332682e-01
-1.305985152721396980e-01
-1.362135499715796949e-01
-1.418501943349830263e-01
-1.474825918674461389e-01
-1.531116902828209003e-01
-1.587717682123176710e-01
-1.644342690706245558e-01
-1.701588004827492284e-01
-1.758725762367241430e-01
-1.815692752599709081e-01
-1.872320711612694699e-01
-1.928415447473519340e-01
-1.984069943428032889e-01
-2.039586037397377871e-01
-2.095017999410623000e-01
-2.150411784648889046e-01
-2.205564618110650577e-01
-2.260307252407067757e-01
-2.314721137285226660e-01
-2.369021475315088165e-01
-2.423244833946222310e-01
-2.477228760719293599e-01
-2.530837625265116020e-01
-2.584182828664774445e-01
-2.637312740087504048e-01
-2.690271973609918987e-01
-2.743037819862360616e-01
-2.795284390449518930e-01
-2.847071051597590552e-01
-2.898496598005290137e-01
-2.949752897024149889e-01
-3.000765293836588632e-01
-3.051382958889002905e-01
-3.101635128259654373e-01
-3.151456713676448196e-01
-3.200890809297557427e-01
-3.250115424394602881e-01
-3.299475491046901521e-01
-3.348847270011897637e-01
-3.397913724184032369e-01
-3.446492284536357698e-01
-3.494599223136897748e-01
-3.542515724897380425e-01
-3.590360432863231588e-01
-3.638159722089763792e-01
-3.685775190591808470e-01
-3.733072817325588377e-01
-3.779966861009594337e-01
-3.826705604791637572e-01
-3.873171210288998134e-01
-3.919238328933712379e-01
-3.965038120746608996e-01
-4.010665088891979257e-01
-4.056191742420193203e-01
-4.101519197225567126e-01
-4.146556615829464221e-01
-4.191262871026989467e-01
-4.235792636871334449e-01
-4.280088067054744760e-01
-4.324275851249691494e-01
-4.368196934461590075e-01
-4.411756992340085115e-01
-4.454956024885174948e-01
-4.497939676046368573e-01
-4.540591537952420320e-01
-4.582913130521771850e-01
-4.625124752521512228e-01
-4.667219251394268964e-01
-4.708948969841000864e-01
-4.750103086233136152e-01
-4.790853530168530661e-01
-4.831555604934689718e-01
-4.872035861015316938e-01
-4.912090539932248423e-01
-4.951850086450574340e-01
-4.991304934024808349e-01
-5.030573725700375753e-01
-5.069586187601087257e-01
-5.108143836259839698e-01
-5.146371930837628783e-01
-5.184375882148739567e-01
-5.222045093774793090e-01
-5.259173035621640402e-01
-5.296084165573117231e-01
-5.332829803228376075e-01
-5.369093447923657392e-01
-5.404949218034741376e-01
-5.439898222684858009e-01
-5.474628180265423971e-01
-5.509334713220593871e-01
-5.544228732585904096e-01
-5.579398125410077736e-01
-5.614743381738660499e-01
-5.649967044591901466e-01
-5.685069829225537497e-01
-5.720112532377240600e-01
-5.755294442176815961e-01
-5.790611892938610783e-01
-5.825970292091366964e-01
-5.861164629459378883e-01
-5.896077781915662896e-01
-5.930806308984755137e-01
-5.965386867523191361e-01
-5.999894917011259210e-01
-6.034452050924299371e-01
-6.069014370441434547e-01
-6.103592783212660189e-01
-6.138144105672834749e-01
-6.172863781452176957e-01
-6.207642823457716341e-01
-6.242259323596952569e-01
-6.276703715324399857e-01
-6.311358213424680397e-01
-6.346220046281813021e-01
-6.381437808275221002e-01
-6.416927278041837379e-01
-6.452402174472806617e-01
-6.487565755844114657e-01
-6.522457629442213189e-01
-6.557422637939451793e-01
-6.592514425516127208e-01
-6.627659678459165704e-01
-6.663092821836469337e-01
-6.698499590158460970e-01
-6.733907073736189464e-01
-6.769432485103605845e-01
-6.805242747068402931e-01
-6.841288149356840043e-01
-6.877368688583371803e-01
-6.913452178239820611e-01
-6.949408978223798883e-01
-6.985467523336408302e-01
-7.021615475416181917e-01
-7.057802230119702980e-01
-7.094093680381773348e-01
-7.130399793386457130e-01
-7.166760176420210460e-01
-7.203214347362516534e-01
-7.239757746458052035e-01
-7.276304095983503473e-01
-7.312890768051145685e-01
-7.349588036537169078e-01
-7.386395901441572542e-01
-7.423318743705747957e-01
-7.460298717021940362e-01
-7.497351199388502252e-01
-7.534367829561231522e-01
-7.571418881416318580e-01
-7.608408331871030494e-01
-7.645430773496626475e-01
-7.682577043771742220e-01
-7.720007538795469193e-01
-7.757669419050214898e-01
-7.795602291822432139e-01
-7.833605438470838678e-01
-7.871655434370039561e-01
-7.909675389528272316e-01
-7.947724670171736339e-01
-7.986066937446592018e-01
-8.024664103984830987e-01
-8.063434809446332618e-01
-8.102279543876645951e-01
-8.141112565994260697e-01
-8.180004149675367264e-01
-8.218982905149457840e-01
-8.258126527070996925e-01
-8.297516107559201881e-01
-8.336960673332212135e-01
-8.376632243394850352e-01
-8.416367650032041681e-01
-8.456069350242613192e-01
-8.495750486850737193e-01
-8.535332024097440629e-01
-8.575115710496901134e-01
-8.615068554878233531e-01
-8.655131995677946000e-01
-8.695221811532972689e-01
-8.735270589590070633e-01
-8.775336980819700150e-01
-8.815755635499952225e-01
-8.856459230184553499e-01
-8.896943867206571488e-01
-8.937370657920835626e-01
-8.977784931659696932e-01
-9.018366217613218438e-01
-9.059093236923215775e-01
-9.099844396114347145e-01
-9.140715003013608619e-01
-9.181496292352674393e-01
-9.222126662731169322e-01
-9.263069778680799171e-01
-9.304156392812726883e-01
-9.345300227403638971e-01
-9.386457204818723365e-01
-9.427370995283125277e-01
-9.468259930610655184e-01
-9.509256511926649225e-01
-9.550354212522504938e-01
-9.591532379388807428e-01
-9.632671117782590775e-01
-9.673722684383390114e-01
-9.714807868003842994e-01
-9.755655765533445267e-01
-9.796525657176969881e-01
-9.837339133024214366e-01
-9.878117382526395707e-01
-9.918778508901594515e-01
-9.959285140037534845e-01
-9.999619662761686234e-01
-1.003992477059364230e+00
-1.008022406697273166e+00
-1.012016895413398565e+00
-1.015976291894912453e+00
-1.019923171401023732e+00
-1.023871955275535317e+00
-1.027830842137336553e+00
-1.031810677051544056e+00
-1.035784137248992653e+00
-1.039739291369914831e+00
-1.043700453639030190e+00
-1.047684025764465066e+00
-1.051674191653728219e+00
-1.055646257102489383e+00
-1.059608885645866305e+00
-1.063577660918235690e+00
-1.067570821940898806e+00
-1.071551828086376057e+00
-1.075520303845405312e+00
-1.079508784413337530e+00
-1.083529558777808877e+00
-1.087548652291297824e+00
-1.091532143950462164e+00
-1.095507360994815604e+00
-1.099484048783778922e+00
-1.103484684228897006e+00
-1.107466937601566226e+00
-1.111429490149020927e+00
-1.115393799543380471e+00
-1.119341036677360401e+00
-1.123265644907951222e+00
-1.127180664241313801e+00
-1.131088061630725727e+00
-1.134994283318519370e+00
-1.138909959793090731e+00
-1.142819114029407279e+00
-1.146719112992286460e+00
-1.150608713924884619e+00
-1.154531198740005316e+00
-1.158455154299735890e+00
-1.162380643188953178e+00
-1.166304075717925937e+00
-1.170235277712345034e+00
-1.174183323979377525e+00
-1.178128656744956704e+00
-1.182073113322257729e+00
-1.186030538380145938e+00
-1.189983864128589364e+00
-1.193943484127521382e+00
-1.197907865047454612e+00
-1.201858329772949041e+00
-1.205798611044883506e+00
-1.209780564904212818e+00
-1.213790136575698675e+00
-1.217812453210353585e+00
-1.221816016733646260e+00
-1.225826245546340676e+00
-1.229845415055751623e+00
-1.233869045972823875e+00
-1.237909892201423556e+00
-1.241980037093162403e+00
-1.246058966219425024e+00
-1.250138632953166740e+00
-1.254213024675845833e+00
-1.258271962404250877e+00
-1.262332142889499575e+00
-1.266383239626884372e+00
-1.270415364205837117e+00
-1.274431158602237435e+00
-1.278452232480048911e+00
-1.282487289607524783e+00
-1.286545932292938010e+00
-1.290600256621837527e+00
-1.294646377861499609e+00
-1.298684220016002477e+00
-1.302728432416915716e+00
-1.306774772703647391e+00
-1.310823088884353504e+00
-1.314867958426475303e+00
-1.318912903964519323e+00
-1.322958439588546531e+00
-1.327021038532256947e+00
-1.331107804179191501e+00
-1.335234561562538058e+00
-1.339376330375671165e+00
-1.343504844605922566e+00
-1.347615781426429571e+00
-1.351698009669780598e+00
-1.355797444283961983e+00
-1.359920249879360110e+00
-1.364039756357669608e+00
-1.368128573894500599e+00
-1.372207941114902408e+00
-1.376299691200256081e+00
-1.380390998721122475e+00
-1.384482087194919497e+00
-1.388544686138629691e+00
-1.392611236870288760e+00
-1.396687752008437977e+00
-1.400740167498588429e+00
-1.404777933657169076e+00
-1.408819070458412037e+00
-1.412882840633392201e+00
-1.416944853961467521e+00
-1.421005181968211906e+00
-1.425050055980682240e+00
-1.429109284281730563e+00
-1.433192974328994618e+00
-1.437263990938663305e+00
-1.441327542066573875e+00
-1.445393507182597848e+00
-1.449465918540954412e+00
-1.453552903234958560e+00
-1.457657688856124789e+00
-1.461748044192790807e+00
-1.465851144492626101e+00
-1.469974897801875846e+00
-1.474108763039111869e+00
-1.478212301433086129e+00
-1.482304999232292086e+00
-1.486407290399074377e+00
-1.490518669784068884e+00
-1.494634734094142825e+00
-1.498745304346084328e+00
-1.502851480245590121e+00
-1.506952166557311790e+00
-1.511047063767909870e+00
-1.515150749683380038e+00
-1.519278097152709783e+00
-1.523411372303962619e+00
-1.527545818686485202e+00
-1.531671771407127292e+00
-1.535785783827304574e+00
-1.539889836311340243e+00
-1.544072844088077323e+00
-1.548267059028148429e+00
-1.552443401515483767e+00
-1.556603847444057331e+00
-1.560760708153247744e+00
-1.564915002882480533e+00
-1.569056700170039953e+00
-1.573169907927512989e+00
-1.577278502285480277e+00
-1.581382188200950445e+00
-1.585491444170474828e+00
-1.589611169695853921e+00
-1.593740636110305697e+00
-1.597873401641845437e+00
-1.602005948126315804e+00
-1.606140027940272885e+00
-1.610279016196727309e+00
-1.614419104158878016e+00
-1.618585410714149075e+00
-1.622764609754085097e+00
-1.626957796514033827e+00
-1.631156477332114774e+00
-1.635338971018790888e+00
-1.639493489265441584e+00
-1.643688803911208751e+00
-1.647925934195518138e+00
-1.652172957360744210e+00
-1.656398956477641793e+00
-1.660605692863464045e+00
-1.664800421893596338e+00
-1.668987533450126293e+00
-1.673174645006656247e+00
-1.677374501526355477e+00
-1.681576624512671980e+00
-1.685751795768737349e+00
-1.689895102381705927e+00
-1.694013509154319364e+00
-1.698139609396457361e+00
-1.702279554307460474e+00
-1.706431944668292733e+00
-1.710584335029124770e+00
-1.714729841053485471e+00
-1.718887725472449945e+00
-1.723058721423148754e+00
-1.727245466411113428e+00
-1.731423932313918668e+00
-1.735634481906890514e+00
-1.739844879508018138e+00
-1.744054839015006575e+00
-1.748250958323478432e+00
-1.752410528063773842e+00
-1.756551349163055109e+00
-1.760698026418685558e+00
-1.764851959049701380e+00
-1.769013580679893227e+00
-1.773172493278979855e+00
-1.777328254282474207e+00
-1.781478521227836342e+00
-1.785630330443381819e+00
-1.789795246720313759e+00
-1.793974007666110593e+00
-1.798146684467792245e+00
-1.802288386225699979e+00
-1.806416314840316506e+00
-1.810555450618266615e+00
-1.814701837301254006e+00
-1.818849252164363550e+00
-1.822978866100311013e+00
-1.827084970474242898e+00
-1.831198325753211620e+00
-1.835327649116515802e+00
-1.839478868246078092e+00
-1.843613095581531081e+00
-1.847746737301349196e+00
-1.851891362667083429e+00
-1.856026980280875760e+00
-1.860137921571731301e+00
-1.864255376160144362e+00
-1.868392902612685758e+00
-1.872542583942413019e+00
-1.876610819995403023e+00
-1.880661916732787819e+00
-1.884729348123073134e+00
-1.888803078234195354e+00
-1.892873585224151167e+00
-1.896945630013942452e+00
-1.901023316383361417e+00
-1.905086500942706706e+00
-1.909135621786117287e+00
-1.913159914314746413e+00
-1.917188596725463601e+00
-1.921214503049850197e+00
-1.925253811478614407e+00
-1.929298976063728022e+00
-1.933372339606284740e+00
-1.937441384792327526e+00
-1.941493290662765103e+00
-1.945528128743171381e+00
-1.949532206356525021e+00
-1.953528371453284951e+00
-1.957506959140300484e+00
-1.961467088758945154e+00
-1.965446999669074657e+00
-1.969456204771995234e+00
-1.973424318432807523e+00
-1.977351930737495156e+00
-1.981274706125259133e+00
-1.985216677188872847e+00
-1.989178054034709486e+00
-1.993134889006614285e+00
-1.997083444893359871e+00
-2.001022259891032995e+00
-2.004959979653357927e+00
-2.008901432156562361e+00
-2.012858562171458754e+00
-2.016834516823291512e+00
-2.020816256105899544e+00
-2.024786716699599864e+00
-2.028730149567127050e+00
-2.032659523189067396e+00
-2.036593362689017805e+00
-2.040543460845946733e+00
-2.044505056738853188e+00
-2.048459991812705550e+00
-2.052394340932369055e+00
-2.056343339383601698e+00
-2.060259672999381841e+00
-2.064199225604533616e+00
-2.068143025040626082e+00
-2.072085210680961076e+00
-2.076037798821925850e+00
-2.080001665651797893e+00
-2.083954696357249947e+00
-2.087896005809306565e+00
-2.091835044324397597e+00
-2.095783381164073589e+00
-2.099746443331241164e+00
-2.103713533282279613e+00
-2.107667145133018227e+00
-2.111585821211337866e+00
-2.115509039163589122e+00
-2.119442512094974251e+00
-2.123395243287085954e+00
-2.127349735796451036e+00
-2.131282185018062325e+00
-2.135198004543780836e+00
-2.139093314111232491e+00
-2.142988480627536330e+00
-2.146882037818431677e+00
-2.150760869681834997e+00
-2.154645124077796403e+00
-2.158514948189258043e+00
-2.162403668463229955e+00
-2.166297663748264046e+00
-2.170180670917033705e+00
-2.174068662524223150e+00
-2.177972908318042577e+00
-2.181877449154853377e+00
-2.185751448571681799e+00
-2.189631527662276866e+00
-2.193523618578910650e+00
-2.197429183125495733e+00
-2.201326473057269695e+00
-2.205219078063964666e+00
-2.209117029607295724e+00
-2.213016590476035717e+00
-2.216913442313670934e+00
-2.220836660265922191e+00
-2.224785292148589555e+00
-2.228756481409072343e+00
-2.232721742987632485e+00
-2.236695279181003304e+00
-2.240662516653537217e+00
-2.244636785984039040e+00
-2.248592816293239149e+00
-2.252556683123111192e+00
-2.256527800858020516e+00
-2.260512687265872511e+00
-2.264515155553817216e+00
-2.268518795073032113e+00
-2.272547115385532113e+00
-2.276592941582202378e+00
-2.280625875294208349e+00
-2.284647311270236791e+00
-2.288675484061240883e+00
-2.292749875783919755e+00
-2.296836203336715343e+00
-2.300932928919791731e+00
-2.305029001832008095e+00
-2.309130635857581826e+00
-2.313243477046489360e+00
-2.317386935651302160e+00
-2.321539254486560289e+00
-2.325700585544109078e+00
-2.329862792789935799e+00
-2.334021410346030834e+00
-2.338179956376552404e+00
-2.342339378595351906e+00
-2.346513155102729620e+00
-2.350712640583514812e+00
-2.354917696118354442e+00
-2.359114253520965043e+00
-2.363281883299350294e+00
-2.367445771396159859e+00
-2.371613472700118574e+00
-2.375775389373302016e+00
-2.379934521019458238e+00
-2.384069629013537917e+00
-2.388191844522952856e+00
-2.392297434806823553e+00
-2.396392332017421190e+00
-2.400475731492042186e+00
-2.404586006700992318e+00
-2.408717815577983590e+00
-2.412852776050567360e+00
-2.416966350376605455e+00
-2.421064032614230754e+00
-2.425161495804786238e+00
-2.429258882999419722e+00
-2.433383078873156968e+00
-2.437498629093169722e+00
-2.441588693857192460e+00
-2.445652611553668532e+00
-2.449703417718410048e+00
-2.453779785335063579e+00
-2.457867069542407634e+00
-2.461970317363738836e+00
-2.466076126694678905e+00
-2.470186915993690224e+00
-2.474311402440070751e+00
-2.478418016433715287e+00
-2.482518774271011086e+00
-2.486591847240924302e+00
-2.490636864304542009e+00
-2.494695506989955458e+00
-2.498765280842780712e+00
-2.502833959460258217e+00
-2.506882861256598982e+00
-2.510931248962879003e+00
-2.514974290132522050e+00
-2.519017259776592077e+00
-2.523069165647029433e+00
-2.527134911715983812e+00
-2.531209813058375779e+00
-2.535285957157611403e+00
-2.539364890754222337e+00
-2.543446752429008306e+00
-2.547517402470111492e+00
-2.551571136713027599e+00
-2.555624651908874334e+00
-2.559674505889415475e+00
-2.563710148632526220e+00
-2.567733484506606878e+00
-2.571770593523978743e+00
-2.575818029046058388e+00
-2.579848620295524420e+00
-2.583872617781161729e+00
-2.587899109721183422e+00
-2.591926549375056954e+00
-2.595954208075999858e+00
-2.599969345331191839e+00
-2.603979940712451757e+00
-2.607997201383113417e+00
-2.612001498043536873e+00
-2.616009531915187480e+00
-2.619982701539993020e+00
-2.623945473134517314e+00
-2.627891471982001903e+00
-2.631823769211768749e+00
-2.635755118727683755e+00
-2.639683759212493541e+00
-2.643592108786105843e+00
-2.647486542165279122e+00
-2.651370206475257341e+00
-2.655256508290767314e+00
-2.659158121049403967e+00
-2.663072402775287451e+00
-2.666989760100840989e+00
-2.670909902453422191e+00
-2.674817885458469213e+00
-2.678755748271941961e+00
-2.682691344618796769e+00
-2.686627450585365118e+00
-2.690550887584685746e+00
-2.694477181136607946e+00
-2.698407064378261389e+00
-2.702339071035384954e+00
-2.706289607286453069e+00
-2.710253331065177740e+00
-2.714259974658488783e+00
-2.718287852406501504e+00
-2.722318001091479811e+00
-2.726338998973369065e+00
-2.730360144376754228e+00
-2.734380261600017015e+00
-2.738418179750442327e+00
-2.742456093430518660e+00
-2.746523962914943162e+00
-2.750633876025676550e+00
-2.754741151630878182e+00
-2.758858458697795335e+00
-2.762979207932948711e+00
-2.767117096483707073e+00
-2.771266996860503706e+00
-2.775397048890590135e+00
-2.779526296257972540e+00
-2.783658257126807811e+00
-2.787796074151992265e+00
-2.791932353377341691e+00
-2.796057058870792034e+00
-2.800181107223033372e+00
-2.804314453899860116e+00
-2.808467067778110060e+00
-2.812623709440230879e+00
-2.816732522845267983e+00
-2.820820240676402690e+00
-2.824903635680675151e+00
-2.829009373486041756e+00
-2.833127123117446633e+00
-2.837238426506519140e+00
-2.841345554590224864e+00
-2.845449168980121346e+00
-2.849533301591872902e+00
-2.853604251146315995e+00
-2.857732184231280836e+00
-2.861865459382533672e+00
-2.865988260507583263e+00
-2.870106524229049327e+00
-2.874213799834250960e+00
-2.878308625519275132e+00
-2.882414215803145829e+00
-2.886533793807029458e+00
-2.890661360323428575e+00
-2.894781380891799483e+00
-2.898897226154804052e+00
-2.903027644753455760e+00
-2.907173007726668867e+00
-2.911321441829204382e+00
-2.915469218790530892e+00
-2.919612896442413064e+00
-2.923743610084056588e+00
-2.927857112884521218e+00
-2.931965707242488506e+00
-2.936090193688869032e+00
-2.940212118625640692e+00
-2.944333896040915999e+00
-2.948451936244964156e+00
-2.952573490142821999e+00
-2.956702151894568864e+00
-2.960836160182952703e+00
-2.964970825612544658e+00
-2.969124025106429698e+00
-2.973283889889716924e+00
-2.977440750598907115e+00
-2.981588898599147441e+00
-2.985722611844539465e+00
-2.989851564168929610e+00
-2.993987186253070476e+00
-2.998125298321246746e+00
-3.002260625362395796e+00
-3.006360431015491219e+00
-3.010482794046401622e+00
-3.014617244899272741e+00
-3.018761365115642192e+00
-3.022910241782664986e+00
-3.027064831554889146e+00
-3.031208285689353410e+00
-3.035326549410819474e+00
-3.039444003999232979e+00
-3.043558673560618821e+00
-3.047700813412665966e+00
-3.051855698227881941e+00
-3.056004503369330827e+00
-3.060139535367488506e+00
-3.064277866482734147e+00
-3.068422420322894695e+00
-3.072576496005058111e+00
-3.076703839004039320e+00
-3.080813090503215612e+00
-3.084906083345412942e+00
-3.088983622193336220e+00
-3.093059261143207284e+00
-3.097139804065227153e+00
-3.101225107908248457e+00
-3.105321104824542822e+00
-3.109418272972106490e+00
-3.113512217998504195e+00
-3.117606820166110460e+00
-3.121735481917857769e+00
-3.125868542492389324e+00
-3.130008558928966345e+00
-3.134137663245200933e+00
-3.138257679343223305e+00
-3.142381946742534460e+00
-3.146502552926540019e+00
-3.150623673200606767e+00
-3.154764789342880071e+00
-3.158935785293578657e+00
-3.163089351356028978e+00
-3.167231419682502214e+00
-3.171383519470691414e+00
-3.175546821951865883e+00
-3.179732319712638589e+00
-3.183920450508594069e+00
-3.188033439218997511e+00
-3.192122551798820318e+00
-3.196211807429790053e+00
-3.200309780240058188e+00
-3.204428115487098161e+00
-3.208556777238845026e+00
-3.212688000500201646e+00
-3.216809853911398953e+00
-3.220932435989379172e+00
-3.225050695240496701e+00
-3.229176133871077603e+00
-3.233317464590071744e+00
-3.237460628151892728e+00
-3.241593979299067563e+00
-3.245702940225600575e+00
-3.249792271852492753e+00
-3.253878675401209897e+00
-3.257974010705947165e+00
-3.262085680663584952e+00
-3.266199326515196955e+00
-3.270313486456870145e+00
-3.274445518851279324e+00
-3.278582093119620566e+00
-3.282735073566436235e+00
-3.286896695196627860e+00
-3.291055607795714710e+00
-3.295220452547072743e+00
-3.299364787340163474e+00
-3.303491030633448844e+00
-3.307609075307845536e+00
-3.311759708821772730e+00
-3.315921111404894983e+00
-3.320076067745684867e+00
-3.324221721291541254e+00
-3.328352068364619498e+00
-3.332475678622722093e+00
-3.336618475615977353e+00
-3.340778192877768671e+00
-3.344949112832545701e+00
-3.349114833772181665e+00
-3.353260268270968680e+00
-3.357390539348124925e+00
-3.361543519794940149e+00
-3.365718762576579426e+00
-3.369885145127772486e+00
-3.374040468037127649e+00
-3.378168910741805142e+00
-3.382288564741610770e+00
-3.386406823992728299e+00
-3.390529772639273798e+00
-3.394661362469195698e+00
-3.398798446357249592e+00
-3.402941247820853388e+00
-3.407075698673724506e+00
-3.411181069910525387e+00
-3.415287393331527088e+00
-3.419404047727584217e+00
-3.423588517308234547e+00
-3.427771158516406125e+00
-3.431953066587447587e+00
-3.436123110353945798e+00
-3.440298791229724262e+00
-3.444486412405967091e+00
-3.448701280355452869e+00
-3.452903184294700001e+00
-3.457099594175814694e+00
-3.461280474066733781e+00
-3.465466485917567674e+00
-3.469663338363170091e+00
-3.473870517313479844e+00
-3.478110070526599262e+00
-3.482365882396697199e+00
-3.486598841845988339e+00
-3.490810781717299527e+00
-3.495047840476035450e+00
-3.499296911060809201e+00
-3.503538216650485371e+00
-3.507766781747340357e+00
-3.511970371007918423e+00
-3.516179525852202836e+00
-3.520414242148398820e+00
-3.524678838253020530e+00
-3.528966805338858759e+00
-3.533241951465606157e+00
-3.537506332993506586e+00
-3.541774080693721238e+00
-3.546046665310858881e+00
-3.550339536368846360e+00
-3.554624423384665555e+00
-3.558897888660430109e+00
-3.563157433271407548e+00
-3.567389735579490129e+00
-3.571603137254714344e+00
-3.575819909572600430e+00
-3.580061000585555320e+00
-3.584327138960360593e+00
-3.588607922196387356e+00
-3.592890614271163408e+00
-3.597156529128550773e+00
-3.601449109613894528e+00
-3.605758091807364618e+00
-3.610047811269759599e+00
-3.614332917332648609e+00
-3.618599127233027790e+00
-3.622855743765830194e+00
-3.627114117145537442e+00
-3.631366558372973508e+00
-3.635623832046984916e+00
-3.639912822842597429e+00
-3.644222757220267450e+00
-3.648515994846820210e+00
-3.652814798057078427e+00
-3.657121732831000394e+00
-3.661437822878359949e+00
-3.665764458477496213e+00
-3.670099078118800318e+00
-3.674413558840750937e+00
-3.678697274625300828e+00
-3.682957923412322199e+00
-3.687217687070369010e+00
-3.691490781307219748e+00
-3.695774206519126359e+00
-3.700038440525530881e+00
-3.704286853969096516e+00
-3.708542151749133264e+00
-3.712818616628646318e+00
-3.717133535444735681e+00
-3.721443250775336331e+00
-3.725751651823519861e+00
-3.730051773786544178e+00
-3.734345597028731589e+00
-3.738632464408873979e+00
-3.742919912934302484e+00
-3.747211979329585496e+00
-3.751521551609038774e+00
-3.755830167233943140e+00
-3.760127504169940238e+00
-3.764372622966765558e+00
-3.768620888888835285e+00
-3.772869963943957572e+00
-3.777127166092395072e+00
-3.781378288567065482e+00
-3.785615128278731589e+00
-3.789830438792704648e+00
-3.794048824906348649e+00
-3.798275995254515980e+00
-3.802509102225303028e+00
-3.806735467910765891e+00
-3.810952606797217701e+00
-3.815161833167075578e+00
-3.819360218942164487e+00
-3.823559632897376215e+00
-3.827766078710555409e+00
-3.831973329186438626e+00
-3.836171790957449979e+00
-3.840365786850451713e+00
-3.844548504054545734e+00
-3.848737886548041498e+00
-3.852947331964968747e+00
-3.857170040905474995e+00
-3.861389888823031580e+00
-3.865586446225642625e+00
-3.869752314686774497e+00
-3.873968210816382651e+00
-3.878210178017615473e+00
-3.882437205314635431e+00
-3.886636914312838975e+00
-3.890820579230784837e+00
-3.895011132955550348e+00
-3.899203515052794611e+00
-3.903405128419398462e+00
-3.907627613842486802e+00
-3.911860868334769314e+00
-3.916089947521685932e+00
-3.920309866964816425e+00
-3.924529567360877103e+00
-3.928742897510527854e+00
-3.932947291433810388e+00
-3.937149123847484056e+00
-3.941300195455550437e+00
-3.945410989224909848e+00
-3.949513065814971302e+00
-3.953641360998152887e+00
-3.957776544988154566e+00
-3.961921612918376301e+00
-3.966049103438853418e+00
-3.970164877176284079e+00
-3.974291563034056729e+00
-3.978409969806670610e+00
-3.982531823217867917e+00
-3.986636532843112146e+00
-3.990772888064383572e+00
-3.994920155405997431e+00
-3.999084486067294275e+00
-4.003232701122760417e+00
-4.007368761301039584e+00
-4.011527597904204434e+00
-4.015692733228205746e+00
-4.019891633093356731e+00
-4.024075888097285336e+00
-4.028264170885085704e+00
-4.032475668191908724e+00
-4.036705695092677182e+00
-4.040943927317856676e+00
-4.045160992443561199e+00
-4.049347078055142823e+00
-4.053504450619220378e+00
-4.057691998034714587e+00
-4.061869437992571719e+00
-4.066035968065261130e+00
-4.070204621553420665e+00
-4.074384918063878480e+00
-4.078556720912455802e+00
-4.082709258794784191e+00
-4.086866117268799670e+00
-4.091054473817347770e+00
-4.095255425572394969e+00
-4.099434917420148317e+00
-4.103601521253585460e+00
-4.107773174345492606e+00
-4.111941973119973781e+00
-4.116115242242812222e+00
-4.120291879773139598e+00
-4.124461190402507249e+00
-4.128607503324746020e+00
-4.132758139073848369e+00
-4.136925107240676525e+00
-4.141092513501643424e+00
-4.145282112807034736e+00
-4.149472811818122331e+00
-4.153658823668956224e+00
-4.157823373377322440e+00
-4.161969686299562099e+00
-4.166089559346437099e+00
-4.170209432393312099e+00
-4.174367095530032046e+00
-4.178527324646710284e+00
-4.182682500034569983e+00
-4.186824054270982032e+00
-4.190959893167018002e+00
-4.195092949271201022e+00
-4.199239557236432496e+00
-4.203414288163184409e+00
-4.207563017308711295e+00
-4.211681278795003536e+00
-4.215808257460593289e+00
-4.219961673766373877e+00
-4.224126370996236446e+00
-4.228296926617622020e+00
-4.232470631599425381e+00
-4.236617677658795600e+00
-4.240752930939196474e+00
-4.244888915121554973e+00
-4.249032369256019237e+00
-4.253180660307406491e+00
-4.257327851653098350e+00
-4.261471381783485057e+00
-4.265610443800687435e+00
-4.269747015833853965e+00
-4.273905999958514279e+00
-4.278090764582156424e+00
-4.282291790097951356e+00
-4.286483222246169511e+00
-4.290675090253352586e+00
-4.294867327064275209e+00
-4.299071354418992463e+00
-4.303289957344531125e+00
-4.307499845325946097e+00
-4.311698380857705182e+00
-4.315877065807580237e+00
-4.320045352727174048e+00
-4.324165516346692328e+00
-4.328257116675375826e+00
-4.332313633710144885e+00
-4.336377330124377316e+00
-4.340445199608802263e+00
-4.344486776739358014e+00
-4.348510264605282671e+00
-4.352505184710024899e+00
-4.356523323804139203e+00
-4.360561677813529435e+00
-4.364616804569958930e+00
-4.368660286068915433e+00
-4.372699885070323589e+00
-4.376746368408202414e+00
-4.380795782059430543e+00
-4.384830693900584109e+00
-4.388834992796182277e+00
-4.392842291295528057e+00
-4.396864312887190707e+00
-4.400914826244115119e+00
-4.404958162456749982e+00
-4.409009406715631130e+00
-4.413087750226258876e+00
-4.417158623784779969e+00
-4.421208256483077470e+00
-4.425251004844903413e+00
-4.429313894361256665e+00
-4.433386012911795682e+00
-4.437459376454352622e+00
-4.441529590636490887e+00
-4.445594239234923251e+00
-4.449653100967406516e+00
-4.453712183982132977e+00
-4.457773023843764726e+00
-4.461826100945471829e+00
-4.465879323333501461e+00
-4.469945950061082307e+00
-4.474006278067826692e+00
-4.478064335137604601e+00
-4.482121587544678931e+00
-4.486183086782693508e+00
-4.490252494066952593e+00
-4.494342485070228044e+00
-4.498432621359824246e+00
-4.502485991269349341e+00
-4.506535916775463946e+00
-4.510580788552760012e+00
-4.514624636620282239e+00
-4.518661964684723920e+00
-4.522707790881394629e+00
-4.526752664893864520e+00
-4.530785012990235394e+00
-4.534786819666623003e+00
-4.538796681910752362e+00
-4.542807570099830272e+00
-4.546814137697219316e+00
-4.550824221223591870e+00
-4.554848439991473263e+00
-4.558868338167666678e+00
-4.562902883440255408e+00
-4.566936038434504574e+00
-4.570973075926302975e+00
-4.575013189017772319e+00
-4.579059234261512401e+00
-4.583108283579348630e+00
-4.587173739075660173e+00
-4.591252158582209475e+00
-4.595343542098998313e+00
-4.599443200230597384e+00
-4.603546374291180854e+00
-4.607651305198668723e+00
-4.611747740209102275e+00
-4.615842051804064816e+00
-4.619943028688430431e+00
-4.624045398086308545e+00
-4.628165563941001537e+00
-4.632297008484600909e+00
-4.636414977163076045e+00
-4.640511119365691606e+00
-4.644619054347275622e+00
-4.648752331733702725e+00
-4.652909118682145184e+00
-4.657090295851229911e+00
-4.661262903362511700e+00
-4.665415148437022097e+00
-4.669571714103221360e+00
-4.673737803846597316e+00
-4.677906090766191127e+00
-4.682065515220164897e+00
-4.686208166927098517e+00
-4.690294130146503093e+00
-4.694347647577523652e+00
-4.698372380435466233e+00
-4.702384808659552995e+00
-4.706433270126580304e+00
-4.710497478395700099e+00
-4.714548137038945264e+00
-4.718599090725183132e+00
-4.722670183330773597e+00
-4.726716081053018215e+00
-4.730729018896817628e+00
-4.734714785963296535e+00
-4.738704435527323788e+00
-4.742688957601784772e+00
-4.746700286120175249e+00
-4.750694915652274197e+00
-4.754664350301026410e+00
-4.758632099628448131e+00
-4.762593771517275698e+00
-4.766569869220256273e+00
-4.770539961010216601e+00
-4.774510052800177817e+00
-4.778501678258179730e+00
-4.782524356991052272e+00
-4.786545571684836631e+00
-4.790530386567114718e+00
-4.794492641836404445e+00
-4.798464345186948421e+00
-4.802468422800301617e+00
-4.806464882940053585e+00
-4.810438490658997424e+00
-4.814413490891455538e+00
-4.818413171917199200e+00
-4.822418787330388312e+00
-4.826409681886433489e+00
-4.830390028655528134e+00
-4.834372060745954158e+00
-4.838367494940756686e+00
-4.842357363551854199e+00
-4.846321889758109513e+00
-4.850272937864064104e+00
-4.854241786897182109e+00
-4.858253481984137423e+00
-4.862242324650287273e+00
-4.866219522058963243e+00
-4.870200966298579459e+00
-4.874173695594071987e+00
-4.878130311518907192e+00
-4.882087439298628873e+00
-4.886020983755587466e+00
-4.889922813326119666e+00
-4.893821126967667468e+00
-4.897734382748603288e+00
-4.901623909920453492e+00
-4.905513508617877605e+00
-4.909398201107977755e+00
-4.913291389495133998e+00
-4.917171906679867810e+00
-4.921031989902257209e+00
-4.924875959753989285e+00
-4.928713776171206540e+00
-4.932556867599486417e+00
-4.936402008682488685e+00
-4.940232940763234382e+00
-4.944057793170212989e+00
-4.947847197949885256e+00
-4.951608039438723630e+00
-4.955375910550355201e+00
-4.959166853129863384e+00
-4.962958893179893138e+00
-4.966721051186322455e+00
-4.970467022061347606e+00
-4.974223466962575557e+00
-4.977989726513623481e+00
-4.981774736940860038e+00
-4.985563189536332374e+00
-4.989339335262775066e+00
-4.993117240071295981e+00
-4.996908256411551896e+00
-5.000706887990235217e+00
-5.004529836028813961e+00
-5.008442432433366065e+00
-5.012386815249919358e+00
-5.016358737647532706e+00
-5.020293015241621859e+00
-5.024207296967505343e+00
-5.028141500800847652e+00
-5.032084419578312762e+00
-5.036008004099129742e+00
-5.039933347702025834e+00
-5.043879418075084331e+00
-5.047843651473521653e+00
-5.051792649924754741e+00
-5.055747509002684659e+00
-5.059680101275443320e+00
-5.063640599697827760e+00
-5.067625633627175219e+00
-5.071604514122008744e+00
-5.075583028048276546e+00
-5.079537960886954195e+00
-5.083489084988832118e+00
-5.087445262819527692e+00
-5.091383934766053443e+00
-5.095300415903329494e+00
-5.099220117926597240e+00
-5.103162746131419070e+00
-5.107121559232473018e+00
-5.111119264364242021e+00
-5.115090822428464357e+00
-5.119071314483880641e+00
-5.123073561489581706e+00
-5.127076175063847607e+00
-5.131044071912764792e+00
-5.134999883174895530e+00
-5.138972464948891705e+00
-5.142981743812560680e+00
-5.146986918896436336e+00
-5.150978984683751705e+00
-5.154981888830660886e+00
-5.159002151340245312e+00
-5.163028055429458085e+00
-5.167039381712674739e+00
-5.171027565002440873e+00
-5.175041164457796938e+00
-5.179055054485797172e+00
-5.183068068325519029e+00
-5.187081374973057990e+00
-5.191101199388503673e+00
-5.195126151293515626e+00
-5.199173660576343003e+00
-5.203251273185014014e+00
-5.207335184514521487e+00
-5.211411844938992566e+00
-5.215503445267676952e+00
-5.219615188986062471e+00
-5.223716311156748837e+00
-5.227803443372248893e+00
-5.231896288692950314e+00
-5.236009203642606025e+00
-5.240143652260302432e+00
-5.244269093126058046e+00
-5.248383398354052432e+00
-5.252510155737398989e+00
-5.256636546552180711e+00
-5.260777367651462200e+00
-5.264948216080664878e+00
-5.269162277132272365e+00
-5.273389887809752707e+00
-5.277624166011809947e+00
-5.281855147331952161e+00
-5.286092060804366000e+00
-5.290358858555554988e+00
-5.294607052952050807e+00
-5.298867551982402446e+00
-5.303129074722527925e+00
-5.307386424392460889e+00
-5.311649120599030383e+00
-5.315913354605435792e+00
-5.320173413306473975e+00
-5.324431788921355491e+00
-5.328686793893575135e+00
-5.332879030704497758e+00
-5.337059622257947389e+00
-5.341228935122488863e+00
-5.345404180139302852e+00
-5.349587480723856814e+00
-5.353782133758067552e+00
-5.357986527681349642e+00
-5.362183744460343959e+00
-5.366365945339202526e+00
-5.370549100637434847e+00
-5.374739799648522443e+00
-5.378948809206485215e+00
-5.383159720897674028e+00
-5.387341483682392962e+00
-5.391478422284125216e+00
-5.395619022101163509e+00
-5.399784819036721473e+00
-5.403972002118825557e+00
-5.408197636902331240e+00
-5.412421805411576692e+00
-5.416668386012315040e+00
-5.420937673747538987e+00
-5.425223731994628373e+00
-5.429507447779178264e+00
-5.433774902671574480e+00
-5.438036794215440395e+00
-5.442255763709544780e+00
-5.446469898521899111e+00
-5.450687770545481925e+00
-5.454911500960587745e+00
-5.459141896665095750e+00
-5.463377053290605190e+00
-5.467618508636951091e+00
-5.471861868351696856e+00
-5.476091238111257198e+00
-5.480353274941443864e+00
-5.484614433348178331e+00
-5.488866510242223384e+00
-5.493108624964952114e+00
-5.497338580340146663e+00
-5.501561579853295747e+00
-5.505784869939088111e+00
-5.510016729682683412e+00
-5.514267340302466458e+00
-5.518544464558361895e+00
-5.522818658500908917e+00
-5.527094243839382415e+00
-5.531375322118400994e+00
-5.535675225034355051e+00
-5.539975567162036540e+00
-5.544251300022005502e+00
-5.548494147881864791e+00
-5.552738752588629367e+00
-5.557006721571086771e+00
-5.561266120895743015e+00
-5.565524788200854722e+00
-5.569794661551712878e+00
-5.574062411487101798e+00
-5.578312728181480828e+00
-5.582548543065785296e+00
-5.586788827180861894e+00
-5.591037973761557645e+00
-5.595303306356071538e+00
-5.599564975500106456e+00
-5.603785849362610705e+00
-5.607951059564947549e+00
-5.612129746749996428e+00
-5.616326669603585842e+00
-5.620535019785164899e+00
-5.624733701720833423e+00
-5.628907480463384516e+00
-5.633101255074143054e+00
-5.637291293591260022e+00
-5.641492613032459857e+00
-5.645707480981945636e+00
-5.649931064993142016e+00
-5.654151279479264325e+00
-5.658357650414108875e+00
-5.662546077370643083e+00
-5.666735311225055582e+00
-5.670964827388524476e+00
-5.675192073732613807e+00
-5.679427449405192618e+00
-5.683671100810169463e+00
-5.687919880822300378e+00
-5.692156721651553397e+00
-5.696385506913065555e+00
-5.700619638711213355e+00
-5.704874350875615008e+00
-5.709127157554029885e+00
-5.713366488367318752e+00
-5.717583918944000310e+00
-5.721790877729653779e+00
-5.726015487685798711e+00
-5.730281478539108519e+00
-5.734564828872679598e+00
-5.738827890530227904e+00
-5.743071763217448833e+00
-5.747298276424407604e+00
-5.751544420048594120e+00
-5.755782873556016810e+00
-5.759993638843297070e+00
-5.764178258180617576e+00
-5.768355407565831428e+00
-5.772539880499243381e+00
-5.776723839342593259e+00
-5.780905383080243709e+00
-5.785087145864962643e+00
-5.789261291176080348e+00
-5.793433604761957234e+00
-5.797594492137431388e+00
-5.801758456230162508e+00
-5.805937727913259572e+00
-5.810138607025145951e+00
-5.814334871619939449e+00
-5.818516488000749831e+00
-5.822693269699811047e+00
-5.826877815276383821e+00
-5.831069245189427264e+00
-5.835273273661732318e+00
-5.839473639801143534e+00
-5.843660456314681895e+00
-5.847841266915201786e+00
-5.852019441127776389e+00
-5.856200250610708480e+00
-5.860386700555681116e+00
-5.864563629776238685e+00
-5.868725837022065406e+00
-5.872867975756525638e+00
-5.877005060762166444e+00
-5.881159870699047332e+00
-5.885331965237854845e+00
-5.889504719153046075e+00
-5.893645026162266376e+00
-5.897799762338399532e+00
-5.901965192705391772e+00
-5.906121394038200023e+00
-5.910276496782898015e+00
-5.914451740682124203e+00
-5.918655475229024354e+00
-5.922849981859325652e+00
-5.927011455968021814e+00
-5.931165973097085597e+00
-5.935310821980237073e+00
-5.939478816092013780e+00
-5.943673982098697905e+00
-5.947840950265526061e+00
-5.951973494514822605e+00
-5.956095858663319476e+00
-5.960227816179394011e+00
-5.964373397082090023e+00
-5.968550178781151239e+00
-5.972724325209854968e+00
-5.976884773373603466e+00
-5.981028596311807277e+00
-5.985154768079518739e+00
-5.989276985824107058e+00
-5.993406892567872291e+00
-5.997538997605442290e+00
-6.001667586714028779e+00
-6.005751864612101976e+00
-6.009867269545792645e+00
-6.013980477303265459e+00
-6.018098958954213984e+00
-6.022224178537725514e+00
-6.026358627155422809e+00
-6.030481649562715596e+00
-6.034604891017078643e+00
-6.038700082153081183e+00
-6.042783407866954448e+00
-6.046900717169045869e+00
-6.051020371168851497e+00
-6.055151011049746401e+00
-6.059290366992353682e+00
-6.063419688120483819e+00
-6.067531211674213054e+00
-6.071652696281670814e+00
-6.075773740559816005e+00
-6.079893174394964461e+00
-6.084009385108947399e+00
-6.088107650727033082e+00
-6.092211923375725036e+00
-6.096318466961383464e+00
-6.100432919710874202e+00
-6.104575351253151538e+00
-6.108738290518521907e+00
-6.112881454080342891e+00
-6.117056918144225364e+00
-6.121251058205961826e+00
-6.125460360571741703e+00
-6.129693905636667495e+00
-6.133917269483207590e+00
-6.138115219399332467e+00
-6.142300057783722345e+00
-6.146515804156660323e+00
-6.150749714672564927e+00
-6.154977912083267277e+00
-6.159205890446900256e+00
-6.163457819819449846e+00
-6.167733039706944531e+00
-6.172019684687255925e+00
-6.176309187337755802e+00
-6.180584479868411307e+00
-6.184863141924141772e+00
-6.189120710641144996e+00
-6.193369051441549367e+00
-6.197585897520183629e+00
-6.201802597194909339e+00
-6.206026253849267427e+00
-6.210269539803265459e+00
-6.214512532949447277e+00
-6.218725057318805760e+00
-6.222931722179054326e+00
-6.227192879468201880e+00
-6.231451326608657304e+00
-6.235685018077491648e+00
-6.239908675849436648e+00
-6.244128377363084681e+00
-6.248342513293026812e+00
-6.252549544721841102e+00
-6.256750131025909489e+00
-6.260949252173303670e+00
-6.265186605975030965e+00
-6.269446811079978588e+00
-6.273692513816057748e+00
-6.277924887090920336e+00
-6.282198349013923711e+00
-6.286513485200702078e+00
-6.290821736492215877e+00
-6.295109480619429654e+00
-6.299372029863297584e+00
-6.303618685342370576e+00
-6.307873249985276765e+00
-6.312119539454578820e+00
-6.316352571547030337e+00
-6.320612483844159968e+00
-6.324901399202643937e+00
-6.329179622605442646e+00
-6.333468171954153902e+00
-6.337771662883460166e+00
-6.342106501571833199e+00
-6.346403254568576457e+00
-6.350676277279853288e+00
-6.354938825964927318e+00
-6.359201814420520904e+00
-6.363468390889464921e+00
-6.367748884111642305e+00
-6.372020368464290208e+00
-6.376286505721508568e+00
-6.380579010210930768e+00
-6.384850714169441943e+00
-6.389123736321925762e+00
-6.393385259620844252e+00
-6.397637187875806930e+00
-6.401892339810727250e+00
-6.406132842972873220e+00
-6.410351006686686226e+00
-6.414551446586846062e+00
-6.418746538832782456e+00
-6.422961187176404962e+00
-6.427183526754378207e+00
-6.431408282555638678e+00
-6.435631060786543678e+00
-6.439844903908668705e+00
-6.444033624231813917e+00
-6.448223883472381956e+00
-6.452431574277578186e+00
-6.456610700115559709e+00
-6.460792316496370979e+00
-6.464959429949520775e+00
-6.469109039753673684e+00
-6.473261578753588985e+00
-6.477422760054468043e+00
-6.481578156165777038e+00
-6.485708796046672830e+00
-6.489811164326964033e+00
-6.493928400985895522e+00
-6.498051789402960132e+00
-6.502148298174141416e+00
-6.506230818107722413e+00
-6.510304695181547530e+00
-6.514369196817277441e+00
-6.518432820029555153e+00
-6.522481135651467810e+00
-6.526516560465095651e+00
-6.530567951686679251e+00
-6.534647760912774217e+00
-6.538734967447815905e+00
-6.542820930108426580e+00
-6.546885359100995672e+00
-6.550952790491281874e+00
-6.555057868361471307e+00
-6.559175837598739456e+00
-6.563239754177628171e+00
-6.567318831942974278e+00
-6.571410506591199407e+00
-6.575512215495107782e+00
-6.579626888968048704e+00
-6.583752694725989230e+00
-6.587887216545640356e+00
-6.592037118598817358e+00
-6.596210898458956251e+00
-6.600377792865036675e+00
-6.604565195553003143e+00
-6.608786142617463000e+00
-6.613030234351752412e+00
-6.617254257574676224e+00
-6.621453232318161852e+00
-6.625682309828697214e+00
-6.629946909844873559e+00
-6.634229673445223519e+00
-6.638484312128274389e+00
-6.642752354312686514e+00
-6.647058042977003645e+00
-6.651402037218211660e+00
-6.655751524679361708e+00
-6.660112511273472258e+00
-6.664493639022110116e+00
-6.668888829648492944e+00
-6.673291344381867773e+00
-6.677679283544419420e+00
-6.682096300367264874e+00
-6.686551183275876831e+00
-6.691025035828350731e+00
-6.695500646345315943e+00
-6.699975085072217951e+00
-6.704454796854404819e+00
-6.708945202268658647e+00
-6.713461901433764645e+00
-6.717976329941301117e+00
-6.722490539122371267e+00
-6.727004528418182083e+00
-6.731532873120157134e+00
-6.736063635163008101e+00
-6.740604211296885140e+00
-6.745176427997646940e+00
-6.749771935492752561e+00
-6.754381285980342042e+00
-6.758986461721359085e+00
-6.763575157802550919e+00
-6.768174547236410987e+00
-6.772783238906411540e+00
-6.777421593293546209e+00
-6.782069102954118023e+00
-6.786722032912074098e+00
-6.791359361913054116e+00
-6.795994640141723941e+00
-6.800631382968274963e+00
-6.805257872212676418e+00
-6.809896519966422090e+00
-6.814539634995161244e+00
-6.819184142118318803e+00
-6.823828062787650417e+00
-6.828480479493736155e+00
-6.833149522682650634e+00
-6.837849180912597191e+00
-6.842538365535436817e+00
-6.847217076551167736e+00
-6.851905821543185837e+00
-6.856621959153561541e+00
-6.861358604626728308e+00
-6.866074522631241628e+00
-6.870774620492009710e+00
-6.875500939041375048e+00
-6.880245860805733749e+00
-6.884987559868021023e+00
-6.889737681904806621e+00
-6.894478941755368240e+00
-6.899231553776187909e+00
-6.904026939626781711e+00
-6.908848765911533185e+00
-6.913659972045569369e+00
-6.918446056009268652e+00
-6.923247520625589679e+00
-6.928055137698537536e+00
-6.932858067192135820e+00
-6.937680039601398896e+00
-6.942514243512412975e+00
-6.947342587984165263e+00
-6.952149546029976257e+00
-6.956974960956721077e+00
-6.961824252712538907e+00
-6.966656259307636212e+00
-6.971441610692998836e+00
-6.976211874478029706e+00
-6.980981552175943072e+00
-6.985751596215412640e+00
-6.990504574734949017e+00
-6.995221664442214049e+00
-6.999952377191219099e+00
-7.004693270645792502e+00
-7.009419076266338422e+00
-7.014117342934467203e+00
-7.018836410247011770e+00
-7.023576937606547332e+00
-7.028278133810952788e+00
-7.032955453081511266e+00
-7.037650130784594005e+00
-7.042323202071701260e+00
-7.046971810460080476e+00
-7.051632503876452240e+00
-7.056297665056762369e+00
-7.060936825084489499e+00
-7.065571663822036719e+00
-7.070227816132818255e+00
-7.074894075901236867e+00
-7.079526351243247362e+00
-7.084169320077625009e+00
-7.088829354257311977e+00
-7.093499495894637796e+00
-7.098163192127820764e+00
-7.102835677624669941e+00
-7.107494539874595674e+00
-7.112168563171278990e+00
-7.116855037645426485e+00
-7.121534700565961273e+00
-7.126222347109568034e+00
-7.130923250331532515e+00
-7.135622322666447914e+00
-7.140323958466749943e+00
-7.145023616696697388e+00
-7.149721224014636611e+00
-7.154409749540489472e+00
-7.159104720330786265e+00
-7.163802108042863104e+00
-7.168502645115357730e+00
-7.173204280775960839e+00
-7.177922689043906068e+00
-7.182635677293863985e+00
-7.187339656813991340e+00
-7.192049935194653187e+00
-7.196759847146448230e+00
-7.201525570000510967e+00
-7.206294735162508402e+00
-7.211043685269531878e+00
-7.215768172652450296e+00
-7.220501522361290725e+00
-7.225244393493038153e+00
-7.229983968581062292e+00
-7.234698934401374792e+00
-7.239396834806528958e+00
-7.244121761401173032e+00
-7.248872689078551090e+00
-7.253620760343027385e+00
-7.258357772105362926e+00
-7.263098738868710491e+00
-7.267834505499330078e+00
-7.272581038684573507e+00
-7.277325887386676406e+00
-7.282059529903333939e+00
-7.286772152003822001e+00
-7.291487191165787252e+00
-7.296204573838029894e+00
-7.300890316083085807e+00
-7.305556136360381814e+00
-7.310237337569695626e+00
-7.314911727295246635e+00
-7.319577913861711416e+00
-7.324240438304831180e+00
-7.328927791900921918e+00
-7.333618001840067180e+00
-7.338301180619735575e+00
-7.342989413128224285e+00
-7.347690170016129230e+00
-7.352391732579552475e+00
-7.357090877994186151e+00
-7.361776693336421928e+00
-7.366482357269840797e+00
-7.371214901146002418e+00
-7.375921883635736087e+00
-7.380634432501390840e+00
-7.385369247183551700e+00
-7.390122372063340883e+00
-7.394848690385695811e+00
-7.399558016494846235e+00
-7.404292977449948410e+00
-7.409005233470814744e+00
-7.413703500025438764e+00
-7.418418099381959507e+00
-7.423146761371752334e+00
-7.427859017183071622e+00
-7.432552303140981920e+00
-7.437263313960282396e+00
-7.441976009402422321e+00
-7.446686580800450095e+00
-7.451377743063493320e+00
-7.456087728287092098e+00
-7.460784603236241708e+00
-7.465463167568667124e+00
-7.470138948829843528e+00
-7.474828939093275615e+00
-7.479524276172741182e+00
-7.484265535883603881e+00
-7.489001375995575138e+00
-7.493731210054828118e+00
-7.498472250020130403e+00
-7.503213436529039271e+00
-7.507940487377344319e+00
-7.512672738637773406e+00
-7.517409677058457085e+00
-7.522140390239654195e+00
-7.526880258275194358e+00
-7.531623495277015579e+00
-7.536367904487995872e+00
-7.541116122296078750e+00
-7.545873128809033048e+00
-7.550664120027794191e+00
-7.555436654435469634e+00
-7.560206698300315331e+00
-7.564979964867232454e+00
-7.569754037354139875e+00
-7.574562094267456303e+00
-7.579321224894373543e+00
-7.584064169228075691e+00
-7.588802059832959301e+00
-7.593523178249595773e+00
-7.598249057307837617e+00
-7.602982772886751839e+00
-7.607730111852286647e+00
-7.612461557053028294e+00
-7.617177841346709499e+00
-7.621896542422471832e+00
-7.626615609787402938e+00
-7.631338046118615992e+00
-7.636065682582556136e+00
-7.640782332886009165e+00
-7.645498397294430148e+00
-7.650220980588345654e+00
-7.654941366147248516e+00
-7.659653329290447843e+00
-7.664401620440183471e+00
-7.669134677201507877e+00
-7.673863486014305124e+00
-7.678613168559967228e+00
-7.683391049224882252e+00
-7.688164535257963728e+00
-7.692925423849372280e+00
-7.697717806603757928e+00
-7.702519491314886224e+00
-7.707302938681094062e+00
-7.712106454279272327e+00
-7.716892904601989400e+00
-7.721634603943674513e+00
-7.726369418110697218e+00
-7.731134920939801702e+00
-7.735893758758900951e+00
-7.740645931567994964e+00
-7.745396639499811720e+00
-7.750142000894991945e+00
-7.754917317815123390e+00
-7.759690217673776758e+00
-7.764445100352166840e+00
-7.769211701489983746e+00
-7.773983063548802086e+00
-7.778722053021191130e+00
-7.783443684130905815e+00
-7.788199665397404381e+00
-7.792954695038496027e+00
-7.797688850387929804e+00
-7.802399641461668978e+00
-7.807137531787155638e+00
-7.811889851838349053e+00
-7.816633308306334627e+00
-7.821388703398405084e+00
-7.826139557734130392e+00
-7.830872833542524170e+00
-7.835630500130354115e+00
-7.840388313122092612e+00
-7.845142097771166334e+00
-7.849884676374493608e+00
-7.854626887850462147e+00
-7.859357820078729517e+00
-7.864037995971737693e+00
-7.868699420988558124e+00
-7.873362970538435590e+00
-7.878027033060787332e+00
-7.882672125659882845e+00
-7.887321319803595188e+00
-7.891969342157244327e+00
-7.896614288352429512e+00
-7.901267950050533173e+00
-7.905911431647837162e+00
-7.910542828217148603e+00
-7.915162433125078500e+00
-7.919777788966894327e+00
-7.924381060898303630e+00
-7.928945147432386875e+00
-7.933518463000654997e+00
-7.938101812824607251e+00
-7.942679669708013535e+00
-7.947265655361116288e+00
-7.951829668693244813e+00
-7.956392950564622701e+00
-7.960964801535010515e+00
-7.965557672642171738e+00
-7.970173101685941397e+00
-7.974794171191751602e+00
-7.979418243095278918e+00
-7.984034405276179136e+00
-7.988668878003954532e+00
-7.993326202034950256e+00
-7.997979644127189758e+00
-8.002635283954441903e+00
-8.007284624502062798e+00
-8.011932793259621377e+00
-8.016573491506278515e+00
-8.021208916418254731e+00
-8.025836284644901397e+00
-8.030458819307387586e+00
-8.035073809139429812e+00
-8.039637676067650673e+00
-8.044216484017670865e+00
-8.048804008029401658e+00
-8.053368387930095906e+00
-8.057896806672214751e+00
-8.062417827546596527e+00
-8.066945219784974697e+00
-8.071437603048980947e+00
-8.075931669957935100e+00
-8.080434673093259690e+00
-8.084928301349282975e+00
-8.089431084878743405e+00
-8.093978252261877060e+00
-8.098541093803941493e+00
-8.103062260523438809e+00
-8.107580937817692401e+00
-8.112111113965511322e+00
-8.116641803085803630e+00
-8.121173883602022414e+00
-8.125684797018767114e+00
-8.130176447704434040e+00
-8.134663191065191867e+00
-8.139128255471586471e+00
-8.143576839938759804e+00
-8.148039998859166744e+00
-8.152521321922540309e+00
-8.156993489712476730e+00
-8.161457893624902482e+00
-8.165931672975421662e+00
-8.170415779948234203e+00
-8.174861507862805965e+00
-8.179291267693042045e+00
-8.183730550482868793e+00
-8.188163167983294244e+00
-8.192573446035385842e+00
-8.197016170993446593e+00
-8.201446077227592113e+00
-8.205882355943321826e+00
-8.210323762148618698e+00
-8.214763263985513930e+00
-8.219185701385139708e+00
-8.223610555008054490e+00
-8.228048738092184067e+00
-8.232501716911793110e+00
-8.236943856254219654e+00
-8.241357064619659667e+00
-8.245770199224352837e+00
-8.250179159641266580e+00
-8.254608993232249503e+00
-8.259030623733996990e+00
-8.263447859883308766e+00
-8.267874104902148247e+00
-8.272297127917408233e+00
-8.276722420752047782e+00
-8.281142953783273697e+00
-8.285573593154548888e+00
-8.290001523494719748e+00
-8.294414437934756634e+00
-8.298821713030338998e+00
-8.303235213086008315e+00
-8.307634651660919189e+00
-8.312029403075575473e+00
-8.316438362374901416e+00
-8.320838166400790215e+00
-8.325229401886463876e+00
-8.329609651491045597e+00
-8.333978327363729122e+00
-8.338329426944255829e+00
-8.342673128098249791e+00
-8.347008772566914203e+00
-8.351338703930377250e+00
-8.355672957003116963e+00
-8.360013727843760734e+00
-8.364344318583608384e+00
-8.368671833723784204e+00
-8.373021907359362359e+00
-8.377378937974572892e+00
-8.381735529378056881e+00
-8.386082087084650638e+00
-8.390421614050865173e+00
-8.394776741415261867e+00
-8.399134578928350692e+00
-8.403501497954129817e+00
-8.407867244631052728e+00
-8.412236800044775364e+00
-8.416619465872646089e+00
-8.421015169471502304e+00
-8.425416072085500474e+00
-8.429803426191210036e+00
-8.434172615036368725e+00
-8.438503059372305160e+00
-8.442828156054019928e+00
-8.447144318744539859e+00
-8.451460481435059791e+00
-8.455782650038599968e+00
-8.460116316378115897e+00
-8.464442072436213493e+00
-8.468772882223129628e+00
-8.473096441105008481e+00
-8.477418169379234314e+00
-8.481755205243825202e+00
-8.486104619503020530e+00
-8.490439458191394451e+00
-8.494761845842003112e+00
-8.499107084795832989e+00
-8.503459574654698372e+00
-8.507794047892094369e+00
-8.512131450325250981e+00
-8.516496831551194191e+00
-8.520869316160679219e+00
-8.525243558734654670e+00
-8.529618534445763345e+00
-8.534005961194633727e+00
-8.538391189649701118e+00
-8.542767556756734493e+00
-8.547119240835309384e+00
-8.551477517560124753e+00
-8.555843704566360231e+00
-8.560201174393295531e+00
-8.564549636468290927e+00
-8.568915089219808934e+00
-8.573281569033861516e+00
-8.577641238272189383e+00
-8.582022512704133632e+00
-8.586419461295008659e+00
-8.590807033330202458e+00
-8.595232106000185723e+00
-8.599674317985773087e+00
-8.604081814363599534e+00
-8.608491140231489425e+00
-8.612898196280003305e+00
-8.617281888052820804e+00
-8.621658475324512239e+00
-8.626044363155960681e+00
-8.630439260974526405e+00
-8.634829764440656419e+00
-8.639240994676947949e+00
-8.643663943931461091e+00
-8.648086965829133277e+00
-8.652506107464432716e+00
-8.656929350644350762e+00
-8.661348637565970066e+00
-8.665763822942972538e+00
-8.670193950459360366e+00
-8.674611625820398686e+00
-8.679028350114823098e+00
-8.683452324196696992e+00
-8.687923539802431705e+00
-8.692385965585708973e+00
-8.696841287985444424e+00
-8.701293901354073768e+00
-8.705742120370269177e+00
-8.710181330516935105e+00
-8.714628962799906731e+00
-8.719076154753565788e+00
-8.723512798920273426e+00
-8.727942559868097305e+00
-8.732376421242951992e+00
-8.736825443804264069e+00
-8.741278935596346500e+00
-8.745728765055536869e+00
-8.750172662362455611e+00
-8.754620075598358753e+00
-8.759067928045988438e+00
-8.763518854975700378e+00
-8.767970734089612250e+00
-8.772405548766254668e+00
-8.776821687445044873e+00
-8.781230207532644272e+00
-8.785659603029490228e+00
-8.790105109661817906e+00
-8.794543367624282126e+00
-8.798970125615596771e+00
-8.803376303240657563e+00
-8.807773911207913642e+00
-8.812157383933662658e+00
-8.816543932259083505e+00
-8.820926524326205609e+00
-8.825323693081736920e+00
-8.829726646468042617e+00
-8.834122643992305512e+00
-8.838505676388740184e+00
-8.842901597917080636e+00
-8.847315097972749953e+00
-8.851704723015426879e+00
-8.856093395873903873e+00
-8.860478624328971264e+00
-8.864848326146603341e+00
-8.869195909798145649e+00
-8.873528332263230567e+00
-8.877861706912517192e+00
-8.882186219096183777e+00
-8.886495570093392971e+00
-8.890791445225477929e+00
-8.895091640949249978e+00
-8.899394693225621822e+00
-8.903692691773176904e+00
-8.907978897541761754e+00
-8.912277629226446507e+00
-8.916601260751486180e+00
-8.920929800719022751e+00
-8.925248599797487969e+00
-8.929557217657565715e+00
-8.933842618763446097e+00
-8.938095426559447887e+00
-8.942362957447766547e+00
-8.946590644121169333e+00
-8.950800239294768090e+00
-8.955033417791128159e+00
-8.959271871298550849e+00
-8.963524238765240071e+00
-8.967794038355350494e+00
-8.972069770097732544e+00
-8.976331587880849838e+00
-8.980586152523756027e+00
-8.984852876514196396e+00
-8.989104365557432530e+00
-8.993357613682746887e+00
-8.997618186473847146e+00
-9.001877952367067337e+00
-9.006136106699704769e+00
-9.010399095714092255e+00
-9.014652781933545356e+00
-9.018892111629247310e+00
-9.023139720410108922e+00
-9.027390842884779332e+00
-9.031636180728673580e+00
-9.035835154354572296e+00
-9.040049365162849071e+00
-9.044266649335622077e+00
-9.048500046879052405e+00
-9.052734836935997009e+00
-9.056982224434614537e+00
-9.061224412918090110e+00
-9.065463963896036148e+00
-9.069707323610781913e+00
-9.073964306712150929e+00
-9.078248974680899863e+00
-9.082528150826693292e+00
-9.086808276921511052e+00
-9.091090088337660191e+00
-9.095386108756065013e+00
-9.099678539484738593e+00
-9.103973533958196640e+00
-9.108273510634898429e+00
-9.112580811977386119e+00
-9.116896899789571407e+00
-9.121219141036272404e+00
-9.125538232922554727e+00
-9.129849486052989960e+00
-9.134148510545491817e+00
-9.138438010960816982e+00
-9.142730515450239182e+00
-9.147042720764876123e+00
-9.151364669203758240e+00
-9.155702143162489648e+00
-9.160042254626750591e+00
-9.164386543631554360e+00
-9.168744380027055385e+00
-9.173085445910691860e+00
-9.177411274611950276e+00
-9.181737177073955536e+00
-9.186064912378787639e+00
-9.190382392704487202e+00
-9.194698701798916574e+00
-9.199011787772178650e+00
-9.203330441564322228e+00
-9.207653782516718621e+00
-9.211976828426122310e+00
-9.216314668953419442e+00
-9.220657051354645972e+00
-9.225015547126531601e+00
-9.229374776035546901e+00
-9.233739789575338364e+00
-9.238103412836789374e+00
-9.242460078001021984e+00
-9.246796235442161560e+00
-9.251135030388832448e+00
-9.255460347235203500e+00
-9.259770650416612625e+00
-9.264057810604573007e+00
-9.268351633846759086e+00
-9.272657321393490193e+00
-9.276952901482582448e+00
-9.281253682821988704e+00
-9.285568159073591232e+00
-9.289892890304326301e+00
-9.294225017726422067e+00
-9.298529753088951466e+00
-9.302816470712423680e+00
-9.307082461565732601e+00
-9.311329263448715921e+00
-9.315567714720964787e+00
-9.319800307601690648e+00
-9.324028872698544745e+00
-9.328222206979990716e+00
-9.332409609109163284e+00
-9.336581043154001947e+00
-9.340732702612877247e+00
-9.344886778295039775e+00
-9.349039316177368164e+00
-9.353186288475990651e+00
-9.357313486188649776e+00
-9.361435192078351619e+00
-9.365566636621952767e+00
-9.369683872163296456e+00
-9.373795615881681087e+00
-9.377900694310664420e+00
-9.381999326497316716e+00
-9.386095689982175472e+00
-9.390174914151430130e+00
-9.394262046366929297e+00
-9.398343246430158615e+00
-9.402414998412131908e+00
-9.406476864218712208e+00
-9.410525766015052085e+00
-9.414554598182439449e+00
-9.418555526435374858e+00
-9.422544002532958984e+00
-9.426527279615402932e+00
-9.430500008910893683e+00
-9.434466584771872277e+00
-9.438432575017213111e+00
-9.442393292486666923e+00
-9.446351298689842579e+00
-9.450293779373168945e+00
-9.454224029183388112e+00
-9.458161089569330215e+00
-9.462097052484750748e+00
-9.466029280424118397e+00
-9.469960846751927619e+00
-9.473895052820443752e+00
-9.477815340459347482e+00
-9.481719588488340733e+00
-9.485617683082818274e+00
-9.489501351863145473e+00
-9.493380990624427085e+00
-9.497249348461627605e+00
-9.501093830168247933e+00
-9.504945124685765023e+00
-9.508807331323623657e+00
-9.512679500132799504e+00
-9.516564997285604122e+00
-9.520449911057948356e+00
-9.524325519800186157e+00
-9.528182525187730789e+00
-9.532029130309819465e+00
-9.535871633887291310e+00
-9.539702787250281091e+00
-9.543525811284780502e+00
-9.547358721494674683e+00
-9.551175078004598973e+00
-9.554988725483417156e+00
-9.558794976770878193e+00
-9.562606500834226253e+00
-9.566436480730772018e+00
-9.570270709693431854e+00
-9.574087651818990352e+00
-9.577895000576972961e+00
-9.581690411269665475e+00
-9.585482817888259177e+00
-9.589264383912086132e+00
-9.593041557818651199e+00
-9.596823785454034805e+00
-9.600610038638114574e+00
-9.604372710734605079e+00
-9.608126372843980079e+00
-9.611862383782863617e+00
-9.615616412460804341e+00
-9.619378351420163398e+00
-9.623139923810958507e+00
-9.626899665594100597e+00
-9.630661971122027154e+00
-9.634440461546182277e+00
-9.638206794857978821e+00
-9.641975032538175228e+00
-9.645728035271167400e+00
-9.649481185525655036e+00
-9.653237192332744243e+00
-9.656980527937411907e+00
-9.660732871294021251e+00
-9.664484336227179284e+00
-9.668244956433772686e+00
-9.672006966918706539e+00
-9.675753597170114517e+00
-9.679505940526723862e+00
-9.683262751996517537e+00
-9.687020296603440883e+00
-9.690772787481545691e+00
-9.694519343972206826e+00
-9.698257185518741608e+00
-9.701989535242319107e+00
-9.705710532516240718e+00
-9.709432774782181141e+00
-9.713148937374352698e+00
-9.716861876845360513e+00
-9.720571740716696496e+00
-9.724272082746029611e+00
-9.727979454398155923e+00
-9.731684628874063492e+00
-9.735404305160045624e+00
-9.739125081151723151e+00
-9.742840291559696553e+00
-9.746557480096816661e+00
-9.750259433686732535e+00
-9.753958676010370255e+00
-9.757655283063650486e+00
-9.761335776746273396e+00
-9.765018612891434913e+00
-9.768692293763161061e+00
-9.772360923141240718e+00
-9.776029402762651088e+00
-9.779702352732419612e+00
-9.783384017646312714e+00
-9.787073811888694408e+00
-9.790767926722764969e+00
-9.794464460015296581e+00
-9.798155061155558343e+00
-9.801827277988195419e+00
-9.805479937046765571e+00
-9.809115899354219792e+00
-9.812737431377172470e+00
-9.816344463825226185e+00
-9.819955669343471527e+00
-9.823567534238099697e+00
-9.827170538902283425e+00
-9.830777571350335364e+00
-9.834385701268910651e+00
-9.838000568002462032e+00
-9.841616386920213344e+00
-9.845230522751808877e+00
-9.848849052935838344e+00
-9.852463041245936637e+00
-9.856064286828040366e+00
-9.859659305214881542e+00
