2.861022949218750000e-06
1.230192184448242188e-02
2.404475212097167969e-02
3.590583801269531250e-02
4.675126075744628906e-02
5.655765533447265625e-02
6.616234779357910156e-02
7.620453834533691406e-02
8.703851699829101562e-02
9.797239303588867188e-02
1.091060638427734375e-01
1.180400848388671875e-01
1.254923343658447266e-01
1.326344013214111328e-01
1.387791633605957031e-01
1.447050571441650391e-01
1.509633064270019531e-01
1.560945510864257812e-01
1.611053943634033203e-01
1.657631397247314453e-01
1.710433959960937500e-01
1.776776313781738281e-01
1.828827857971191406e-01
1.876881122589111328e-01
1.917226314544677734e-01
1.959247589111328125e-01
2.007513046264648438e-01
2.057483196258544922e-01
2.107355594635009766e-01
2.141911983489990234e-01
2.191889286041259766e-01
2.244122028350830078e-01
2.304089069366455078e-01
2.365000247955322266e-01
2.427866458892822266e-01
2.495031356811523438e-01
2.555034160614013672e-01
2.619509696960449219e-01
2.682266235351562500e-01
2.741057872772216797e-01
2.795391082763671875e-01
2.845938205718994141e-01
2.896971702575683594e-01
2.951674461364746094e-01
3.018724918365478516e-01
3.072137832641601562e-01
3.122172355651855469e-01
3.185796737670898438e-01
3.247735500335693359e-01
3.309857845306396484e-01
3.367733955383300781e-01
3.420064449310302734e-01
3.467831611633300781e-01
3.518414497375488281e-01
3.572165966033935547e-01
3.630025386810302734e-01
3.685698509216308594e-01
3.747656345367431641e-01
3.812317848205566406e-01
3.862073421478271484e-01
3.914785385131835938e-01
3.977212905883789062e-01
4.034783840179443359e-01
4.099836349487304688e-01
4.160788059234619141e-01
4.210402965545654297e-01
4.274904727935791016e-01
4.327077865600585938e-01
4.390630722045898438e-01
4.444375038146972656e-01
4.507317543029785156e-01
4.569847583770751953e-01
4.629743099212646484e-01
4.666063785552978516e-01
4.696791172027587891e-01
4.731323719024658203e-01
4.766082763671875000e-01
4.801261425018310547e-01
4.836268424987792969e-01
4.867162704467773438e-01
4.899809360504150391e-01
4.934065341949462891e-01
4.964916706085205078e-01
5.000820159912109375e-01
5.036222934722900391e-01
5.067164897918701172e-01
5.103981494903564453e-01
5.136244297027587891e-01
5.168633460998535156e-01
5.199775695800781250e-01
5.234215259552001953e-01
5.273699760437011719e-01
5.307624340057373047e-01
5.337042808532714844e-01
5.367479324340820312e-01
5.398714542388916016e-01
5.433738231658935547e-01
5.467474460601806641e-01
5.496206283569335938e-01
5.531046390533447266e-01
5.563664436340332031e-01
5.598683357238769531e-01
5.633456707000732422e-01
5.668702125549316406e-01
5.704667568206787109e-01
5.738670825958251953e-01
5.771002769470214844e-01
5.812602043151855469e-01
5.856001377105712891e-01
5.904197692871093750e-01
5.945231914520263672e-01
5.985186100006103516e-01
6.016278266906738281e-01
6.043577194213867188e-01
6.071457862854003906e-01
6.100597381591796875e-01
6.131286621093750000e-01
6.163885593414306641e-01
6.191451549530029297e-01
6.218757629394531250e-01
6.250405311584472656e-01
6.296012401580810547e-01
6.335210800170898438e-01
6.378929615020751953e-01
6.414055824279785156e-01
6.451270580291748047e-01
6.494131088256835938e-01
6.534175872802734375e-01
6.576709747314453125e-01
6.613965034484863281e-01
6.655557155609130859e-01
6.700561046600341797e-01
6.743893623352050781e-01
6.778895854949951172e-01
6.813819408416748047e-01
6.848833560943603516e-01
6.883559226989746094e-01
6.918828487396240234e-01
6.953723430633544922e-01
6.987676620483398438e-01
7.021417617797851562e-01
7.057516574859619141e-01
7.093577384948730469e-01
7.128586769104003906e-01
7.163648605346679688e-01
7.198777198791503906e-01
7.233474254608154297e-01
7.268562316894531250e-01
7.303588390350341797e-01
7.337110042572021484e-01
7.373478412628173828e-01
7.406249046325683594e-01
7.439913749694824219e-01
7.473695278167724609e-01
7.506322860717773438e-01
7.538669109344482422e-01
7.572665214538574219e-01
7.603752613067626953e-01
7.636213302612304688e-01
7.668547630310058594e-01
7.703597545623779297e-01
7.737786769866943359e-01
7.773711681365966797e-01
7.806324958801269531e-01
7.838585376739501953e-01
7.873666286468505859e-01
7.906339168548583984e-01
7.938666343688964844e-01
7.973468303680419922e-01
8.006331920623779297e-01
8.038599491119384766e-01
8.073470592498779297e-01
8.106155395507812500e-01
8.138656616210937500e-01
8.173699378967285156e-01
8.206329345703125000e-01
8.241891860961914062e-01
8.277118206024169922e-01
8.312442302703857422e-01
8.343763351440429688e-01
8.376333713531494141e-01
8.408594131469726562e-01
8.442656993865966797e-01
8.476219177246093750e-01
8.508760929107666016e-01
8.543584346771240234e-01
8.577463626861572266e-01
8.612675666809082031e-01
8.646216392517089844e-01
8.680849075317382812e-01
8.718678951263427734e-01
8.753831386566162109e-01
8.788602352142333984e-01
8.823828697204589844e-01
8.858802318572998047e-01
8.893566131591796875e-01
8.928596973419189453e-01
8.963680267333984375e-01
8.997588157653808594e-01
9.033980369567871094e-01
9.068589210510253906e-01
9.103600978851318359e-01
9.137105941772460938e-01
9.172449111938476562e-01
9.206225872039794922e-01
9.238572120666503906e-01
9.272663593292236328e-01
9.306073188781738281e-01
9.338655471801757812e-01
9.373486042022705078e-01
9.406130313873291016e-01
9.438600540161132812e-01
9.473426342010498047e-01
9.506232738494873047e-01
9.538607597351074219e-01
9.572453498840332031e-01
9.606251716613769531e-01
9.638602733612060547e-01
9.673495292663574219e-01
9.706087112426757812e-01
9.738674163818359375e-01
9.773411750793457031e-01
9.806077480316162109e-01
9.838550090789794922e-01
9.873504638671875000e-01
9.906091690063476562e-01
9.938626289367675781e-01
9.973924160003662109e-01
1.000611543655395508e+00
1.003999471664428711e+00
1.007265329360961914e+00
1.010713100433349609e+00
1.014350652694702148e+00
1.017609357833862305e+00
1.020861148834228516e+00
1.024357557296752930e+00
1.027621984481811523e+00
1.030856370925903320e+00
1.034385681152343750e+00
1.037793636322021484e+00
1.041600942611694336e+00
1.045451164245605469e+00
1.048862695693969727e+00
1.052966356277465820e+00
1.057477712631225586e+00
1.060864448547363281e+00
1.064758300781250000e+00
1.068934679031372070e+00
1.072374582290649414e+00
1.075763940811157227e+00
1.079753875732421875e+00
1.084067344665527344e+00
1.087882041931152344e+00
1.091944694519042969e+00
1.095613956451416016e+00
1.099828481674194336e+00
1.103970766067504883e+00
1.107509851455688477e+00
1.111113786697387695e+00
1.114717483520507812e+00
1.118445873260498047e+00
1.121998786926269531e+00
1.125406503677368164e+00
1.129401683807373047e+00
1.133004426956176758e+00
1.136959314346313477e+00
1.140626192092895508e+00
1.144701480865478516e+00
1.148616552352905273e+00
1.152963638305664062e+00
1.156628370285034180e+00
1.160751342773437500e+00
1.164366006851196289e+00
1.167976140975952148e+00
1.171874046325683594e+00
1.175341844558715820e+00
1.179748535156250000e+00
1.183350086212158203e+00
1.186961174011230469e+00
1.190352201461791992e+00
1.193831920623779297e+00
1.197343349456787109e+00
1.201364517211914062e+00
1.205465078353881836e+00
1.208995819091796875e+00
1.212351560592651367e+00
1.216339826583862305e+00
1.219495534896850586e+00
1.222724914550781250e+00
1.226357698440551758e+00
1.229601860046386719e+00
1.232865571975708008e+00
1.235854148864746094e+00
1.239176034927368164e+00
1.242609977722167969e+00
1.246116638183593750e+00
1.249348402023315430e+00
1.252863168716430664e+00
1.256442785263061523e+00
1.259829044342041016e+00
1.262976408004760742e+00
1.266374826431274414e+00
1.269750833511352539e+00
1.272606372833251953e+00
1.275603294372558594e+00
1.279361009597778320e+00
1.282499313354492188e+00
1.285842657089233398e+00
1.288992881774902344e+00
1.291854143142700195e+00
1.294743299484252930e+00
1.297347545623779297e+00
1.299993753433227539e+00
1.302348375320434570e+00
1.305401086807250977e+00
1.307991743087768555e+00
1.310753583908081055e+00
1.313362121582031250e+00
1.316417455673217773e+00
1.319066047668457031e+00
1.321929216384887695e+00
1.324375391006469727e+00
1.327355384826660156e+00
1.330354452133178711e+00
1.332951545715332031e+00
1.336352109909057617e+00
1.339867830276489258e+00
1.343416213989257812e+00
1.346352100372314453e+00
1.349347352981567383e+00
1.352604627609252930e+00
1.355865955352783203e+00
1.358987808227539062e+00
1.361855745315551758e+00
1.364847660064697266e+00
1.367848157882690430e+00
1.371366024017333984e+00
1.374358177185058594e+00
1.378367185592651367e+00
1.381503820419311523e+00
1.384848117828369141e+00
1.387856245040893555e+00
1.391116857528686523e+00
1.394602537155151367e+00
1.397863388061523438e+00
1.401087999343872070e+00
1.404740333557128906e+00
1.407990217208862305e+00
1.410978794097900391e+00
1.414358377456665039e+00
1.417732000350952148e+00
1.421340465545654297e+00
1.424354553222656250e+00
1.427613735198974609e+00
1.430867195129394531e+00
1.434333801269531250e+00
1.437754154205322266e+00
1.440827608108520508e+00
1.444347858428955078e+00
1.447500467300415039e+00
1.450711488723754883e+00
1.453830957412719727e+00
1.456977128982543945e+00
1.460346221923828125e+00
1.463608264923095703e+00
1.466602802276611328e+00
1.469987154006958008e+00
1.473352670669555664e+00
1.476866245269775391e+00
1.480338096618652344e+00
1.483662366867065430e+00
1.486865520477294922e+00
1.490026473999023438e+00
1.493751287460327148e+00
1.496867179870605469e+00
1.500503540039062500e+00
1.504078865051269531e+00
1.507612705230712891e+00
1.510845184326171875e+00
1.514364480972290039e+00
1.517347574234008789e+00
1.520604372024536133e+00
1.523828983306884766e+00
1.527529716491699219e+00
1.531345844268798828e+00
1.534848690032958984e+00
1.538344383239746094e+00
1.541342735290527344e+00
1.544862508773803711e+00
1.548326969146728516e+00
1.552362203598022461e+00
1.556341648101806641e+00
1.559991121292114258e+00
1.563353538513183594e+00
1.566359519958496094e+00
1.570379734039306641e+00
1.573868513107299805e+00
1.577343940734863281e+00
1.581331014633178711e+00
1.584859848022460938e+00
1.588341951370239258e+00
1.591611385345458984e+00
1.595339298248291016e+00
1.598989725112915039e+00
1.601971864700317383e+00
1.604972839355468750e+00
1.608865737915039062e+00
1.612337827682495117e+00
1.615729570388793945e+00
1.619330406188964844e+00
1.623353958129882812e+00
1.626359462738037109e+00
1.629859209060668945e+00
1.632989645004272461e+00
1.636341810226440430e+00
1.640110015869140625e+00
1.643864631652832031e+00
1.647342920303344727e+00
1.650355815887451172e+00
1.653348207473754883e+00
1.656353235244750977e+00
1.659497737884521484e+00
1.662497997283935547e+00
1.665767908096313477e+00
1.669332027435302734e+00
1.673333168029785156e+00
1.677028179168701172e+00
1.680350780487060547e+00
1.683710098266601562e+00
1.686971902847290039e+00
1.690335273742675781e+00
1.694078207015991211e+00
1.697640419006347656e+00
1.700850009918212891e+00
1.704327106475830078e+00
1.707855701446533203e+00
1.710998773574829102e+00
1.714367389678955078e+00
1.718009948730468750e+00
1.721341371536254883e+00
1.724496841430664062e+00
1.727795124053955078e+00
1.730860233306884766e+00
1.734077215194702148e+00
1.737691402435302734e+00
1.741336107254028320e+00
1.744611024856567383e+00
1.747599840164184570e+00
1.751338481903076172e+00
1.754851102828979492e+00
1.758335590362548828e+00
1.761347532272338867e+00
1.765364646911621094e+00
1.768843173980712891e+00
1.773411512374877930e+00
1.777338981628417969e+00
1.781355619430541992e+00
1.785099506378173828e+00
1.788626670837402344e+00
1.792358636856079102e+00
1.795868873596191406e+00
1.799381494522094727e+00
1.803129911422729492e+00
1.806771278381347656e+00
1.810377359390258789e+00
1.813865423202514648e+00
1.817333221435546875e+00
1.820622920989990234e+00
1.823997735977172852e+00
1.827522277832031250e+00
1.831077575683593750e+00
1.834739208221435547e+00
1.838361501693725586e+00
1.841984033584594727e+00
1.845373630523681641e+00
1.849113225936889648e+00
1.852757930755615234e+00
1.856355667114257812e+00
1.860132694244384766e+00
1.863754749298095703e+00
1.867376565933227539e+00
1.870861530303955078e+00
1.874356269836425781e+00
1.877865791320800781e+00
1.881350517272949219e+00
1.884611606597900391e+00
1.887864112854003906e+00
1.891349554061889648e+00
1.894611120223999023e+00
1.897866964340209961e+00
1.901348352432250977e+00
1.904597997665405273e+00
1.907860517501831055e+00
1.911350011825561523e+00
1.914599418640136719e+00
1.917868137359619141e+00
1.921356916427612305e+00
1.924617052078247070e+00
1.927852630615234375e+00
1.931342601776123047e+00
1.934861660003662109e+00
1.938338279724121094e+00
1.941616535186767578e+00
1.944861173629760742e+00
1.948353528976440430e+00
1.951601982116699219e+00
1.954860687255859375e+00
1.958338260650634766e+00
1.961613416671752930e+00
1.964867115020751953e+00
1.968349933624267578e+00
1.971599102020263672e+00
1.974862337112426758e+00
1.978361606597900391e+00
1.981613874435424805e+00
1.984860658645629883e+00
1.988345861434936523e+00
1.991600036621093750e+00
1.994865417480468750e+00
1.998353004455566406e+00
2.001613855361938477e+00
2.004865169525146484e+00
2.008333206176757812e+00
2.011603593826293945e+00
2.014861583709716797e+00
2.018351793289184570e+00
2.021717071533203125e+00
2.025329113006591797e+00
2.028618097305297852e+00
2.031865596771240234e+00
2.035352945327758789e+00
2.038612842559814453e+00
2.041862726211547852e+00
2.045348644256591797e+00
2.048612356185913086e+00
2.051865100860595703e+00
2.055352210998535156e+00
2.058612823486328125e+00
2.061866760253906250e+00
2.065349340438842773e+00
2.068594694137573242e+00
2.071865558624267578e+00
2.075349092483520508e+00
2.078613281250000000e+00
2.081866502761840820e+00
2.085353612899780273e+00
2.088613033294677734e+00
2.091861248016357422e+00
2.095347166061401367e+00
2.098612070083618164e+00
2.101869344711303711e+00
2.105351209640502930e+00
2.108600378036499023e+00
2.111981153488159180e+00
2.115338087081909180e+00
2.118613243103027344e+00
2.121865987777709961e+00
2.125352144241333008e+00
2.129121780395507812e+00
2.132994651794433594e+00
2.136674880981445312e+00
2.140957117080688477e+00
2.144698619842529297e+00
2.148416519165039062e+00
2.152363061904907227e+00
2.156361103057861328e+00
2.159728288650512695e+00
2.163406610488891602e+00
2.167355298995971680e+00
2.170984983444213867e+00
2.174253940582275391e+00
2.177936553955078125e+00
2.181390285491943359e+00
2.185467720031738281e+00
2.189391851425170898e+00
2.192993640899658203e+00
2.196342468261718750e+00
2.200086355209350586e+00
2.203727722167968750e+00
2.207391023635864258e+00
2.211080789566040039e+00
2.214747428894042969e+00
2.218369007110595703e+00
2.221781969070434570e+00
2.225528717041015625e+00
2.229409456253051758e+00
2.233003854751586914e+00
2.235704660415649414e+00
2.238368511199951172e+00
2.240983963012695312e+00
2.244114637374877930e+00
2.246868133544921875e+00
2.249727249145507812e+00
2.252337455749511719e+00
2.254982471466064453e+00
2.257700204849243164e+00
2.260368824005126953e+00
2.263903141021728516e+00
2.267396450042724609e+00
2.271354198455810547e+00
2.274987697601318359e+00
2.278358459472656250e+00
2.281791448593139648e+00
2.285519123077392578e+00
2.289452791213989258e+00
2.292844772338867188e+00
2.296350240707397461e+00
2.300118207931518555e+00
2.304123878479003906e+00
2.307987213134765625e+00
2.311560153961181641e+00
2.315399408340454102e+00
2.318982124328613281e+00
2.322518825531005859e+00
2.325976610183715820e+00
2.329490184783935547e+00
2.333359718322753906e+00
2.337520360946655273e+00
2.340990781784057617e+00
2.344793319702148438e+00
2.348337173461914062e+00
2.352110147476196289e+00
2.356374740600585938e+00
2.360397338867187500e+00
2.363731861114501953e+00
2.367417335510253906e+00
2.370879173278808594e+00
2.375633478164672852e+00
2.379786968231201172e+00
2.383320331573486328e+00
2.386988401412963867e+00
2.390392541885375977e+00
2.393355369567871094e+00
2.396841764450073242e+00
2.400336980819702148e+00
2.404340505599975586e+00
2.407966375350952148e+00
2.410851001739501953e+00
2.414102792739868164e+00
2.417725086212158203e+00
2.421337366104125977e+00
2.425421714782714844e+00
2.428679943084716797e+00
2.433047056198120117e+00
2.437600612640380859e+00
2.441371917724609375e+00
2.445991277694702148e+00
2.449600458145141602e+00
2.454115867614746094e+00
2.457812309265136719e+00
2.461625576019287109e+00
2.465342283248901367e+00
2.469359874725341797e+00
2.474125385284423828e+00
2.477820158004760742e+00
2.481950044631958008e+00
2.486637830734252930e+00
2.490619659423828125e+00
2.494027853012084961e+00
2.498041868209838867e+00
2.501727819442749023e+00
2.505576372146606445e+00
2.509337663650512695e+00
2.513404369354248047e+00
2.516982555389404297e+00
2.520862817764282227e+00
2.524359464645385742e+00
2.528164863586425781e+00
2.532718420028686523e+00
2.537174701690673828e+00
2.540759086608886719e+00
2.544735670089721680e+00
2.548796653747558594e+00
2.552404642105102539e+00
2.556387901306152344e+00
2.560363292694091797e+00
2.564363479614257812e+00
2.568167686462402344e+00
2.572164297103881836e+00
2.575736522674560547e+00
2.579753160476684570e+00
2.583518266677856445e+00
2.586868286132812500e+00
2.590527534484863281e+00
2.594103574752807617e+00
2.597695827484130859e+00
2.601360797882080078e+00
2.604722261428833008e+00
2.608376741409301758e+00
2.612127065658569336e+00
2.615858793258666992e+00
2.619529485702514648e+00
2.622984170913696289e+00
2.626533269882202148e+00
2.630411624908447266e+00
2.634371042251586914e+00
2.637706995010375977e+00
2.641371250152587891e+00
2.644976615905761719e+00
2.648354768753051758e+00
2.651942491531372070e+00
2.655858755111694336e+00
2.659349441528320312e+00
2.662699460983276367e+00
2.666366577148437500e+00
2.669979095458984375e+00
2.673338174819946289e+00
2.676721334457397461e+00
2.680397272109985352e+00
2.683851480484008789e+00
2.687415599822998047e+00
2.690981388092041016e+00
2.694249868392944336e+00
2.698327779769897461e+00
2.701737642288208008e+00
2.705370664596557617e+00
2.709364414215087891e+00
2.713602781295776367e+00
2.717739343643188477e+00
2.721339941024780273e+00
2.725342512130737305e+00
2.729373455047607422e+00
2.732844114303588867e+00
2.736367940902709961e+00
2.739615201950073242e+00
2.742867708206176758e+00
2.746356725692749023e+00
2.749736785888671875e+00
2.753347158432006836e+00
2.756629467010498047e+00
2.759972572326660156e+00
2.763329744338989258e+00
2.766512393951416016e+00
2.769844532012939453e+00
2.773342370986938477e+00
2.776656866073608398e+00
2.779844045639038086e+00
2.783326864242553711e+00
2.786602735519409180e+00
2.789861679077148438e+00
2.793347120285034180e+00
2.796616792678833008e+00
2.799843549728393555e+00
2.803331136703491211e+00
2.806589841842651367e+00
2.809848546981811523e+00
2.813329696655273438e+00
2.816616535186767578e+00
2.819843292236328125e+00
2.823330879211425781e+00
2.826592445373535156e+00
2.829905509948730469e+00
2.833228826522827148e+00
2.836351394653320312e+00
2.839607715606689453e+00
2.842843532562255859e+00
2.846333026885986328e+00
2.849598884582519531e+00
2.852843761444091797e+00
2.856328964233398438e+00
2.859617471694946289e+00
2.862844944000244141e+00
2.866328477859497070e+00
2.869696140289306641e+00
2.873322010040283203e+00
2.876617431640625000e+00
2.879844665527343750e+00
2.883248090744018555e+00
2.886596202850341797e+00
2.889848232269287109e+00
2.893248081207275391e+00
2.896589756011962891e+00
2.899972915649414062e+00
2.903350114822387695e+00
2.906601667404174805e+00
2.909738302230834961e+00
2.913225412368774414e+00
2.916357994079589844e+00
2.919607639312744141e+00
2.922844171524047852e+00
2.926329851150512695e+00
2.929527521133422852e+00
2.932974576950073242e+00
2.936328887939453125e+00
2.939617872238159180e+00
2.942842721939086914e+00
2.946327924728393555e+00
2.949720859527587891e+00
2.953224420547485352e+00
2.956361293792724609e+00
2.959604501724243164e+00
2.962846279144287109e+00
2.966326475143432617e+00
2.970011472702026367e+00
2.973993301391601562e+00
2.978075504302978516e+00
2.982684850692749023e+00
2.986738681793212891e+00
2.990530967712402344e+00
2.994536876678466797e+00
2.998568534851074219e+00
3.002613782882690430e+00
3.007163047790527344e+00
3.011395215988159180e+00
3.015355110168457031e+00
3.019375562667846680e+00
3.023739099502563477e+00
3.027627706527709961e+00
3.032328844070434570e+00
3.035903930664062500e+00
3.039393901824951172e+00
3.043347597122192383e+00
3.047398567199707031e+00
3.050846099853515625e+00
3.054352521896362305e+00
3.057331562042236328e+00
3.060848474502563477e+00
3.064331769943237305e+00
3.067350864410400391e+00
3.070517539978027344e+00
3.074177503585815430e+00
3.077582836151123047e+00
3.080887317657470703e+00
3.084360599517822266e+00
3.087586879730224609e+00
3.091335058212280273e+00
3.095392704010009766e+00
3.099377632141113281e+00
3.103379726409912109e+00
3.107363939285278320e+00
3.110346317291259766e+00
3.113647937774658203e+00
3.116844177246093750e+00
3.120332717895507812e+00
3.124097108840942383e+00
3.127727270126342773e+00
3.131338596343994141e+00
3.134506464004516602e+00
3.137848854064941406e+00
3.141335487365722656e+00
3.144980430603027344e+00
3.148414134979248047e+00
3.151971101760864258e+00
3.155314683914184570e+00
3.158692359924316406e+00
3.162395715713500977e+00
3.165726184844970703e+00
3.169338464736938477e+00
3.173310756683349609e+00
3.176349878311157227e+00
3.179865360260009766e+00
3.183340072631835938e+00
3.186728239059448242e+00
3.189854621887207031e+00
3.193381309509277344e+00
3.197135686874389648e+00
3.200592041015625000e+00
3.204339027404785156e+00
3.208347797393798828e+00
3.211584091186523438e+00
3.214847326278686523e+00
3.218338251113891602e+00
3.221843242645263672e+00
3.225315809249877930e+00
3.228844881057739258e+00
3.232322454452514648e+00
3.235844135284423828e+00
3.239357709884643555e+00
3.242846250534057617e+00
3.246357679367065430e+00
3.249650478363037109e+00
3.252846002578735352e+00
3.256324052810668945e+00
3.259568691253662109e+00
3.263361930847167969e+00
3.266585111618041992e+00
3.270349025726318359e+00
3.273718357086181641e+00
3.277347326278686523e+00
3.280855655670166016e+00
3.284349679946899414e+00
3.287593364715576172e+00
3.291386127471923828e+00
3.295354127883911133e+00
3.298588991165161133e+00
3.302347660064697266e+00
3.305666446685791016e+00
3.309324264526367188e+00
3.313437700271606445e+00
3.317338943481445312e+00
3.321141242980957031e+00
3.324766635894775391e+00
3.327719211578369141e+00
3.331592559814453125e+00
3.334849834442138672e+00
3.338315963745117188e+00
3.341847658157348633e+00
3.344330310821533203e+00
3.347332239151000977e+00
3.350336551666259766e+00
3.352722167968750000e+00
3.355324268341064453e+00
3.357968330383300781e+00
3.360966444015502930e+00
3.363967180252075195e+00
3.367323875427246094e+00
3.370509386062622070e+00
3.373992919921875000e+00
3.377332925796508789e+00
3.380669355392456055e+00
3.383969068527221680e+00
3.387368679046630859e+00
3.390342712402343750e+00
3.393842697143554688e+00
3.397323369979858398e+00
3.401322603225708008e+00
3.405315637588500977e+00
3.408828973770141602e+00
3.412322521209716797e+00
3.416103363037109375e+00
3.419584989547729492e+00
3.423236608505249023e+00
3.426338911056518555e+00
3.429936170578002930e+00
3.433656930923461914e+00
3.436830043792724609e+00
3.440326452255249023e+00
3.443348646163940430e+00
3.446512937545776367e+00
3.450329303741455078e+00
3.453718900680541992e+00
3.456845760345458984e+00
3.460309267044067383e+00
3.463741779327392578e+00
3.467585325241088867e+00
3.470847845077514648e+00
3.474332332611083984e+00
3.477326393127441406e+00
3.480957508087158203e+00
3.483962059020996094e+00
3.487324714660644531e+00
3.490598917007446289e+00
3.493973016738891602e+00
3.497338294982910156e+00
3.500586271286010742e+00
3.504093408584594727e+00
3.507735967636108398e+00
3.511309862136840820e+00
3.515328407287597656e+00
3.518988370895385742e+00
3.522336483001708984e+00
3.525989770889282227e+00
3.529340505599975586e+00
3.532586336135864258e+00
3.536045312881469727e+00
3.539332866668701172e+00
3.542719125747680664e+00
3.545588016510009766e+00
3.548591136932373047e+00
3.551844596862792969e+00
3.555377721786499023e+00
3.559383869171142578e+00
3.563367128372192383e+00
3.566580057144165039e+00
3.569975852966308594e+00
3.573638200759887695e+00
3.578363656997680664e+00
3.581879615783691406e+00
3.585733890533447266e+00
3.589332818984985352e+00
3.593060493469238281e+00
3.596721887588500977e+00
3.600369453430175781e+00
3.603852033615112305e+00
3.607330799102783203e+00
3.610735893249511719e+00
3.614347457885742188e+00
3.617977380752563477e+00
3.621314525604248047e+00
3.624598741531372070e+00
3.627976894378662109e+00
3.631361961364746094e+00
3.634603500366210938e+00
3.637845516204833984e+00
3.641328573226928711e+00
3.644597530364990234e+00
3.647841453552246094e+00
3.651335477828979492e+00
3.654593229293823242e+00
3.657831430435180664e+00
3.661336898803710938e+00
3.664601325988769531e+00
3.667714595794677734e+00
3.671097993850708008e+00
3.674331903457641602e+00
3.677602291107177734e+00
3.680845499038696289e+00
3.684332132339477539e+00
3.687605619430541992e+00
3.690845966339111328e+00
3.694332361221313477e+00
3.697597742080688477e+00
3.700848340988159180e+00
3.704327583312988281e+00
3.707593441009521484e+00
3.710716724395751953e+00
3.714315176010131836e+00
3.717726945877075195e+00
3.720978498458862305e+00
3.724341869354248047e+00
3.727601051330566406e+00
3.730717182159423828e+00
3.734336137771606445e+00
3.737519264221191406e+00
3.740714788436889648e+00
3.744324684143066406e+00
3.747516632080078125e+00
3.750848054885864258e+00
3.754320144653320312e+00
3.757595062255859375e+00
3.760841369628906250e+00
3.764220952987670898e+00
3.767332792282104492e+00
3.770593881607055664e+00
3.773853778839111328e+00
3.777336120605468750e+00
3.780517578125000000e+00
3.783723592758178711e+00
3.786707639694213867e+00
3.789958000183105469e+00
3.793326616287231445e+00
3.796596050262451172e+00
3.799723148345947266e+00
3.802971601486206055e+00
3.806336402893066406e+00
3.809699296951293945e+00
3.812977313995361328e+00
3.816336154937744141e+00
3.819602489471435547e+00
3.822854995727539062e+00
3.826341390609741211e+00
3.829706907272338867e+00
3.832978248596191406e+00
3.836335659027099609e+00
3.839593410491943359e+00
3.842726469039916992e+00
3.845973253250122070e+00
3.849324941635131836e+00
3.852594614028930664e+00
3.855848073959350586e+00
3.859337568283081055e+00
3.862594366073608398e+00
3.865851640701293945e+00
3.869314193725585938e+00
3.872593641281127930e+00
3.875842809677124023e+00
3.879334449768066406e+00
3.882601022720336914e+00
3.885848522186279297e+00
3.888978958129882812e+00
3.892083406448364258e+00
3.895595550537109375e+00
3.898703575134277344e+00
3.901976823806762695e+00
3.905316352844238281e+00
3.908328294754028320e+00
3.911582946777343750e+00
3.914842605590820312e+00
3.917976856231689453e+00
3.921317338943481445e+00
3.924595117568969727e+00
3.927708625793457031e+00
3.931325912475585938e+00
3.934724807739257812e+00
3.937836647033691406e+00
3.941334247589111328e+00
3.944595098495483398e+00
3.947718620300292969e+00
3.950972318649291992e+00
3.954329967498779297e+00
3.957594633102416992e+00
3.960717201232910156e+00
3.964333772659301758e+00
3.967594146728515625e+00
3.970846891403198242e+00
3.974319219589233398e+00
3.977596044540405273e+00
3.980715036392211914e+00
3.984326362609863281e+00
3.987601995468139648e+00
3.990711212158203125e+00
3.993961811065673828e+00
3.997325897216796875e+00
4.000596761703491211e+00
4.003709077835083008e+00
4.006977319717407227e+00
4.010316371917724609e+00
4.013689279556274414e+00
4.017333269119262695e+00
4.020596981048583984e+00
4.023712396621704102e+00
4.026975393295288086e+00
4.030324697494506836e+00
4.033708572387695312e+00
4.036955595016479492e+00
4.040342807769775391e+00
4.043598175048828125e+00
4.046706914901733398e+00
4.050057172775268555e+00
4.053341388702392578e+00
4.056346654891967773e+00
4.059596300125122070e+00
4.062709331512451172e+00
4.065957784652709961e+00
4.069311380386352539e+00
4.072595357894897461e+00
4.075711965560913086e+00
4.078996658325195312e+00
4.082217931747436523e+00
4.085347414016723633e+00
4.088594913482666016e+00
4.091811895370483398e+00
4.094978809356689453e+00
4.098318815231323242e+00
4.101596832275390625e+00
4.104717493057250977e+00
4.107976675033569336e+00
4.111325740814208984e+00
4.114595413208007812e+00
4.117826461791992188e+00
4.121317148208618164e+00
4.124594688415527344e+00
4.127713441848754883e+00
4.130960464477539062e+00
4.134334564208984375e+00
4.137600421905517578e+00
4.140849113464355469e+00
4.143971443176269531e+00
4.147337198257446289e+00
4.150520801544189453e+00
4.153812885284423828e+00
4.157332897186279297e+00
4.160595655441284180e+00
4.163952112197875977e+00
4.167308807373046875e+00
4.170595407485961914e+00
4.173967838287353516e+00
4.177522897720336914e+00
4.180867433547973633e+00
4.184257030487060547e+00
4.187699556350708008e+00
4.191330194473266602e+00
4.194597005844116211e+00
4.197851896286010742e+00
4.201317310333251953e+00
4.204596042633056641e+00
4.207706212997436523e+00
4.210714101791381836e+00
4.213973522186279297e+00
4.217309236526489258e+00
4.220582485198974609e+00
4.223851442337036133e+00
4.227327346801757812e+00
4.230517864227294922e+00
4.233844518661499023e+00
4.237312316894531250e+00
4.240331411361694336e+00
4.243584156036376953e+00
4.246716260910034180e+00
4.249955654144287109e+00
4.253318071365356445e+00
4.256577730178833008e+00
4.259963989257812500e+00
4.263317108154296875e+00
4.266596555709838867e+00
4.269839525222778320e+00
4.273310422897338867e+00
4.276584386825561523e+00
4.279954433441162109e+00
4.283309459686279297e+00
4.286598920822143555e+00
4.289827585220336914e+00
4.292963981628417969e+00
4.296325922012329102e+00
4.299597024917602539e+00
4.302728414535522461e+00
4.305837154388427734e+00
4.309330224990844727e+00
4.312597274780273438e+00
4.315715074539184570e+00
4.318962335586547852e+00
4.322319507598876953e+00
4.325597286224365234e+00
4.328709840774536133e+00
4.332321166992187500e+00
4.335578441619873047e+00
4.338974237442016602e+00
4.342323303222656250e+00
4.345597267150878906e+00
4.348823785781860352e+00
4.352330207824707031e+00
4.355674982070922852e+00
4.358714580535888672e+00
4.361965417861938477e+00
4.364343643188476562e+00
4.366713523864746094e+00
4.369328022003173828e+00
4.371956825256347656e+00
4.374343872070312500e+00
4.376727819442749023e+00
4.379331588745117188e+00
4.381973981857299805e+00
4.384581327438354492e+00
4.386971950531005859e+00
4.390317201614379883e+00
4.393701791763305664e+00
4.396973848342895508e+00
4.400333166122436523e+00
4.403600454330444336e+00
4.406705856323242188e+00
4.409964323043823242e+00
4.413328170776367188e+00
4.416595935821533203e+00
4.419975519180297852e+00
4.423318624496459961e+00
4.426597356796264648e+00
4.429837465286254883e+00
4.433598995208740234e+00
4.437599897384643555e+00
4.441352128982543945e+00
4.445501804351806641e+00
4.448815584182739258e+00
4.452925682067871094e+00
4.456527709960937500e+00
4.459963321685791016e+00
4.463449716567993164e+00
4.467414855957031250e+00
4.471621274948120117e+00
4.475332021713256836e+00
4.479336738586425781e+00
4.482585668563842773e+00
4.485978364944458008e+00
4.489322185516357422e+00
4.493360042572021484e+00
4.497709989547729492e+00
4.500966548919677734e+00
4.504344940185546875e+00
4.508379459381103516e+00
4.512324571609497070e+00
4.516321420669555664e+00
4.520535469055175781e+00
4.523713588714599609e+00
4.527512073516845703e+00
4.531327486038208008e+00
4.534843683242797852e+00
4.538353681564331055e+00
4.541320800781250000e+00
4.545354127883911133e+00
4.548573255538940430e+00
4.552330255508422852e+00
4.555650711059570312e+00
4.559384346008300781e+00
4.563383817672729492e+00
4.567306518554687500e+00
4.570514917373657227e+00
4.573671102523803711e+00
4.576688528060913086e+00
4.579697608947753906e+00
4.583321571350097656e+00
4.586573362350463867e+00
4.590311050415039062e+00
4.593741655349731445e+00
4.596561670303344727e+00
4.599988698959350586e+00
4.603321790695190430e+00
4.606681108474731445e+00
4.610355854034423828e+00
4.613803625106811523e+00
4.617314100265502930e+00
4.621311664581298828e+00
4.625300884246826172e+00
4.628691434860229492e+00
4.632387638092041016e+00
4.635702133178710938e+00
4.639304876327514648e+00
4.642516374588012695e+00
4.645926713943481445e+00
4.649832487106323242e+00
4.652943849563598633e+00
4.655946969985961914e+00
4.659355640411376953e+00
4.663305997848510742e+00
4.666707515716552734e+00
4.670381784439086914e+00
4.673702716827392578e+00
4.676691770553588867e+00
4.679818153381347656e+00
4.683322906494140625e+00
4.686704158782958984e+00
4.690357208251953125e+00
4.693955659866333008e+00
4.697340250015258789e+00
4.700946331024169922e+00
4.704323053359985352e+00
4.707705736160278320e+00
4.711313009262084961e+00
4.714574337005615234e+00
4.718336343765258789e+00
4.721519708633422852e+00
4.725321531295776367e+00
4.729308605194091797e+00
4.733345270156860352e+00
4.736827611923217773e+00
4.740307807922363281e+00
4.744103193283081055e+00
4.748351335525512695e+00
4.751566886901855469e+00
4.755302906036376953e+00
4.759349346160888672e+00
4.762567281723022461e+00
4.765696287155151367e+00
4.768697738647460938e+00
4.771703004837036133e+00
4.775442361831665039e+00
4.779317617416381836e+00
4.782327890396118164e+00
4.785315275192260742e+00
4.789319515228271484e+00
4.792947292327880859e+00
4.796312332153320312e+00
4.799511194229125977e+00
4.802702903747558594e+00
4.805693864822387695e+00
4.808701753616333008e+00
4.811691045761108398e+00
4.814692497253417969e+00
4.817614078521728516e+00
4.820828437805175781e+00
4.823945522308349609e+00
4.827308893203735352e+00
4.830517530441284180e+00
4.833829402923583984e+00
4.836946249008178711e+00
4.839941978454589844e+00
4.843297481536865234e+00
4.846516847610473633e+00
4.849947929382324219e+00
4.853309392929077148e+00
4.856831312179565430e+00
4.860088825225830078e+00
4.863307714462280273e+00
4.866316556930541992e+00
4.869328022003173828e+00
4.872429370880126953e+00
4.875699281692504883e+00
4.879308462142944336e+00
4.882510900497436523e+00
4.885515928268432617e+00
4.888957500457763672e+00
4.891944169998168945e+00
4.895601749420166016e+00
4.899329900741577148e+00
4.902542829513549805e+00
4.906041860580444336e+00
4.909807682037353516e+00
4.912951946258544922e+00
4.915944814682006836e+00
4.919525384902954102e+00
4.923308372497558594e+00
4.926339387893676758e+00
4.929672002792358398e+00
4.932693719863891602e+00
4.935817480087280273e+00
4.939365148544311523e+00
4.942951679229736328e+00
4.946316242218017578e+00
4.949316501617431641e+00
4.953318357467651367e+00
4.957312583923339844e+00
4.961297750473022461e+00
4.964324951171875000e+00
4.967512845993041992e+00
4.971298217773437500e+00
4.974513292312622070e+00
4.977696180343627930e+00
4.980700969696044922e+00
4.983691453933715820e+00
4.987313032150268555e+00
4.990710258483886719e+00
4.993668794631958008e+00
4.996697187423706055e+00
4.999700307846069336e+00
5.003310918807983398e+00
5.007312536239624023e+00
5.010706901550292969e+00
5.013963699340820312e+00
5.017308712005615234e+00
5.020699977874755859e+00
5.023844718933105469e+00
5.027308464050292969e+00
5.030641317367553711e+00
5.033833503723144531e+00
5.037447690963745117e+00
5.041360616683959961e+00
5.045315504074096680e+00
5.049025058746337891e+00
5.052838563919067383e+00
5.055960416793823242e+00
5.059336900711059570e+00
5.062566757202148438e+00
5.065707921981811523e+00
5.069314479827880859e+00
5.073304414749145508e+00
5.076702117919921875e+00
5.079688072204589844e+00
5.083310127258300781e+00
5.086713552474975586e+00
5.089962482452392578e+00
5.093332052230834961e+00
5.096838474273681641e+00
5.100295305252075195e+00
5.103565454483032227e+00
5.107296943664550781e+00
5.110696792602539062e+00
5.114295721054077148e+00
5.117687702178955078e+00
5.121015310287475586e+00
5.124302864074707031e+00
5.127727270126342773e+00
5.131315469741821289e+00
5.134567022323608398e+00
5.137565851211547852e+00
5.140698671340942383e+00
5.143693923950195312e+00
5.146780252456665039e+00
5.149895429611206055e+00
5.153332471847534180e+00
5.156519651412963867e+00
5.159694194793701172e+00
5.163315296173095703e+00
5.166572093963623047e+00
5.170326471328735352e+00
5.173707008361816406e+00
5.176564455032348633e+00
5.179692983627319336e+00
5.182949781417846680e+00
5.185947895050048828e+00
5.189306974411010742e+00
5.192566871643066406e+00
5.195695400238037109e+00
5.199314832687377930e+00
5.202821731567382812e+00
5.206308603286743164e+00
5.209306716918945312e+00
5.212613105773925781e+00
5.216083288192749023e+00
5.219513416290283203e+00
5.222816467285156250e+00
5.225949287414550781e+00
5.229298591613769531e+00
5.232316255569458008e+00
5.235729932785034180e+00
5.239310503005981445e+00
5.243341207504272461e+00
5.246575117111206055e+00
5.250331878662109375e+00
5.253761291503906250e+00
5.257292509078979492e+00
5.260960817337036133e+00
5.264349460601806641e+00
5.268056631088256836e+00
5.271720170974731445e+00
5.275100469589233398e+00
5.278575658798217773e+00
5.281846284866333008e+00
5.285324096679687500e+00
5.288691997528076172e+00
5.292350292205810547e+00
5.295827627182006836e+00
5.299304962158203125e+00
5.302537441253662109e+00
5.305950403213500977e+00
5.309316158294677734e+00
5.312575578689575195e+00
5.315947055816650391e+00
5.319328069686889648e+00
5.322578430175781250e+00
5.325796127319335938e+00
5.329303979873657227e+00
5.332727432250976562e+00
5.336455106735229492e+00
5.340042352676391602e+00
5.343716859817504883e+00
5.347327947616577148e+00
5.351088285446166992e+00
5.354717493057250977e+00
5.358085155487060547e+00
5.361724138259887695e+00
5.365342140197753906e+00
5.369046211242675781e+00
5.372722864151000977e+00
5.376832008361816406e+00
5.380460023880004883e+00
5.383969068527221680e+00
5.387454271316528320e+00
5.391339063644409180e+00
5.394721508026123047e+00
5.398353338241577148e+00
5.401840448379516602e+00
5.405313730239868164e+00
5.408708572387695312e+00
5.412319421768188477e+00
5.416089773178100586e+00
5.419720172882080078e+00
5.423101186752319336e+00
5.426584482192993164e+00
5.429816484451293945e+00
5.433317661285400391e+00
5.436705589294433594e+00
5.439959287643432617e+00
5.443306207656860352e+00
5.446579456329345703e+00
5.449797630310058594e+00
5.453317642211914062e+00
5.456574678421020508e+00
5.459964513778686523e+00
5.463310480117797852e+00
5.466574907302856445e+00
5.469792842864990234e+00
5.473077297210693359e+00
5.476575851440429688e+00
5.479957818984985352e+00
5.483296394348144531e+00
5.486585617065429688e+00
5.489835739135742188e+00
5.493302106857299805e+00
5.496575117111206055e+00
5.499704599380493164e+00
5.502965927124023438e+00
5.506224632263183594e+00
5.509327888488769531e+00
5.512706518173217773e+00
5.516297817230224609e+00
5.519576787948608398e+00
5.522706270217895508e+00
5.525948047637939453e+00
5.529310464859008789e+00
5.532576560974121094e+00
5.535959243774414062e+00
5.539306640625000000e+00
5.542575120925903320e+00
5.545837640762329102e+00
5.549321889877319336e+00
5.552578926086425781e+00
5.555693149566650391e+00
5.558958053588867188e+00
5.562223434448242188e+00
5.565322399139404297e+00
5.568525075912475586e+00
5.571712255477905273e+00
5.574959278106689453e+00
5.578296422958374023e+00
5.581691026687622070e+00
5.584957599639892578e+00
5.588307142257690430e+00
5.591578960418701172e+00
5.594697952270507812e+00
5.597962856292724609e+00
5.601306200027465820e+00
5.604525327682495117e+00
5.607704162597656250e+00
5.610959291458129883e+00
5.614301204681396484e+00
5.617579698562622070e+00
5.620709657669067383e+00
5.624298095703125000e+00
5.627575397491455078e+00
5.630712509155273438e+00
5.634347200393676758e+00
5.637705802917480469e+00
5.640959978103637695e+00
5.644312381744384766e+00
5.647578716278076172e+00
5.650711297988891602e+00
5.653944253921508789e+00
5.657309532165527344e+00
5.660577297210693359e+00
5.663712501525878906e+00
5.666958093643188477e+00
5.670307159423828125e+00
5.673707962036132812e+00
5.676959514617919922e+00
5.680307149887084961e+00
5.683576583862304688e+00
5.686959266662597656e+00
5.690306901931762695e+00
5.693686246871948242e+00
5.696958303451538086e+00
5.700324058532714844e+00
5.703575849533081055e+00
5.706942558288574219e+00
5.710314750671386719e+00
5.713577985763549805e+00
5.716787338256835938e+00
5.720316410064697266e+00
5.723666667938232422e+00
5.726958990097045898e+00
5.730308532714843750e+00
5.733690023422241211e+00
5.736962318420410156e+00
5.740313053131103516e+00
5.743582010269165039e+00
5.746712923049926758e+00
5.749960899353027344e+00
5.753311157226562500e+00
5.756576776504516602e+00
5.759706258773803711e+00
5.762944221496582031e+00
5.766325235366821289e+00
5.769580364227294922e+00
5.772692203521728516e+00
5.776223897933959961e+00
5.779333114624023438e+00
5.782576322555541992e+00
5.785817384719848633e+00
5.789308786392211914e+00
5.792577266693115234e+00
5.795707941055297852e+00
5.798964262008666992e+00
5.802325010299682617e+00
5.805710554122924805e+00
5.808944702148437500e+00
5.812320709228515625e+00
5.815577745437622070e+00
5.818695306777954102e+00
5.821943998336791992e+00
5.825311183929443359e+00
5.828576564788818359e+00
5.831699609756469727e+00
5.834960937500000000e+00
5.838334321975708008e+00
5.841681957244873047e+00
5.844959259033203125e+00
5.848307609558105469e+00
5.851581335067749023e+00
5.854697704315185547e+00
5.857949972152709961e+00
5.861294269561767578e+00
5.864578485488891602e+00
5.867708921432495117e+00
5.870962381362915039e+00
5.874304294586181641e+00
5.877584457397460938e+00
5.880792379379272461e+00
5.884313583374023438e+00
5.887576341629028320e+00
5.890694856643676758e+00
5.893943071365356445e+00
5.897301435470581055e+00
5.900577306747436523e+00
5.903707742691040039e+00
5.906958341598510742e+00
5.910219669342041016e+00
5.913682699203491211e+00
5.917038917541503906e+00
5.920579433441162109e+00
5.923702001571655273e+00
5.926959276199340820e+00
5.930299043655395508e+00
5.933707475662231445e+00
5.937298774719238281e+00
5.940578460693359375e+00
5.943709135055541992e+00
5.947035789489746094e+00
5.950312614440917969e+00
5.953691720962524414e+00
5.956954479217529297e+00
5.960311651229858398e+00
5.963578462600708008e+00
5.966713666915893555e+00
5.969944477081298828e+00
5.973199605941772461e+00
5.976441621780395508e+00
5.980364322662353516e+00
5.984096765518188477e+00
5.987842321395874023e+00
5.992630004882812500e+00
5.996438741683959961e+00
6.000960111618041992e+00
6.004711866378784180e+00
6.008338212966918945e+00
6.012320518493652344e+00
6.016331672668457031e+00
6.020441293716430664e+00
6.024466991424560547e+00
6.029048204421997070e+00
6.033346891403198242e+00
6.037900686264038086e+00
6.042399406433105469e+00
6.046096324920654297e+00
6.050501108169555664e+00
6.054520130157470703e+00
6.057949542999267578e+00
6.061304092407226562e+00
6.065859317779541016e+00
6.069728136062622070e+00
6.073759794235229492e+00
6.077833890914916992e+00
6.081464529037475586e+00
6.085702180862426758e+00
6.089304924011230469e+00
6.093872547149658203e+00
6.097551107406616211e+00
6.101061105728149414e+00
6.104508638381958008e+00
6.107314348220825195e+00
6.110341787338256836e+00
6.113075017929077148e+00
6.116629600524902344e+00
6.120016574859619141e+00
6.122701406478881836e+00
6.125322818756103516e+00
6.127959251403808594e+00
6.130697250366210938e+00
6.133686304092407227e+00
6.136569023132324219e+00
6.139293909072875977e+00
6.141678094863891602e+00
6.144566774368286133e+00
6.147422552108764648e+00
6.150441169738769531e+00
6.153430223464965820e+00
6.156428098678588867e+00
6.159670114517211914e+00
6.162566423416137695e+00
6.165687322616577148e+00
6.168567180633544922e+00
6.171566486358642578e+00
6.174567937850952148e+00
6.177467823028564453e+00
6.180439949035644531e+00
6.183675050735473633e+00
6.186567783355712891e+00
6.189445972442626953e+00
6.192430257797241211e+00
6.195567846298217773e+00
6.198439598083496094e+00
6.201442003250122070e+00
6.204422473907470703e+00
6.207310676574707031e+00
6.210320472717285156e+00
6.213315725326538086e+00
6.216319799423217773e+00
6.219435214996337891e+00
6.222427368164062500e+00
6.225476264953613281e+00
6.228515863418579102e+00
6.231567382812500000e+00
6.234439611434936523e+00
6.238346815109252930e+00
6.242040395736694336e+00
6.245693445205688477e+00
6.248937368392944336e+00
6.252422332763671875e+00
6.256081104278564453e+00
6.259422779083251953e+00
6.263076066970825195e+00
6.266695499420166016e+00
6.270340442657470703e+00
6.273957967758178711e+00
6.277314662933349609e+00
6.280579805374145508e+00
6.283937215805053711e+00
6.287314891815185547e+00
6.290579080581665039e+00
6.293820858001708984e+00
6.297308206558227539e+00
6.300579309463500977e+00
6.303957939147949219e+00
6.307317256927490234e+00
6.310580015182495117e+00
6.313813686370849609e+00
6.317295551300048828e+00
6.320578813552856445e+00
6.323937892913818359e+00
6.327311038970947266e+00
6.330580234527587891e+00
6.333827733993530273e+00
6.337301015853881836e+00
6.340579748153686523e+00
6.343937873840332031e+00
6.347294092178344727e+00
6.350580215454101562e+00
6.353814125061035156e+00
6.357295513153076172e+00
6.360454797744750977e+00
6.363699913024902344e+00
6.366935968399047852e+00
6.370306730270385742e+00
6.373580455780029297e+00
6.376709699630737305e+00
6.380300521850585938e+00
6.383579969406127930e+00
6.386698007583618164e+00
6.389813661575317383e+00
6.393297195434570312e+00
6.396579742431640625e+00
6.399937629699707031e+00
6.403314352035522461e+00
6.406580209732055664e+00
6.409814834594726562e+00
6.413290977478027344e+00
6.416579246520996094e+00
6.419699907302856445e+00
6.422942399978637695e+00
6.426313877105712891e+00
6.429581165313720703e+00
6.432726383209228516e+00
6.436420679092407227e+00
6.440066814422607422e+00
6.443696498870849609e+00
6.447078466415405273e+00
6.450696468353271484e+00
6.454315185546875000e+00
6.457829236984252930e+00
6.461301088333129883e+00
6.464580297470092773e+00
6.467947483062744141e+00
6.471314191818237305e+00
6.474580526351928711e+00
6.477819919586181641e+00
6.481295824050903320e+00
6.484579086303710938e+00
6.487936019897460938e+00
6.491301536560058594e+00
6.494580507278442383e+00
6.497813940048217773e+00
6.501311779022216797e+00
6.504581928253173828e+00
6.507937431335449219e+00
6.511304616928100586e+00
6.514580011367797852e+00
6.517826557159423828e+00
6.521301746368408203e+00
6.524580001831054688e+00
6.527937650680541992e+00
6.531295299530029297e+00
6.534580230712890625e+00
6.537811040878295898e+00
6.541301727294921875e+00
6.544581174850463867e+00
6.547937631607055664e+00
6.551310539245605469e+00
6.554581165313720703e+00
6.557820558547973633e+00
6.561311006546020508e+00
6.564580678939819336e+00
6.567937374114990234e+00
6.571298360824584961e+00
6.574580669403076172e+00
6.578081130981445312e+00
6.581699371337890625e+00
6.584691762924194336e+00
6.588328361511230469e+00
6.591594696044921875e+00
6.594953536987304688e+00
6.598297357559204102e+00
6.601688385009765625e+00
6.604683160781860352e+00
6.608289003372192383e+00
6.611580371856689453e+00
6.614684343338012695e+00
6.617943048477172852e+00
6.621065616607666016e+00
6.624580860137939453e+00
6.627946138381958008e+00
6.631302118301391602e+00
6.634583711624145508e+00
6.637802839279174805e+00
6.641302347183227539e+00
6.644581079483032227e+00
6.647937297821044922e+00
6.651296854019165039e+00
6.654581785202026367e+00
6.657815217971801758e+00
6.660937309265136719e+00
6.664312601089477539e+00
6.668490648269653320e+00
6.673385143280029297e+00
6.677842617034912109e+00
6.681721925735473633e+00
6.685985326766967773e+00
6.690377473831176758e+00
6.694701671600341797e+00
6.698584079742431641e+00
6.701882362365722656e+00
6.705692529678344727e+00
6.709511518478393555e+00
6.713326692581176758e+00
6.717078924179077148e+00
6.721330642700195312e+00
6.725545167922973633e+00
6.729832649230957031e+00
6.733753919601440430e+00
6.737333774566650391e+00
6.741056919097900391e+00
6.744714498519897461e+00
6.748459577560424805e+00
6.752064704895019531e+00
6.755440950393676758e+00
6.759081363677978516e+00
6.762708425521850586e+00
6.766315221786499023e+00
6.769840955734252930e+00
6.773296356201171875e+00
6.776796579360961914e+00
6.780326366424560547e+00
6.783701419830322266e+00
6.786935091018676758e+00
6.790302991867065430e+00
6.793319702148437500e+00
6.796659469604492188e+00
6.800287246704101562e+00
6.803580999374389648e+00
6.806685924530029297e+00
6.809939384460449219e+00
6.813292741775512695e+00
6.816659212112426758e+00
6.820294857025146484e+00
6.823659658432006836e+00
6.826936721801757812e+00
6.830302000045776367e+00
6.833660840988159180e+00
6.836937665939331055e+00
6.840192794799804688e+00
6.843660354614257812e+00
6.846937179565429688e+00
6.850302934646606445e+00
6.853660106658935547e+00
6.856940507888793945e+00
6.860302925109863281e+00
6.863658905029296875e+00
6.866934776306152344e+00
6.870287179946899414e+00
6.873661518096923828e+00
6.876939535140991211e+00
6.880303859710693359e+00
6.883658409118652344e+00
6.886936664581298828e+00
6.890308380126953125e+00
6.893560409545898438e+00
6.896685600280761719e+00
6.900311470031738281e+00
6.903660297393798828e+00
6.906936883926391602e+00
6.910304546356201172e+00
6.913697957992553711e+00
6.916935920715332031e+00
6.920302391052246094e+00
6.923659324645996094e+00
6.926938533782958984e+00
6.930302143096923828e+00
6.933659791946411133e+00
6.936942338943481445e+00
6.940296649932861328e+00
6.943666219711303711e+00
6.946937084197998047e+00
6.950308084487915039e+00
6.953661203384399414e+00
6.956698417663574219e+00
6.959940433502197266e+00
6.963309288024902344e+00
6.966660022735595703e+00
6.969928979873657227e+00
6.973312616348266602e+00
6.976659774780273438e+00
6.980301856994628906e+00
6.983674764633178711e+00
6.986936092376708984e+00
6.990306138992309570e+00
6.993660926818847656e+00
6.996938467025756836e+00
7.000302553176879883e+00
7.003659963607788086e+00
7.006939649581909180e+00
7.010288238525390625e+00
7.013688564300537109e+00
7.016947746276855469e+00
7.020299673080444336e+00
7.023659706115722656e+00
7.026694297790527344e+00
7.029937505722045898e+00
7.033298015594482422e+00
7.036660671234130859e+00
7.039938926696777344e+00
7.043309211730957031e+00
7.046661853790283203e+00
7.049817323684692383e+00
7.053282260894775391e+00
7.056660890579223633e+00
7.060297727584838867e+00
7.063659667968750000e+00
7.066940307617187500e+00
7.070305585861206055e+00
7.073661327362060547e+00
7.076939582824707031e+00
7.080298662185668945e+00
7.083556652069091797e+00
7.086684703826904297e+00
7.089940786361694336e+00
7.093281984329223633e+00
7.096661090850830078e+00
7.100288152694702148e+00
7.103662490844726562e+00
7.106938362121582031e+00
7.110296487808227539e+00
7.113661527633666992e+00
7.116677999496459961e+00
7.120302915573120117e+00
7.123661041259765625e+00
7.126944303512573242e+00
7.130303382873535156e+00
7.133685588836669922e+00
7.136936664581298828e+00
7.140186548233032227e+00
7.143660545349121094e+00
7.146940231323242188e+00
7.150287866592407227e+00
7.153661966323852539e+00
7.156940937042236328e+00
7.160300254821777344e+00
7.163660526275634766e+00
7.166940927505493164e+00
7.170299291610717773e+00
7.173483610153198242e+00
7.176688432693481445e+00
7.180326223373413086e+00
7.183665037155151367e+00
7.186947584152221680e+00
7.190678596496582031e+00
7.193965911865234375e+00
7.197299718856811523e+00
7.200667142868041992e+00
7.203952550888061523e+00
7.207287549972534180e+00
7.210662126541137695e+00
7.213804483413696289e+00
7.217293024063110352e+00
7.220661163330078125e+00
7.223936080932617188e+00
7.227288722991943359e+00
7.230661392211914062e+00
7.233936786651611328e+00
7.237282514572143555e+00
7.240692138671875000e+00
7.243944406509399414e+00
7.247298717498779297e+00
7.250660419464111328e+00
7.253941535949707031e+00
7.257060050964355469e+00
7.260662078857421875e+00
7.264065027236938477e+00
7.268387079238891602e+00
7.271947622299194336e+00
7.275770187377929688e+00
7.279407024383544922e+00
7.283425807952880859e+00
7.287028312683105469e+00
7.290668010711669922e+00
7.294330596923828125e+00
7.297666072845458984e+00
7.301024436950683594e+00
7.304667234420776367e+00
7.308531522750854492e+00
7.312310457229614258e+00
7.315694332122802734e+00
7.319028615951538086e+00
7.322690725326538086e+00
7.326303482055664062e+00
7.329664468765258789e+00
7.333354234695434570e+00
7.337342500686645508e+00
7.341817617416381836e+00
7.345842361450195312e+00
7.349470138549804688e+00
7.352942705154418945e+00
7.356293201446533203e+00
7.359777450561523438e+00
7.363382577896118164e+00
7.367299556732177734e+00
7.371027946472167969e+00
7.374456167221069336e+00
7.378293991088867188e+00
7.381667137145996094e+00
7.385300636291503906e+00
7.389304161071777344e+00
7.393317461013793945e+00
7.397334337234497070e+00
7.401356697082519531e+00
7.405317783355712891e+00
7.409350633621215820e+00
7.413049459457397461e+00
7.416665077209472656e+00
7.419946908950805664e+00
7.423648357391357422e+00
7.426948308944702148e+00
7.430298328399658203e+00
7.433750867843627930e+00
7.437907934188842773e+00
7.441310405731201172e+00
7.444679021835327148e+00
7.448044300079345703e+00
7.451679706573486328e+00
7.455041885375976562e+00
7.458309412002563477e+00
7.461689233779907227e+00
7.464942932128906250e+00
7.468324899673461914e+00
7.471662282943725586e+00
7.474943161010742188e+00
7.478280305862426758e+00
7.481662750244140625e+00
7.484941005706787109e+00
7.488301992416381836e+00
7.491663217544555664e+00
7.494941949844360352e+00
7.498300075531005859e+00
7.501664161682128906e+00
7.504940986633300781e+00
7.508286952972412109e+00
7.511662483215332031e+00
7.514944314956665039e+00
7.518283843994140625e+00
7.521559715270996094e+00
7.524688959121704102e+00
7.527937650680541992e+00
7.531300544738769531e+00
7.534662485122680664e+00
7.538024663925170898e+00
7.541674375534057617e+00
7.544942140579223633e+00
7.548293828964233398e+00
7.551661729812622070e+00
7.554940700531005859e+00
7.558293104171752930e+00
7.561663150787353516e+00
7.564940690994262695e+00
7.568288326263427734e+00
7.571439981460571289e+00
7.574688434600830078e+00
7.577941656112670898e+00
7.581287622451782227e+00
7.584431886672973633e+00
7.587943077087402344e+00
7.591281414031982422e+00
7.594661951065063477e+00
7.597942590713500977e+00
7.601286649703979492e+00
7.604437589645385742e+00
7.607672214508056641e+00
7.610938310623168945e+00
7.614293813705444336e+00
7.617663145065307617e+00
7.620945215225219727e+00
7.624301671981811523e+00
7.627662897109985352e+00
7.630941152572631836e+00
7.634281158447265625e+00
7.637676954269409180e+00
7.640942573547363281e+00
7.644295692443847656e+00
7.647663593292236328e+00
7.650941610336303711e+00
7.654292106628417969e+00
7.657488822937011719e+00
7.660689592361450195e+00
7.664281845092773438e+00
7.667662858963012695e+00
7.670939683914184570e+00
7.674305677413940430e+00
7.677664279937744141e+00
7.680941104888916016e+00
7.684289216995239258e+00
7.688318967819213867e+00
7.692502498626708984e+00
7.696206331253051758e+00
7.699663877487182617e+00
7.703028440475463867e+00
7.706667661666870117e+00
7.710028648376464844e+00
7.713322162628173828e+00
7.716946601867675781e+00
7.720205068588256836e+00
7.723665952682495117e+00
7.726947784423828125e+00
7.730302572250366211e+00
7.734318733215332031e+00
7.738028526306152344e+00
7.741799592971801758e+00
7.745310068130493164e+00
7.749500989913940430e+00
7.753363132476806641e+00
7.757480144500732422e+00
7.761027097702026367e+00
7.764666080474853516e+00
7.768298864364624023e+00
7.772205591201782227e+00
7.775666475296020508e+00
7.779069423675537109e+00
7.782679319381713867e+00
7.785962820053100586e+00
7.789673805236816406e+00
7.793627500534057617e+00
7.797029256820678711e+00
7.800715684890747070e+00
7.804299354553222656e+00
7.807666540145874023e+00
7.811302661895751953e+00
7.814666509628295898e+00
7.818149805068969727e+00
7.821320533752441406e+00
7.825415134429931641e+00
7.828947305679321289e+00
7.832293272018432617e+00
7.835808038711547852e+00
7.839512825012207031e+00
7.843406438827514648e+00
7.847375154495239258e+00
7.851620435714721680e+00
7.854928493499755859e+00
7.858297109603881836e+00
7.861668825149536133e+00
7.864945411682128906e+00
7.868299484252929688e+00
7.871667146682739258e+00
7.875369548797607422e+00
7.879290103912353516e+00
7.882670640945434570e+00
7.886462211608886719e+00
7.890057325363159180e+00
7.893669605255126953e+00
7.896943569183349609e+00
7.900293350219726562e+00
7.904382228851318359e+00
7.908299446105957031e+00
7.911667108535766602e+00
7.914945602416992188e+00
7.918204069137573242e+00
7.921666622161865234e+00
7.924922943115234375e+00
7.928300380706787109e+00
7.931667804718017578e+00
7.934925079345703125e+00
7.938294172286987305e+00
7.941693782806396484e+00
7.944926261901855469e+00
7.948294162750244141e+00
7.951667547225952148e+00
7.954944610595703125e+00
7.958304166793823242e+00
7.961667060852050781e+00
7.964923620223999023e+00
7.968288183212280273e+00
7.972301721572875977e+00
7.975780725479125977e+00
7.979401826858520508e+00
7.982932806015014648e+00
7.986299991607666016e+00
7.989667177200317383e+00
7.992944478988647461e+00
7.996297121047973633e+00
8.000302791595458984e+00
8.004294395446777344e+00
8.007668018341064453e+00
8.010924577713012695e+00
8.014293670654296875e+00
8.017668008804321289e+00
8.020925760269165039e+00
8.024285554885864258e+00
8.027668476104736328e+00
8.030925750732421875e+00
8.034289360046386719e+00
8.037565231323242188e+00
8.040929555892944336e+00
8.044291019439697266e+00
8.048303842544555664e+00
8.051676273345947266e+00
8.054925203323364258e+00
8.058299064636230469e+00
8.061669349670410156e+00
8.064924955368041992e+00
8.068296194076538086e+00
8.071789741516113281e+00
8.075714349746704102e+00
8.079753875732421875e+00
8.083686590194702148e+00
8.087393999099731445e+00
8.091139316558837891e+00
8.094804763793945312e+00
8.098452329635620117e+00
8.102319955825805664e+00
8.106067180633544922e+00
8.109786510467529297e+00
8.113323211669921875e+00
8.117307186126708984e+00
8.120285749435424805e+00
8.123390913009643555e+00
8.126227855682373047e+00
8.129288911819458008e+00
8.132366180419921875e+00
8.135392427444458008e+00
8.138382196426391602e+00
8.141625642776489258e+00
8.144316673278808594e+00
8.147029161453247070e+00
8.149868249893188477e+00
8.152755022048950195e+00
8.156323671340942383e+00
8.159671545028686523e+00
8.162923812866210938e+00
8.166305780410766602e+00
8.169936895370483398e+00
8.173315048217773438e+00
8.176671266555786133e+00
8.180049657821655273e+00
8.183669090270996094e+00
8.187351465225219727e+00
8.191296100616455078e+00
8.194812774658203125e+00
8.198338985443115234e+00
8.202300786972045898e+00
8.205679416656494141e+00
8.209050416946411133e+00
8.212669610977172852e+00
8.216300010681152344e+00
8.219716072082519531e+00
8.223076105117797852e+00
8.226728916168212891e+00
8.230298519134521484e+00
8.233669996261596680e+00
8.237316608428955078e+00
8.240675926208496094e+00
8.243930816650390625e+00
8.247317552566528320e+00
8.251292705535888672e+00
8.254671812057495117e+00
8.257928848266601562e+00
8.261442661285400391e+00
8.265328407287597656e+00
8.268929958343505859e+00
8.272444248199462891e+00
8.275924921035766602e+00
8.279295921325683594e+00
8.282901763916015625e+00
8.286289215087890625e+00
8.289649963378906250e+00
8.293294906616210938e+00
8.296675443649291992e+00
8.299926042556762695e+00
8.303421258926391602e+00
8.307425022125244141e+00
8.311282873153686523e+00
8.315293788909912109e+00
8.318669319152832031e+00
8.321928501129150391e+00
8.325303077697753906e+00
8.329008102416992188e+00
8.332565546035766602e+00
8.335940599441528320e+00
8.339390516281127930e+00
8.343318700790405273e+00
8.346683979034423828e+00
8.349942207336425781e+00
8.353302240371704102e+00
8.356682777404785156e+00
8.360270261764526367e+00
8.363667011260986328e+00
8.366938591003417969e+00
8.370293617248535156e+00
8.373667240142822266e+00
8.376919746398925781e+00
8.380445480346679688e+00
8.384869813919067383e+00
8.389303207397460938e+00
8.393341064453125000e+00
8.396924734115600586e+00
8.400291919708251953e+00
8.404034376144409180e+00
8.407658100128173828e+00
8.410915613174438477e+00
8.414269208908081055e+00
8.417666196823120117e+00
8.420794725418090820e+00
8.424273252487182617e+00
8.427654981613159180e+00
8.430921316146850586e+00
8.434277057647705078e+00
8.437529325485229492e+00
8.440705060958862305e+00
8.444330692291259766e+00
8.447657108306884766e+00
8.450793266296386719e+00
8.454325914382934570e+00
8.457455396652221680e+00
8.460416316986083984e+00
8.463657617568969727e+00
8.466656923294067383e+00
8.469658613204956055e+00
8.472657203674316406e+00
8.476299524307250977e+00
8.479404211044311523e+00
8.482424974441528320e+00
8.485441207885742188e+00
8.488414049148559570e+00
8.491656780242919922e+00
8.495292186737060547e+00
8.498419046401977539e+00
8.501460313796997070e+00
8.504527330398559570e+00
8.507669925689697266e+00
8.510657787322998047e+00
8.513657569885253906e+00
8.516656875610351562e+00
8.519656181335449219e+00
8.522656440734863281e+00
8.525874376296997070e+00
8.529280185699462891e+00
8.532420873641967773e+00
8.535657167434692383e+00
8.538658857345581055e+00
8.542085647583007812e+00
8.546358108520507812e+00
8.550303459167480469e+00
8.553814172744750977e+00
8.557291984558105469e+00
8.560814380645751953e+00
8.564440727233886719e+00
8.568055868148803711e+00
8.572302341461181641e+00
8.576075077056884766e+00
8.579806804656982422e+00
8.583869457244873047e+00
8.588491201400756836e+00
8.592808485031127930e+00
8.596680879592895508e+00
8.600855588912963867e+00
8.604660511016845703e+00
8.608449220657348633e+00
8.612354278564453125e+00
8.616737604141235352e+00
8.620871305465698242e+00
8.624694824218750000e+00
8.628815889358520508e+00
8.632823705673217773e+00
8.636559963226318359e+00
8.640671014785766602e+00
8.644431829452514648e+00
8.648063898086547852e+00
8.651812791824340820e+00
8.655315160751342773e+00
8.658680915832519531e+00
8.662311077117919922e+00
8.665808916091918945e+00
8.669287443161010742e+00
8.672774314880371094e+00
8.676300287246704102e+00
8.679667949676513672e+00
8.682920694351196289e+00
8.686286926269531250e+00
8.689669132232666016e+00
8.692920684814453125e+00
8.696273088455200195e+00
8.699667692184448242e+00
8.702920436859130859e+00
8.706287384033203125e+00
8.709669828414916992e+00
8.712920904159545898e+00
8.716286182403564453e+00
8.719667673110961914e+00
8.722920179367065430e+00
8.726286411285400391e+00
8.729668617248535156e+00
8.732920885086059570e+00
8.736309051513671875e+00
8.739667415618896484e+00
8.742924451828002930e+00
8.746270179748535156e+00
8.749668598175048828e+00
8.752923250198364258e+00
8.755922079086303711e+00
8.759290695190429688e+00
8.762669086456298828e+00
8.765919685363769531e+00
8.769291162490844727e+00
8.772667646408081055e+00
8.775919198989868164e+00
8.779286861419677734e+00
8.782539606094360352e+00
8.785921812057495117e+00
8.789295196533203125e+00
8.792667627334594727e+00
8.796281099319458008e+00
8.799668550491333008e+00
8.802924871444702148e+00
8.806281805038452148e+00
8.809668064117431641e+00
8.812920570373535156e+00
8.816290855407714844e+00
8.819667816162109375e+00
8.822919845581054688e+00
8.826277732849121094e+00
8.829539775848388672e+00
8.832920551300048828e+00
8.836272716522216797e+00
8.839668035507202148e+00
8.842919349670410156e+00
8.846281051635742188e+00
8.849667072296142578e+00
8.852920055389404297e+00
8.855921506881713867e+00
8.859281063079833984e+00
8.862668991088867188e+00
8.865922451019287109e+00
8.869286298751831055e+00
8.872668743133544922e+00
8.875922679901123047e+00
8.879275083541870117e+00
8.882670164108276367e+00
8.885922670364379883e+00
8.889286279678344727e+00
8.892665624618530273e+00
8.895923376083374023e+00
8.899287462234497070e+00
8.902669668197631836e+00
8.906733274459838867e+00
8.910439729690551758e+00
8.914460182189941406e+00
8.918735027313232422e+00
8.922684907913208008e+00
8.926687717437744141e+00
8.930444478988647461e+00
8.934445619583129883e+00
8.938427448272705078e+00
8.941980600357055664e+00
8.945816040039062500e+00
8.949294090270996094e+00
8.952935934066772461e+00
8.956289768218994141e+00
8.959822416305541992e+00
8.963320970535278320e+00
8.967055320739746094e+00
8.970689773559570312e+00
8.974302053451538086e+00
8.978070259094238281e+00
8.981687545776367188e+00
8.985314369201660156e+00
8.988925218582153320e+00
8.993357658386230469e+00
8.997955560684204102e+00
9.002312183380126953e+00
9.006423711776733398e+00
9.010067939758300781e+00
9.013684988021850586e+00
9.017192125320434570e+00
9.020811557769775391e+00
9.024966955184936523e+00
9.029314994812011719e+00
9.032936334609985352e+00
9.036279439926147461e+00
9.040329933166503906e+00
9.044278383255004883e+00
9.047409296035766602e+00
9.050415754318237305e+00
9.053413867950439453e+00
9.056405067443847656e+00
9.059401988983154297e+00
9.062415122985839844e+00
9.065408706665039062e+00
9.068401336669921875e+00
9.071669578552246094e+00
9.074884891510009766e+00
9.078266143798828125e+00
9.081446170806884766e+00
9.084406375885009766e+00
9.087528705596923828e+00
9.090413808822631836e+00
9.093684434890747070e+00
9.096659660339355469e+00
9.099529981613159180e+00
9.102661371231079102e+00
9.105870485305786133e+00
9.109287738800048828e+00
9.112411975860595703e+00
9.115401983261108398e+00
9.118410825729370117e+00
9.121413707733154297e+00
9.124407052993774414e+00
9.127406835556030273e+00
9.130410671234130859e+00
9.133448123931884766e+00
9.136408805847167969e+00
9.139671087265014648e+00
9.142700433731079102e+00
9.146288394927978516e+00
9.149663686752319336e+00
9.152883768081665039e+00
9.156804561614990234e+00
9.160274505615234375e+00
9.163532733917236328e+00
9.166665554046630859e+00
9.169885635375976562e+00
9.173185825347900391e+00
9.176534414291381836e+00
9.179533720016479492e+00
9.182662487030029297e+00
9.186296224594116211e+00
9.189723491668701172e+00
9.192799091339111328e+00
9.196263074874877930e+00
9.199534177780151367e+00
9.202664852142333984e+00
9.205942153930664062e+00
9.209666490554809570e+00
9.213037252426147461e+00
9.216654539108276367e+00
9.219799995422363281e+00
9.223264217376708984e+00
9.226798534393310547e+00
9.230275630950927734e+00
9.233879089355468750e+00
9.237281560897827148e+00
9.241266012191772461e+00
9.244663953781127930e+00
9.248271942138671875e+00
9.251533985137939453e+00
9.254663228988647461e+00
9.258298158645629883e+00
9.261665344238281250e+00
9.264891862869262695e+00
9.268290519714355469e+00
9.271533727645874023e+00
9.274925470352172852e+00
9.278269290924072266e+00
9.281667232513427734e+00
9.284892082214355469e+00
9.288261890411376953e+00
9.292292594909667969e+00
9.295842647552490234e+00
9.298903465270996094e+00
9.302261829376220703e+00
9.306068897247314453e+00
9.309276103973388672e+00
9.312534332275390625e+00
9.315534114837646484e+00
9.319296836853027344e+00
9.323270082473754883e+00
9.326663255691528320e+00
9.330292701721191406e+00
9.334319114685058594e+00
9.337775707244873047e+00
9.341279506683349609e+00
9.345269918441772461e+00
9.348535299301147461e+00
9.351669073104858398e+00
9.354662418365478516e+00
9.357921600341796875e+00
9.361261844635009766e+00
9.364532947540283203e+00
9.367402553558349609e+00
9.370687961578369141e+00
9.373662948608398438e+00
9.376532316207885742e+00
9.379663705825805664e+00
9.382661342620849609e+00
9.385666370391845703e+00
9.388659477233886719e+00
9.391915798187255859e+00
9.395273923873901367e+00
9.398417711257934570e+00
9.400914192199707031e+00
9.403451442718505859e+00
9.405915498733520508e+00
9.408663988113403320e+00
9.411917924880981445e+00
9.415261983871459961e+00
9.418414115905761719e+00
9.421660661697387695e+00
9.424531459808349609e+00
9.427916049957275391e+00
9.431287288665771484e+00
9.434903144836425781e+00
9.437922477722167969e+00
9.441258668899536133e+00
9.444532155990600586e+00
9.447661161422729492e+00
9.450646877288818359e+00
9.453662395477294922e+00
9.456531763076782227e+00
9.459530591964721680e+00
9.462661743164062500e+00
9.465661287307739258e+00
9.468879938125610352e+00
9.472314357757568359e+00
9.475657463073730469e+00
9.478660583496093750e+00
9.481662273406982422e+00
9.484532117843627930e+00
9.487550973892211914e+00
9.490667343139648438e+00
9.494259595870971680e+00
9.497405767440795898e+00
9.500408411026000977e+00
9.503411054611206055e+00
9.506531476974487305e+00
9.509416103363037109e+00
9.512404203414916992e+00
9.515411376953125000e+00
9.518409013748168945e+00
9.521440267562866211e+00
9.524408102035522461e+00
9.527531623840332031e+00
9.530403137207031250e+00
9.533441305160522461e+00
9.536409854888916016e+00
9.539531707763671875e+00
9.542408227920532227e+00
9.545408725738525391e+00
9.548415184020996094e+00
9.551407575607299805e+00
9.554408550262451172e+00
9.557435989379882812e+00
9.560408592224121094e+00
9.563403367996215820e+00
9.566663742065429688e+00
9.569662570953369141e+00
9.572532653808593750e+00
9.575531721115112305e+00
9.578414440155029297e+00
9.581609010696411133e+00
9.585692882537841797e+00
9.588531732559204102e+00
9.592047214508056641e+00
9.596266031265258789e+00
9.600377082824707031e+00
9.604262113571166992e+00
9.608289718627929688e+00
9.612307310104370117e+00
9.616424560546875000e+00
9.620435476303100586e+00
9.624048948287963867e+00
9.628101587295532227e+00
9.632049083709716797e+00
9.635692119598388672e+00
9.640012741088867188e+00
9.644317150115966797e+00
9.648061037063598633e+00
9.651812314987182617e+00
9.655317306518554688e+00
9.659013271331787109e+00
9.662671089172363281e+00
9.666291713714599609e+00
9.669686079025268555e+00
9.673296451568603516e+00
9.676686525344848633e+00
9.680258989334106445e+00
9.683802604675292969e+00
9.687165260314941406e+00
9.690684556961059570e+00
9.694283485412597656e+00
9.697684526443481445e+00
9.701282024383544922e+00
9.704756975173950195e+00
9.708301305770874023e+00
9.711676120758056641e+00
9.714922904968261719e+00
9.718275308609008789e+00
9.721673727035522461e+00
9.724920988082885742e+00
9.728283643722534180e+00
9.731671810150146484e+00
9.734922170639038086e+00
9.738275289535522461e+00
9.741673707962036133e+00
9.744985818862915039e+00
9.748673200607299805e+00
9.752263307571411133e+00
9.755673170089721680e+00
9.758927106857299805e+00
9.762274265289306641e+00
9.765672922134399414e+00
9.768924951553344727e+00
9.772274017333984375e+00
9.775542736053466797e+00
9.778920173645019531e+00
9.782269477844238281e+00
9.785544872283935547e+00
9.788920879364013672e+00
9.792273044586181641e+00
9.795673608779907227e+00
9.798927545547485352e+00
9.802273988723754883e+00
9.805673837661743164e+00
9.808920621871948242e+00
9.812264442443847656e+00
9.815673112869262695e+00
9.818921566009521484e+00
9.822265625000000000e+00
9.825545072555541992e+00
9.828922986984252930e+00
9.832274198532104492e+00
9.835544347763061523e+00
9.838926076889038086e+00
9.842273950576782227e+00
9.845674514770507812e+00
9.848905801773071289e+00
9.852291822433471680e+00
9.855419397354125977e+00
9.858927726745605469e+00
9.862275123596191406e+00
9.865549564361572266e+00
9.868930101394653320e+00
9.872259616851806641e+00
9.875672578811645508e+00
9.878926277160644531e+00
9.882263898849487305e+00
9.885544538497924805e+00
9.888921737670898438e+00
9.892261028289794922e+00
9.895674228668212891e+00
9.898926019668579102e+00
9.902274847030639648e+00
9.905437231063842773e+00
9.908672332763671875e+00
9.912291288375854492e+00
9.915417194366455078e+00
9.918908119201660156e+00
9.922275781631469727e+00
9.925674438476562500e+00
9.928926229476928711e+00
9.932274103164672852e+00
9.935672760009765625e+00
9.938923835754394531e+00
9.942264556884765625e+00
9.945770263671875000e+00
9.949284791946411133e+00
9.952543973922729492e+00
9.955922365188598633e+00
9.959274768829345703e+00
9.962544202804565430e+00
9.965785503387451172e+00
9.969264984130859375e+00
9.972673416137695312e+00
9.975921392440795898e+00
9.979284286499023438e+00
9.982408285140991211e+00
9.985925674438476562e+00
9.989262580871582031e+00
9.992544412612915039e+00
9.995673418045043945e+00
9.998900413513183594e+00
1.000226998329162598e+01
1.000565075874328613e+01
1.000889968872070312e+01
1.001227355003356934e+01
1.001541590690612793e+01
1.001867198944091797e+01
1.002190136909484863e+01
1.002526116371154785e+01
1.002864742279052734e+01
1.003190183639526367e+01
1.003527545928955078e+01
1.003856348991394043e+01
1.004190492630004883e+01
1.004525995254516602e+01
1.004865455627441406e+01
1.005190300941467285e+01
1.005526518821716309e+01
1.005854511260986328e+01
1.006178641319274902e+01
1.006527447700500488e+01
1.006841588020324707e+01
1.007164716720581055e+01
1.007490491867065430e+01
1.007827305793762207e+01
1.008154582977294922e+01
1.008467459678649902e+01
1.008790087699890137e+01
1.009125971794128418e+01
1.009441733360290527e+01
1.009778666496276855e+01
1.010127329826354980e+01
1.010454416275024414e+01
1.010764741897583008e+01
1.011092233657836914e+01
1.011427569389343262e+01
1.011754608154296875e+01
1.012064814567565918e+01
1.012390089035034180e+01
1.012726211547851562e+01
1.013054561614990234e+01
1.013390040397644043e+01
1.013726329803466797e+01
1.014054274559020996e+01
1.014365077018737793e+01
1.014726686477661133e+01
1.015054512023925781e+01
1.015390133857727051e+01
1.015726017951965332e+01
1.016054368019104004e+01
1.016364789009094238e+01
1.016692161560058594e+01
1.017026710510253906e+01
1.017354726791381836e+01
1.017667484283447266e+01
1.018027544021606445e+01
1.018428397178649902e+01
1.018836164474487305e+01
1.019239521026611328e+01
1.019591116905212402e+01
1.019927835464477539e+01
1.020265650749206543e+01
1.020639109611511230e+01
1.020978283882141113e+01
1.021329712867736816e+01
1.021670675277709961e+01
1.022027444839477539e+01
1.022354769706726074e+01
1.022691535949707031e+01
1.023041367530822754e+01
1.023429059982299805e+01
1.023765206336975098e+01
1.024092507362365723e+01
1.024427628517150879e+01
1.024754810333251953e+01
1.025090789794921875e+01
1.025436401367187500e+01
1.025829911231994629e+01
1.026165437698364258e+01
1.026490855216979980e+01
1.026827335357666016e+01
1.027165317535400391e+01
1.027490830421447754e+01
1.027827024459838867e+01
1.028162741661071777e+01
1.028528451919555664e+01
1.028865194320678711e+01
1.029227495193481445e+01
1.029565238952636719e+01
1.029891037940979004e+01
1.030227470397949219e+01
1.030573678016662598e+01
1.030927920341491699e+01
1.031265091896057129e+01
1.031628394126892090e+01
1.031965184211730957e+01
1.032290935516357422e+01
1.032627844810485840e+01
1.032962584495544434e+01
1.033303070068359375e+01
1.033665156364440918e+01
1.034027194976806641e+01
1.034355401992797852e+01
1.034691429138183594e+01
1.035040211677551270e+01
1.035379004478454590e+01
1.035728526115417480e+01
1.036054897308349609e+01
1.036391210556030273e+01
1.036727929115295410e+01
1.037080883979797363e+01
1.037441468238830566e+01
1.037829661369323730e+01
1.038187074661254883e+01
1.038628673553466797e+01
1.039000296592712402e+01
1.039429736137390137e+01
1.039842081069946289e+01
1.040228009223937988e+01
1.040579843521118164e+01
1.040945863723754883e+01
1.041291165351867676e+01
1.041633176803588867e+01
1.041990804672241211e+01
1.042328834533691406e+01
1.042666578292846680e+01
1.043023300170898438e+01
1.043365526199340820e+01
1.043732643127441406e+01
1.044091272354125977e+01
1.044440221786499023e+01
1.044827556610107422e+01
1.045165777206420898e+01
1.045495724678039551e+01
1.045828247070312500e+01
1.046170091629028320e+01
1.046544313430786133e+01
1.046891069412231445e+01
1.047244954109191895e+01
1.047591376304626465e+01
1.047944927215576172e+01
1.048304724693298340e+01
1.048655176162719727e+01
1.048978424072265625e+01
1.049327397346496582e+01
1.049683189392089844e+01
1.050028157234191895e+01
1.050368189811706543e+01
1.050737905502319336e+01
1.051141476631164551e+01
1.051529335975646973e+01
1.051896333694458008e+01
1.052279591560363770e+01
1.052629399299621582e+01
1.053045630455017090e+01
1.053440976142883301e+01
1.053895807266235352e+01
1.054280567169189453e+01
1.054628276824951172e+01
1.054964137077331543e+01
1.055263686180114746e+01
1.055626606941223145e+01
1.055939960479736328e+01
1.056238770484924316e+01
1.056542825698852539e+01
1.056838631629943848e+01
1.057164001464843750e+01
1.057463979721069336e+01
1.057753729820251465e+01
1.058040857315063477e+01
1.058353638648986816e+01
1.058664655685424805e+01
1.058991169929504395e+01
1.059325647354125977e+01
1.059563779830932617e+01
1.059825468063354492e+01
1.060053730010986328e+01
1.060289335250854492e+01
1.060525846481323242e+01
1.060764026641845703e+01
1.060993838310241699e+01
1.061275243759155273e+01
1.061525726318359375e+01
1.061755537986755371e+01
1.062025904655456543e+01
1.062278318405151367e+01
1.062524795532226562e+01
1.062840437889099121e+01
1.063190627098083496e+01
1.063577342033386230e+01
1.063927149772644043e+01
1.064279913902282715e+01
1.064630937576293945e+01
1.064966392517089844e+01
1.065289855003356934e+01
1.065627598762512207e+01
1.065926337242126465e+01
1.066226887702941895e+01
1.066527509689331055e+01
1.066838765144348145e+01
1.067138338088989258e+01
1.067465472221374512e+01
1.067827272415161133e+01
1.068125629425048828e+01
1.068426299095153809e+01
1.068740916252136230e+01
1.069065618515014648e+01
1.069430422782897949e+01
1.069791364669799805e+01
1.070125770568847656e+01
1.070425295829772949e+01
1.070739984512329102e+01
1.071064734458923340e+01
1.071442437171936035e+01
1.071755909919738770e+01
1.072038769721984863e+01
1.072353672981262207e+01
1.072653794288635254e+01
1.072943162918090820e+01
1.073238825798034668e+01
1.073553657531738281e+01
1.073864650726318359e+01
1.074153923988342285e+01
1.074453783035278320e+01
1.074738788604736328e+01
1.075096678733825684e+01
1.075442838668823242e+01
1.075766491889953613e+01
1.076091551780700684e+01
1.076424932479858398e+01
1.076829767227172852e+01
1.077164649963378906e+01
1.077525305747985840e+01
1.077854418754577637e+01
1.078165078163146973e+01
1.078608918190002441e+01
1.079091501235961914e+01
1.079429817199707031e+01
1.079779696464538574e+01
1.080129098892211914e+01
1.080506086349487305e+01
1.080854821205139160e+01
1.081205272674560547e+01
1.081566357612609863e+01
1.081904792785644531e+01
1.082254791259765625e+01
1.082628178596496582e+01
1.082978153228759766e+01
1.083326673507690430e+01
1.083665680885314941e+01
1.084025263786315918e+01
1.084354805946350098e+01
1.084690451622009277e+01
1.085026621818542480e+01
1.085355329513549805e+01
1.085664844512939453e+01
1.086026740074157715e+01
1.086354804039001465e+01
1.086674261093139648e+01
1.087027359008789062e+01
1.087365269660949707e+01
1.087690472602844238e+01
1.088026905059814453e+01
1.088354754447937012e+01
1.088665080070495605e+01
1.088975524902343750e+01
1.089325690269470215e+01
1.089654779434204102e+01
1.089990544319152832e+01
1.090327191352844238e+01
1.090654897689819336e+01
1.090978431701660156e+01
1.091326713562011719e+01
1.091640663146972656e+01
1.091965174674987793e+01
1.092290496826171875e+01
1.092626738548278809e+01
1.092955136299133301e+01
1.093265128135681152e+01
1.093590474128723145e+01
1.093926811218261719e+01
1.094254803657531738e+01
1.094575309753417969e+01
1.094930219650268555e+01
1.095304942131042480e+01
1.095679020881652832e+01
1.096028637886047363e+01
1.096379566192626953e+01
1.096729755401611328e+01
1.097066450119018555e+01
1.097428131103515625e+01
1.097804450988769531e+01
1.098166799545288086e+01
1.098526954650878906e+01
1.098891615867614746e+01
1.099226498603820801e+01
1.099579954147338867e+01
1.099929165840148926e+01
1.100265359878540039e+01
1.100590872764587402e+01
1.100902056694030762e+01
1.101254940032958984e+01
1.101590633392333984e+01
1.101926374435424805e+01
1.102254915237426758e+01
1.102565240859985352e+01
1.102890634536743164e+01
1.103226375579833984e+01
1.103554940223693848e+01
1.103865242004394531e+01
1.104190993309020996e+01
1.104526805877685547e+01
1.104865717887878418e+01
1.105190491676330566e+01
1.105526971817016602e+01
1.105854868888854980e+01
1.106190538406372070e+01
1.106526112556457520e+01
1.106865096092224121e+01
1.107190513610839844e+01
1.107526803016662598e+01
1.107854866981506348e+01
1.108178997039794922e+01
1.108525824546813965e+01
1.108854937553405762e+01
1.109191060066223145e+01
1.109527063369750977e+01
1.109854960441589355e+01
1.110166025161743164e+01
1.110490465164184570e+01
1.110826992988586426e+01
1.111154985427856445e+01
1.111465787887573242e+01
1.111790704727172852e+01
1.112126588821411133e+01
1.112454962730407715e+01
1.112765288352966309e+01
1.113090205192565918e+01
1.113424825668334961e+01
1.113754820823669434e+01
1.114090490341186523e+01
1.114427089691162109e+01
1.114754939079284668e+01
1.115090537071228027e+01
1.115427064895629883e+01
1.115755105018615723e+01
1.116064286231994629e+01
1.116427063941955566e+01
1.116741228103637695e+01
1.117065262794494629e+01
1.117390513420104980e+01
1.117726111412048340e+01
1.118040013313293457e+01
1.118366026878356934e+01
1.118691539764404297e+01
1.119027113914489746e+01
1.119355130195617676e+01
1.119665384292602539e+01
1.119990968704223633e+01
1.120326638221740723e+01
1.120654964447021484e+01
1.120965361595153809e+01
1.121290516853332520e+01
1.121626949310302734e+01
1.121954989433288574e+01
1.122265601158142090e+01
1.122591185569763184e+01
1.122925376892089844e+01
1.123254990577697754e+01
1.123565816879272461e+01
1.123891162872314453e+01
1.124226450920104980e+01
1.124555134773254395e+01
1.124864554405212402e+01
1.125226497650146484e+01
1.125540256500244141e+01
1.125865411758422852e+01
1.126190376281738281e+01
1.126526999473571777e+01
1.126865291595458984e+01
1.127190685272216797e+01
1.127527046203613281e+01
1.127855038642883301e+01
1.128178167343139648e+01
1.128525924682617188e+01
1.128854990005493164e+01
1.129165506362915039e+01
1.129490423202514648e+01
1.129826998710632324e+01
1.130148100852966309e+01
1.130464148521423340e+01
1.130790209770202637e+01
1.131127071380615234e+01
1.131455492973327637e+01
1.131765580177307129e+01
1.132090735435485840e+01
1.132426762580871582e+01
1.132755041122436523e+01
1.133065414428710938e+01
1.133390665054321289e+01
1.133727335929870605e+01
1.134054923057556152e+01
1.134365367889404297e+01
1.134690618515014648e+01
1.135027122497558594e+01
1.135355210304260254e+01
1.135663652420043945e+01
1.135990834236145020e+01
1.136326050758361816e+01
1.136654996871948242e+01
1.136965513229370117e+01
1.137290525436401367e+01
1.137625908851623535e+01
1.137955021858215332e+01
1.138264083862304688e+01
1.138590812683105469e+01
1.138925385475158691e+01
1.139255046844482422e+01
1.139565658569335938e+01
1.139890694618225098e+01
1.140226578712463379e+01
1.140555167198181152e+01
1.140864443778991699e+01
1.141226506233215332e+01
1.141555070877075195e+01
1.141865277290344238e+01
1.142190957069396973e+01
1.142524600028991699e+01
1.142855119705200195e+01
1.143165421485900879e+01
1.143490767478942871e+01
1.143826770782470703e+01
1.144155240058898926e+01
1.144465565681457520e+01
1.144791102409362793e+01
1.145126104354858398e+01
1.145455121994018555e+01
1.145764088630676270e+01
1.146090507507324219e+01
1.146424579620361328e+01
1.146755480766296387e+01
1.147065591812133789e+01
1.147390675544738770e+01
1.147726225852966309e+01
1.148055124282836914e+01
1.148365354537963867e+01
1.148690724372863770e+01
1.149025058746337891e+01
1.149365496635437012e+01
1.149690485000610352e+01
1.150027203559875488e+01
1.150355148315429688e+01
1.150664305686950684e+01
1.150990724563598633e+01
1.151324534416198730e+01
1.151655173301696777e+01
1.151963996887207031e+01
1.152290701866149902e+01
1.152624654769897461e+01
1.152955365180969238e+01
1.153265547752380371e+01
1.153590154647827148e+01
1.153927159309387207e+01
1.154255032539367676e+01
1.154575967788696289e+01
1.154931020736694336e+01
1.155265903472900391e+01
1.155590748786926270e+01
1.155927109718322754e+01
1.156255125999450684e+01
1.156575870513916016e+01
1.156924724578857422e+01
1.157239842414855957e+01
1.157564139366149902e+01
1.157890582084655762e+01
1.158227276802062988e+01
1.158555245399475098e+01
1.158865499496459961e+01
1.159224677085876465e+01
1.159555172920227051e+01
1.159864211082458496e+01
1.160190463066101074e+01
1.160527157783508301e+01
1.160858154296875000e+01
1.161165833473205566e+01
1.161490178108215332e+01
1.161824464797973633e+01
1.162157821655273438e+01
1.162464046478271484e+01
1.162826108932495117e+01
1.163155221939086914e+01
1.163465881347656250e+01
1.163790702819824219e+01
1.164126658439636230e+01
1.164455080032348633e+01
1.164764881134033203e+01
1.165090727806091309e+01
1.165424275398254395e+01
1.165755510330200195e+01
1.166065430641174316e+01
1.166390275955200195e+01
1.166725993156433105e+01
1.167055201530456543e+01
1.167375683784484863e+01
1.167726039886474609e+01
1.168055200576782227e+01
1.168391013145446777e+01
1.168725061416625977e+01
1.169055247306823730e+01
1.169376015663146973e+01
1.169726490974426270e+01
1.170055198669433594e+01
1.170364093780517578e+01
1.170690774917602539e+01
1.171025228500366211e+01
1.171362900733947754e+01
1.171690320968627930e+01
1.172026586532592773e+01
1.172355151176452637e+01
1.172664618492126465e+01
1.172975945472717285e+01
1.173326253890991211e+01
1.173655223846435547e+01
1.173964762687683105e+01
1.174290800094604492e+01
1.174624395370483398e+01
1.174955344200134277e+01
1.175290775299072266e+01
1.175624346733093262e+01
1.175955176353454590e+01
1.176265668869018555e+01
1.176591062545776367e+01
1.176926827430725098e+01
1.177255249023437500e+01
1.177564477920532227e+01
1.177890825271606445e+01
1.178226757049560547e+01
1.178543233871459961e+01
1.178864455223083496e+01
1.179190468788146973e+01
1.179524731636047363e+01
1.179855155944824219e+01
1.180165600776672363e+01
1.180490851402282715e+01
1.180825042724609375e+01
1.181155204772949219e+01
1.181465601921081543e+01
1.181790971755981445e+01
1.182124090194702148e+01
1.182455658912658691e+01
1.182765603065490723e+01
1.183088374137878418e+01
1.183426928520202637e+01
1.183755421638488770e+01
1.184064173698425293e+01
1.184365653991699219e+01
1.184690928459167480e+01
1.185025644302368164e+01
1.185342192649841309e+01
1.185664725303649902e+01
1.185990476608276367e+01
1.186325168609619141e+01
1.186655330657958984e+01
1.186964750289916992e+01
1.187288403511047363e+01
1.187526488304138184e+01
1.187789106369018555e+01
1.188026523590087891e+01
1.188290929794311523e+01
1.188555908203125000e+01
1.188825821876525879e+01
1.189088273048400879e+01
1.189326620101928711e+01
1.189590859413146973e+01
1.189855790138244629e+01
1.190124177932739258e+01
1.190455317497253418e+01
1.190765666961669922e+01
1.191088438034057617e+01
1.191425323486328125e+01
1.191755580902099609e+01
1.192065691947937012e+01
1.192388272285461426e+01
1.192724227905273438e+01
1.193039965629577637e+01
1.193355488777160645e+01
1.193664717674255371e+01
1.193990135192871094e+01
1.194326186180114746e+01
1.194639563560485840e+01
1.194976162910461426e+01
1.195324230194091797e+01
1.195626306533813477e+01
1.195955324172973633e+01
1.196263003349304199e+01
1.196590852737426758e+01
1.196924757957458496e+01
1.197255373001098633e+01
1.197565627098083496e+01
1.197888398170471191e+01
1.198225283622741699e+01
1.198555493354797363e+01
1.198865652084350586e+01
1.199192786216735840e+01
1.199524331092834473e+01
1.199855256080627441e+01
1.200165653228759766e+01
1.200490570068359375e+01
1.200824856758117676e+01
1.201155304908752441e+01
1.201465773582458496e+01
1.201790523529052734e+01
1.202124643325805664e+01
1.202455329895019531e+01
1.202764534950256348e+01
1.203063035011291504e+01
1.203388905525207520e+01
1.203724575042724609e+01
1.204055404663085938e+01
1.204365706443786621e+01
1.204688453674316406e+01
1.205024337768554688e+01
1.205376100540161133e+01
1.205724716186523438e+01
1.206055331230163574e+01
1.206362915039062500e+01
1.206664824485778809e+01
1.206976103782653809e+01
1.207324266433715820e+01
1.207655262947082520e+01
1.207965826988220215e+01
1.208290457725524902e+01
1.208625483512878418e+01
1.208955502510070801e+01
1.209265661239624023e+01
1.209588360786437988e+01
1.209901070594787598e+01
1.210255265235900879e+01
1.210601925849914551e+01
1.210956645011901855e+01
1.211326241493225098e+01
1.211673545837402344e+01
1.212026476860046387e+01
1.212377452850341797e+01
1.212726068496704102e+01
1.213102078437805176e+01
1.213529133796691895e+01
1.213979053497314453e+01
1.214342141151428223e+01
1.214730143547058105e+01
1.215162777900695801e+01
1.215543889999389648e+01
1.215962862968444824e+01
1.216368317604064941e+01
1.216734290122985840e+01
1.217135095596313477e+01
1.217509317398071289e+01
1.217902207374572754e+01
1.218309211730957031e+01
1.218695330619812012e+01
1.219128489494323730e+01
1.219540905952453613e+01
1.219933533668518066e+01
1.220335745811462402e+01
1.220700836181640625e+01
1.221092581748962402e+01
1.221508955955505371e+01
1.221928954124450684e+01
1.222342944145202637e+01
1.222765111923217773e+01
1.223139548301696777e+01
1.223527693748474121e+01
1.223931765556335449e+01
1.224334168434143066e+01
1.224728798866271973e+01
1.225129103660583496e+01
1.225578951835632324e+01
1.226027560234069824e+01
1.226403141021728516e+01
1.226764678955078125e+01
1.227139425277709961e+01
1.227527165412902832e+01
1.227875018119812012e+01
1.228217577934265137e+01
1.228604221343994141e+01
1.228957200050354004e+01
1.229339790344238281e+01
1.229703354835510254e+01
1.230078315734863281e+01
