5.000000000000000000e+00
5.030764198303222301e+00
5.061255645751953303e+00
5.090439987182617365e+00
5.124987030029297230e+00
5.163933753967285156e+00
5.198103141784668146e+00
5.233955192565917791e+00
5.273176765441894176e+00
5.305180931091308949e+00
5.334879302978515980e+00
5.361245918273925604e+00
5.383038711547851740e+00
5.403046035766601918e+00
5.426351547241210938e+00
5.447663879394530895e+00
5.471107864379883168e+00
5.488228225708008168e+00
5.502012634277344105e+00
5.515039634704590021e+00
5.527621841430663707e+00
5.545048522949218572e+00
5.562752151489258168e+00
5.581280326843261363e+00
5.601010704040527699e+00
5.616479873657226562e+00
5.634114265441894531e+00
5.652470397949218572e+00
5.666598892211913707e+00
5.680932998657226562e+00
5.692724227905273438e+00
5.708845901489257635e+00
5.724795532226562678e+00
5.747826194763183238e+00
5.770240020751953303e+00
5.795779991149902166e+00
5.816062164306640803e+00
5.833799362182617188e+00
5.850298690795898260e+00
5.868793296813964666e+00
5.882028007507324574e+00
5.900281333923340199e+00
5.918293380737305043e+00
5.935927772521973012e+00
5.960712432861328125e+00
5.986113929748535512e+00
6.005777168273925604e+00
6.019492340087890803e+00
6.036507797241211115e+00
6.056789970397948863e+00
6.078685569763183416e+00
6.097729873657226740e+00
6.116774177551269176e+00
6.132071304321288885e+00
6.148295783996582387e+00
6.164900016784668146e+00
6.184733200073242010e+00
6.200821304321289418e+00
6.222511291503906250e+00
6.241108703613281072e+00
6.257471656799316051e+00
6.276721572875976207e+00
6.299957847595214488e+00
6.324090003967285156e+00
6.352449798583984730e+00
6.376132965087890625e+00
6.396104621887206854e+00
6.415870666503906250e+00
6.433987617492675781e+00
6.453373908996582031e+00
6.471249580383300781e+00
6.491598892211913885e+00
6.512017440795898615e+00
6.532333183288574041e+00
6.545259475708007812e+00
6.556224060058593928e+00
6.570696640014648260e+00
6.582727050781249645e+00
6.594929504394531072e+00
6.603798103332519709e+00
6.615383720397948863e+00
6.626728057861328125e+00
6.637520599365234197e+00
6.650000000000000355e+00
6.664711761474609197e+00
6.678771018981933594e+00
6.693965339660644887e+00
6.711186408996582031e+00
6.727549362182617010e+00
6.739374160766601562e+00
6.750649261474609197e+00
6.763162231445312145e+00
6.772649765014648438e+00
6.781723976135253906e+00
6.789904403686523260e+00
6.797881317138672053e+00
6.807538795471191229e+00
6.818711090087890447e+00
6.830743598937988104e+00
6.842224311828613459e+00
6.856866836547851562e+00
6.869793128967285334e+00
6.882098388671875178e+00
6.897533988952636363e+00
6.911077117919921520e+00
6.925721740722655895e+00
6.936445045471192117e+00
6.950712013244629617e+00
6.964496421813965554e+00
6.982061576843261896e+00
6.997564315795898438e+00
7.014718246459961115e+00
7.028983116149902344e+00
7.042251396179199929e+00
7.054902839660645242e+00
7.068343162536621094e+00
7.082435989379883168e+00
7.094260787963866832e+00
7.106809425354004617e+00
7.115573120117187678e+00
7.123755645751953303e+00
7.135888862609863992e+00
7.150464248657226740e+00
7.163768196105957387e+00
7.179201698303222301e+00
7.191748237609862926e+00
7.207389450073241832e+00
7.223958015441894531e+00
7.239943313598633523e+00
7.255582427978515270e+00
7.271259307861328125e+00
7.286384391784668679e+00
7.307214164733887074e+00
7.322614097595215199e+00
7.335196304321289773e+00
7.348808670043945668e+00
7.362970733642578480e+00
7.376377487182617543e+00
7.390745162963867188e+00
7.403016853332520242e+00
7.417936325073242188e+00
7.434265708923339488e+00
7.448083686828613992e+00
7.463139533996582031e+00
7.477748489379882457e+00
7.489436912536621804e+00
7.502635955810546875e+00
7.516558837890625178e+00
7.529346656799316584e+00
7.540688896179199574e+00
7.554131317138672586e+00
7.567915725708008523e+00
7.580565071105956676e+00
7.594829940795898793e+00
7.609096908569336293e+00
7.623603057861328303e+00
7.639208602905274148e+00
7.654436492919922230e+00
7.667601966857910512e+00
7.682005310058594105e+00
7.695376396179199219e+00
7.708164215087890625e+00
7.719061660766602273e+00
7.732571220397948863e+00
7.744945716857910334e+00
7.757527923583984020e+00
7.772927856445312145e+00
7.788946723937987926e+00
7.805240440368653054e+00
7.821362113952636363e+00
7.836762046813964488e+00
7.849583435058594461e+00
7.862165641784668146e+00
7.872614097595215021e+00
7.882720565795898082e+00
7.894478225708008168e+00
7.902245330810547586e+00
7.914689064025878906e+00
7.928301429748534801e+00
7.942704772949218395e+00
7.956661224365234375e+00
7.972268867492676492e+00
7.989145851135253551e+00
8.007674026489258523e+00
8.022660636901855824e+00
8.036583518981933238e+00
8.052396774291992188e+00
8.065079689025878906e+00
8.078039550781250355e+00
8.094058418273926137e+00
8.110901832580566406e+00
8.128330612182617543e+00
8.147202873229980824e+00
8.167929840087889914e+00
8.184878158569336648e+00
8.200689315795898438e+00
8.218323707580566406e+00
8.230905914306640980e+00
8.244277000427246094e+00
8.260262298583985086e+00
8.274527168273925426e+00
8.289377403259276633e+00
8.303711509704589488e+00
8.320485687255859020e+00
8.333514785766601207e+00
8.346199798583985086e+00
8.360945129394531605e+00
8.372702789306639914e+00
8.385352134704589844e+00
8.398414802551268821e+00
8.413642692565918679e+00
8.426636123657226918e+00
8.439390373229979758e+00
8.453346824645995738e+00
8.467748069763183949e+00
8.479814147949218395e+00
8.493598556518554332e+00
8.508551597595214844e+00
8.525533485412598367e+00
8.542446136474609375e+00
8.556883049011229758e+00
8.573384475708007102e+00
8.587168884277343039e+00
8.599232864379882102e+00
8.612914466857910512e+00
8.624670028686523438e+00
8.634984207153319602e+00
8.644849395751952770e+00
8.656330108642578125e+00
8.667777252197264914e+00
8.679740524291991832e+00
8.692287063598632457e+00
8.705899429321288352e+00
8.722090339660644176e+00
8.738589668273926137e+00
8.755261039733886363e+00
8.770730209350585227e+00
8.786851882934570312e+00
8.802149009704589133e+00
8.814284324645996094e+00
8.830198287963867188e+00
8.844534492492675426e+00
8.862133216857909446e+00
8.878909492492676137e+00
8.902420616149903765e+00
8.922220230102539062e+00
8.941436576843262429e+00
8.958693313598633523e+00
8.973060989379883168e+00
8.985746002197267046e+00
8.996882629394530539e+00
9.009154319763183594e+00
9.024384307861328836e+00
9.039612197875976918e+00
9.057796287536621804e+00
9.074708938598632812e+00
9.093958854675292969e+00
9.113792037963868609e+00
9.131048774719239702e+00
9.145829772949220171e+00
9.163464164733888140e+00
9.178142356872559304e+00
9.191687583923339844e+00
9.211659240722656961e+00
9.230942726135253906e+00
9.247683334350586648e+00
9.270439147949218750e+00
9.289552688598632812e+00
9.306396102905274859e+00
9.323480796813964133e+00
9.337917709350586293e+00
9.350671958923339133e+00
9.367823791503905539e+00
9.381574630737304688e+00
9.396905326843262074e+00
9.416499328613280539e+00
9.434236526489257812e+00
9.452730083465576527e+00
9.469505310058593750e+00
9.488789844512940164e+00
9.505358409881591086e+00
9.521858787536622515e+00
9.542724227905274859e+00
9.562386417388916371e+00
9.581740188598633523e+00
9.596451950073241477e+00
9.611714458465577593e+00
9.631858158111572976e+00
9.645607948303222656e+00
9.662211132049559836e+00
9.679295825958252664e+00
9.693458938598633168e+00
9.707448959350585938e+00
9.720614433288574219e+00
9.733951950073242543e+00
9.745605754852295632e+00
9.758564567565919390e+00
9.773242759704590554e+00
9.788161182403564808e+00
9.801945590972900746e+00
9.815489768981933594e+00
9.832195758819580078e+00
9.848283863067628374e+00
9.861483955383301137e+00
9.876333141326904652e+00
9.889430427551269887e+00
9.904590129852294922e+00
9.917823791503906250e+00
9.930542373657226918e+00
9.942333602905273793e+00
9.952336215972900746e+00
9.964058208465576882e+00
9.978496170043946734e+00
9.991799068450927024e+00
1.000393333435058629e+01
1.002032985687255895e+01
1.003236131668090891e+01
1.004607753753662180e+01
1.005728340148925781e+01
1.007044887542724609e+01
1.008058996200561452e+01
1.009145174026489400e+01
1.009963321685791016e+01
1.011128702163696325e+01
1.012218341827392720e+01
1.013706827163696289e+01
1.015435857772827077e+01
1.017133941650390661e+01
1.018495178222656250e+01
1.019987125396728445e+01
1.021444559097290039e+01
1.022699317932129048e+01
1.023988380432128942e+01
1.025105504989624094e+01
1.026287984848022461e+01
1.027291812896728551e+01
1.028470830917358469e+01
1.029966135025024343e+01
1.031193304061889648e+01
1.032846803665161062e+01
1.034472713470459126e+01
1.036236152648925923e+01
1.037521753311157369e+01
1.039120178222656321e+01
1.040711784362792969e+01
1.041945877075195348e+01
1.043069925308227575e+01
1.044183692932129048e+01
1.045410861968994176e+01
1.046572675704956090e+01
1.047707109451294016e+01
1.049123315811157298e+01
1.050629005432129048e+01
1.051787357330322337e+01
1.053076419830322408e+01
1.054375867843628001e+01
1.055881452560424805e+01
1.056960811614990270e+01
1.058291206359863423e+01
1.059549322128295934e+01
1.060869331359863210e+01
1.062058629989624059e+01
1.063306465148925817e+01
1.064444255828857422e+01
1.065850181579589773e+01
1.067211523056030309e+01
1.068218708038330078e+01
1.069714012145996129e+01
1.071367406845092773e+01
1.073062133789062500e+01
1.074753398895263601e+01
1.076128377914428746e+01
1.077750825881958008e+01
1.079314947128295898e+01
1.080480222702026438e+01
1.081820898056030344e+01
1.083219900131225621e+01
1.084529628753662145e+01
1.085502405166625906e+01
1.086784648895263672e+01
1.087994613647460973e+01
1.089135866165161204e+01
1.090297679901123118e+01
1.091909952163696218e+01
1.093556423187255788e+01
1.095227127075195384e+01
1.096612386703491282e+01
1.097990827560424876e+01
1.099224920272827077e+01
1.100476112365722692e+01
1.101696462631225515e+01
1.103257122039794957e+01
1.104673328399658239e+01
1.105934906005859375e+01
1.107378702163696360e+01
1.109186830520629918e+01
1.110977754592895650e+01
1.112778959274292134e+01
1.114583625793457067e+01
1.115941505432128977e+01
1.117144546508789205e+01
1.118182678222656179e+01
1.119231195449829031e+01
1.120379266738891744e+01
1.121510238647460866e+01
1.122740869522094798e+01
1.124170818328857457e+01
1.125703992843627965e+01
1.127364311218261861e+01
1.128945531845092809e+01
1.130702047348022532e+01
1.132362365722656250e+01
1.133654890060424947e+01
1.134992103576660227e+01
1.136298370361328125e+01
1.137601175308227575e+01
1.139079275131225621e+01
1.140756797790527344e+01
1.142234897613525391e+01
1.143658027648925923e+01
1.145163612365722727e+01
1.146823930740356445e+01
1.148319234848022496e+01
1.149457130432129048e+01
1.150900821685791087e+01
1.152251777648925923e+01
1.153664627075195348e+01
1.154726781845092809e+01
1.156153373718261790e+01
1.157487125396728445e+01
1.158666143417358541e+01
1.160195856094360423e+01
1.162120847702026438e+01
1.163458061218261719e+01
1.164863986968994070e+01
1.166668653488159180e+01
1.168102064132690465e+01
1.169222755432128835e+01
1.170834922790527344e+01
1.172491779327392614e+01
1.173907985687255895e+01
1.175179948806762731e+01
1.176743965148925852e+01
1.178180837631225586e+01
1.179514589309692418e+01
1.180810575485229563e+01
1.182632446289062500e+01
1.184093341827392720e+01
1.185523395538330149e+01
1.187475872039794922e+01
1.189146471023559570e+01
1.190579881668090856e+01
1.191924018859863210e+01
1.193728685379028320e+01
1.195251474380493306e+01
1.197166185379028391e+01
1.199221782684326243e+01
1.201012706756591797e+01
1.202968645095825195e+01
1.204893636703491211e+01
1.206540212631225728e+01
1.208282985687255895e+01
1.209909000396728551e+01
1.211335487365722585e+01
1.212703647613525426e+01
1.214326200485229634e+01
1.215604877471923828e+01
1.217096824645996023e+01
1.218994331359863281e+01
1.220771512985229634e+01
1.222665557861328267e+01
1.224473686218261648e+01
1.226171770095825231e+01
1.227691202163696360e+01
1.228918371200561666e+01
1.230331115722656321e+01
1.231912441253662038e+01
1.233476457595825337e+01
1.235215873718261648e+01
1.237171812057495046e+01
1.239151773452758931e+01
1.241038999557495259e+01
1.242637424468994212e+01
1.244256515502929616e+01
1.245820531845092916e+01
1.247009935379028356e+01
1.248464012145996094e+01
1.250076179504394602e+01
1.251626453399658345e+01
1.253193931579589915e+01
1.255101823806762695e+01
1.257174625396728551e+01
1.258724899291992116e+01
1.260299301147460938e+01
1.262055816650390661e+01
1.263472127914428711e+01
1.264795494079589844e+01
1.266318387985229421e+01
1.267896146774291921e+01
1.269322738647461080e+01
1.270945186614990341e+01
1.272760238647460973e+01
1.274080247879028427e+01
1.275517120361328161e+01
1.277173976898193430e+01
1.278586826324463033e+01
1.280047721862793075e+01
1.281439905166626048e+01
1.283076200485229634e+01
1.284454641342163228e+01
1.285891513824462962e+01
1.287599878311157298e+01
1.289005804061889648e+01
1.290453062057495259e+01
1.292027359008789134e+01
1.293838949203491318e+01
1.295330896377563512e+01
1.296967086791992330e+01
1.298641147613525426e+01
1.300102148056030416e+01
1.301559581756591832e+01
1.302814235687255895e+01
1.304206523895263814e+01
1.305382080078125107e+01
1.306667680740356552e+01
1.307925796508789062e+01
1.309318084716796982e+01
1.310919866561889791e+01
1.312315511703491211e+01
1.314061746597290181e+01
1.315756473541259908e+01
1.317183065414428711e+01
1.318891429901123047e+01
1.320348968505859411e+01
1.321617364883422852e+01
1.323040494918823384e+01
1.324590873718261719e+01
1.326000261306762695e+01
1.327598686218261825e+01
1.329437761306762766e+01
1.331379957199096786e+01
1.332943973541259908e+01
1.334521732330322408e+01
1.336147747039795064e+01
1.337244310379028356e+01
1.338447456359863352e+01
1.339684906005859411e+01
1.340843362808227646e+01
1.342077455520630025e+01
1.343638010025024521e+01
1.345074882507324254e+01
1.346639003753662145e+01
1.348203020095825266e+01
1.349959640502929759e+01
1.351698951721191477e+01
1.353218383789062607e+01
1.354583082199096822e+01
1.356164302825927770e+01
1.357498054504394602e+01
1.359082736968994176e+01
1.360918350219726669e+01
1.362836523056030380e+01
1.365118923187255895e+01
1.367391147613525426e+01
1.369078950881958079e+01
1.371103706359863317e+01
1.372760562896728587e+01
1.374262685775756943e+01
1.375871496200561594e+01
1.377579860687255930e+01
1.379071807861328125e+01
1.380680513381958008e+01
1.382553997039794957e+01
1.384372406005859446e+01
1.386046466827392720e+01
1.388263616561889791e+01
1.389621496200561523e+01
1.391292095184326172e+01
1.393237752914428818e+01
1.394842996597290075e+01
1.396334943771362447e+01
1.398122406005859375e+01
1.399672679901123118e+01
1.400999612808227646e+01
1.402745847702026438e+01
1.404461135864257848e+01
1.406183347702026509e+01
1.407482690811157333e+01
1.408620586395263707e+01
1.409796142578125000e+01
1.410961523056030309e+01
1.412161207199096680e+01
1.413292074203491211e+01
1.414464273452758825e+01
1.415361518859863388e+01
1.416382446289062536e+01
1.417513313293457067e+01
1.419049949645996200e+01
1.420304603576660263e+01
1.421813650131225693e+01
1.423903656005859375e+01
1.425340528488159286e+01
1.426691484451293945e+01
1.428289909362793075e+01
1.429709577560424805e+01
1.430740890502929830e+01
1.431727409362792969e+01
1.432868661880493200e+01
1.434233360290527415e+01
1.435752687454223775e+01
1.437299604415893661e+01
1.439162702560424911e+01
1.441118640899658310e+01
1.442758398056030344e+01
1.444556140899658203e+01
1.445893354415893661e+01
1.447392120361328161e+01
1.448890886306762837e+01
1.450265865325927805e+01
1.451400194168090962e+01
1.452998619079589915e+01
1.454528331756591797e+01
1.456528959274292134e+01
1.458405799865722763e+01
1.460392684936523544e+01
1.461860504150390661e+01
1.463177051544189489e+01
1.464727430343628001e+01
1.466050796508789134e+01
1.467047700881958150e+01
1.468188953399658203e+01
1.469691181182861328e+01
1.470908069610595703e+01
1.472303609848022532e+01
1.473799018859863352e+01
1.475531511306762766e+01
1.477370586395263707e+01
1.478735179901123153e+01
1.480106801986694443e+01
1.481818628311157227e+01
1.483083667755126989e+01
1.484592714309692418e+01
1.486277055740356445e+01
1.487669239044189595e+01
1.489357147216797017e+01
1.491333646774292099e+01
1.493107366561889648e+01
1.494478988647460938e+01
1.496077413558960068e+01
1.497473058700561666e+01
1.498731174468994176e+01
1.499961805343627930e+01
1.501522359848022603e+01
1.502832088470459126e+01
1.504334316253662251e+01
1.505668067932128906e+01
1.507311182022094798e+01
1.509078083038330220e+01
1.510789909362793004e+01
1.512783613204956090e+01
1.514633073806762731e+01
1.516386127471923828e+01
1.518153028488159251e+01
1.519627771377563619e+01
1.521085205078125036e+01
1.522391471862793111e+01
1.523508701324463033e+01
1.524522705078125107e+01
1.525928630828857457e+01
1.527736759185791016e+01
1.529232063293457067e+01
1.530809926986694336e+01
1.532477064132690536e+01
1.534096155166626119e+01
1.535629329681396626e+01
1.537399587631225728e+01
1.538822717666626083e+01
1.540101499557495224e+01
1.541332130432128977e+01
1.542799949645996094e+01
1.544089012145996165e+01
1.545787096023559570e+01
1.547437133789062536e+01
1.549472064971923935e+01
1.551503639221191477e+01
1.553442373275756871e+01
1.555071744918823384e+01
1.556274890899658203e+01
1.557395582199096751e+01
1.558492145538330220e+01
1.559454641342163228e+01
1.560506515502929759e+01
1.561661510467529368e+01
1.562651491165161133e+01
1.564005804061889648e+01
1.565566463470459091e+01
1.566910495758056676e+01
1.568240890502929830e+01
1.569736194610595703e+01
1.571045818328857457e+01
1.572193994522094762e+01
1.573448648452758825e+01
1.574741172790527344e+01
1.575689926147460973e+01
1.576779565811157369e+01
1.577992992401123118e+01
1.579113683700561666e+01
1.580426769256591868e+01
1.581760520935058700e+01
1.583242082595825195e+01
1.584716825485229563e+01
1.586311788558960068e+01
1.587676486968994283e+01
1.588779869079589879e+01
1.590161771774292099e+01
1.591206827163696325e+01
1.592117710113525497e+01
1.593090486526489258e+01
1.594094314575195348e+01
1.595080833435058665e+01
1.596153373718261825e+01
1.597198324203491282e+01
1.598260583877563512e+01
1.599198951721191442e+01
1.600157985687256001e+01
1.601123943328857280e+01
1.602079620361327983e+01
1.602976760864257955e+01
1.603870544433593892e+01
1.604857063293457031e+01
1.605781793594360352e+01
1.606761493682861186e+01
1.607569255828857280e+01
1.608456115722656321e+01
1.609377384185791016e+01
1.610360546112060831e+01
1.611326503753662109e+01
1.612203083038330220e+01
1.612983360290527202e+01
1.613956136703491495e+01
1.614849920272827433e+01
1.615736780166626119e+01
1.616585874557495117e+01
1.617500219345092916e+01
1.618400821685791158e+01
1.619201765060424947e+01
1.620040578842163370e+01
1.621071786880493448e+01
1.622137403488159180e+01
1.623209943771362163e+01
1.624148311614990092e+01
1.625093708038330220e+01
1.626169605255127237e+01
1.626901836395263956e+01
1.627613296508788920e+01
1.628328323364257812e+01
1.629084577560424663e+01
1.629710226058960032e+01
1.630294647216796733e+01
1.631061182022094869e+01
1.631824254989624023e+01
1.632539281845092916e+01
1.633243923187255930e+01
1.633928003311157084e+01
1.634529628753661967e+01
1.635193042755127024e+01
1.635904607772827291e+01
1.636564559936523722e+01
1.637293329238891459e+01
1.638176832199096822e+01
1.638922700881958150e+01
1.639654932022094869e+01
1.640607147216796946e+01
1.641407985687256144e+01
1.642329254150390483e+01
1.643216114044189524e+01
1.644147768020629741e+01
1.644924583435058452e+01
1.645804624557495188e+01
1.646883983612060831e+01
1.647750177383422709e+01
1.648633680343628072e+01
1.649499874114990305e+01
1.650197696685791016e+01
1.651029586791992188e+01
1.651861476898193359e+01
1.652658958435058878e+01
1.653659324645996165e+01
1.654728298187255930e+01
1.655800838470459269e+01
1.657028007507324219e+01
1.658475265502929830e+01
1.660235242843628001e+01
1.662088060379028320e+01
1.664122991561889719e+01
1.666130542755126953e+01
1.668413047790527415e+01
1.670537357330322337e+01
1.672177114486694194e+01
1.674078083038330078e+01
1.676085529327392720e+01
1.678302679061889791e+01
1.680502729415893626e+01
1.682379570007324077e+01
1.684091501235961985e+01
1.685418329238891744e+01
1.687030496597289897e+01
1.688862752914428711e+01
1.691093645095825337e+01
1.693493013381958079e+01
1.695514307022094869e+01
1.698092432022095011e+01
1.700749549865722798e+01
1.703207454681396626e+01
1.705403938293456889e+01
1.707490482330322124e+01
1.709247102737426616e+01
1.711392078399658345e+01
1.713451137542724467e+01
1.714963645935058878e+01
1.716881818771362589e+01
1.718933954238891459e+01
1.720728340148925639e+01
1.722684278488159038e+01
1.724849920272827219e+01
1.726668329238891886e+01
1.729091825485229350e+01
1.731377687454223491e+01
1.733880176544189311e+01
1.736423997879028391e+01
1.738135824203491353e+01
1.739902725219726420e+01
1.741576786041260050e+01
1.743130521774292063e+01
1.744684257507324077e+01
1.746375522613525533e+01
1.747963666915893555e+01
1.749565553665161133e+01
1.751277379989624094e+01
1.753553066253662251e+01
1.755921487808227610e+01
1.757942676544189453e+01
1.760183954238891602e+01
1.762081460952758860e+01
1.764164648056030416e+01
1.766261472702026225e+01
1.768564643859863139e+01
1.770733642578125000e+01
1.772858057022094869e+01
1.774772768020629954e+01
1.776209640502929688e+01
1.777756452560424805e+01
1.779268960952758860e+01
1.780444622039794922e+01
1.781688995361328409e+01
1.783448972702026225e+01
1.785274305343627788e+01
1.787068691253661967e+01
1.789299583435058594e+01
1.791774587631225657e+01
1.793314580917358469e+01
1.795280799865722798e+01
1.797140541076660014e+01
1.798773374557494975e+01
1.800729312896728374e+01
1.802671508789062571e+01
1.804493379592895508e+01
1.806724271774292134e+01
1.808504915237426758e+01
1.810230484008788920e+01
1.811791143417358541e+01
1.813166122436523509e+01
1.814754266738891886e+01
1.816400842666626048e+01
1.817885866165160991e+01
1.819907054901123189e+01
1.821502122879028462e+01
1.823684916496276998e+01
1.825630521774291992e+01
1.827723989486694478e+01
1.829710822105407786e+01
1.831467390060424805e+01
1.833206806182861470e+01
1.835358653068542623e+01
1.837101478576660440e+01
1.838723978996276998e+01
1.840614614486694478e+01
1.842477712631225728e+01
1.844382090568542765e+01
1.846623368263244913e+01
1.848723654747009348e+01
1.850328950881958079e+01
1.851903352737426900e+01
1.853567080497741770e+01
1.855014286041259908e+01
1.856578354835510325e+01
1.858554906845093058e+01
1.859881787300109934e+01
1.861129622459411692e+01
1.862896471023559641e+01
1.864498357772827219e+01
1.865725526809692525e+01
1.867296466827392720e+01
1.869001474380493022e+01
1.870276794433593892e+01
1.871754894256591939e+01
1.873222713470459055e+01
1.874566798210144114e+01
1.876168684959411692e+01
1.877653656005859517e+01
1.879857115745544505e+01
1.881531176567077779e+01
1.883363327980041646e+01
1.885030517578125142e+01
1.886673684120178507e+01
1.888340821266174174e+01
1.890118055343628001e+01
1.891912388801574707e+01
1.893517737388610911e+01
1.895370554924011230e+01
1.897188963890075541e+01
1.898873357772827219e+01
1.901135196685790874e+01
1.902726802825927876e+01
1.904314894676208780e+01
1.905916781425476358e+01
1.907370858192443919e+01
1.908824934959411479e+01
1.910213656425476358e+01
1.911898050308227681e+01
1.913864269256591655e+01
1.915682730674743794e+01
1.917435836791992188e+01
1.919261169433593750e+01
1.920924897193908976e+01
1.922475223541259837e+01
1.923836460113525249e+01
1.925232105255127024e+01
1.926675848960876536e+01
1.928123054504394673e+01
1.929319276809692241e+01
1.930883345603943013e+01
1.932560868263244913e+01
1.934028635025024556e+01
1.935448355674743937e+01
1.936888637542724467e+01
1.938696765899658203e+01
1.940033979415893839e+01
1.941845517158508372e+01
1.943626160621643351e+01
1.945056161880493306e+01
1.946616768836975098e+01
1.948387079238891673e+01
1.949748368263244913e+01
1.951363997459411692e+01
1.953230557441711568e+01
1.954918360710144043e+01
1.956592421531677317e+01
1.957933044433593750e+01
1.959438681602478027e+01
1.960865221023559712e+01
1.962535872459411479e+01
1.964165244102478169e+01
1.965478329658508372e+01
1.966894588470459126e+01
1.968255825042724894e+01
1.969919605255127237e+01
1.971971793174743937e+01
1.973704285621643351e+01
1.975508952140808105e+01
1.977255239486694194e+01
1.978932709693908976e+01
1.980410861968994141e+01
1.981607084274292063e+01
1.982988986968994283e+01
1.984425859451294016e+01
1.986020822525024698e+01
1.987643322944641255e+01
1.989654283523559641e+01
1.991483025550842356e+01
1.993167419433594034e+01
1.994583678245544434e+01
1.996051497459411905e+01
1.997306151390075968e+01
1.998443994522094869e+01
1.999647088050842569e+01
2.000798673629761026e+01
2.002166781425476216e+01
2.003758335113525391e+01
2.005208950042724680e+01
2.006975851058960103e+01
2.008718676567077921e+01
2.010495858192443919e+01
2.012004904747009348e+01
2.013565511703491495e+01
2.014957747459411763e+01
2.016377415657043315e+01
2.017773008346557617e+01
2.019137706756591655e+01
2.020732722282409810e+01
2.022478957176208780e+01
2.024049897193908976e+01
2.025823669433593821e+01
2.027844910621643137e+01
2.029360828399658345e+01
2.030711784362792827e+01
2.032227702140808390e+01
2.033489279747009348e+01
2.034836773872375559e+01
2.036363024711609171e+01
2.037782745361328196e+01
2.039168057441711568e+01
2.040738997459411763e+01
2.042354574203491424e+01
2.043942718505859446e+01
2.045630521774292276e+01
2.047228946685791229e+01
2.048820552825927876e+01
2.050432720184326385e+01
2.052137727737427042e+01
2.053677721023559855e+01
2.055279607772827433e+01
2.056713018417358541e+01
2.058156762123108052e+01
2.059586763381958008e+01
2.061095862388610911e+01
2.062821483612060547e+01
2.064406166076660298e+01
2.065939288139343333e+01
2.067393364906311248e+01
2.069074296951293945e+01
2.070617699623107910e+01
2.072064905166626048e+01
2.073433012962341593e+01
2.074869885444641326e+01
2.076227712631225586e+01
2.077891492843627930e+01
2.079503660202026438e+01
2.081122698783874725e+01
2.082769274711608887e+01
2.084811182022095011e+01
2.086584901809692383e+01
2.088283038139343262e+01
2.089864258766174387e+01
2.091311464309692525e+01
2.092631473541259979e+01
2.093951482772827433e+01
2.095439915657043528e+01
2.096801152229309295e+01
2.098537106513977335e+01
2.100499916076660156e+01
2.102280559539795135e+01
2.103858370780945108e+01
2.105676779747009419e+01
2.107223644256592010e+01
2.108560857772827291e+01
2.110073366165161346e+01
2.111499905586242676e+01
2.112912702560424805e+01
2.114555869102478169e+01
2.116308975219726562e+01
2.118003649711609171e+01
2.119908027648925852e+01
2.121843352317810272e+01
2.123417701721191619e+01
2.124998974800109863e+01
2.126363673210144256e+01
2.127673349380493306e+01
2.129178986549377584e+01
2.130767078399658487e+01
2.132472085952758789e+01
2.134187426567077850e+01
2.136232743263244771e+01
2.138305544853210449e+01
2.139969272613525675e+01
2.141684613227844380e+01
2.143458333015442108e+01
2.144840235710144327e+01
2.146335539817810201e+01
2.147803359031677317e+01
2.149223027229309224e+01
2.150838656425476358e+01
2.152533330917358612e+01
2.154179906845092773e+01
2.155554885864258097e+01
2.157235870361328267e+01
2.158645205497741770e+01
2.160023646354675364e+01
2.161611790657043741e+01
2.163261775970459055e+01
2.164636807441711497e+01
2.165949892997741699e+01
2.167623953819274973e+01
2.169143333435058807e+01
2.170697121620178294e+01
2.172240524291992259e+01
2.174103674888610982e+01
2.175856781005859375e+01
2.177472410202026509e+01
2.179156804084777832e+01
2.180748357772827362e+01
2.181978988647460938e+01
2.183357429504394531e+01
2.184643030166625977e+01
2.185901145935058665e+01
2.187234897613525675e+01
2.188654618263244700e+01
2.190036468505859446e+01
2.191363348960876678e+01
2.193370847702026438e+01
2.194800848960876749e+01
2.196330509185791158e+01
2.197856760025024414e+01
2.199307427406311177e+01
2.200648050308227610e+01
2.201971468925476216e+01
2.203442697525024485e+01
2.204907107353210449e+01
2.206395540237426900e+01
2.207983684539794922e+01
2.209812426567077637e+01
2.211641168594360352e+01
2.213277411460876465e+01
2.214858684539795064e+01
2.216415829658508585e+01
2.217732429504394531e+01
2.218921780586242676e+01
2.220090517997741841e+01
2.221283330917358612e+01
2.222696180343628214e+01
2.224081492424011230e+01
2.225628356933593821e+01
2.227213039398193573e+01
2.228612093925476145e+01
2.230320510864257955e+01
2.232001495361328125e+01
2.233369603157043670e+01
2.234741172790527486e+01
2.236198658943176554e+01
2.237697424888611053e+01
2.238848958015442037e+01
2.240639934539795064e+01
2.242478957176208709e+01
2.244032745361328196e+01
2.245978350639343546e+01
2.247851781845092844e+01
2.249388365745544505e+01
2.250955843925476074e+01
2.252478685379028533e+01
2.253829588890075897e+01
2.255235514640808248e+01
2.256816787719726847e+01
2.258312091827392720e+01
2.259828009605407928e+01
2.261505532264709473e+01
2.263165850639343546e+01
2.264833040237427042e+01
2.266245837211609171e+01
2.267888977527618621e+01
2.269387717247009562e+01
2.270965528488159180e+01
2.272409272193908691e+01
2.273983647823333953e+01
2.275489284992218231e+01
2.277008664608001709e+01
2.278507404327392649e+01
2.279817106723785614e+01
2.281116476058960174e+01
2.282563655376434397e+01
2.283990221023559641e+01
2.285557725429535125e+01
2.287180225849151682e+01
2.288720219135284495e+01
2.290146784782409739e+01
2.291683342456817840e+01
2.293006787300110005e+01
2.294395534992218089e+01
2.295722415447235321e+01
2.297028656005859659e+01
2.298682103157043599e+01
2.300163664817810272e+01
2.301600537300110005e+01
2.303212730884552073e+01
2.304835231304168985e+01
2.306471474170685099e+01
2.307860221862793182e+01
2.309094288349151824e+01
2.310331790447235178e+01
2.311469607353210520e+01
2.312552402019500875e+01
2.313652400970459055e+01
2.314738657474518035e+01
2.315965852737426900e+01
2.317282400131225728e+01
2.318843033313751434e+01
2.320441484451293945e+01
2.321830232143402384e+01
2.323370225429535196e+01
2.324731462001800608e+01
2.325869278907775950e+01
2.327106781005859659e+01
2.328316771984100342e+01
2.329602398872375701e+01
2.330661170482635569e+01
2.331633973121643066e+01
2.332558650970459269e+01
2.333617396354675577e+01
2.334810209274291992e+01
2.335972101688385294e+01
2.337017104625702046e+01
2.338130846023559783e+01
2.339550540447235250e+01
2.340784606933593892e+01
2.341771152019500946e+01
2.342891790866852020e+01
2.344088039398193501e+01
2.345143349170685099e+01
2.346160840988159180e+01
2.347013344764709686e+01
2.348116779327392578e+01
2.349120528697967814e+01
2.350203349590301727e+01
2.351427109241485880e+01
2.352771167755127024e+01
2.354173657894134664e+01
2.355720522403717254e+01
2.357098963260650848e+01
2.358501479625702046e+01
2.360134286880493448e+01
2.361777400970458984e+01
2.363097410202026438e+01
2.364486157894134521e+01
2.366015844345092844e+01
2.367432103157043599e+01
2.368769290447235321e+01
2.370178651809692383e+01
2.371735849380493377e+01
2.373437421321868968e+01
2.374915547370910929e+01
2.376373033523559641e+01
2.377679274082183980e+01
2.378751788139343404e+01
2.379944601058960174e+01
2.381453647613525604e+01
2.383048663139343404e+01
2.384258654117584442e+01
2.385537409782409668e+01
2.386719915866851949e+01
2.388153352737426971e+01
2.389559278488159322e+01
2.391123347282409739e+01
2.392763025760650919e+01
2.394127724170684957e+01
2.395860216617584371e+01
2.397520534992218089e+01
2.398843979835510254e+01
2.400153656005859659e+01
2.401456460952758931e+01
2.402886462211608887e+01
2.403873033523559855e+01
2.405000543594360352e+01
2.406183023452759073e+01
2.407716171741485667e+01
2.409159915447235178e+01
2.410517716407775879e+01
2.411789600849151682e+01
2.412813963890075897e+01
2.414051465988159251e+01
2.415223665237427042e+01
2.416509292125702046e+01
2.417688336372375701e+01
2.419028959274292134e+01
2.420104908943176270e+01
2.420902416706085347e+01
2.422088358402252339e+01
2.423274273872375772e+01
2.424467086791992188e+01
2.425766482353210662e+01
2.427320218086242676e+01
2.429121475219726634e+01
2.430977728366852020e+01
2.432875208854675364e+01
2.434466788768768453e+01
2.435797104835510396e+01
2.436773343086242960e+01
2.438100223541259837e+01
2.439117715358734273e+01
2.440241789817810059e+01
2.441499905586242747e+01
2.442620544433593821e+01
2.443940527439117716e+01
2.445573334693908762e+01
2.447230217456817769e+01
2.448990221023559855e+01
2.450705535411835001e+01
2.452004904747009562e+01
2.453173668384552286e+01
2.454545211791992188e+01
2.455964906215668009e+01
2.457291786670684886e+01
2.458738965988159464e+01
2.460196478366852091e+01
2.461653964519500803e+01
2.462984280586242747e+01
2.464658341407776021e+01
2.466260228157043599e+01
2.467817399501800679e+01
2.469085848331451416e+01
2.470460853576660298e+01
2.471547083854675364e+01
2.472633340358734344e+01
2.473808975219726847e+01
2.475221772193908976e+01
2.476301157474517822e+01
2.477569606304168914e+01
2.478896460533142232e+01
2.480264594554901336e+01
2.481529594659805582e+01
2.482712100744247508e+01
2.484052723646163940e+01
2.485080535411835001e+01
2.486091156005859659e+01
2.487039909362793111e+01
2.488029903173446655e+01
2.489435842037201141e+01
2.490625219345092844e+01
2.491649595499038838e+01
2.492918031215667796e+01
2.494213978052139424e+01
2.495303657054901336e+01
2.496424282789230631e+01
2.497500219345092987e+01
2.498411154747009277e+01
2.499418352842331004e+01
2.500446164608001709e+01
2.501494603157043528e+01
2.502580846548080729e+01
2.503608658313751434e+01
2.504694914817810059e+01
2.505843038558960245e+01
2.506977406740188741e+01
2.508060227632522654e+01
2.509060528278351043e+01
2.509974912405014180e+01
2.510817096233368062e+01
2.511679906845093058e+01
2.512573664188385081e+01
2.513481163978576660e+01
2.514508975744247721e+01
2.515344288349151824e+01
2.516196779012680196e+01
2.517248653173446726e+01
2.518224904537201070e+01
2.519173657894134521e+01
2.520112091302871704e+01
2.520957723855972432e+01
2.522157407999038981e+01
2.523219602108001780e+01
2.524264591932296753e+01
2.525306159257888794e+01
2.526172405481338501e+01
2.527145221233368133e+01
2.528045849800109934e+01
2.528877726793289327e+01
2.529561780691146922e+01
2.530232092142105316e+01
2.530854278802871704e+01
2.531356153488159322e+01
2.532098665237426971e+01
2.532951155900955342e+01
2.533690218925476145e+01
2.534542722702026651e+01
2.535474284887314056e+01
2.536254601478576731e+01
2.537650220394134593e+01
2.538623036146164225e+01
2.539599287509918213e+01
2.540795536041260050e+01
2.541933352947235392e+01
2.542992098331451700e+01
2.543906469345093058e+01
2.544487415552139353e+01
2.545147407054901123e+01
2.546054906845093058e+01
2.546697720289230560e+01
2.547450538873672699e+01
2.548093352317810201e+01
2.548877091407776163e+01
2.549743350744247650e+01
2.550733344554901194e+01
2.551310842037200999e+01
2.552362716197967529e+01
2.553184286355972432e+01
2.554363343715667867e+01
2.555532094240188812e+01
2.556724907159805582e+01
2.557776781320572113e+01
2.558924905061721944e+01
2.559894285202026509e+01
2.560815540552139424e+01
2.561726475954056070e+01
2.562664909362793253e+01
2.563452097177505706e+01
2.564455846548080586e+01
2.565480222702026580e+01
2.566580221652984761e+01
2.567718038558960103e+01
2.568735530376434539e+01
2.569790853261947916e+01
2.570976781845092773e+01
2.572004593610763834e+01
2.573273029327392791e+01
2.574819906949997161e+01
2.576335850954055928e+01
2.577418658733368062e+01
2.578673352003097818e+01
2.579773350954055999e+01
2.580852723121643066e+01
2.581794592142105316e+01
2.582894591093063497e+01
2.583733352422714447e+01
2.584816160202026580e+01
2.585751157999038696e+01
2.587129598855972290e+01
2.588325847387314127e+01
2.589687097072601318e+01
2.591051782369613932e+01
2.592413032054901123e+01
2.593568033576011800e+01
2.594692094922065806e+01
2.596201161146164083e+01
2.597242721915245056e+01
2.598208659887313843e+01
2.599140222072601603e+01
2.600463660359382700e+01
2.601573972702026438e+01
2.602828659415245127e+01
2.603849599957466410e+01
2.605317412614822459e+01
2.606499912142753672e+01
2.607943662405014251e+01
2.609222411513328765e+01
2.610944597125053690e+01
2.612683973908424662e+01
2.614186162352562093e+01
2.615461469292640828e+01
2.617015224695205688e+01
2.618620533943176554e+01
2.619964599013328765e+01
2.621305221915245198e+01
2.622535846233368062e+01
2.624027721285820292e+01
2.625196471810340881e+01
2.626382406949997161e+01
2.627516781687736724e+01
2.628781781792640970e+01
2.630376784205436991e+01
2.631830847859382772e+01
2.633443034887314127e+01
2.634955536723137115e+01
2.636413035988807962e+01
2.637959907054901265e+01
2.639324598908424591e+01
2.641022722125053690e+01
2.642641786932945536e+01
2.644233347177505777e+01
2.645907407999038696e+01
2.647667408287525248e+01
2.649805535674095225e+01
2.651733972728252553e+01
2.653559285700321269e+01
2.655350222885608957e+01
2.656783659756183624e+01
2.658199908733368133e+01
2.659464908838272379e+01
2.660908659100532603e+01
2.662173659205436849e+01
2.663933659493923400e+01
2.665638660490512990e+01
2.667470847964287017e+01
2.669227409362792969e+01
2.671331160962581919e+01
2.673053346574306488e+01
2.674665533602237844e+01
2.676260534375906275e+01
2.677663034349680160e+01
2.679230533838272166e+01
2.680987096875906062e+01
2.682815847098827433e+01
2.684833659231662750e+01
2.687191784605384015e+01
2.689357409179210734e+01
2.691079597249627398e+01
2.692894596830010556e+01
2.694637409225106239e+01
2.696579596921801780e+01
2.698318971861154125e+01
2.700371159447822933e+01
2.702385534662753486e+01
2.704437722377479147e+01
2.706555222161114571e+01
2.708738035038113878e+01
2.711247410103678845e+01
2.713602097406983660e+01
2.715561473816633509e+01
2.717740848213434290e+01
2.719638348370790837e+01
2.721511786133051203e+01
2.723636161237955378e+01
2.725726160556078170e+01
2.727733660936355875e+01
2.729503974616527628e+01
2.731250225901603912e+01
2.733058350980282114e+01
2.734515850245952961e+01
2.736031787693500661e+01
2.737733349800110005e+01
2.739517412483692382e+01
2.741215538978577015e+01
2.743150850534439300e+01
2.745000225901603841e+01
2.746887412667274830e+01
2.748678349852562164e+01
2.750342100560665415e+01
2.751930225193500590e+01
2.753349913060665344e+01
2.754828039109706950e+01
2.756189285516738963e+01
2.757835854887962412e+01
2.759822726845741414e+01
2.761654917597770975e+01
2.763315229415893626e+01
2.765009917020798014e+01
2.766584292650222920e+01
2.768034914135933278e+01
2.769488977789879058e+01
2.771083980202675079e+01
2.772448665499687337e+01
2.773978351950645660e+01
2.775786480307579396e+01
2.777374604940414571e+01
2.779031481146812510e+01
2.781025230884552357e+01
2.782658038139343404e+01
2.783926480412483428e+01
2.785298043489456532e+01
2.786552730202675221e+01
2.787886475324630808e+01
2.789374914765358326e+01
2.790853040814399932e+01
2.792478976845741556e+01
2.794036167860031483e+01
2.796016168594360707e+01
2.797882728576660227e+01
2.799553353786468790e+01
2.801261790394783091e+01
2.802801790237426971e+01
2.804063354730606150e+01
2.805445231199264811e+01
2.806947413086891530e+01
2.808446165919304249e+01
2.810051481723785471e+01
2.811825227737427113e+01
2.813193361759185862e+01
2.814544291496277140e+01
2.815843673944473480e+01
2.817308044433594105e+01
2.818624604940414713e+01
2.819937729835510609e+01
2.821446802616119598e+01
2.822711802721023844e+01
2.823722423315048502e+01
2.824935863018036031e+01
2.826273050308227752e+01
2.827562112808227823e+01
2.829029918909073160e+01
2.830776166915893910e+01
2.832683980464935658e+01
2.834557424783706736e+01
2.836640546321869039e+01
2.838548359870910787e+01
2.840291172266006825e+01
2.841992731094360636e+01
2.843556799888611053e+01
2.844869924783706949e+01
2.846028355360031270e+01
2.847537428140640614e+01
2.849008669853210662e+01
2.850191175937652943e+01
2.851727733612060689e+01
2.853384616374969696e+01
2.855148042440414713e+01
2.856457731723785542e+01
2.857990853786468577e+01
2.859276480674743937e+01
2.860510547161102579e+01
2.861789302825927805e+01
2.863270864486694478e+01
2.864556491374969838e+01
2.865859296321869110e+01
2.867196483612060831e+01
2.868925553560257313e+01
2.870706170797348378e+01
2.872503979206085489e+01
2.874353361129761097e+01
2.876120235919952606e+01
2.877691175937652801e+01
2.879121177196502757e+01
2.880430866479873941e+01
2.881874610185623453e+01
2.883311482667923187e+01
2.885143673419952748e+01
2.886834925413132069e+01
2.888529613018036102e+01
2.890330857038498280e+01
2.892224928140640472e+01
2.893761485815048573e+01
2.895253354310989735e+01
2.896703982353210804e+01
2.898285229206085489e+01
2.899866489171981954e+01
2.901667733192444132e+01
2.903269606828689930e+01
2.904806177616119456e+01
2.906555861234665272e+01
2.908092418909073018e+01
2.909505228996276927e+01
2.911117422580719349e+01
2.912299928665161275e+01
2.913506484031677601e+01
2.914685541391373036e+01
2.916184294223785756e+01
2.917456178665161204e+01
2.919082114696502828e+01
2.920914292335510609e+01
2.922770545482635640e+01
2.924496166706085276e+01
2.926376495361328267e+01
2.928102116584777903e+01
2.929807124137878560e+01
2.931673684120178436e+01
2.933303055763244771e+01
2.935197126865387318e+01
2.936874623298645304e+01
2.938390567302704071e+01
2.939676194190979075e+01
2.940899927616119669e+01
2.942302443981170867e+01
2.943918073177338002e+01
2.945310256481170796e+01
2.946640572547912740e+01
2.948129005432129190e+01
2.949476499557495401e+01
2.950634930133819722e+01
2.952226510047912811e+01
2.953793988227844380e+01
2.955296189785003946e+01
2.957063064575195455e+01
2.959053385257721303e+01
2.961029937267303680e+01
2.963037436008453440e+01
2.965099930763244984e+01
2.967158989906311106e+01
2.969187128543854115e+01
2.970902442932129262e+01
2.972755260467529581e+01
2.974415552616119740e+01
2.975962443351745890e+01
2.977502436637878702e+01
2.979344947338104532e+01
2.981438362598419545e+01
2.983164010047912740e+01
2.984879298210144327e+01
2.986402113437652872e+01
2.987825243473053050e+01
2.989035260677338002e+01
2.990228073596954417e+01
2.991451807022095011e+01
2.992895550727844522e+01
2.994473361968994496e+01
2.996109631061554168e+01
2.997697749137878631e+01
2.999468059539795206e+01
3.001716182231903218e+01
3.003603382110595987e+01
3.005700259208679270e+01
3.008072116374969696e+01
3.010719006061554026e+01
3.013097760677337789e+01
3.015772135257721231e+01
3.018168067932129262e+01
3.020179002285003733e+01
3.022227754592895721e+01
3.024187128543853831e+01
3.025991821289062855e+01
3.027593681812286519e+01
3.029443063735962127e+01
3.031550247669220255e+01
3.033433985710144398e+01
3.035063383579254292e+01
3.036802747249603485e+01
3.038944313526153707e+01
3.040749006271362376e+01
3.042632744312286519e+01
3.044530251026153778e+01
3.046554927825927805e+01
3.048748054504394744e+01
3.051178369522094869e+01
3.053519306182861470e+01
3.056131813526153707e+01
3.058465878963470530e+01
3.060803380012512420e+01
3.063175237178802846e+01
3.064560549259185862e+01
3.066076493263244984e+01
3.067468676567077779e+01
3.068630568981170725e+01
3.069847431182861541e+01
3.070957736968994212e+01
3.072483987808227823e+01
3.073989624977112101e+01
3.075113673210144327e+01
3.076158676147461080e+01
3.077210550308227610e+01
3.078420567512512562e+01
3.079613380432128977e+01
3.080871496200561666e+01
3.081796174049377512e+01
3.083322424888611124e+01
3.084663074016571116e+01
3.086258063316345357e+01
3.087870256900787425e+01
3.089860551357269358e+01
3.091957428455352996e+01
3.093731174468994283e+01
3.095419003963470672e+01
3.096996815204620646e+01
3.098519630432129190e+01
3.100135259628295969e+01
3.101283383369446156e+01
3.102658362388611124e+01
3.104160563945770335e+01
3.105786499977111959e+01
3.107340235710144327e+01
3.108739316463470814e+01
3.110478680133819651e+01
3.111974010467529439e+01
3.113459007740020823e+01
3.114772119522094940e+01
3.116092128753662394e+01
3.117370884418487620e+01
3.118738992214203165e+01
3.120162122249603343e+01
3.121729626655578826e+01
3.123276491165161417e+01
3.125026187896728658e+01
3.126861801147461151e+01
3.128666493892669820e+01
3.130271816253662465e+01
3.131832423210144256e+01
3.133736801147461293e+01
3.135483062267303822e+01
3.137139945030212473e+01
3.138590559959411763e+01
3.140646209716797088e+01
3.142581481933594034e+01
3.144547753334045481e+01
3.146651501655578897e+01
3.148734636306762980e+01
3.150755877494812296e+01
3.152777171134949086e+01
3.154585299491882466e+01
3.156334943771362589e+01
3.158153405189514373e+01
3.159837799072265696e+01
3.161415610313415669e+01
3.163134360313415883e+01
3.164646816253662465e+01
3.166200604438781951e+01
3.167740597724914764e+01
3.169290924072265980e+01
3.170624675750732635e+01
3.172185282707214427e+01
3.173656511306763051e+01
3.175134663581848216e+01
3.176437468528747843e+01
3.178108067512512491e+01
3.179747772216797230e+01
3.181538696289062784e+01
3.183384642601013326e+01
3.185368065834045481e+01
3.187389359474182271e+01
3.189142465591431019e+01
3.190723738670349263e+01
3.192188096046448109e+01
3.193728089332580922e+01
3.195140886306763051e+01
3.196529660224914693e+01
3.198186516761780140e+01
3.200008387565613077e+01
3.201720266342162802e+01
3.203363380432129048e+01
3.205006546974182413e+01
3.206474313735962056e+01
3.207491831779479696e+01
3.208825583457947062e+01
3.210152463912963583e+01
3.211462140083312988e+01
3.212878398895263388e+01
3.214597148895263956e+01
3.216219649314880513e+01
3.217900581359863565e+01
3.219884004592896076e+01
3.221561527252197266e+01
3.222929635047913166e+01
3.224466218948364826e+01
3.225916833877563761e+01
3.227040882110595987e+01
3.228484625816345499e+01
3.230086512565613077e+01
3.231753702163696573e+01
3.233606519699097248e+01
3.235486822128295614e+01
3.237401533126831055e+01
3.239127154350281046e+01
3.240591511726379537e+01
3.241966543197631978e+01
3.243314037322998189e+01
3.244534335136413716e+01
3.245830268859863565e+01
3.247188096046447470e+01
3.248380908966064595e+01
3.249810910224914551e+01
3.251381850242614746e+01
3.252760291099548340e+01
3.254173088073730469e+01
3.255496506690978720e+01
3.256954045295715616e+01
3.258473424911498739e+01
3.259748692512512491e+01
3.261285276412964151e+01
3.262945594787598225e+01
3.264372134208679199e+01
3.265884642601012899e+01
3.267452173233031942e+01
3.269163999557495259e+01
3.270511546134949299e+01
3.272278394699097248e+01
3.274038424491882893e+01
3.275719356536865234e+01
3.277537765502930256e+01
3.279053735733032227e+01
3.280494017601013468e+01
3.281869049072265909e+01
3.283216543197632120e+01
3.284268417358399006e+01
3.285454359054565998e+01
3.286684937477112101e+01
3.287884674072265767e+01
3.289125585556030273e+01
3.290431852340698526e+01
3.292054352760315084e+01
3.293724951744079732e+01
3.295271816253662678e+01
3.296650257110596272e+01
3.298169636726379395e+01
3.299482774734497070e+01
3.300785579681397053e+01
3.302036824226379963e+01
3.303487439155578897e+01
3.304804039001464844e+01
3.306313085556030273e+01
3.307719011306762980e+01
3.309671540260315226e+01
3.311331858634949299e+01
3.312944025993347452e+01
3.314435920715332173e+01
3.315852127075195455e+01
3.316931538581847860e+01
3.318014359474182129e+01
3.319203710556030273e+01
3.320293402671813965e+01
3.321304049491882893e+01
3.322644672393798970e+01
3.324067749977112385e+01
3.325501213073730611e+01
3.326903729438781454e+01
3.328543381690978720e+01
3.330822477340698384e+01
3.333084316253662394e+01
3.334813399314880655e+01
3.336569967269898029e+01
3.338371224403381632e+01
3.340602169036865376e+01
3.342747144699096395e+01
3.344352440834045126e+01
3.346332454681396484e+01
3.348353695869445801e+01
3.349969325065612935e+01
3.351471500396728231e+01
3.352794971466065022e+01
3.354393396377563619e+01
3.355864624977111532e+01
3.357500920295715474e+01
3.359154314994812296e+01
3.360794019699096680e+01
3.362419981956482218e+01
3.364008073806762411e+01
3.365620293617249104e+01
3.367143082618713379e+01
3.368641848564148233e+01
3.370219659805297852e+01
3.371983098983764648e+01
3.373660569190978720e+01
3.375155925750732422e+01
3.376723403930664347e+01
3.378383722305298420e+01
3.379934048652648926e+01
3.381408739089965820e+01
3.383003702163696857e+01
3.384619331359863281e+01
3.386241831779480549e+01
3.388039627075195881e+01
3.389634642601013326e+01
3.390909962654113485e+01
3.392384653091430380e+01
3.393701200485229208e+01
3.395089974403381916e+01
3.396564664840698811e+01
3.398255877494811728e+01
3.399936861991882608e+01
3.401621203422546103e+01
3.403367438316345783e+01
3.405371527671813681e+01
3.407200269699096395e+01
3.408558096885681721e+01
3.410201210975647257e+01
3.411579651832580851e+01
3.413050880432129475e+01
3.414384632110595419e+01
3.415855913162231161e+01
3.417560920715332173e+01
3.419568419456481934e+01
3.421376547813415669e+01
3.423126192092895792e+01
3.424893093109130859e+01
3.426378064155578329e+01
3.427876830101013184e+01
3.429286217689514160e+01
3.430654325485230061e+01
3.432153091430664205e+01
3.433693084716797017e+01
3.435281229019165039e+01
3.437075562477112101e+01
3.438832130432129475e+01
3.440705614089965536e+01
3.442372751235961914e+01
3.443854312896728231e+01
3.445315260887146280e+01
3.446786541938782022e+01
3.448233695030212687e+01
3.449660286903381490e+01
3.451506233215332031e+01
3.453224983215332600e+01
3.455077800750732564e+01
3.457085299491882324e+01
3.458824663162231161e+01
3.460581231117248535e+01
3.462121224403381348e+01
3.463647475242615315e+01
3.465118703842163228e+01
3.466617469787597372e+01
3.468016524314880655e+01
3.469597797393798544e+01
3.471340570449829244e+01
3.473035297393798970e+01
3.474568419456481649e+01
3.476173715591430380e+01
3.477765269279480265e+01
3.479226217269897603e+01
3.480738725662232014e+01
3.482381839752197550e+01
3.483973393440246724e+01
3.485403394699096680e+01
3.487122144699097248e+01
3.488596835136414143e+01
3.490164313316345357e+01
3.491814351081848145e+01
3.493615608215331747e+01
3.495258722305297994e+01
3.496987752914428427e+01
3.498562154769897603e+01
3.500026512145996094e+01
3.501569967269897177e+01
3.503044657707214071e+01
3.504213395118713947e+01
3.505543737411498739e+01
3.506784648895263956e+01
3.508259339332580851e+01
3.509531197547912740e+01
3.511091856956481649e+01
3.512769327163696431e+01
3.514422774314880371e+01
3.515890593528747843e+01
3.517289648056030416e+01
3.519008398056030273e+01
3.520324945449829102e+01
3.521644954681396200e+01
3.523050880432128906e+01
3.524491214752197266e+01
3.526086230278015421e+01
3.527629632949829386e+01
3.529829630851745748e+01
3.531703062057495401e+01
3.533439016342163086e+01
3.535171508789062500e+01
3.536591229438781880e+01
3.537907776832580709e+01
3.539220914840698384e+01
3.540451545715332315e+01
3.541599669456482502e+01
3.542902474403381063e+01
3.544487156867981525e+01
3.545982460975646688e+01
3.547405591011047932e+01
3.549017758369446085e+01
3.550784659385681152e+01
3.552393417358398153e+01
3.553830289840698242e+01
3.555401229858398438e+01
3.556807155609131144e+01
3.558120293617248819e+01
3.559773688316344931e+01
3.561489028930664347e+01
3.563262801170348837e+01
3.565105285644531818e+01
3.567147140502929403e+01
3.568979344367981099e+01
3.570419626235961630e+01
3.571973414421081827e+01
3.573369007110595419e+01
3.574678735733031942e+01
3.575943722724915119e+01
3.577332444190979288e+01
3.578776187896728800e+01
3.580189037322998047e+01
3.581873378753662251e+01
3.583516492843628498e+01
3.585090894699096964e+01
3.586782159805298420e+01
3.588435554504394531e+01
3.589948062896728942e+01
3.591549949645996520e+01
3.593309926986694336e+01
3.594849920272827148e+01
3.596359071731567525e+01
3.597826786041260050e+01
3.599404649734497497e+01
3.600851802825928161e+01
3.602532682418823384e+01
3.604041833877563761e+01
3.605643615722656392e+01
3.607520561218262145e+01
3.609366455078125568e+01
3.610789585113525391e+01
3.612391471862792969e+01
3.614096479415893981e+01
3.615502405166625977e+01
3.616939277648926065e+01
3.618527421951294087e+01
3.620204944610595987e+01
3.621603946685791442e+01
3.623559885025024840e+01
3.625405883789062500e+01
3.627186422348022887e+01
3.628829641342163370e+01
3.630218362808227539e+01
3.631603622436523438e+01
3.633013010025024414e+01
3.634418935775757120e+01
3.635862731933593750e+01
3.637629632949829528e+01
3.639898395538330078e+01
3.641929864883422852e+01
3.644013051986694762e+01
3.645594272613525533e+01
3.646900539398193786e+01
3.648230829238892170e+01
3.649681444168091105e+01
3.651180210113525959e+01
3.652654953002929972e+01
3.654298067092895508e+01
3.656195573806763122e+01
3.657928066253662536e+01
3.659639892578125142e+01
3.661485891342163512e+01
3.663022422790527344e+01
3.664442090988159606e+01
3.665971803665161133e+01
3.667467107772827717e+01
3.668928003311157227e+01
3.670554018020629883e+01
3.672131776809692383e+01
3.673671770095825195e+01
3.675321807861328693e+01
3.677243337631225728e+01
3.678635520935058878e+01
3.680148029327392578e+01
3.681622772216797301e+01
3.683221197128295898e+01
3.684355525970459411e+01
3.685558671951294230e+01
3.687129611968994425e+01
3.688380804061890217e+01
3.689883031845093342e+01
3.691333646774292276e+01
3.692619247436523722e+01
3.693959922790527628e+01
3.695317697525024414e+01
3.696761493682861754e+01
3.697985200881958434e+01
3.699439277648926350e+01
3.700790233612060831e+01
3.702275257110596129e+01
3.703801507949829386e+01
3.705021753311157795e+01
3.706554927825928303e+01
3.707998619079589986e+01
3.709414930343628214e+01
3.710851802825928303e+01
3.712690877914428711e+01
3.714406166076660298e+01
3.716080226898193928e+01
3.717578992843628072e+01
3.719184236526489684e+01
3.720528373718261861e+01
3.721948041915894123e+01
3.723278331756591797e+01
3.724409303665161275e+01
3.725780820846557617e+01
3.727056140899658487e+01
3.728307437896728516e+01
3.729644546508789205e+01
3.731105546951294372e+01
3.732655820846557759e+01
3.734305858612060547e+01
3.735663633346558044e+01
3.737059278488159464e+01
3.738619937896729084e+01
3.739936485290527912e+01
3.740974617004394531e+01
3.742150173187256001e+01
3.743679885864258239e+01
3.745130500793457173e+01
3.746426486968994141e+01
3.748107366561890075e+01
3.749987773895264098e+01
3.751716804504394531e+01
3.753263616561889648e+01
3.754731435775757120e+01
3.755914020538330078e+01
3.757189235687256001e+01
3.758316745758057209e+01
3.759361801147461080e+01
3.760496129989624592e+01
3.761620178222656818e+01
3.763067436218261719e+01
3.764555816650391051e+01
3.766143960952759073e+01
3.767725181579589844e+01
3.769399242401123473e+01
3.771104249954223775e+01
3.772651166915893839e+01
3.773995199203491779e+01
3.775555858612060689e+01
3.776676445007324645e+01
3.778268051147460938e+01
3.779911165237427184e+01
3.781564559936524006e+01
3.783169908523559855e+01
3.785029544830322834e+01
3.786930513381958008e+01
3.788573627471924254e+01
3.789838666915893839e+01
3.791602106094360636e+01
3.793313932418823242e+01
3.794451828002929972e+01
3.795929927825928019e+01
3.797318649291992188e+01
3.798765802383422852e+01
3.800298976898193359e+01
3.801890583038330362e+01
3.803454599380493306e+01
3.804894933700561666e+01
3.806321420669556232e+01
3.807827110290527628e+01
3.809583625793457173e+01
3.811367731094360778e+01
3.813127708435058594e+01
3.814815511703491779e+01
3.816465549468994567e+01
3.818283958435058878e+01
3.820037117004395100e+01
3.821666488647461080e+01
3.823529586791992330e+01
3.825069580078125142e+01
3.827173328399658203e+01
3.828754549026489684e+01
3.830188064575195739e+01
3.831714315414428995e+01
3.833202695846557617e+01
3.834495220184326314e+01
3.835987062454223917e+01
3.837747144699096680e+01
3.839400539398193501e+01
3.841215486526489542e+01
3.842886190414429137e+01
3.844972734451294372e+01
3.846550493240356872e+01
3.848307113647461364e+01
3.849984636306763264e+01
3.851455812454224059e+01
3.853009548187256428e+01
3.854546184539795206e+01
3.855972671508789062e+01
3.857681140899658345e+01
3.859853706359863423e+01
3.862125825881958008e+01
3.863927135467529439e+01
3.865693931579590270e+01
3.867223644256591797e+01
3.868457736968994709e+01
3.869643678665161701e+01
3.871004915237426758e+01
3.872273311614990376e+01
3.873820228576660440e+01
3.875635175704956481e+01
3.877756128311157369e+01
3.879547052383423278e+01
3.881643981933594034e+01
3.883287096023559570e+01
3.884813346862793537e+01
3.886164302825928019e+01
3.887511796951294230e+01
3.889333667755127522e+01
3.891000804901123189e+01
3.892860546112061115e+01
3.894603319168091105e+01
3.896514568328857564e+01
3.898463687896728658e+01
3.900148029327392862e+01
3.901591825485229492e+01
3.903087129592896076e+01
3.904472389221191975e+01
3.905898981094360778e+01
3.907270498275757120e+01
3.908645582199096680e+01
3.910233621597290465e+01
3.911835508346558044e+01
3.913265562057495117e+01
3.914657745361328267e+01
3.916156511306763122e+01
3.917607126235962056e+01
3.919009590148925781e+01
3.920831460952759073e+01
3.922553672790527912e+01
3.924341135025024840e+01
3.925705833435058878e+01
3.927304258346558186e+01
3.928761796951294372e+01
3.930178003311157653e+01
3.931731739044190022e+01
3.933845872879028605e+01
3.935774326324462891e+01
3.937190532684326172e+01
3.938819904327392862e+01
3.940201807022094727e+01
3.941525173187255859e+01
3.942731781005859659e+01
3.943972692489624166e+01
3.945024566650391051e+01
3.946244916915893697e+01
3.947396450042725036e+01
3.948716459274292134e+01
3.949967756271362873e+01
3.951353015899658772e+01
3.953477430343627930e+01
3.954845485687256001e+01
3.956333971023559570e+01
3.957939319610596129e+01
3.959530820846558186e+01
3.960991821289062642e+01
3.962700185775756978e+01
3.964779911041259908e+01
3.967113924026489258e+01
3.969458322525024840e+01
3.971709880828857564e+01
3.973693304061890075e+01
3.975377750396728516e+01
3.976773395538330647e+01
3.978017768859863423e+01
3.979076461791992614e+01
3.979935836791992188e+01
3.981087369918823526e+01
3.982599878311157227e+01
3.984019546508789489e+01
3.985587129592895650e+01
3.987027359008789062e+01
3.988436746597290039e+01
3.990207109451294087e+01
3.991874246597290465e+01
3.993362731933594034e+01
3.994882059097290039e+01
3.996404953002929972e+01
3.997556486129761311e+01
3.998618640899658772e+01
3.999897422790527912e+01
4.001513051986694336e+01
4.003145885467529297e+01
4.005108642578125000e+01
4.006985483169555806e+01
4.009006776809692951e+01
4.010636148452758931e+01
4.012103967666626403e+01
4.013568325042724894e+01
4.015190877914429279e+01
4.016579599380493448e+01
4.018212432861328409e+01
4.019834880828857848e+01
4.021436767578125426e+01
4.022901124954223917e+01
4.024368944168091389e+01
4.025802459716797443e+01
4.027524566650390625e+01
4.029074945449829670e+01
4.030707674026489684e+01
4.032680816650390909e+01
4.034609270095825195e+01
4.036647768020630167e+01
4.038675880432128906e+01
4.040669584274291992e+01
4.042525863647460938e+01
4.044337453842163654e+01
4.046056203842163512e+01
4.047771492004395100e+01
4.049284000396728800e+01
4.050497426986694904e+01
4.051707391738892028e+01
4.052810878753662394e+01
4.053807678222656818e+01
4.054969596862792969e+01
4.056251735687256144e+01
4.057533979415893555e+01
4.058853988647461364e+01
4.060359573364257812e+01
4.061879005432129475e+01
4.063683671951294230e+01
4.065361194610596129e+01
4.066904544830322266e+01
4.068406772613525391e+01
4.069895257949829670e+01
4.071112146377564045e+01
4.072483663558960387e+01
4.073810491561889791e+01
4.075133962631225870e+01
4.076330184936523438e+01
4.078052396774292276e+01
4.080059947967529865e+01
4.081940250396728942e+01
4.083428630828857564e+01
4.085126819610596272e+01
4.086515541076660440e+01
4.087704944610595703e+01
4.088753356933594318e+01
4.089870586395264240e+01
4.091135520935058878e+01
4.092373075485230061e+01
4.093572759628295898e+01
4.094851436614990803e+01
4.096436119079589844e+01
4.097749309539795348e+01
4.099285840988159180e+01
4.101176424026489542e+01
4.102970809936523722e+01
4.104644870758056641e+01
4.106339597702026367e+01
4.107470569610595845e+01
4.108797397613525959e+01
4.110443973541259766e+01
4.111808671951294514e+01
4.113183650970459126e+01
4.114733924865723225e+01
4.116353015899658629e+01
4.117927417755127095e+01
4.119247426986694904e+01
4.120732450485229492e+01
4.122207088470459269e+01
4.123771209716797159e+01
4.125414323806762695e+01
4.127246475219726562e+01
4.129102754592895508e+01
4.130567111968994709e+01
4.132203302383422994e+01
4.133925514221191833e+01
4.135297136306763122e+01
4.136758031845093342e+01
4.138078041076660440e+01
4.139250240325927876e+01
4.140281448364257955e+01
4.141625585556030842e+01
4.142969617843628072e+01
4.144055795669555664e+01
4.145210895538330220e+01
4.146585874557495544e+01
4.148015823364258381e+01
4.149349575042725036e+01
4.151140499114990234e+01
4.152900581359863708e+01
4.154468059539794922e+01
4.155873985290527628e+01
4.157331523895263814e+01
4.158758010864258381e+01
4.159861497879028747e+01
4.160744895935059162e+01
4.161813974380493164e+01
4.162745523452758789e+01
4.163708019256591797e+01
4.164646492004394673e+01
4.165705184936523864e+01
4.166781187057495117e+01
4.168046121597290465e+01
4.169599857330322834e+01
4.171820573806763122e+01
4.173645801544189737e+01
4.175371475219726847e+01
4.176746454238892170e+01
4.178585529327392578e+01
4.180118703842163086e+01
4.181469554901123331e+01
4.182878942489624308e+01
4.184467086791992330e+01
4.185852451324463175e+01
4.187849617004394531e+01
4.190176811218262287e+01
4.191881818771362589e+01
4.193600568771362447e+01
4.195023698806762980e+01
4.196017141342163370e+01
4.197123985290527770e+01
4.198213624954223633e+01
4.199176120758056641e+01
4.199977064132690430e+01
4.201015195846557759e+01
4.202283697128296325e+01
4.203655214309692667e+01
4.205202131271362731e+01
4.206577110290527344e+01
4.207965831756592223e+01
4.209409627914428853e+01
4.210781145095825195e+01
4.211905193328857422e+01
4.213180513381958292e+01
4.214259872436523580e+01
4.215308389663696431e+01
4.216349878311157795e+01
4.217343320846558186e+01
4.218501777648926065e+01
4.219632749557495544e+01
4.220901145935059162e+01
4.222169647216797017e+01
4.223513679504394958e+01
4.224929885864258239e+01
4.226294584274292276e+01
4.227456502914429137e+01
4.228511734008789347e+01
4.229749288558960529e+01
4.230674018859863850e+01
4.231536750793457458e+01
4.232289648056030273e+01
4.233203992843628072e+01
4.234063367843628356e+01
4.234991455078125000e+01
4.235929927825927876e+01
4.236974878311157511e+01
4.237837715148926065e+01
4.238800210952759073e+01
4.239783372879028889e+01
4.240670232772827575e+01
4.241691160202026367e+01
4.242464618682861754e+01
4.243413372039795206e+01
4.244327716827393004e+01
4.245293674468994283e+01
4.246342086791992188e+01
4.247335529327392578e+01
4.248160495758057209e+01
4.249209012985230061e+01
4.250226478576660583e+01
4.251223382949829244e+01
4.252237386703491495e+01
4.253275518417358825e+01
4.254372081756591939e+01
4.255489311218261861e+01
4.256565208435058878e+01
4.257431507110595703e+01
4.258397359848022745e+01
4.259432134628296041e+01
4.260525236129760884e+01
4.261683692932129475e+01
4.262941808700561808e+01
4.264065856933594034e+01
4.265430555343628072e+01
4.266705875396728942e+01
4.267640886306762837e+01
4.268905820846558186e+01
4.269816808700561950e+01
4.270875501632690430e+01
4.271996192932129333e+01
4.272907075881958150e+01
4.273728685379028747e+01
4.274423046112060831e+01
4.275272140502929830e+01
4.276272401809692525e+01
4.277032117843628356e+01
4.278025560379028747e+01
4.279063692092896076e+01
4.279988317489624450e+01
4.281040191650390625e+01
4.281999330520630309e+01
4.282999591827393004e+01
4.284072132110595987e+01
4.285062112808228107e+01
4.286014328002929830e+01
4.287007770538330220e+01
4.288080205917358967e+01
4.289139003753662394e+01
4.290012121200561523e+01
4.291156835556030558e+01
4.292115869522095295e+01
4.293109312057495686e+01
4.294223079681396626e+01
4.295426120758057209e+01
4.296646471023559855e+01
4.297828950881958576e+01
4.299069862365723083e+01
4.300169887542725178e+01
4.301314601898193501e+01
4.302301120758056641e+01
4.303390865325928161e+01
4.304160861968994567e+01
4.305003032684326314e+01
4.305539302825928161e+01
4.306257686614990376e+01
4.306879873275757120e+01
4.307660255432129048e+01
4.308550577163696715e+01
4.309413309097290323e+01
4.310169563293457173e+01
4.311211156845092773e+01
4.312098016738892170e+01
4.313009004592895934e+01
4.313823690414429279e+01
4.314545536041259766e+01
4.315367145538330362e+01
4.316116476058959961e+01
4.316979312896728516e+01
4.317924604415893697e+01
4.318859615325928303e+01
4.319543695449829102e+01
4.320323972702026794e+01
4.321217756271362731e+01
4.321863965988159606e+01
4.322499895095825195e+01
4.323005218505859659e+01
4.323551769256592081e+01
4.324204902648926208e+01
4.324744634628296325e+01
4.325315208435058878e+01
4.325913372039795490e+01
4.326621475219727131e+01
4.327020215988159180e+01
4.327831439971924254e+01
4.328536186218261861e+01
4.329213342666626119e+01
4.330131149291992188e+01
4.330887403488159748e+01
4.331691808700561808e+01
4.332664585113525391e+01
4.333640823364257955e+01
4.334606781005859943e+01
4.335703344345093058e+01
4.337013072967529581e+01
4.338051204681396911e+01
4.339237146377563903e+01
4.340299301147461364e+01
4.341478319168091105e+01
4.342519912719726705e+01
4.343688650131225870e+01
4.344929561614990376e+01
4.346521167755127379e+01
4.347865200042724609e+01
4.349542722702026509e+01
4.351316442489624592e+01
4.353413372039795348e+01
4.355279932022094869e+01
4.357235870361328267e+01
4.359263982772827717e+01
4.361546487808227823e+01
4.363791122436524006e+01
4.365709295272827717e+01
4.367737407684326456e+01
4.369999246597290465e+01
4.372048025131226012e+01
4.374279022216796875e+01
4.376313953399658629e+01
4.378431444168091247e+01
4.380772380828857848e+01
4.382508335113525533e+01
4.384484939575195739e+01
4.386076440811157795e+01
4.387644023895263956e+01
4.389421205520630309e+01
4.391256818771362447e+01
4.393226499557495401e+01
4.395419626235962340e+01
4.397423610687256001e+01
4.399499874114990661e+01
4.401483297348022461e+01
4.403844900131225870e+01
4.406182374954224201e+01
4.408389244079589986e+01
4.410902118682861328e+01
4.413566160202026367e+01
4.415938043594360352e+01
4.417818346023560139e+01
4.419482126235962482e+01
4.421438064575195881e+01
4.423191118240356445e+01
4.425009632110595703e+01
4.427158069610595703e+01
4.429234333038330362e+01
4.431647443771362305e+01
4.433675556182861754e+01
4.435865221023559712e+01
4.438079013824463459e+01
4.440148353576660156e+01
4.442516775131225870e+01
4.445122385025024414e+01
4.447446117401123189e+01
4.449680576324463033e+01
4.451646795272827717e+01
4.453307113647461080e+01
4.455214900970459269e+01
4.456730871200561950e+01
4.458442697525024556e+01
4.460333385467529865e+01
4.462612323760986754e+01
4.464571723937988423e+01
4.466651554107666300e+01
4.469057636260986754e+01
4.471340141296386861e+01
4.473577957153320739e+01
4.475805492401123331e+01
4.477586135864257955e+01
4.479401187896728942e+01
4.481171550750732990e+01
4.483203125000000000e+01
4.485090141296387145e+01
4.486802177429199645e+01
4.488479595184326598e+01
4.490208625793457031e+01
4.491800231933594034e+01
4.493151187896728516e+01
4.494598445892334126e+01
4.495928630828857564e+01
4.497410297393798828e+01
4.498984699249268004e+01
4.500607147216797443e+01
4.502408351898193928e+01
4.503896732330322550e+01
4.505464210510254475e+01
4.506774044036865234e+01
4.508083667755127522e+01
4.509802417755127379e+01
4.511211700439453409e+01
4.512782745361328551e+01
4.513989353179931641e+01
4.515326461791992330e+01
4.516708259582519958e+01
4.518478622436524006e+01
4.520602931976318928e+01
4.522225589752197550e+01
4.523934059143066833e+01
4.525683650970459126e+01
4.527017402648925781e+01
4.528430252075195739e+01
4.529839534759521769e+01
4.531035861968994283e+01
4.532273311614990519e+01
4.533727493286133381e+01
4.535508136749268004e+01
4.537030925750732990e+01
4.538887100219726989e+01
4.540863704681396484e+01
4.542314319610596129e+01
4.543623943328857706e+01
4.545019588470459126e+01
4.546122970581055256e+01
4.547288246154785440e+01
4.548787117004394531e+01
4.550320186614990803e+01
4.551633377075195597e+01
4.553176727294922443e+01
4.554740848541260334e+01
4.556559257507324645e+01
4.558174991607666016e+01
4.559738903045654723e+01
4.561261692047119709e+01
4.562719230651855895e+01
4.564022140502930114e+01
4.565500240325928161e+01
4.566806507110595703e+01
4.568198585510253906e+01
4.569749069213867188e+01
4.571374874114990661e+01
4.572732753753662394e+01
4.574100914001465412e+01
4.575489635467529581e+01
4.577077674865722656e+01
4.578511085510254475e+01
4.579982471466064453e+01
4.581536102294921875e+01
4.583120784759521626e+01
4.584550838470459411e+01
4.586090831756592223e+01
4.587761535644531818e+01
4.589232711791992614e+01
4.590700531005859375e+01
4.592491455078125284e+01
4.594519672393798970e+01
4.596441097259521769e+01
4.598032703399658772e+01
4.599895801544190022e+01
4.602030601501465412e+01
4.603821525573730611e+01
4.605168914794921875e+01
4.606959838867187784e+01
4.608840141296386861e+01
4.610730934143066406e+01
4.612466888427734801e+01
4.614560146331787394e+01
4.616581439971923828e+01
4.618427333831787251e+01
4.620056705474853942e+01
4.621864833831787678e+01
4.623824234008789347e+01
4.625415840148926350e+01
4.627172355651855895e+01
4.629049301147460938e+01
4.631121997833252379e+01
4.633126087188720987e+01
4.634631881713867330e+01
4.636202716827392578e+01
4.637636127471924397e+01
4.638753356933594318e+01
4.640021858215332173e+01
4.641217975616455504e+01
4.642579212188721272e+01
4.644253273010254190e+01
4.645752143859863281e+01
4.647560272216797017e+01
4.649478340148925781e+01
4.651197090148926350e+01
4.652706241607666016e+01
4.654287357330322550e+01
4.655817070007324787e+01
4.657305450439453409e+01
4.658745784759521769e+01
4.660248012542724894e+01
4.662014808654785725e+01
4.663527317047119425e+01
4.665318450927734517e+01
4.667212390899658203e+01
4.668779869079590128e+01
4.670271816253662678e+01
4.671856498718261719e+01
4.673176403045654581e+01
4.674300556182861754e+01
4.675675430297852131e+01
4.677174301147461222e+01
4.678439235687255859e+01
4.679968948364258097e+01
4.681677417755127379e+01
4.683217411041260192e+01
4.684774608612060831e+01
4.686438388824463175e+01
4.688219032287597798e+01
4.689752101898193359e+01
4.691388397216797301e+01
4.693230934143066690e+01
4.694588603973389240e+01
4.696290149688721272e+01
4.697995262145996520e+01
4.699370136260986897e+01
4.700951461791992614e+01
4.702656574249267862e+01
4.704309864044189737e+01
4.705939235687256428e+01
4.707689037322998615e+01
4.709239311218262003e+01
4.710782661437988850e+01
4.712319297790527628e+01
4.713714942932129048e+01
4.715203323364258381e+01
4.716812133789062500e+01
4.718637466430664062e+01
4.720545253753662251e+01
4.722377510070801065e+01
4.724281730651856037e+01
4.726258335113525533e+01
4.728097305297851705e+01
4.729809341430664205e+01
4.731404304504394531e+01
4.732999267578125568e+01
4.734601154327393147e+01
4.736154994964599751e+01
4.737798004150391051e+01
4.739829578399658772e+01
4.741888637542724894e+01
4.743569622039795064e+01
4.745343341827393147e+01
4.746962432861328551e+01
4.748337306976318928e+01
4.749825897216797443e+01
4.751434497833252379e+01
4.752930011749268147e+01
4.754765625000000284e+01
4.756480808258056925e+01
4.758343906402588175e+01
4.760062656402588033e+01
4.762042617797851562e+01
4.763634223937988565e+01
4.765108966827392578e+01
4.766604270935059162e+01
4.768102931976318359e+01
4.769581241607666300e+01
4.771399650573730611e+01
4.773025455474854084e+01
4.774809665679931925e+01
4.776847953796387003e+01
4.778783435821533487e+01
4.780502185821533345e+01
4.782172679901123047e+01
4.783754005432129475e+01
4.785373096466064879e+01
4.786785945892334126e+01
4.788171100616455078e+01
4.789759349822998047e+01
4.791495304107666442e+01
4.792949275970459411e+01
4.794554519653320312e+01
4.796049823760986897e+01
4.797638072967529865e+01
4.799136734008789062e+01
4.800597629547119283e+01
4.802058734893799397e+01
4.803519630432128906e+01
4.804922199249267578e+01
4.806602973937988565e+01
4.808174018859863708e+01
4.809768981933594034e+01
4.811422481536865803e+01
4.813158435821533487e+01
4.815000762939453693e+01
4.816664543151856037e+01
4.818173694610595703e+01
4.819833908081054830e+01
4.821501255035400391e+01
4.822779827117920348e+01
4.824240932464599751e+01
4.825691547393799397e+01
4.826829338073730469e+01
4.828176727294922443e+01
4.829644546508789205e+01
4.831225872039794922e+01
4.832693691253662394e+01
4.834395236968994425e+01
4.835876693725586506e+01
4.837427177429199787e+01
4.838946399688720845e+01
4.840428066253662109e+01
4.841851196289062642e+01
4.843267402648925923e+01
4.844728298187256144e+01
4.846285495758056783e+01
4.847887382507324361e+01
4.849829578399658203e+01
4.851647987365723225e+01
4.853274002075195881e+01
4.854889526367188068e+01
4.856477775573731037e+01
4.857677459716796875e+01
4.858994007110595703e+01
4.860265865325928303e+01
4.861331481933594034e+01
4.862864551544189595e+01
4.864480285644531676e+01
4.865982513427734801e+01
4.867591114044189737e+01
4.869388961791992188e+01
4.871008052825928303e+01
4.872627143859863708e+01
4.874122447967529581e+01
4.875707130432129333e+01
4.877192153930664631e+01
4.878690814971923828e+01
4.880963039398193359e+01
4.883108119964600036e+01
4.884974575042724609e+01
4.887030277252197408e+01
4.888731822967529439e+01
4.890323429107666442e+01
4.891842651367187500e+01
4.893190250396728658e+01
4.894469032287597798e+01
4.895957412719727131e+01
4.897593708038330362e+01
4.899085445404053019e+01
4.900708103179932351e+01
4.902615890502929830e+01
4.904437656402588175e+01
4.906135845184326882e+01
4.907820186614990376e+01
4.909456481933594318e+01
4.911103057861328836e+01
4.912928390502930398e+01
4.914581680297852273e+01
4.916376171112060689e+01
4.918043308258057067e+01
4.919363422393799112e+01
4.920982513427734517e+01
4.922611885070801208e+01
4.924158592224121378e+01
4.925588645935059162e+01
4.927214660644531818e+01
4.928768291473389240e+01
4.930263595581055114e+01
4.931521816253662394e+01
4.933024044036865519e+01
4.934247646331787251e+01
4.935509223937988565e+01
4.936918716430664489e+01
4.938541164398193928e+01
4.940194664001464986e+01
4.941566181182862039e+01
4.943298568725586506e+01
4.945154953002930398e+01
4.946516189575195455e+01
4.948090591430664631e+01
4.949554843902588175e+01
4.950964336395264098e+01
4.952174301147461222e+01
4.953511409759521911e+01
4.954714660644531676e+01
4.956203041076660298e+01
4.957777442932129475e+01
4.959540882110596272e+01
4.961239070892334269e+01
4.962964534759522195e+01
4.964418716430664347e+01
4.966127185821533629e+01
4.967588081359863850e+01
4.968870220184326314e+01
4.970403289794922586e+01
4.972132320404053019e+01
4.973820228576660440e+01
4.975910129547119709e+01
4.977821483612061115e+01
4.979849700927734801e+01
4.981520195007324503e+01
4.983101520538330220e+01
4.984469680786133239e+01
4.985961418151855895e+01
4.987071723937988565e+01
4.988446807861328836e+01
4.989825248718262429e+01
4.991413288116455504e+01
4.993170013427734943e+01
4.995156688690185831e+01
4.996796550750732990e+01
4.998508377075195597e+01
5.000082778930664773e+01
5.001636409759522195e+01
5.002860221862793111e+01
5.003984375000000284e+01
5.005458908081055114e+01
5.006854553222656534e+01
5.008239917755127379e+01
5.009745502471924539e+01
5.011323261260987039e+01
5.012684497833252095e+01
5.014248619079589986e+01
5.015383052825928445e+01
5.016816463470459553e+01
5.018064193725586364e+01
5.019374027252197834e+01
5.020762748718262003e+01
5.022313022613526101e+01
5.023688106536865661e+01
5.025341396331787536e+01
5.027019023895264382e+01
5.028459358215332742e+01
5.030002708435058878e+01
5.031742019653320597e+01
5.033787441253662820e+01
5.035640258789062784e+01
5.037836742401123757e+01
5.039503879547119425e+01
5.040744895935058878e+01
5.041978988647461080e+01
5.043302459716797159e+01
5.044509067535400959e+01
5.045553913116455647e+01
5.046739959716797586e+01
5.047991256713867614e+01
5.049187374114990945e+01
5.050380134582520242e+01
5.051885929107666584e+01
5.053130302429199361e+01
5.054687500000000711e+01
5.055990200042725036e+01
5.057502708435058736e+01
5.059052982330322834e+01
5.060080833435058878e+01
5.060957412719726989e+01
5.061933650970459553e+01
5.062844638824463317e+01
5.063789825439453551e+01
5.064996433258057351e+01
5.065927982330322976e+01
5.067069339752197976e+01
5.068471698760986754e+01
5.069891471862793253e+01
5.071232147216797159e+01
5.072586460113525675e+01
5.073906574249267720e+01
5.075329494476319070e+01
5.076587715148926350e+01
5.078093299865722798e+01
5.079165840148926492e+01
5.080509872436523722e+01
5.081943283081054830e+01
5.083308086395263814e+01
5.084975223541260192e+01
5.086577110290527770e+01
5.088185920715332600e+01
5.089739551544190022e+01
5.091303672790527912e+01
5.092575531005859801e+01
5.093988380432129048e+01
5.095194988250732848e+01
5.096655883789063068e+01
5.097910537719727131e+01
5.099055252075195455e+01
5.100633010864257955e+01
5.102069988250732990e+01
5.103572006225586222e+01
5.105720443725586222e+01
5.107831115722656534e+01
5.109329986572266336e+01
5.110598278045655007e+01
5.112052459716797159e+01
5.113616371154785867e+01
5.114909000396728800e+01
5.116153373718262287e+01
5.117542095184326456e+01
5.118896408081054972e+01
5.120192394256591939e+01
5.121643009185791584e+01
5.123176078796387145e+01
5.124403247833252095e+01
5.125871067047119567e+01
5.127380218505859943e+01
5.128652076721191833e+01
5.129917011260986470e+01
5.131646251678467507e+01
5.133134632110596129e+01
5.134626369476318786e+01
5.136224899291992330e+01
5.137843990325928445e+01
5.139779262542725036e+01
5.141363945007324787e+01
5.143189277648926350e+01
5.144832496643066833e+01
5.146338081359863992e+01
5.148909282684326882e+01
5.150837631225586222e+01
5.152463645935058878e+01
5.154044971466064595e+01
5.155815124511719461e+01
5.157778091430664347e+01
5.159603424072265909e+01
5.161548976898193786e+01
5.163339900970459695e+01
5.165642967224121662e+01
5.167334232330322408e+01
5.169200897216797586e+01
5.170933284759522053e+01
5.172504329681397195e+01
5.173961868286133381e+01
5.175481090545654439e+01
5.177069339752197408e+01
5.178949642181397195e+01
5.180651187896729226e+01
5.182414627075196023e+01
5.184116172790528054e+01
5.185941505432129617e+01
5.187227001190186115e+01
5.188846092224121520e+01
5.190293350219727131e+01
5.191740608215332742e+01
5.193187656402588459e+01
5.194933891296387429e+01
5.196766147613525533e+01
5.198419647216797301e+01
5.200347995758057351e+01
5.202269630432129333e+01
5.203960895538330789e+01
5.205490608215332315e+01
5.207013397216797301e+01
5.208470935821533487e+01
5.210034847259522195e+01
5.211633377075195739e+01
5.213097629547119283e+01
5.214960937500000426e+01
5.216782703399658772e+01
5.218583908081055256e+01
5.220368118286133097e+01
5.221911468505859943e+01
5.223379287719726705e+01
5.224826545715332315e+01
5.226249675750732848e+01
5.227734699249268147e+01
5.229322738647461222e+01
5.230890216827393147e+01
5.232536792755127664e+01
5.233942718505859659e+01
5.235527400970459411e+01
5.236923046112060831e+01
5.238294563293457173e+01
5.239549217224121236e+01
5.241216564178467507e+01
5.242849292755127522e+01
5.244162483215332315e+01
5.245668067932129475e+01
5.247190856933594461e+01
5.248682804107666300e+01
5.250009632110596414e+01
5.251511859893799539e+01
5.253062133789062926e+01
5.254413089752197408e+01
5.255753555297852131e+01
5.257331523895263814e+01
5.258737449645996520e+01
5.259840831756591939e+01
5.260813713073731179e+01
5.262033958435058878e+01
5.263158111572266051e+01
5.263876495361328267e+01
5.264725589752197976e+01
5.265715465545654439e+01
5.266660861968994567e+01
5.267592411041260192e+01
5.268589210510254617e+01
5.269620628356933878e+01
5.270655193328857990e+01
5.271744937896728800e+01
5.272944622039795348e+01
5.274130458831787394e+01
5.275220203399658914e+01
5.276203365325928019e+01
5.277296466827392862e+01
5.278307113647461080e+01
5.279248943328857990e+01
5.280177135467529581e+01
5.281101760864257955e+01
5.281992187500000568e+01
5.283043956756592507e+01
5.284006557464599751e+01
5.285099658966064595e+01
5.286316547393798970e+01
5.287509307861328267e+01
5.288867187500000711e+01
5.290297031402588601e+01
5.291702957153320597e+01
5.293067760467529581e+01
5.294092044830322408e+01
5.295099334716797301e+01
5.295927658081055256e+01
5.296728706359863992e+01
5.297515907287598225e+01
5.298155193328857848e+01
5.298863296508789489e+01
5.299623012542725320e+01
5.300420494079590128e+01
5.301090831756592081e+01
5.302036228179932209e+01
5.302768249511719034e+01
5.303579578399658345e+01
5.304497489929199361e+01
5.305332736968994567e+01
5.306233444213867756e+01
5.307130584716797017e+01
5.307811203002930256e+01
5.308570919036865376e+01
5.309488620758057209e+01
5.310213928222656676e+01
5.310891189575195881e+01
5.311726436614990376e+01
5.312506713867188068e+01
5.313159847259522195e+01
5.313960895538330220e+01
5.314813346862793253e+01
5.315645236968994425e+01
5.316490764617920206e+01
5.317370910644531534e+01
5.318175315856934304e+01
5.319251213073730611e+01
5.320313262939453836e+01
5.321231174468994851e+01
5.322320919036865661e+01
5.323379611968994851e+01
5.324692802429199645e+01
5.325761775970459411e+01
5.326951179504394673e+01
5.328016796112061115e+01
5.328852043151855611e+01
5.329577350616455789e+01
5.330361194610595987e+01
5.330993556976319070e+01
5.331639976501465128e+01
5.332279262542724751e+01
5.332798328399658772e+01
5.333544197082520100e+01
5.334211177825928019e+01
5.334877948760986754e+01
5.335517444610596272e+01
5.335995178222656676e+01
5.336765174865723083e+01
5.337212066650391051e+01
5.337707004547119283e+01
5.338250198364258381e+01
5.338614635467529723e+01
5.339061527252197692e+01
5.339484291076660583e+01
5.340023918151855753e+01
5.340450248718261861e+01
5.341010437011718892e+01
5.341515865325928303e+01
5.342000522613525959e+01
5.342547073364258381e+01
5.343007812500000142e+01
5.343564643859863850e+01
5.344155883789063211e+01
5.344740200042725320e+01
5.345372772216797586e+01
5.345987930297852131e+01
5.346630783081054972e+01
5.347301120758056925e+01
5.347916488647461364e+01
5.348518009185791300e+01
5.349222755432129617e+01
5.349896450042724894e+01
5.350618400573731037e+01
5.351419239044189879e+01
5.352117061614990945e+01
5.352784042358398864e+01
5.353560752868652628e+01
5.354324035644531676e+01
5.354966888427734517e+01
5.355705833435059304e+01
5.356479187011719034e+01
5.357263031005859943e+01
5.358033027648926350e+01
5.358734207153320739e+01
5.359500846862793111e+01
5.360446243286133239e+01
5.361291770935059020e+01
5.362302417755127237e+01
5.363237323760986897e+01
5.364302940368652628e+01
5.365372123718262287e+01
5.366534042358399148e+01
5.367544689178467365e+01
5.368593101501465270e+01
5.369785861968994567e+01
5.370834274291992472e+01
5.372054519653320881e+01
5.373347148895263814e+01
5.374577674865722798e+01
5.375918350219726705e+01
5.377197132110595845e+01
5.378719921112060831e+01
5.380259914398193644e+01
5.381916770935058736e+01
5.383628597259522053e+01
5.385361194610596414e+01
5.387148761749268289e+01
5.388970527648925923e+01
5.390647945404052876e+01
5.392077999114990661e+01
5.393803672790527770e+01
5.395340309143066548e+01
5.396938629150390909e+01
5.398970203399658629e+01
5.401159973144531534e+01
5.402909564971924539e+01
5.404813995361328693e+01
5.406694297790527770e+01
5.408529911041259908e+01
5.410128440856934162e+01
5.411730117797851847e+01
5.413548736572266051e+01
5.415538978576660867e+01
5.417446765899658345e+01
5.419684581756592223e+01
5.421681747436523580e+01
5.423555126190186115e+01
5.425325489044190164e+01
5.426985912322998473e+01
5.428804321289062784e+01
5.430512790679932067e+01
5.432465267181397195e+01
5.434073867797852131e+01
5.436328887939453836e+01
5.438384590148925923e+01
5.440257968902588459e+01
5.442000846862793395e+01
5.443863945007324645e+01
5.445675430297851705e+01
5.447287807464599751e+01
5.448879203796386861e+01
5.450708103179932351e+01
5.452660579681396769e+01
5.454228057861328693e+01
5.455953731536865803e+01
5.457816829681397053e+01
5.459470119476318928e+01
5.461402034759522195e+01
5.463354511260986612e+01
5.464928913116455789e+01
5.466668434143066690e+01
5.468421382904053019e+01
5.470140132904052876e+01
5.472065124511718892e+01
5.474134674072266193e+01
5.476008052825928019e+01
5.477888355255127095e+01
5.479610462188720987e+01
5.481257038116455504e+01
5.482683734893799254e+01
5.484223728179932067e+01
5.485636367797852131e+01
5.487107753753662820e+01
5.488737125396728800e+01
5.490414543151855753e+01
5.492154064178467365e+01
5.494075489044190164e+01
5.495876693725586648e+01
5.497647056579589986e+01
5.499345245361328693e+01
5.500926570892334411e+01
5.502342777252197692e+01
5.503934383392334695e+01
5.505608444213867614e+01
5.507223968505859801e+01
5.509344921112060689e+01
5.511149692535401101e+01
5.512954254150390909e+01
5.514569988250732990e+01
5.516340141296387145e+01
5.517718582153320739e+01
5.519189968109131428e+01
5.520430774688720987e+01
5.521678714752197692e+01
5.523149890899658487e+01
5.524737930297852273e+01
5.526391429901123331e+01
5.528062133789062926e+01
5.529725914001465270e+01
5.531355285644531961e+01
5.532774848937988565e+01
5.534332046508789205e+01
5.535920295715332173e+01
5.537291812896729226e+01
5.538838729858398580e+01
5.540560836791992472e+01
5.542355117797851705e+01
5.544025821685791300e+01
5.545971374511719176e+01
5.547985744476319070e+01
5.549522380828857848e+01
5.550990200042725320e+01
5.552547397613525959e+01
5.553991088867187642e+01
5.555311203002930398e+01
5.556624183654785298e+01
5.558133335113525675e+01
5.559724941253662678e+01
5.561278572082520100e+01
5.562818565368652912e+01
5.564458427429199361e+01
5.566146125793457600e+01
5.567943973541260050e+01
5.569370460510254617e+01
5.570903739929199361e+01
5.572677459716797443e+01
5.574461460113526101e+01
5.575874309539795348e+01
5.577479553222656961e+01
5.579174385070800923e+01
5.580573387145996378e+01
5.582360744476319070e+01
5.583959274291992614e+01
5.585434017181396626e+01
5.586661186218262287e+01
5.588074035644531534e+01
5.589280433654785440e+01
5.590621109008789347e+01
5.591917095184326314e+01
5.593357429504394673e+01
5.594567394256592507e+01
5.595914993286132955e+01
5.597382812500000426e+01
5.598826503753662820e+01
5.601005783081055256e+01
5.602989311218262003e+01
5.604855766296387287e+01
5.606859855651855895e+01
5.608908634185791442e+01
5.610582695007324361e+01
5.612050514221191833e+01
5.613796749114990803e+01
5.615295619964599894e+01
5.616601886749268147e+01
5.618444213867187642e+01
5.620293674468994283e+01
5.622039909362793253e+01
5.623848037719726989e+01
5.625432720184326740e+01
5.627233924865723225e+01
5.628856372833252664e+01
5.630272789001465128e+01
5.631823062896729226e+01
5.633315010070801065e+01
5.635085163116455220e+01
5.636982669830322834e+01
5.638814926147461648e+01
5.640702152252197976e+01
5.642647705078125142e+01
5.644418067932129190e+01
5.645947780609131428e+01
5.647539386749267720e+01
5.649058609008789489e+01
5.650822048187256286e+01
5.652654304504395100e+01
5.654269828796387287e+01
5.656236152648926208e+01
5.658161144256592223e+01
5.659941787719726847e+01
5.661591720581055398e+01
5.663145561218262003e+01
5.664633941650391336e+01
5.666263313293457315e+01
5.667572937011718892e+01
5.668899974822998189e+01
5.670622081756592081e+01
5.672581481933594461e+01
5.673984050750733132e+01
5.675475788116455789e+01
5.677067394256592081e+01
5.678868598937988565e+01
5.680467128753662820e+01
5.682237491607666158e+01
5.683914909362793111e+01
5.685389652252197834e+01
5.686706199645996662e+01
5.688469638824463459e+01
5.690205593109131144e+01
5.691903572082519958e+01
5.693698062896729084e+01
5.695516471862793395e+01
5.697235221862793253e+01
5.698943691253662536e+01
5.700407943725586080e+01
5.701851844787598367e+01
5.703278331756592223e+01
5.704629287719726705e+01
5.706076545715332315e+01
5.707568283081054972e+01
5.709049949645996236e+01
5.710503921508789205e+01
5.712277641296387287e+01
5.714099617004394815e+01
5.715914669036865803e+01
5.717633419036865661e+01
5.719864311218262287e+01
5.721724052429199503e+01
5.723463363647461222e+01
5.725639286041260334e+01
5.727756881713867898e+01
5.729994697570801065e+01
5.732394065856934162e+01
5.734336261749268004e+01
5.736398677825928161e+01
5.738100223541260192e+01
5.739530277252197976e+01
5.740980892181396911e+01
5.742610263824463601e+01
5.744463081359863565e+01
5.746766147613525533e+01
5.748876819610595845e+01
5.751221218109131428e+01
5.753108444213867756e+01
5.755060920715332173e+01
5.757195510864258381e+01
5.759051685333252379e+01
5.761368598937988850e+01
5.763479270935059162e+01
5.765772056579590554e+01
5.767996234893799112e+01
5.769773311614990519e+01
5.771746559143066690e+01
5.773468666076660583e+01
5.775311203002929972e+01
5.777005825042724751e+01
5.779075164794922159e+01
5.781062049865722940e+01
5.783093624114990661e+01
5.784839859008789631e+01
5.786916122436523580e+01
5.788920211791992898e+01
5.790663089752197834e+01
5.792416248321533345e+01
5.794200248718262003e+01
5.795915431976318644e+01
5.797689361572265909e+01
5.799249916076660583e+01
