1.668930053710937500e-06
1.238973140716552734e-01
2.496848106384277344e-01
3.914239406585693359e-01
5.179748535156250000e-01
6.506545543670654297e-01
7.729349136352539062e-01
8.938035964965820312e-01
1.017653226852416992e+00
1.147167682647705078e+00
1.266796827316284180e+00
1.387664794921875000e+00
1.512308120727539062e+00
1.632576704025268555e+00
1.757942676544189453e+00
1.893060207366943359e+00
2.018662452697753906e+00
2.146921873092651367e+00
2.292491912841796875e+00
2.417183876037597656e+00
2.546418905258178711e+00
2.677409410476684570e+00
2.797287225723266602e+00
2.917919635772705078e+00
3.038738489151000977e+00
3.162333011627197266e+00
3.280585527420043945e+00
3.401157379150390625e+00
3.518663406372070312e+00
3.638888597488403320e+00
3.769094944000244141e+00
3.890739440917968750e+00
4.011778116226196289e+00
4.130980968475341797e+00
4.258912086486816406e+00
4.382907390594482422e+00
4.504380702972412109e+00
4.625463724136352539e+00
4.745094060897827148e+00
4.866896629333496094e+00
4.991699218750000000e+00
5.118837594985961914e+00
5.240827083587646484e+00
5.359659910202026367e+00
5.480664253234863281e+00
5.615378379821777344e+00
5.742969512939453125e+00
5.838228225708007812e+00
5.957736730575561523e+00
6.076165914535522461e+00
6.201869249343872070e+00
6.322131633758544922e+00
6.445252180099487305e+00
6.563348770141601562e+00
6.682451725006103516e+00
6.807929039001464844e+00
6.929364681243896484e+00
7.049887418746948242e+00
7.174820661544799805e+00
7.297892332077026367e+00
7.518033266067504883e+00
7.642054080963134766e+00
7.761218547821044922e+00
7.879998445510864258e+00
7.998975992202758789e+00
8.125169038772583008e+00
8.250134468078613281e+00
8.370037317276000977e+00
8.491075277328491211e+00
8.613038301467895508e+00
8.737637042999267578e+00
8.861552715301513672e+00
8.980857372283935547e+00
9.101912498474121094e+00
9.220596313476562500e+00
9.345633029937744141e+00
9.468116283416748047e+00
9.587185144424438477e+00
9.705740213394165039e+00
9.825854301452636719e+00
9.956530570983886719e+00
1.007910418510437012e+01
1.020179009437561035e+01
1.032824301719665527e+01
1.042169857025146484e+01
1.051635050773620605e+01
1.061076211929321289e+01
1.070188236236572266e+01
1.079325962066650391e+01
1.088639760017395020e+01
1.098622369766235352e+01
1.108458614349365234e+01
1.117919111251831055e+01
1.127151846885681152e+01
1.136612057685852051e+01
1.146644973754882812e+01
1.156531667709350586e+01
1.166319108009338379e+01
1.176064586639404297e+01
1.185798859596252441e+01
1.196046352386474609e+01
1.207399153709411621e+01
1.217248296737670898e+01
1.240059518814086914e+01
1.252383923530578613e+01
1.264942669868469238e+01
1.277325654029846191e+01
1.289303040504455566e+01
1.301581192016601562e+01
1.313548088073730469e+01
1.326703405380249023e+01
1.339155483245849609e+01
1.351407027244567871e+01
