4.810681532616335687e+00
4.810681532616335687e+00
4.810681532616335687e+00
4.826851517157234817e+00
4.826851517157234817e+00
4.827740058781702537e+00
4.826245690694081603e+00
4.826245690694081603e+00
4.827208281067818518e+00
4.827208281067818518e+00
4.827013072808154170e+00
4.827013072808154170e+00
4.826151447488447488e+00
4.827692940792781329e+00
4.827692940792781329e+00
4.826683232430124981e+00
4.826683232430124981e+00
4.826440898953745950e+00
4.827491003456927388e+00
4.827491003456927388e+00
4.826137989336067413e+00
4.826137989336067413e+00
4.827073656177248928e+00
4.828009315790636968e+00
4.828009315790636968e+00
4.827302524273453521e+00
4.827302524273453521e+00
4.828951718935802440e+00
4.828951718935802440e+00
4.832431851139991075e+00
4.832431851139991075e+00
4.842656859492118215e+00
4.842656859492118215e+00
4.861599042728575348e+00
4.861599042728575348e+00
4.933429892822217333e+00
4.933429892822217333e+00
4.998071603183483091e+00
4.998071603183483091e+00
4.998071603183483091e+00
5.044047116393416630e+00
5.044047116393416630e+00
5.091409303560748612e+00
5.091409303560748612e+00
5.161348625515663535e+00
5.161348625515663535e+00
5.204698895537128500e+00
5.204698895537128500e+00
5.313821743792914276e+00
5.313821743792914276e+00
5.430409725093993778e+00
5.430409725093993778e+00
5.600081588739717731e+00
5.600081588739717731e+00
5.768696618806067988e+00
5.768696618806067988e+00
5.985515259675302957e+00
5.985515259675302957e+00
6.263333915822897779e+00
6.263333915822897779e+00
6.487133030012464552e+00
6.487133030012464552e+00
6.900589552055612863e+00
6.900589552055612863e+00
7.445981668770107476e+00
7.445981668770107476e+00
8.679289990981553515e+00
8.679289990981553515e+00
9.941718386792661732e+00
9.941718386792661732e+00
1.217296463085698832e+01
1.217296463085698832e+01
1.421564395325584940e+01
1.421564395325584940e+01
1.421564395325584940e+01
1.620487589309549747e+01
1.620487589309549747e+01
1.796783830213183464e+01
1.796783830213183464e+01
1.969186624741988112e+01
1.969186624741988112e+01
2.149126575837485120e+01
2.149126575837485120e+01
2.297294956628797991e+01
2.297294956628797991e+01
2.371456894597289988e+01
2.371456894597289988e+01
2.371456894597289988e+01
2.392811612104998886e+01
2.392811612104998886e+01
2.392811612104998886e+01
1.827841105058978455e+00
1.827841105058978455e+00
4.305827098315017309e+00
4.305827098315017309e+00
4.305827098315017309e+00
4.254325098187438314e+00
4.254325098187438314e+00
4.254325098187438314e+00
4.242800930007355475e+00
4.242800930007355475e+00
4.264805898168323672e+00
4.264805898168323672e+00
4.236096442772149473e+00
4.236096442772149473e+00
4.216494586007427436e+00
4.216494586007427436e+00
4.212455745329005907e+00
4.212455745329005907e+00
4.215276204004932303e+00
4.215276204004932303e+00
4.213075029944539196e+00
4.213075029944539196e+00
