-8.321683883666992188e+00
-9.096015930175781250e+00
1.257826089859008789e+00
-3.644550740718841553e-01
7.670117914676666260e-02
5.522687435150146484e-01
-2.399806499481201172e+00
1.380736708641052246e+00
-1.905569791793823242e+00
1.789094805717468262e+00
-3.355364799499511719e-01
4.631091654300689697e-01
3.041024208068847656e-01
-6.151578426361083984e-01
5.978973582386970520e-02
1.137798905372619629e+00
-1.181560873985290527e+00
8.369279503822326660e-01
5.988171100616455078e-01
-1.835296034812927246e+00
-1.801456660032272339e-01
6.105942726135253906e-01
-1.189779043197631836e+00
5.981096029281616211e-01
2.335368692874908447e-01
3.146384716033935547e+00
2.653023719787597656e+00
2.905245304107666016e+00
3.280777454376220703e+00
1.231941819190979004e+00
1.967127680778503418e+00
3.887296617031097412e-01
3.153517007827758789e+00
-4.959712624549865723e-01
3.118789911270141602e+00
1.672800034284591675e-01
-1.439049720764160156e+00
6.860566139221191406e-01
-1.498285889625549316e+00
1.520326018333435059e+00
-1.800610303878784180e+00
2.577989816665649414e+00
-2.410325765609741211e+00
3.205462217330932617e+00
-1.671204090118408203e+00
2.668663263320922852e+00
-1.993920564651489258e+00
2.443489789962768555e+00
-1.783552646636962891e+00
2.830473423004150391e+00
-2.453828334808349609e+00
2.305972814559936523e+00
-1.503369450569152832e+00
2.174682140350341797e+00
-2.204895734786987305e+00
2.510876417160034180e+00
-1.567987918853759766e+00
2.141499519348144531e+00
-1.438697457313537598e+00
1.753867983818054199e+00
-5.531740188598632812e-01
7.965458035469055176e-01
-6.404040753841400146e-02
1.792286872863769531e+00
-2.456859350204467773e+00
1.587219238281250000e+00
-3.585972189903259277e-01
-5.003005266189575195e-01
2.370300531387329102e+00
-2.476062536239624023e+00
1.583766579627990723e+00
4.540897905826568604e-01
-1.462283611297607422e+00
2.791091442108154297e+00
-2.430169343948364258e+00
1.566051542758941650e-01
2.075684070587158203e+00
-2.962930917739868164e+00
2.003113985061645508e+00
-1.042296528816223145e+00
-1.179318308830261230e+00
1.580549478530883789e+00
-1.757318139076232910e+00
2.863560616970062256e-01
1.503476619720458984e+00
-1.955083489418029785e+00
2.001089572906494141e+00
-1.295655131340026855e+00
-2.234720140695571899e-01
2.471870183944702148e+00
-2.494269847869873047e+00
1.914265275001525879e+00
-1.925930380821228027e-03
-1.083291888236999512e+00
2.565939426422119141e+00
-2.328414201736450195e+00
1.592645525932312012e+00
-2.983182668685913086e-01
-1.212554335594177246e+00
2.088248014450073242e+00
-1.851880908012390137e+00
1.552405834197998047e+00
-3.663954436779022217e-01
-1.059072494506835938e+00
2.095103025436401367e+00
-2.580680131912231445e+00
1.346817731857299805e+00
3.908514976501464844e-03
-1.694183707237243652e+00
2.417257308959960938e+00
-1.367794513702392578e+00
-3.370711505413055420e-01
2.542207479476928711e+00
-2.726794242858886719e+00
8.963395357131958008e-01
1.531438350677490234e+00
-2.602213621139526367e+00
2.103913784027099609e+00
-1.041311621665954590e+00
-6.198664754629135132e-02
1.948809027671813965e+00
-2.405719280242919922e+00
1.911303400993347168e+00
-4.576594233512878418e-01
-1.157316088676452637e+00
2.229955673217773438e+00
-1.953745484352111816e+00
1.386403918266296387e+00
9.202514290809631348e-01
-1.165486216545104980e+00
2.101217985153198242e+00
-2.505375623703002930e+00
1.598497986793518066e+00
-7.994665503501892090e-01
-1.039428591728210449e+00
2.497271299362182617e+00
-1.734883546829223633e+00
1.602831125259399414e+00
-8.121509552001953125e-01
1.133222699165344238e+00
9.366103410720825195e-01
-1.835149049758911133e+00
2.592406272888183594e+00
-2.263234615325927734e+00
1.614647388458251953e+00
-9.854093194007873535e-01
-3.787827789783477783e-01
2.272030591964721680e+00
-2.954496860504150391e+00
2.085000753402709961e+00
-4.865415692329406738e-01
-9.898283481597900391e-01
2.107586622238159180e+00
-2.470655679702758789e+00
1.265400528907775879e+00
7.878266572952270508e-01
-1.112842082977294922e+00
2.503617286682128906e+00
-2.367608547210693359e+00
1.455452561378479004e+00
8.201793432235717773e-01
-1.480894684791564941e+00
2.434088706970214844e+00
-2.283031225204467773e+00
7.517052292823791504e-01
1.800898671150207520e+00
-2.309357166290283203e+00
1.477294921875000000e+00
2.709172368049621582e-01
-1.759177923202514648e+00
2.560923099517822266e+00
-1.655882716178894043e+00
8.397172093391418457e-01
1.468348026275634766e+00
-6.657391190528869629e-01
2.232375383377075195e+00
-2.286711454391479492e+00
2.108323097229003906e+00
-2.301785945892333984e+00
1.305097699165344238e+00
1.741588413715362549e-01
-1.655889272689819336e+00
2.749805212020874023e+00
-2.331504344940185547e+00
1.313211083412170410e+00
1.586683690547943115e-01
-3.884060680866241455e-01
2.430092811584472656e+00
-2.751893043518066406e+00
2.192595720291137695e+00
-1.707626104354858398e+00
1.602635860443115234e+00
-6.919781118631362915e-02
-1.769020318984985352e+00
2.434671878814697266e+00
-2.346203804016113281e+00
1.151631355285644531e+00
6.593355536460876465e-01
-1.970893502235412598e+00
1.868317127227783203e+00
-1.281502127647399902e+00
1.461891055107116699e+00
-6.381582617759704590e-01
-3.214462101459503174e-01
1.738949775695800781e+00
-1.582447767257690430e+00
3.957574367523193359e-01
4.643087387084960938e-01
-6.752029657363891602e-01
-5.959587916731834412e-02
2.723526656627655029e-01
1.516104042530059814e-01
-9.490237832069396973e-01
8.530145883560180664e-01
-9.184435009956359863e-01
1.240690723061561584e-01
2.405730485916137695e-01
-1.058295369148254395e+00
7.040479779243469238e-01
-2.468262761831283569e-01
-1.255521625280380249e-01
-7.322264462709426880e-02
2.111309766769409180e-01
-7.663913965225219727e-01
-8.293136954307556152e-03
4.030096828937530518e-01
-1.085230708122253418e+00
2.833473980426788330e-01
-5.849625170230865479e-02
-4.168734252452850342e-01
-1.503624171018600464e-01
4.614666104316711426e-01
-1.116810917854309082e+00
7.049220800399780273e-01
-1.367106884717941284e-01
3.633181452751159668e-01
6.240184232592582703e-02
-6.531712412834167480e-01
-1.318781673908233643e-01
-8.887141197919845581e-02
7.289701700210571289e-02
7.536028325557708740e-02
-6.075285077095031738e-01
8.195726275444030762e-01
-4.635218083858489990e-01
-1.547221839427947998e-01
1.373835206031799316e+00
-1.089810490608215332e+00
-5.702670216560363770e-01
1.508072853088378906e+00
-1.079413056373596191e+00
-9.195962548255920410e-02
1.066253185272216797e+00
-8.991773128509521484e-01
1.847637891769409180e-01
2.299318462610244751e-01
-4.349109232425689697e-01
6.763435006141662598e-01
1.824495047330856323e-01
-6.889384388923645020e-01
-1.296998262405395508e-01
4.027030169963836670e-01
-4.450615644454956055e-01
-4.010680317878723145e-01
3.204692155122756958e-02
2.433208376169204712e-01
-4.004160463809967041e-01
-2.033766359090805054e-01
5.934715270996093750e-01
-4.001115858554840088e-01
-3.969814181327819824e-01
5.602413415908813477e-01
-4.429436028003692627e-01
-3.915273547172546387e-01
4.419653415679931641e-01
-5.542832612991333008e-01
4.529489278793334961e-01
1.227492168545722961e-01
-5.770832896232604980e-01
6.181071996688842773e-01
5.984405428171157837e-02
-6.784726381301879883e-01
8.464975953102111816e-01
2.091155499219894409e-01
-4.389184117317199707e-01
-6.759324669837951660e-02
2.188874483108520508e-01
-4.147150218486785889e-01
1.299941688776016235e-01
2.083229124546051025e-01
-4.440368115901947021e-01
7.761507630348205566e-01
-2.406609058380126953e-02
-7.530180215835571289e-01
5.327572226524353027e-01
1.977903544902801514e-01
-6.737719774246215820e-01
6.125793457031250000e-01
-5.123236179351806641e-01
7.693336606025695801e-01
-2.190970629453659058e-02
-6.884690523147583008e-01
7.863581180572509766e-01
2.039827108383178711e-01
-5.324692726135253906e-01
7.772457599639892578e-01
-1.198388412594795227e-01
4.655534625053405762e-01
1.560024768114089966e-01
-5.059781670570373535e-01
5.970656871795654297e-01
-4.109130501747131348e-01
-4.034114480018615723e-01
5.560562014579772949e-01
-5.739406347274780273e-01
4.455901682376861572e-01
4.710906744003295898e-01
-5.039059519767761230e-01
6.515056490898132324e-01
-5.020464584231376648e-02
-4.935221076011657715e-01
5.731314420700073242e-01
2.410443574190139771e-01
-7.455977797508239746e-01
-5.161581039428710938e-01
8.088599443435668945e-01
5.916569828987121582e-01
-6.370033621788024902e-01
-6.279849410057067871e-01
-6.395677328109741211e-01
1.529429107904434204e-01
7.963548898696899414e-01
4.845829904079437256e-01
2.359630018472671509e-01
-2.931878343224525452e-02
-6.321049332618713379e-01
-4.926508069038391113e-01
1.595286279916763306e-01
6.414050459861755371e-01
2.816932499408721924e-01
-6.561255455017089844e-02
-1.578631401062011719e-01
-3.586170375347137451e-01
-1.619576662778854370e-01
7.356636924669146538e-04
1.738321036100387573e-01
1.814481467008590698e-01
2.888503670692443848e-01
1.677018254995346069e-01
1.673775613307952881e-01
-3.947875499725341797e-01
-4.842040836811065674e-01
6.582493185997009277e-01
5.760357379913330078e-01
5.723389983177185059e-01
-4.767795205116271973e-01
-3.953245878219604492e-01
1.583947688341140747e-01
1.099082175642251968e-02
-6.907707452774047852e-02
7.543280720710754395e-03
-1.488520503044128418e-01
-2.837777137756347656e-03
1.506314277648925781e-01
1.457712650299072266e-01
-3.105195984244346619e-02
7.256533205509185791e-02
1.534327864646911621e-01
7.722184062004089355e-02
-3.423753753304481506e-02
-4.670470952987670898e-04
7.533279061317443848e-02
-5.080175120383501053e-03
-8.527047932147979736e-03
-4.721586406230926514e-02
1.349473446607589722e-01
-1.080914027988910675e-02
-1.393783185631036758e-02
-2.566326595842838287e-02
-1.843711547553539276e-02
2.052381783723831177e-01
-5.736642703413963318e-02
1.255190074443817139e-01
-9.942656755447387695e-02
-2.229920215904712677e-02
1.329568326473236084e-01
-7.363608479499816895e-02
-3.690215945243835449e-02
3.972958400845527649e-02
1.160699650645256042e-01
1.257786750793457031e-01
5.129384621977806091e-02
-1.045714393258094788e-01
-2.981609106063842773e-02
1.132431924343109131e-01
1.114999502897262573e-01
-1.095786690711975098e-01
-1.090807616710662842e-01
3.454072028398513794e-02
3.793887794017791748e-02
3.038912266492843628e-02
-4.656730964779853821e-02
-1.123270839452743530e-01
1.079508140683174133e-01
-1.086673066020011902e-01
-7.369138300418853760e-02
-7.437016814947128296e-02
-7.325409352779388428e-02
-3.837481513619422913e-02
-3.623784333467483521e-02
-4.904012009501457214e-02
-7.823291420936584473e-02
9.955658018589019775e-02
1.902898401021957397e-02
1.042900979518890381e-01
1.694908142089843750e-01
1.024414747953414917e-01
-5.771357193589210510e-02
-9.305945783853530884e-02
9.634544700384140015e-02
-6.085409969091415405e-02
-6.031561270356178284e-02
8.728877454996109009e-02
8.922203630208969116e-02
-9.364872425794601440e-02
-5.703991651535034180e-02
-2.341497689485549927e-01
-4.196068942546844482e-01
-5.177040770649909973e-02
1.642194688320159912e-01
7.104344367980957031e-01
-7.174019813537597656e-01
-5.596149340271949768e-02
1.131497099995613098e-01
-1.093240022659301758e+00
1.483940362930297852e+00
-4.621357321739196777e-01
8.143483996391296387e-01
8.438096046447753906e-01
-2.194064617156982422e+00
9.077471494674682617e-01
8.155143260955810547e-01
-3.635265827178955078e+00
1.875232577323913574e+00
-1.776549100875854492e+00
1.056566715240478516e+00
3.925149440765380859e-01
-1.148514509201049805e+00
8.103727698326110840e-01
-1.741819381713867188e-01
-4.335720837116241455e-01
6.963053941726684570e-01
5.384277105331420898e-01
-8.491115570068359375e-01
1.114235967397689819e-01
9.174356460571289062e-01
-2.160975456237792969e+00
1.880414962768554688e+00
-1.995933532714843750e+00
9.981268644332885742e-01
3.436247110366821289e-01
-1.742579340934753418e+00
1.630903720855712891e+00
-2.031774759292602539e+00
6.551370024681091309e-01
8.060190677642822266e-01
-2.038192510604858398e+00
2.010725736618041992e+00
-1.212488770484924316e+00
-1.900003671646118164e+00
1.765863537788391113e+00
-9.796915054321289062e-01
-1.322574973106384277e+00
1.590051412582397461e+00
4.659262597560882568e-01
-2.183516025543212891e+00
1.410742044448852539e+00
2.400113791227340698e-01
-2.171750783920288086e+00
1.380519032478332520e+00
4.281849563121795654e-01
-1.217691779136657715e+00
2.989537417888641357e-01
7.247950434684753418e-01
-1.630161523818969727e+00
1.202999129891395569e-01
1.778329133987426758e+00
-1.878303885459899902e+00
1.302459716796875000e+00
-1.803247481584548950e-01
-1.263139724731445312e+00
1.758670330047607422e+00
-2.157956838607788086e+00
-6.394149065017700195e-01
1.414916634559631348e+00
1.970551967620849609e+00
-1.109980344772338867e+00
-2.520657300949096680e+00
-5.328506827354431152e-01
1.425874114036560059e+00
1.416019082069396973e+00
-2.403588771820068359e+00
-1.426104426383972168e+00
1.416827321052551270e+00
1.345461368560791016e+00
-1.729496002197265625e+00
-1.156812787055969238e+00
4.712677597999572754e-01
1.797031998634338379e+00
7.091586589813232422e-01
-1.456630349159240723e+00
-1.903805971145629883e+00
8.262397050857543945e-01
2.120809078216552734e+00
1.925739645957946777e-01
-1.759700894355773926e+00
-1.825559020042419434e+00
5.173738002777099609e-01
1.849676132202148438e+00
1.981142759323120117e-01
-1.783187627792358398e+00
-7.429936528205871582e-01
1.375684022903442383e+00
1.657352924346923828e+00
1.295514941215515137e+00
-8.013437390327453613e-01
-2.378418445587158203e+00
-1.203253388404846191e+00
1.223972320556640625e+00
1.498927116394042969e+00
8.605470061302185059e-01
-7.904081940650939941e-01
-2.033173322677612305e+00
-1.503836631774902344e+00
5.623410344123840332e-01
1.832752704620361328e+00
1.874927401542663574e+00
1.828039884567260742e-01
-1.761824607849121094e+00
-1.770328998565673828e+00
-7.452868819236755371e-01
7.606866955757141113e-01
2.118734598159790039e+00
1.473050832748413086e+00
-5.601797103881835938e-01
-2.164658546447753906e+00
-1.833230853080749512e+00
1.705713123083114624e-01
1.835344314575195312e+00
2.038622856140136719e+00
8.277237415313720703e-01
-1.862642407417297363e+00
-2.548322439193725586e+00
-7.072312831878662109e-01
1.204108834266662598e+00
2.172704696655273438e+00
-5.312090367078781128e-02
-2.968015432357788086e+00
-7.029656171798706055e-01
6.952496767044067383e-01
1.885681867599487305e+00
1.803525924682617188e+00
-4.879909753799438477e-02
-2.476454973220825195e+00
-1.098398566246032715e+00
8.830385208129882812e-01
1.487124919891357422e+00
8.367574810981750488e-01
-1.411640405654907227e+00
-1.755533456802368164e+00
4.041190147399902344e-01
1.734049677848815918e+00
1.491738080978393555e+00
-1.041458964347839355e+00
-2.072218894958496094e+00
-1.167170286178588867e+00
1.252775669097900391e+00
2.171295166015625000e+00
2.027511894702911377e-01
-1.995424747467041016e+00
-1.753701329231262207e+00
3.256022930145263672e-01
1.575132131576538086e+00
1.540204048156738281e+00
2.471513301134109497e-01
-2.321664571762084961e+00
-1.654450297355651855e+00
4.085309207439422607e-01
1.902729034423828125e+00
1.495190978050231934e+00
-4.322832226753234863e-01
-2.043618202209472656e+00
-1.323108196258544922e+00
6.136281490325927734e-01
1.537701249122619629e+00
1.496609687805175781e+00
2.923647165298461914e-01
-2.454064846038818359e+00
-1.092443466186523438e+00
1.262701988220214844e+00
2.231348037719726562e+00
1.545291304588317871e+00
-1.068807244300842285e+00
-2.928364038467407227e+00
-1.048149585723876953e+00
1.553543210029602051e+00
2.413301229476928711e+00
-6.693242788314819336e-01
-2.774981975555419922e+00
-3.752263188362121582e-01
1.351143002510070801e+00
2.164671659469604492e+00
8.659327030181884766e-01
-2.036632299423217773e+00
-1.832969903945922852e+00
6.273899674415588379e-01
2.317227125167846680e+00
2.527086973190307617e+00
-1.020227909088134766e+00
-2.319701910018920898e+00
-1.286147713661193848e+00
8.739407658576965332e-01
2.191819429397583008e+00
1.271539330482482910e+00
-1.782780766487121582e+00
-2.303756952285766602e+00
5.419088006019592285e-01
1.551254510879516602e+00
1.426915884017944336e+00
-5.068801641464233398e-01
-1.999707102775573730e+00
-6.725718975067138672e-01
1.112602353096008301e+00
1.432163238525390625e+00
1.440136551856994629e+00
-1.779813170433044434e-01
-1.309246778488159180e+00
-1.798141837120056152e+00
-2.284625172615051270e-02
1.751238226890563965e+00
2.145226955413818359e+00
-4.243023395538330078e-01
-2.313090085983276367e+00
-3.438605964183807373e-01
1.431479573249816895e+00
1.552853584289550781e+00
-5.965052545070648193e-02
-2.325803518295288086e+00
-1.817704200744628906e+00
2.679113447666168213e-01
2.238955974578857422e+00
1.916423439979553223e+00
-1.144356250762939453e+00
-2.332847356796264648e+00
-6.755447983741760254e-01
1.519971728324890137e+00
2.244351387023925781e+00
5.516917705535888672e-01
-2.304902791976928711e+00
-1.764402747154235840e+00
-1.327005028724670410e-02
1.844494462013244629e+00
2.160361289978027344e+00
-1.061069130897521973e+00
-2.439990997314453125e+00
-1.711660474538803101e-01
2.088670969009399414e+00
2.202444791793823242e+00
-6.527498364448547363e-03
-2.580631971359252930e+00
-1.106880545616149902e+00
9.227184057235717773e-01
1.849978923797607422e+00
1.280582070350646973e+00
-4.042120873928070068e-01
-2.896202325820922852e+00
-7.337697148323059082e-01
1.291048407554626465e+00
2.259116411209106445e+00
1.292570829391479492e+00
-1.122331738471984863e+00
-2.306586980819702148e+00
-1.146542906761169434e+00
8.938814997673034668e-01
2.255101680755615234e+00
2.106104850769042969e+00
-3.210600614547729492e-01
-2.406786203384399414e+00
-1.068361163139343262e+00
-3.580388724803924561e-01
1.531490445137023926e+00
1.845654845237731934e+00
1.129567027091979980e+00
-1.923760175704956055e+00
-1.684424996376037598e+00
-3.583225309848785400e-01
8.124242424964904785e-01
1.575245141983032227e+00
1.526749253273010254e+00
7.290258407592773438e-01
-1.136694073677062988e+00
-1.948638439178466797e+00
-1.118992805480957031e+00
8.046159744262695312e-01
1.938627362251281738e+00
2.263748645782470703e+00
1.648405045270919800e-01
-1.931916713714599609e+00
-1.980657577514648438e+00
-1.533041149377822876e-01
1.298520684242248535e+00
1.573543548583984375e+00
1.457485675811767578e+00
-1.514425426721572876e-01
-2.286043167114257812e+00
-1.849716305732727051e+00
8.805666565895080566e-01
2.433173418045043945e+00
1.792185068130493164e+00
2.955743074417114258e-01
-1.310214996337890625e+00
-1.936376810073852539e+00
-4.280416965484619141e-01
1.387778401374816895e+00
1.948876261711120605e+00
1.790296316146850586e+00
-1.026074886322021484e+00
-2.555148363113403320e+00
-1.119525671005249023e+00
9.471805095672607422e-01
2.603645324707031250e+00
1.956495642662048340e+00
-6.641575098037719727e-01
-1.918047547340393066e+00
-1.934693813323974609e+00
2.531745433807373047e-01
2.443460702896118164e+00
1.230321645736694336e+00
-1.262368202209472656e+00
-1.663958072662353516e+00
-1.369943469762802124e-01
1.313223242759704590e+00
2.238530635833740234e+00
2.671813666820526123e-01
-1.147565126419067383e+00
-2.285563230514526367e+00
-2.885098755359649658e-01
1.560012459754943848e+00
2.201925277709960938e+00
1.318671345710754395e+00
-1.428737998008728027e+00
-2.334663867950439453e+00
-1.461355090141296387e-01
1.556637525558471680e+00
2.199385881423950195e+00
1.071893930435180664e+00
-1.737724184989929199e+00
-1.781636118888854980e+00
1.839780658483505249e-01
1.636866688728332520e+00
2.124907493591308594e+00
5.044844150543212891e-01
-2.403201580047607422e+00
-1.270582318305969238e+00
5.785792469978332520e-01
1.957075834274291992e+00
1.951276779174804688e+00
1.855799555778503418e-01
-2.327847003936767578e+00
-1.460762023925781250e+00
1.707908883690834045e-02
1.796267271041870117e+00
2.450247287750244141e+00
9.907014369964599609e-01
-2.295230388641357422e+00
-1.929025650024414062e+00
3.062609434127807617e-01
1.798483014106750488e+00
1.626635193824768066e+00
5.906397104263305664e-01
-1.410674810409545898e+00
-1.888386964797973633e+00
-2.996351420879364014e-01
1.160032987594604492e+00
1.796741604804992676e+00
1.820267200469970703e+00
2.958161197602748871e-02
-1.894396781921386719e+00
-2.612922430038452148e+00
-5.673786997795104980e-02
2.450787544250488281e+00
2.873132944107055664e+00
5.146231055259704590e-01
-1.741397857666015625e+00
-2.416060686111450195e+00
-1.033398032188415527e+00
1.006412506103515625e+00
2.120270013809204102e+00
1.562764048576354980e+00
-2.880812883377075195e-01
-2.752457618713378906e+00
-1.088750362396240234e+00
1.162180185317993164e+00
2.290598392486572266e+00
1.485013246536254883e+00
-1.259745597839355469e+00
-2.315849304199218750e+00
-4.992447048425674438e-02
1.483177065849304199e+00
1.960752487182617188e+00
6.738789677619934082e-01
-1.597874045372009277e+00
-1.354971170425415039e+00
9.602731466293334961e-01
2.611388206481933594e+00
1.321369409561157227e+00
-1.141363382339477539e+00
-2.286388635635375977e+00
-9.867584109306335449e-01
6.680085659027099609e-01
1.964765429496765137e+00
1.967695832252502441e+00
7.571832537651062012e-01
-2.318245887756347656e+00
-1.921056866645812988e+00
5.250399112701416016e-01
1.604532837867736816e+00
1.641673088073730469e+00
8.385078310966491699e-01
-1.030251979827880859e+00
-2.300609350204467773e+00
-6.337735652923583984e-01
1.007998585700988770e+00
1.965832233428955078e+00
1.926539301872253418e+00
-1.280374228954315186e-01
-2.468296766281127930e+00
-1.307807922363281250e+00
5.060272216796875000e-01
1.807656049728393555e+00
1.594309926033020020e+00
5.148650407791137695e-01
-1.839585781097412109e+00
-1.580288052558898926e+00
2.626739144325256348e-01
2.131040096282958984e+00
2.131200313568115234e+00
6.012675166130065918e-01
-1.409361362457275391e+00
-1.936759710311889648e+00
-3.607599735260009766e-01
1.896995186805725098e+00
2.144949436187744141e+00
4.137657582759857178e-02
-2.638239860534667969e+00
-1.302861928939819336e+00
8.577083945274353027e-01
1.984982609748840332e+00
2.881095409393310547e-01
-9.272307753562927246e-01
1.575459003448486328e+00
2.472167015075683594e+00
-5.129684209823608398e-01
-2.264792680740356445e+00
-2.802629470825195312e-01
1.662317037582397461e+00
2.142132043838500977e+00
-6.078554391860961914e-01
-1.993973135948181152e+00
-3.524673283100128174e-01
1.580136537551879883e+00
1.827609539031982422e+00
-8.405105471611022949e-01
-2.042273521423339844e+00
4.800345748662948608e-02
2.628019094467163086e+00
2.256192207336425781e+00
-1.084146261215209961e+00
-1.933545112609863281e+00
3.545733392238616943e-01
2.134299516677856445e+00
3.603767752647399902e-01
-2.258805513381958008e+00
-9.331824779510498047e-01
1.492545485496520996e+00
2.307736873626708984e+00
-3.623791933059692383e-01
-2.325205087661743164e+00
-8.416892290115356445e-01
1.812802910804748535e+00
2.140637636184692383e+00
-4.543626904487609863e-01
-2.119714736938476562e+00
-6.347885727882385254e-01
1.644867062568664551e+00
2.292458534240722656e+00
-9.370729923248291016e-01
-2.302937269210815430e+00
-5.169501528143882751e-02
1.610574364662170410e+00
2.144660472869873047e+00
-6.107311248779296875e-01
-2.292775869369506836e+00
-9.905064105987548828e-01
9.632977247238159180e-01
2.212429046630859375e+00
-9.630131721496582031e-01
-2.346629858016967773e+00
1.946431249380111694e-01
1.813024878501892090e+00
1.652978181838989258e+00
-2.795140147209167480e-01
-2.663159132003784180e+00
5.148274302482604980e-01
1.490928769111633301e+00
1.322688698768615723e+00
-6.066342592239379883e-01
-1.921005249023437500e+00
-1.532446742057800293e-01
2.130929231643676758e+00
2.294918537139892578e+00
-2.905694842338562012e-01
-2.389070749282836914e+00
-1.255965471267700195e+00
4.296110942959785461e-02
1.571603775024414062e+00
1.970205545425415039e+00
1.327051639556884766e+00
-1.242458701133728027e+00
-2.267873048782348633e+00
5.896978378295898438e-01
1.967297792434692383e+00
2.332644701004028320e+00
1.874632388353347778e-01
-1.904153347015380859e+00
-1.741720914840698242e+00
9.186010360717773438e-01
1.964837074279785156e+00
1.315987586975097656e+00
-6.108122467994689941e-01
-1.421599745750427246e+00
-1.564864277839660645e+00
3.955166414380073547e-02
1.480843186378479004e+00
2.004938602447509766e+00
1.602515101432800293e+00
-2.954452633857727051e-01
-1.894098758697509766e+00
-1.646902799606323242e+00
9.979470968246459961e-01
1.964165806770324707e+00
1.956710457801818848e+00
-3.327352404594421387e-01
-2.376420021057128906e+00
-1.919786572456359863e+00
-2.792270779609680176e-01
1.970824360847473145e+00
2.613590002059936523e+00
1.725309371948242188e+00
-1.258274793624877930e+00
-2.384081363677978516e+00
-9.977800846099853516e-01
1.329323530197143555e+00
2.129282951354980469e+00
1.037364959716796875e+00
-9.675064682960510254e-01
-2.407024860382080078e+00
-6.126921176910400391e-01
1.007571220397949219e+00
1.650449395179748535e+00
1.975254654884338379e+00
5.992696285247802734e-01
-1.731373190879821777e+00
-1.503160119056701660e+00
2.722856998443603516e-01
1.803380966186523438e+00
1.715839862823486328e+00
6.749215722084045410e-01
-1.015335202217102051e+00
-2.069740056991577148e+00
-7.857514619827270508e-01
1.330451011657714844e+00
2.289754152297973633e+00
1.646069169044494629e+00
3.017278015613555908e-02
-1.408407926559448242e+00
-1.348948955535888672e+00
-6.295447945594787598e-01
1.321752429008483887e+00
2.045793294906616211e+00
1.153421044349670410e+00
-5.744494199752807617e-01
-1.693005681037902832e+00
-1.187071561813354492e+00
-4.745847284793853760e-01
1.156341314315795898e+00
1.638686418533325195e+00
1.317524790763854980e+00
-9.781587719917297363e-01
-1.925862312316894531e+00
-1.256369590759277344e+00
8.957781195640563965e-01
2.438963413238525391e+00
1.063335895538330078e+00
-1.915052890777587891e+00
-2.326339006423950195e+00
2.294024676084518433e-01
1.792808413505554199e+00
2.070269823074340820e+00
-1.426835656166076660e-01
-1.625616073608398438e+00
-1.635591268539428711e+00
3.475404679775238037e-01
2.071968555450439453e+00
2.273819684982299805e+00
-1.424161642789840698e-01
-1.778672099113464355e+00
-1.697913169860839844e+00
8.661943674087524414e-01
2.267266035079956055e+00
1.139723777770996094e+00
-1.948829770088195801e+00
-1.657704472541809082e+00
-4.753640592098236084e-01
1.310668349266052246e+00
1.947065711021423340e+00
2.966136932373046875e-01
-1.606640815734863281e+00
-2.017465829849243164e+00
6.599506139755249023e-01
2.502246618270874023e+00
1.125272989273071289e+00
-1.422156810760498047e+00
-1.877069115638732910e+00
5.702985823154449463e-02
1.119449734687805176e+00
1.923703789710998535e+00
1.883397817611694336e+00
-6.652837395668029785e-01
-2.190616130828857422e+00
-9.132309556007385254e-01
5.219047069549560547e-01
1.921448588371276855e+00
2.324883222579956055e+00
5.342371463775634766e-01
-2.304729461669921875e+00
-2.451046943664550781e+00
4.587339162826538086e-01
1.840897202491760254e+00
1.916505098342895508e+00
9.506671428680419922e-01
-1.353350520133972168e+00
-2.408312082290649414e+00
9.419690966606140137e-01
2.272923231124877930e+00
1.263247132301330566e+00
-9.813483953475952148e-01
-1.936965584754943848e+00
-9.907363057136535645e-01
5.947033166885375977e-01
1.822158932685852051e+00
2.055659532546997070e+00
-4.876241460442543030e-02
-1.981515288352966309e+00
-1.538497209548950195e+00
-5.764753371477127075e-02
1.130210757255554199e+00
1.531218767166137695e+00
1.567765831947326660e+00
-1.313792109489440918e+00
-2.364197015762329102e+00
1.817451715469360352e-01
1.569821119308471680e+00
1.892519354820251465e+00
3.067336976528167725e-02
-1.916279554367065430e+00
-1.338894486427307129e+00
5.625235661864280701e-02
1.418376326560974121e+00
1.534615159034729004e+00
6.143166422843933105e-01
-1.656521201133728027e+00
-2.029579401016235352e+00
4.367483556270599365e-01
1.812679290771484375e+00
2.216443061828613281e+00
-3.238283395767211914e-01
-2.015536546707153320e+00
-1.832948446273803711e+00
9.267432093620300293e-01
2.700597286224365234e+00
1.410674452781677246e+00
-1.155679225921630859e+00
-2.025711774826049805e+00
-9.940195083618164062e-01
8.945328593254089355e-01
2.060596942901611328e+00
1.902672052383422852e+00
-5.116645097732543945e-01
-2.396494150161743164e+00
-6.977022290229797363e-01
2.218531370162963867e+00
2.536181688308715820e+00
-6.920903325080871582e-01
-2.383935451507568359e+00
-1.068409800529479980e+00
3.205793797969818115e-01
1.335896730422973633e+00
1.371655225753784180e+00
8.387539386749267578e-01
-1.906850457191467285e+00
-1.941588044166564941e+00
4.192671179771423340e-01
1.660453081130981445e+00
1.293669700622558594e+00
7.737052440643310547e-01
-1.339867234230041504e+00
-1.684672474861145020e+00
9.341010451316833496e-01
1.570877790451049805e+00
1.408651232719421387e+00
-1.257776468992233276e-02
-1.900989413261413574e+00
-2.338826894760131836e+00
-6.745924353599548340e-01
2.051929950714111328e+00
2.530491590499877930e+00
2.736289501190185547e-01
-1.650487303733825684e+00
-2.338865756988525391e+00
-3.638260960578918457e-01
1.574430942535400391e+00
2.211077213287353516e+00
1.083076238632202148e+00
-1.917554259300231934e+00
-1.691973686218261719e+00
-3.662446737289428711e-01
1.241912245750427246e+00
1.728725433349609375e+00
1.242569804191589355e+00
-8.714370727539062500e-01
-2.261444807052612305e+00
-3.663087189197540283e-01
1.876357197761535645e+00
1.881823897361755371e+00
1.145922616124153137e-01
-1.181930184364318848e+00
-1.860791087150573730e+00
7.435545325279235840e-01
1.718782782554626465e+00
1.872546076774597168e+00
-6.615527719259262085e-02
-2.034806489944458008e+00
-1.850600242614746094e+00
5.852393507957458496e-01
1.555758595466613770e+00
1.468840360641479492e+00
-2.051074951887130737e-01
-2.011083126068115234e+00
-6.194109320640563965e-01
1.030948877334594727e+00
1.863331079483032227e+00
9.824265241622924805e-01
-1.701396107673645020e+00
-1.038793087005615234e+00
5.842889547348022461e-01
1.293522715568542480e+00
2.585903406143188477e-01
-1.986043214797973633e+00
1.926511883735656738e+00
-2.047219514846801758e+00
1.538682103157043457e+00
-2.221923351287841797e+00
1.531591415405273438e+00
-2.378456830978393555e+00
1.519200325012207031e+00
-1.741939783096313477e+00
1.801734924316406250e+00
-2.002954244613647461e+00
2.104159355163574219e+00
-2.424442529678344727e+00
1.692815780639648438e+00
-2.470189571380615234e+00
2.288446903228759766e+00
-1.723447084426879883e+00
2.284466028213500977e+00
-1.790122628211975098e+00
2.124283313751220703e+00
-2.412011861801147461e+00
1.634068727493286133e+00
-1.771775603294372559e+00
1.799931168556213379e+00
-2.535940647125244141e+00
1.554197669029235840e+00
-2.270017147064208984e+00
2.427094697952270508e+00
-2.443327426910400391e+00
1.435088992118835449e+00
-2.306294202804565430e+00
2.146702051162719727e+00
-1.907812118530273438e+00
1.862018227577209473e+00
-2.054986476898193359e+00
1.763094544410705566e+00
-1.645311117172241211e+00
1.527578473091125488e+00
-1.796473026275634766e+00
1.835646033287048340e+00
-1.798170566558837891e+00
1.642670869827270508e+00
-2.226563930511474609e+00
2.071048259735107422e+00
-2.441942453384399414e+00
2.080196142196655273e+00
-2.745704650878906250e+00
2.568342685699462891e+00
-2.172701120376586914e+00
1.447483777999877930e+00
-1.444949388504028320e+00
1.447672486305236816e+00
-1.530545830726623535e+00
1.762325763702392578e+00
-2.493587255477905273e+00
2.084117412567138672e+00
-1.716776490211486816e+00
9.754497408866882324e-01
4.601593315601348877e-01
-4.870309829711914062e-01
1.551786541938781738e+00
-1.975194573402404785e+00
1.741860985755920410e+00
-1.160780072212219238e+00
1.203227519989013672e+00
5.649099126458168030e-02
-1.162595868110656738e+00
1.671762943267822266e+00
-2.423051595687866211e+00
2.077462673187255859e+00
-2.959229469299316406e+00
1.435658097267150879e+00
-5.236803293228149414e-01
-2.577164769172668457e-02
1.121460199356079102e+00
-1.889303684234619141e+00
1.135000348091125488e+00
-1.949176341295242310e-01
-4.616858363151550293e-01
9.862335324287414551e-01
-1.264020681381225586e+00
-8.162702322006225586e-01
2.288296937942504883e+00
-2.512248992919921875e+00
1.651773810386657715e+00
-5.027998685836791992e-01
-7.694020271301269531e-01
1.644471168518066406e+00
-1.472528815269470215e+00
2.041575908660888672e+00
-2.504079103469848633e+00
1.389253258705139160e+00
-2.288326025009155273e-01
-1.787405967712402344e+00
1.775570273399353027e+00
-2.675405263900756836e+00
2.660174846649169922e+00
-2.177233457565307617e+00
2.251718282699584961e+00
-1.617884516716003418e+00
1.593099474906921387e+00
-1.146274432539939880e-02
-7.463471889495849609e-01
1.513813257217407227e+00
-2.053692340850830078e+00
1.267363190650939941e+00
-1.566502451896667480e+00
1.107879996299743652e+00
-2.753162980079650879e-01
-9.942733049392700195e-01
1.577411532402038574e+00
-2.266382455825805664e+00
1.739820241928100586e+00
-2.676856279373168945e+00
1.412507057189941406e+00
-2.069505929946899414e+00
1.076175570487976074e+00
3.332327306270599365e-02
-7.072492837905883789e-01
1.804639935493469238e+00
-2.768234729766845703e+00
2.204272031784057617e+00
-1.927293658256530762e+00
1.881482720375061035e+00
-9.500632882118225098e-01
-5.670585632324218750e-01
2.040518283843994141e+00
-2.593721389770507812e+00
1.911623716354370117e+00
-1.022241353988647461e+00
-8.164465427398681641e-03
2.200865983963012695e+00
-1.929792165756225586e+00
1.562739014625549316e+00
-1.353945970535278320e+00
-7.155485749244689941e-01
1.949845671653747559e+00
-2.686231613159179688e+00
2.039000749588012695e+00
-1.516197443008422852e+00
-3.085745573043823242e-01
1.309761881828308105e+00
-1.932350873947143555e+00
2.517491102218627930e+00
-2.771311283111572266e+00
1.798997521400451660e+00
-1.324009060859680176e+00
-6.072598099708557129e-01
1.790950775146484375e+00
-3.123383998870849609e+00
1.560640931129455566e+00
-1.441221952438354492e+00
2.207960933446884155e-02
1.550969243049621582e+00
-2.772510051727294922e+00
1.956746101379394531e+00
-2.191408872604370117e+00
1.315269470214843750e+00
-1.215940237045288086e+00
-6.263256669044494629e-01
-9.487930536270141602e-01
1.318177938461303711e+00
8.315448164939880371e-01
-2.527104854583740234e+00
1.648636102676391602e+00
5.566759705543518066e-01
-1.887790203094482422e+00
1.204008698463439941e+00
2.126615285873413086e+00
-2.182497024536132812e+00
-1.221232652664184570e+00
1.811849355697631836e+00
2.006136894226074219e+00
-2.070009231567382812e+00
-1.356182932853698730e+00
1.816916942596435547e+00
1.683174133300781250e+00
-2.963747501373291016e+00
-6.389271020889282227e-01
1.649974584579467773e+00
7.181628942489624023e-01
-2.558938741683959961e+00
-2.581274807453155518e-01
1.324375271797180176e+00
1.481801748275756836e+00
-1.612240910530090332e+00
-2.009634733200073242e+00
1.727155923843383789e+00
1.640439987182617188e+00
-1.998619198799133301e+00
-1.778098106384277344e+00
1.967740535736083984e+00
2.809213101863861084e-02
-1.634108424186706543e+00
1.165953397750854492e+00
2.284484863281250000e+00
-1.923590898513793945e+00
-1.630871653556823730e+00
1.579669713973999023e+00
2.364124059677124023e+00
-6.882976889610290527e-01
-2.223452329635620117e+00
-2.273484706878662109e+00
-1.089261174201965332e+00
1.011811494827270508e+00
1.961237907409667969e+00
2.200459003448486328e+00
5.638413876295089722e-02
-1.992037296295166016e+00
-2.679525375366210938e+00
-1.018068075180053711e+00
1.802777051925659180e+00
2.764900207519531250e+00
2.689379751682281494e-01
-1.506597042083740234e+00
-2.245850563049316406e+00
-7.951030135154724121e-01
6.760132908821105957e-01
1.959744095802307129e+00
1.157090783119201660e+00
-1.926378726959228516e+00
-1.955314278602600098e+00
5.073540210723876953e-01
1.638106584548950195e+00
1.635634422302246094e+00
-4.586150646209716797e-01
-2.884468793869018555e+00
-9.573790431022644043e-01
1.316917896270751953e+00
2.037238359451293945e+00
1.632243990898132324e+00
-1.345865249633789062e+00
-2.567344188690185547e+00
-2.015087127685546875e+00
1.005300760269165039e+00
3.166604757308959961e+00
2.368882298469543457e-02
-1.844223380088806152e+00
-2.134295701980590820e+00
-2.780686616897583008e-01
1.881332039833068848e+00
2.439634799957275391e+00
-6.376722455024719238e-02
-2.903995752334594727e+00
-1.292497992515563965e+00
6.692284345626831055e-01
1.950986623764038086e+00
6.628906726837158203e-01
-2.180346488952636719e+00
-2.418850898742675781e+00
-2.373098433017730713e-01
2.030969142913818359e+00
2.190408706665039062e+00
-1.784052014350891113e+00
-2.265980958938598633e+00
-3.001354038715362549e-01
9.835186600685119629e-01
1.231993436813354492e+00
1.296164989471435547e+00
-1.848500609397888184e+00
-2.900266885757446289e+00
-2.252573966979980469e-01
1.947025656700134277e+00
2.113382339477539062e+00
-1.932289719581604004e+00
-2.322138309478759766e+00
-3.095125854015350342e-01
1.316502928733825684e+00
1.792041778564453125e+00
-3.061402738094329834e-01
-2.655482530593872070e+00
-1.293378233909606934e+00
8.249135017395019531e-01
2.195106267929077148e+00
7.456544041633605957e-01
-2.656516075134277344e+00
-2.176668882369995117e+00
4.189401566982269287e-01
1.475116372108459473e+00
1.552761435508728027e+00
-8.563937544822692871e-01
-2.825703859329223633e+00
-7.751965522766113281e-01
5.058887004852294922e-01
1.550085306167602539e+00
1.229582190513610840e+00
-3.766658306121826172e-01
-3.073620557785034180e+00
-7.149177789688110352e-01
1.873350858688354492e+00
2.354220628738403320e+00
-7.780212759971618652e-01
-2.657020092010498047e+00
-1.381858229637145996e+00
2.810537815093994141e-01
1.871973395347595215e+00
1.548079848289489746e+00
-2.610191106796264648e+00
-1.411040663719177246e+00
7.510950565338134766e-01
1.626630783081054688e+00
6.615102887153625488e-01
-2.835108041763305664e+00
-1.020115017890930176e+00
1.054441213607788086e+00
1.542641639709472656e+00
1.218428611755371094e+00
-1.601443886756896973e+00
-2.637754201889038086e+00
3.233949244022369385e-01
1.227534532546997070e+00
1.217353582382202148e+00
6.416907310485839844e-01
-1.697649478912353516e+00
-2.853572130203247070e+00
-2.347902208566665649e-01
1.538314461708068848e+00
2.018015146255493164e+00
2.394883185625076294e-01
-2.351568222045898438e+00
-2.205609560012817383e+00
-2.593499720096588135e-01
1.217249274253845215e+00
1.770267248153686523e+00
1.851118564605712891e+00
-1.053835868835449219e+00
-2.700784206390380859e+00
-1.544514060020446777e+00
2.449644804000854492e-01
1.522843360900878906e+00
1.442836880683898926e+00
7.165327072143554688e-01
-1.558845639228820801e+00
-2.605162382125854492e+00
-2.113488674163818359e+00
2.317946404218673706e-01
2.320342540740966797e+00
2.568670034408569336e+00
5.494531989097595215e-01
-1.704722762107849121e+00
-2.709012031555175781e+00
2.385027259588241577e-01
1.841539263725280762e+00
1.192878723144531250e+00
-6.602354049682617188e-01
-2.365786552429199219e+00
-2.291658878326416016e+00
1.833139538764953613e+00
1.513527274131774902e+00
-3.372655808925628662e-01
-1.557458162307739258e+00
-1.716243982315063477e+00
-1.066403031349182129e+00
1.832326531410217285e+00
2.488238573074340820e+00
-9.944472461938858032e-02
-2.189181566238403320e+00
-2.308028459548950195e+00
2.446755766868591309e-03
1.758440017700195312e+00
2.156987905502319336e+00
-2.539204806089401245e-02
-2.108185529708862305e+00
-2.366003990173339844e+00
-4.190862178802490234e-02
1.833964467048645020e+00
2.146899700164794922e+00
-3.388272523880004883e-01
-2.374021053314208984e+00
-2.313063621520996094e+00
-3.476099073886871338e-01
1.254953503608703613e+00
1.584068775177001953e+00
1.667073965072631836e+00
-1.335397720336914062e+00
-3.473429441452026367e+00
-1.351902008056640625e+00
8.662543892860412598e-01
1.749168038368225098e+00
2.144858121871948242e+00
-3.508019447326660156e-01
-2.695588350296020508e+00
-2.839408636093139648e+00
-9.535771608352661133e-02
1.745230436325073242e+00
2.467745542526245117e+00
6.945751309394836426e-01
-1.736793041229248047e+00
-2.376807689666748047e+00
-2.303826332092285156e+00
8.562273383140563965e-01
2.546465635299682617e+00
1.578343391418457031e+00
-2.723033428192138672e-01
-1.510534763336181641e+00
-1.973539352416992188e+00
-2.317908048629760742e+00
3.736896514892578125e-01
2.305720567703247070e+00
2.145314455032348633e+00
-7.544649243354797363e-01
-2.305061101913452148e+00
-2.231229305267333984e+00
2.894966006278991699e-01
2.223701477050781250e+00
2.223084926605224609e+00
-9.163826107978820801e-01
-2.809599161148071289e+00
-1.354992508888244629e+00
6.642235517501831055e-01
2.387110948562622070e+00
8.969084620475769043e-01
-1.973763823509216309e+00
-3.285724639892578125e+00
-2.138525247573852539e-03
1.736737132072448730e+00
1.822906494140625000e+00
4.884237647056579590e-01
-2.143985271453857422e+00
-2.344573497772216797e+00
1.675750315189361572e-02
2.228038311004638672e+00
1.744053602218627930e+00
-1.710322976112365723e+00
-2.838736772537231445e+00
-1.064782381057739258e+00
1.221199750900268555e+00
1.663049578666687012e+00
1.258653521537780762e+00
-1.795409321784973145e+00
-3.190205574035644531e+00
-2.650181353092193604e-01
1.579904794692993164e+00
2.146034955978393555e+00
7.000564336776733398e-01
-1.406240463256835938e+00
-2.649230480194091797e+00
-1.074501872062683105e+00
1.753289222717285156e+00
2.548273563385009766e+00
-2.586418762803077698e-02
-2.067856550216674805e+00
-2.258445024490356445e+00
-9.055345058441162109e-01
8.685184121131896973e-01
1.742229461669921875e+00
1.096746921539306641e+00
-3.676762878894805908e-01
-1.737637877464294434e+00
-2.302917480468750000e+00
-1.075747370719909668e+00
1.905414104461669922e+00
2.225126504898071289e+00
2.157529890537261963e-01
-2.315443754196166992e+00
-2.810113191604614258e+00
5.958461165428161621e-01
1.824485063552856445e+00
1.499274611473083496e+00
-1.165065646171569824e+00
-2.319484949111938477e+00
-1.228104352951049805e+00
1.733636379241943359e+00
2.222639799118041992e+00
6.071246266365051270e-01
-1.654004693031311035e+00
-2.318217754364013672e+00
-1.605875611305236816e+00
1.171665430068969727e+00
2.387866735458374023e+00
9.363724589347839355e-01
-1.973739385604858398e+00
-3.333554983139038086e+00
-1.994052976369857788e-01
1.580493927001953125e+00
1.905292749404907227e+00
7.736551761627197266e-01
-1.960696816444396973e+00
-2.982073068618774414e+00
-1.127629205584526062e-01
1.270993590354919434e+00
1.743784666061401367e+00
1.502860546112060547e+00
-2.120255470275878906e+00
-2.981470823287963867e+00
-1.728247851133346558e-02
1.631271362304687500e+00
1.908822417259216309e+00
-3.428407907485961914e-01
-2.311750650405883789e+00
-2.630629539489746094e+00
2.954241633415222168e-01
2.474933862686157227e+00
1.184772014617919922e+00
-9.892722964286804199e-01
-2.015280008316040039e+00
-1.647304177284240723e+00
2.966966629028320312e-01
2.231508016586303711e+00
1.587889790534973145e+00
-4.072814285755157471e-01
-2.138371467590332031e+00
-2.343177795410156250e+00
-2.610094547271728516e-01
2.233532428741455078e+00
1.426738381385803223e+00
-1.317249655723571777e+00
-1.916312217712402344e+00
-1.585102915763854980e+00
9.409709572792053223e-01
1.591445326805114746e+00
3.803512156009674072e-01
-1.058090567588806152e+00
-2.138368129730224609e+00
-1.906013965606689453e+00
1.363392710685729980e+00
2.473895072937011719e+00
6.231675148010253906e-01
-1.552516937255859375e+00
-3.065065860748291016e+00
-1.425588488578796387e+00
1.508184909820556641e+00
2.314763784408569336e+00
2.205970585346221924e-01
-2.628767251968383789e+00
-1.816377043724060059e+00
2.977592647075653076e-01
8.646845221519470215e-01
9.437421560287475586e-01
7.031205892562866211e-01
-1.063486099243164062e+00
-2.324873208999633789e+00
-1.103297352790832520e+00
1.259280800819396973e+00
2.072204113006591797e+00
-1.290078401565551758e+00
-2.944978475570678711e+00
-3.354325890541076660e-03
1.432021737098693848e+00
1.591163158416748047e+00
-9.016892910003662109e-01
-2.525990247726440430e+00
-1.066186547279357910e+00
1.594250202178955078e+00
1.874455213546752930e+00
-6.768231987953186035e-01
-2.625922679901123047e+00
-2.458836078643798828e+00
-3.031617403030395508e-01
1.294981122016906738e+00
1.915468335151672363e+00
1.192235350608825684e+00
-8.297341465950012207e-01
-2.250525712966918945e+00
-2.728077173233032227e+00
-1.273410201072692871e+00
1.251508593559265137e+00
2.321647644042968750e+00
1.878294348716735840e+00
-6.587619185447692871e-01
-2.022998571395874023e+00
-2.302498340606689453e+00
-1.896639704704284668e+00
5.454453825950622559e-01
2.086588859558105469e+00
2.574260950088500977e+00
-8.081332445144653320e-01
-2.666255950927734375e+00
-3.109515666961669922e+00
-8.108482956886291504e-01
8.851838111877441406e-01
1.688202857971191406e+00
1.364501833915710449e+00
-8.059130907058715820e-01
-2.676622867584228516e+00
-3.055186271667480469e+00
-5.638858675956726074e-01
1.375618457794189453e+00
1.844563007354736328e+00
1.849606394767761230e+00
-2.442372441291809082e-01
-2.034596204757690430e+00
-2.597751617431640625e+00
-1.803336024284362793e+00
1.401825249195098877e-02
1.941751122474670410e+00
2.336038827896118164e+00
4.772948622703552246e-01
-1.203583836555480957e+00
-2.524377584457397461e+00
-2.610133409500122070e+00
-8.827020525932312012e-01
1.609136223793029785e+00
2.419826269149780273e+00
1.057964324951171875e+00
-1.271399497985839844e+00
-2.582542419433593750e+00
-2.696174383163452148e+00
-4.591906964778900146e-01
1.621091485023498535e+00
1.939943313598632812e+00
1.298117518424987793e+00
-2.008319377899169922e+00
-2.984248876571655273e+00
-1.709083080291748047e+00
4.078449308872222900e-01
1.224032163619995117e+00
1.214923262596130371e+00
5.563377737998962402e-01
-2.056647300720214844e+00
-2.692512273788452148e+00
-2.098702341318130493e-01
1.704279661178588867e+00
1.863045573234558105e+00
-2.200383692979812622e-01
-2.368716239929199219e+00
-2.444846153259277344e+00
4.273297786712646484e-01
2.510345697402954102e+00
9.120613336563110352e-03
-2.411416530609130859e+00
-2.261935710906982422e+00
6.325926631689071655e-03
1.389073491096496582e+00
1.541938900947570801e+00
4.859229028224945068e-01
-2.271710634231567383e+00
-2.619895458221435547e+00
8.896623849868774414e-01
1.458390235900878906e+00
8.925399184226989746e-01
-2.287448167800903320e+00
-2.579896211624145508e+00
-3.789290785789489746e-03
1.611948370933532715e+00
1.852587342262268066e+00
2.389935404062271118e-01
-2.016199588775634766e+00
-2.932866573333740234e+00
9.723417460918426514e-03
2.167156457901000977e+00
1.523303627967834473e+00
-2.629562854766845703e+00
-2.016654014587402344e+00
2.403943538665771484e-01
1.043909668922424316e+00
1.196460843086242676e+00
-6.710426807403564453e-01
-2.376669168472290039e+00
-2.305310010910034180e+00
1.436616420745849609e+00
2.483941078186035156e+00
3.903773725032806396e-01
-2.028816461563110352e+00
-2.712956905364990234e+00
-1.237429380416870117e+00
1.184013962745666504e+00
2.160151720046997070e+00
-6.745420098304748535e-01
-3.105554342269897461e+00
-2.135503530502319336e+00
1.096173286437988281e+00
1.912016630172729492e+00
2.254506349563598633e-01
-3.020330905914306641e+00
-1.730789542198181152e+00
3.062293827533721924e-01
1.198710560798645020e+00
1.588216066360473633e+00
-4.194663465023040771e-01
-2.617937326431274414e+00
-2.257206201553344727e+00
6.172904372215270996e-01
2.143828630447387695e+00
1.829074859619140625e+00
-2.384593725204467773e+00
-2.152793645858764648e+00
2.803645431995391846e-01
1.589078068733215332e+00
1.187816023826599121e+00
-1.344210028648376465e+00
-2.631957292556762695e+00
-1.007330060005187988e+00
1.270852327346801758e+00
2.150811910629272461e+00
-3.488839566707611084e-01
-2.915671825408935547e+00
-1.649157285690307617e+00
6.159237027168273926e-01
2.229663610458374023e+00
9.390451908111572266e-01
-1.848565936088562012e+00
-2.271501541137695312e+00
-1.336143970489501953e+00
1.186512827873229980e+00
2.186714887619018555e+00
6.169125437736511230e-01
-2.307166337966918945e+00
-1.971021294593811035e+00
6.629228591918945312e-01
1.906154513359069824e+00
1.260888695716857910e+00
-1.287811875343322754e+00
-2.430523157119750977e+00
-1.623792767524719238e+00
1.177702188491821289e+00
1.943490028381347656e+00
-1.038108468055725098e-01
-2.077538728713989258e+00
-2.632715940475463867e+00
-1.961782872676849365e-01
1.584948539733886719e+00
1.869383215904235840e+00
-1.144918203353881836e+00
-2.979324102401733398e+00
-4.232055842876434326e-01
9.437298178672790527e-01
8.604049086570739746e-01
1.021360874176025391e+00
-1.075536370277404785e+00
-3.617403745651245117e+00
-1.975242942571640015e-01
1.829388022422790527e+00
2.228248834609985352e+00
-4.334813058376312256e-01
-2.695265531539916992e+00
-1.075584888458251953e+00
1.018894910812377930e+00
1.582775115966796875e+00
8.564524650573730469e-01
-2.956438302993774414e+00
-1.706521987915039062e+00
9.451146125793457031e-01
1.582333326339721680e+00
7.773109674453735352e-01
-2.815016031265258789e+00
-1.970613837242126465e+00
1.388541311025619507e-01
1.266093254089355469e+00
1.827285051345825195e+00
-2.698356509208679199e-01
-2.374201536178588867e+00
-2.734231948852539062e+00
-2.610951960086822510e-01
2.232776165008544922e+00
2.079412221908569336e+00
-9.062623381614685059e-01
-2.297605514526367188e+00
-1.992339611053466797e+00
1.353261709213256836e+00
2.240714073181152344e+00
-8.310965299606323242e-01
-2.946722507476806641e+00
-1.301426291465759277e+00
1.514800071716308594e+00
2.487654447555541992e+00
-1.785309314727783203e-01
-2.931838035583496094e+00
-1.345778465270996094e+00
5.434035658836364746e-01
1.196141004562377930e+00
1.036306500434875488e+00
-5.776792764663696289e-03
-1.787744760513305664e+00
-2.462215185165405273e+00
-8.053913712501525879e-01
1.928797483444213867e+00
2.331025362014770508e+00
-8.264869451522827148e-03
-1.380136728286743164e+00
-1.805202484130859375e+00
-1.141910910606384277e+00
1.289547562599182129e+00
2.172727108001708984e+00
4.794377982616424561e-01
-2.336431980133056641e+00
-2.847330093383789062e+00
-5.707025527954101562e-03
1.568874597549438477e+00
1.941103219985961914e+00
-5.619264245033264160e-01
-2.905903816223144531e+00
-1.637222528457641602e+00
6.551159024238586426e-01
1.778463482856750488e+00
1.617384076118469238e+00
-3.968370854854583740e-01
-2.114375352859497070e+00
-2.642776012420654297e+00
-3.923750817775726318e-01
2.259068965911865234e+00
1.291992425918579102e+00
-1.295720815658569336e+00
-2.354337930679321289e+00
-8.744925856590270996e-01
1.374450802803039551e+00
1.850881457328796387e+00
-6.428769826889038086e-01
-2.846922159194946289e+00
-1.298513054847717285e+00
1.281419992446899414e+00
1.772510290145874023e+00
-2.286301851272583008e-01
-2.356874465942382812e+00
-1.008756399154663086e+00
1.851779222488403320e+00
1.367277383804321289e+00
-1.630049228668212891e+00
-2.325682640075683594e+00
1.277001202106475830e-02
1.686238050460815430e+00
1.364114046096801758e+00
-1.624564647674560547e+00
-2.706241369247436523e+00
5.492027401924133301e-01
1.848821043968200684e+00
1.522453427314758301e+00
2.370830476284027100e-01
-1.700391054153442383e+00
-2.359800100326538086e+00
-2.467929124832153320e-01
2.170061349868774414e+00
1.363604426383972168e+00
-6.390691399574279785e-01
-1.869416236877441406e+00
-2.015763998031616211e+00
-1.377052187919616699e+00
7.069993615150451660e-01
1.846432328224182129e+00
1.603690981864929199e+00
-1.380801796913146973e+00
-3.343496561050415039e+00
-1.549926757812500000e+00
1.431192457675933838e-02
1.351195931434631348e+00
1.521461844444274902e+00
1.196268916130065918e+00
-2.683163404464721680e+00
-2.851487159729003906e+00
-3.981237411499023438e-01
1.523291110992431641e+00
2.164233446121215820e+00
1.195260763168334961e+00
-1.372366905212402344e+00
-2.536577939987182617e+00
-2.710368871688842773e+00
-1.050074815750122070e+00
1.366994142532348633e+00
2.082035541534423828e+00
1.759911775588989258e+00
-1.384817242622375488e+00
-3.000805854797363281e+00
-2.462834119796752930e+00
-9.970799833536148071e-02
1.514876604080200195e+00
1.924339890480041504e+00
1.441098332405090332e+00
-1.702899813652038574e+00
-3.835081100463867188e+00
-1.403751134872436523e+00
9.525225162506103516e-01
1.846747398376464844e+00
1.280672669410705566e+00
-1.382017135620117188e+00
-2.681025266647338867e+00
-2.359783411026000977e+00
3.100516796112060547e-01
1.849701762199401855e+00
9.588350653648376465e-01
-9.735559821128845215e-01
-2.885434627532958984e+00
-2.994946479797363281e+00
8.793946355581283569e-03
1.700170516967773438e+00
2.173504829406738281e+00
-2.348902523517608643e-01
-2.590984106063842773e+00
-1.950623989105224609e+00
1.289332628250122070e+00
2.336854696273803711e+00
-3.999574482440948486e-01
-2.356088161468505859e+00
-2.282176256179809570e+00
-3.926480114459991455e-01
1.420279741287231445e+00
1.941149234771728516e+00
-1.001060128211975098e+00
-2.673911571502685547e+00
-1.542558670043945312e+00
1.301966547966003418e+00
1.980181932449340820e+00
-1.559667438268661499e-01
-2.634192943572998047e+00
-2.785610675811767578e+00
3.210739493370056152e-01
1.622151017189025879e+00
1.458889722824096680e+00
3.344312906265258789e-01
-1.772060155868530273e+00
-3.275110006332397461e+00
-8.105482459068298340e-01
1.387879967689514160e+00
1.543650984764099121e+00
6.536866426467895508e-01
-2.345145225524902344e+00
-2.272026300430297852e+00
-3.804586529731750488e-01
1.232788085937500000e+00
1.869514226913452148e+00
-3.051143288612365723e-01
-3.225305557250976562e+00
-1.666588544845581055e+00
1.060417056083679199e+00
1.630144834518432617e+00
1.628091096878051758e+00
-2.254570007324218750e+00
-2.558602809906005859e+00
3.296885192394256592e-01
1.133855462074279785e+00
1.307388305664062500e+00
-3.119722902774810791e-01
-2.896318435668945312e+00
-2.286046028137207031e+00
9.718331694602966309e-01
1.945948958396911621e+00
-5.807933211326599121e-01
-2.580859661102294922e+00
-2.260467052459716797e+00
5.830534100532531738e-01
2.105466127395629883e+00
9.770966768264770508e-01
-1.270240664482116699e+00
-2.288685798645019531e+00
-2.348804712295532227e+00
6.703188419342041016e-01
2.262271881103515625e+00
1.215469837188720703e+00
-1.454792141914367676e+00
-3.249484300613403320e+00
-1.456387877464294434e+00
1.140874147415161133e+00
1.854541182518005371e+00
1.210785269737243652e+00
-1.304102301597595215e+00
-2.935312986373901367e+00
-1.375167965888977051e+00
2.014272451400756836e+00
1.607257843017578125e+00
-8.911569118499755859e-01
-2.360137939453125000e+00
-2.707550764083862305e+00
7.152864336967468262e-01
2.083997011184692383e+00
-9.261963516473770142e-02
-2.213436126708984375e+00
-2.726816892623901367e+00
6.800021976232528687e-03
2.809433221817016602e+00
-9.624871611595153809e-02
-2.377324581146240234e+00
-3.061583042144775391e+00
-3.279317021369934082e-01
1.926057100296020508e+00
2.083885192871093750e+00
-1.384711027145385742e+00
-3.043735742568969727e+00
-1.344660520553588867e+00
1.031788706779479980e+00
1.838399767875671387e+00
5.530200004577636719e-01
-2.390682697296142578e+00
-2.654897451400756836e+00
2.339704781770706177e-01
1.516950249671936035e+00
1.837643504142761230e+00
-1.160225391387939453e+00
-3.034393310546875000e+00
-1.731430768966674805e+00
8.729667067527770996e-01
1.996822834014892578e+00
8.627449870109558105e-01
-1.664769411087036133e+00
-3.067775487899780273e+00
-6.764631271362304688e-01
1.429907679557800293e+00
1.750817894935607910e+00
2.619881033897399902e-01
-2.075839281082153320e+00
-3.012972354888916016e+00
-3.076362907886505127e-01
1.584842324256896973e+00
1.749350905418395996e+00
-6.693494319915771484e-01
-2.914984941482543945e+00
-1.371363520622253418e+00
1.108399629592895508e+00
1.913686037063598633e+00
2.643057703971862793e-02
-1.969883203506469727e+00
-2.382038354873657227e+00
-4.070470929145812988e-01
1.961220979690551758e+00
1.677207469940185547e+00
-1.385890364646911621e+00
-2.651481866836547852e+00
-1.260061025619506836e+00
9.732516407966613770e-01
1.925321102142333984e+00
6.278660893440246582e-01
-2.559452772140502930e+00
-2.563099384307861328e+00
-3.319486081600189209e-01
1.648216962814331055e+00
1.608205795288085938e+00
-4.943065345287322998e-01
-2.389323472976684570e+00
-2.023982763290405273e+00
3.153429329395294189e-01
1.451317071914672852e+00
1.773571252822875977e+00
-2.249641656875610352e+00
-2.620688915252685547e+00
-6.297700852155685425e-02
1.533231735229492188e+00
1.611654400825500488e+00
-9.700557589530944824e-01
-2.590403079986572266e+00
-2.529896974563598633e+00
8.999316096305847168e-01
2.336117506027221680e+00
6.405654549598693848e-01
-2.022918939590454102e+00
-2.676841259002685547e+00
-5.477836728096008301e-01
1.932198643684387207e+00
1.365475535392761230e+00
-1.532074332237243652e+00
-2.359237194061279297e+00
-2.387229681015014648e+00
5.772439241409301758e-01
2.170512676239013672e+00
1.524799823760986328e+00
-1.548273563385009766e+00
-3.012782096862792969e+00
-1.305544734001159668e+00
1.036589145660400391e+00
1.682952761650085449e+00
6.315083503723144531e-01
-2.622134923934936523e+00
-2.856032848358154297e+00
-7.408641278743743896e-03
1.838658690452575684e+00
1.598988890647888184e+00
-2.441094636917114258e+00
-2.943553447723388672e+00
-6.484902501106262207e-01
1.186363816261291504e+00
1.597351193428039551e+00
-1.018124744296073914e-01
-3.698946475982666016e+00
-6.722824573516845703e-01
1.517075061798095703e+00
1.674965381622314453e+00
-9.781523346900939941e-01
-3.700994014739990234e+00
-3.435670733451843262e-01
1.431900620460510254e+00
1.833787083625793457e+00
-1.054113358259201050e-01
-2.652513742446899414e+00
-2.663240432739257812e+00
6.187918186187744141e-01
2.395436048507690430e+00
6.263341307640075684e-01
-1.817278385162353516e+00
-2.660883665084838867e+00
-8.374599218368530273e-01
9.403449296951293945e-01
1.188111305236816406e+00
4.622977375984191895e-01
-2.316899299621582031e+00
-2.950598716735839844e+00
8.633512258529663086e-01
2.153028249740600586e+00
-2.630573511123657227e-01
-1.958726286888122559e+00
-1.807804703712463379e+00
-9.867691993713378906e-01
1.107439875602722168e+00
1.750576138496398926e+00
-9.874653816223144531e-02
-3.012982606887817383e+00
-2.095428943634033203e+00
-3.160961437970399857e-03
1.509889960289001465e+00
1.426669836044311523e+00
-9.126828908920288086e-01
-3.356124401092529297e+00
-1.747603416442871094e+00
6.095939278602600098e-01
1.509745001792907715e+00
1.184611320495605469e+00
-6.633238196372985840e-01
-3.124817848205566406e+00
-2.313325881958007812e+00
7.844406366348266602e-01
2.551071643829345703e+00
6.189131736755371094e-01
-1.732748389244079590e+00
-2.952723741531372070e+00
-1.336612939834594727e+00
1.508890748023986816e+00
2.467170715332031250e+00
-2.283722162246704102e-02
-2.262693166732788086e+00
-2.467362880706787109e+00
-6.679440140724182129e-01
1.466278076171875000e+00
1.947839975357055664e+00
-9.376998245716094971e-02
-2.561956644058227539e+00
-3.065411329269409180e+00
3.107968568801879883e-01
2.032726049423217773e+00
1.267918705940246582e+00
-1.646209239959716797e+00
-2.935878515243530273e+00
-9.860737323760986328e-01
1.596512079238891602e+00
2.152480602264404297e+00
-5.064985752105712891e-01
-2.297258377075195312e+00
-2.922289609909057617e+00
-1.071757525205612183e-01
2.476744890213012695e+00
2.480036258697509766e+00
-9.044495820999145508e-01
-2.839950561523437500e+00
-2.246137142181396484e+00
3.950504958629608154e-01
1.912839293479919434e+00
5.427350997924804688e-01
-1.879338622093200684e+00
-2.368630170822143555e+00
-9.367499351501464844e-01
1.915995240211486816e+00
1.512678503990173340e+00
-2.199807405471801758e+00
-2.714159011840820312e+00
-1.048858612775802612e-01
1.596293807029724121e+00
1.674892544746398926e+00
-4.252524375915527344e-01
-2.637109756469726562e+00
-2.800811290740966797e+00
1.102394223213195801e+00
2.153440713882446289e+00
-6.640837788581848145e-01
-2.369976520538330078e+00
-2.038381814956665039e+00
6.199159026145935059e-01
1.832829236984252930e+00
1.028446316719055176e+00
-1.724549055099487305e+00
-2.614556550979614258e+00
-1.878834009170532227e+00
1.503459811210632324e+00
1.836020827293395996e+00
-9.975590556859970093e-02
-2.183815240859985352e+00
-2.776583909988403320e+00
6.628220528364181519e-02
2.322255373001098633e+00
1.841224312782287598e+00
-7.349575161933898926e-01
-2.665142774581909180e+00
-2.202774286270141602e+00
1.194580316543579102e+00
2.836380004882812500e+00
-9.372199326753616333e-02
-2.056301832199096680e+00
-2.362503528594970703e+00
-6.557688117027282715e-03
1.202637910842895508e+00
1.200857877731323242e+00
7.501785457134246826e-02
-2.360858440399169922e+00
-1.887925863265991211e+00
8.074153661727905273e-01
1.523388147354125977e+00
8.840104341506958008e-01
-9.750182032585144043e-01
-2.680073499679565430e+00
-6.677444577217102051e-01
2.248916864395141602e+00
9.566475152969360352e-01
-2.529008686542510986e-01
-1.387198686599731445e+00
-1.956556797027587891e+00
-2.061591863632202148e+00
1.197273612022399902e+00
2.318212270736694336e+00
1.117499589920043945e+00
-7.435672283172607422e-01
-2.026634931564331055e+00
-2.363409519195556641e+00
-2.430259138345718384e-01
2.161370754241943359e+00
1.679288983345031738e+00
-9.592360258102416992e-02
-1.718300342559814453e+00
-2.036079883575439453e+00
-1.404995322227478027e+00
-9.034120291471481323e-02
1.513531923294067383e+00
1.521609544754028320e+00
-1.962438225746154785e-02
-2.193923950195312500e+00
-2.945756912231445312e+00
-6.697410345077514648e-01
1.833723425865173340e+00
1.911922216415405273e+00
-1.015747189521789551e-01
-1.317962527275085449e+00
-2.032630443572998047e+00
-1.465171456336975098e+00
2.697742283344268799e-01
1.749342083930969238e+00
1.918327569961547852e+00
-1.629311561584472656e+00
-3.183531999588012695e+00
-1.966397643089294434e+00
5.458378791809082031e-01
1.830463886260986328e+00
1.664717316627502441e+00
-2.434122376143932343e-02
-2.038081169128417969e+00
-2.670679092407226562e+00
-1.562361717224121094e+00
1.182466983795166016e+00
2.147980213165283203e+00
1.342027902603149414e+00
-1.074365854263305664e+00
-2.306844949722290039e+00
-2.350345849990844727e+00
-1.109946370124816895e-01
1.262474298477172852e+00
1.748489975929260254e+00
1.102806568145751953e+00
-2.679328203201293945e+00
-2.904110431671142578e+00
-4.329789876937866211e-01
1.107936739921569824e+00
1.828110218048095703e+00
1.262534618377685547e+00
-1.320612668991088867e+00
-3.027145385742187500e+00
-2.080063819885253906e+00
-2.835760265588760376e-02
1.824877738952636719e+00
2.238839149475097656e+00
4.551190733909606934e-01
-1.964898705482482910e+00
-2.867950677871704102e+00
-1.736681818962097168e+00
1.097865819931030273e+00
2.551899433135986328e+00
2.234338760375976562e+00
-9.903357625007629395e-01
-3.167580366134643555e+00
-2.353181838989257812e+00
-1.603397354483604431e-02
1.263497948646545410e+00
1.582025170326232910e+00
1.499524593353271484e+00
-1.316647887229919434e+00
-3.298646688461303711e+00
-1.677036404609680176e+00
-2.680832147598266602e-01
8.602890968322753906e-01
1.338535904884338379e+00
1.579442024230957031e+00
-1.067213535308837891e+00
-3.447206974029541016e+00
-1.070141196250915527e+00
9.335092306137084961e-01
1.579896807670593262e+00
1.259438514709472656e+00
-1.163999676704406738e+00
-2.957192897796630859e+00
-1.358879685401916504e+00
9.332279562950134277e-01
2.141031265258789062e+00
1.014545798301696777e+00
-2.286061286926269531e+00
-2.638568639755249023e+00
-6.925106048583984375e-01
6.201801896095275879e-01
1.095332980155944824e+00
1.207979321479797363e+00
-3.548373281955718994e-02
-2.788478374481201172e+00
-2.473776578903198242e+00
-3.081661164760589600e-01
1.259590744972229004e+00
2.064774513244628906e+00
1.093410015106201172e+00
-2.957273244857788086e+00
-2.318301200866699219e+00
-6.789042949676513672e-01
1.179209351539611816e+00
1.742194414138793945e+00
1.100206255912780762e+00
-1.330837011337280273e+00
-2.982205629348754883e+00
-1.636915206909179688e+00
6.014303565025329590e-01
1.942435503005981445e+00
1.903792738914489746e+00
-6.744660735130310059e-01
-2.581492424011230469e+00
-2.869272708892822266e+00
1.958110928535461426e-02
1.582655310630798340e+00
1.948181748390197754e+00
1.383884251117706299e-02
-2.444389343261718750e+00
-2.315281629562377930e+00
-6.866732835769653320e-01
1.423714399337768555e+00
2.144898176193237305e+00
4.956628680229187012e-01
-1.803255915641784668e+00
-2.364687204360961914e+00
-9.906854033470153809e-01
1.506756544113159180e+00
2.153371810913085938e+00
2.984547913074493408e-01
-1.970212578773498535e+00
-2.952137947082519531e+00
-6.679992079734802246e-01
1.101916909217834473e+00
1.704177737236022949e+00
1.105187654495239258e+00
-1.969352841377258301e+00
-3.295201778411865234e+00
-3.472662568092346191e-01
9.546453356742858887e-01
1.587789535522460938e+00
9.418030977249145508e-01
-1.633912205696105957e+00
-2.940736293792724609e+00
-1.329861521720886230e+00
1.272141933441162109e+00
1.987537503242492676e+00
2.952843010425567627e-01
-2.310707330703735352e+00
-2.314546585083007812e+00
-7.373608350753784180e-01
4.495829045772552490e-01
9.423609972000122070e-01
1.182854413986206055e+00
2.968976199626922607e-01
-2.274771928787231445e+00
-3.365878105163574219e+00
-5.197297930717468262e-01
1.582862257957458496e+00
2.151864051818847656e+00
-1.075316816568374634e-01
-2.397393941879272461e+00
-2.722293376922607422e+00
-7.551906108856201172e-01
1.267389059066772461e+00
1.664803028106689453e+00
6.975796222686767578e-01
-2.040540218353271484e+00
-2.781243085861206055e+00
-6.804611086845397949e-01
1.585084557533264160e+00
2.232287406921386719e+00
-4.253150820732116699e-01
-2.869342803955078125e+00
-2.172569513320922852e+00
1.378856599330902100e-01
1.265427350997924805e+00
1.500011086463928223e+00
-4.236924052238464355e-01
-3.274363517761230469e+00
-1.753924369812011719e+00
1.285586655139923096e-01
9.337686896324157715e-01
1.180293560028076172e+00
1.010271549224853516e+00
-1.976622939109802246e+00
-2.725914001464843750e+00
-9.541774988174438477e-01
1.580101132392883301e+00
2.139565944671630859e+00
2.881350219249725342e-01
-1.977835893630981445e+00
-2.958843231201171875e+00
-7.606302499771118164e-01
1.351439952850341797e+00
2.304649353027343750e+00
-6.758530139923095703e-01
-2.358306646347045898e+00
-1.641187310218811035e+00
-1.578114926815032959e-02
1.906158566474914551e+00
1.101317048072814941e+00
-1.073991537094116211e+00
-2.692374229431152344e+00
-2.484215259552001953e+00
9.445915222167968750e-01
2.639039278030395508e+00
8.688390851020812988e-01
-1.310907363891601562e+00
-2.698241233825683594e+00
-2.131616353988647461e+00
7.921245694160461426e-01
2.407385110855102539e+00
9.554499983787536621e-01
-1.298801422119140625e+00
-2.547842264175415039e+00
-2.300537109375000000e+00
2.418536841869354248e-01
2.412578821182250977e+00
1.204114913940429688e+00
-1.049381017684936523e+00
-2.031306028366088867e+00
-1.643553256988525391e+00
-2.893887162208557129e-01
8.847441673278808594e-01
1.288281917572021484e+00
1.330667257308959961e+00
-2.620624542236328125e+00
-2.771151781082153320e+00
5.875539034605026245e-03
8.971168398857116699e-01
1.455914735794067383e+00
5.694164633750915527e-01
-1.643895983695983887e+00
-2.606263637542724609e+00
-1.797197222709655762e+00
2.483111321926116943e-01
2.265313863754272461e+00
1.621261477470397949e+00
-9.554862976074218750e-01
-2.646264791488647461e+00
-2.287365436553955078e+00
3.269422054290771484e-01
1.707451224327087402e+00
1.338237524032592773e+00
-3.137155771255493164e-01
-2.836618185043334961e+00
-2.505487442016601562e+00
6.500223278999328613e-01
1.462978601455688477e+00
1.622175693511962891e+00
-9.540578722953796387e-01
-2.495562553405761719e+00
-2.359633922576904297e+00
-8.070889711380004883e-01
1.307456374168395996e+00
2.431836843490600586e+00
1.300317764282226562e+00
-1.930893540382385254e+00
-2.985723018646240234e+00
-2.197022199630737305e+00
-1.477679014205932617e-01
1.148211717605590820e+00
1.625391483306884766e+00
1.301730751991271973e+00
-1.350022435188293457e+00
-2.983291625976562500e+00
-2.520336627960205078e+00
-6.195436418056488037e-02
1.231168150901794434e+00
1.867206335067749023e+00
1.383088350296020508e+00
-1.265872716903686523e+00
-2.639655351638793945e+00
-2.370800971984863281e+00
3.265091776847839355e-01
2.192525863647460938e+00
1.789541006088256836e+00
-1.119193911552429199e+00
-2.159725427627563477e+00
-1.934850573539733887e+00
6.119870766997337341e-02
1.952925443649291992e+00
1.630853176116943359e+00
-1.427919119596481323e-01
-1.593643188476562500e+00
-2.337141275405883789e+00
-2.279124021530151367e+00
-3.059824407100677490e-01
1.478337645530700684e+00
2.238355159759521484e+00
1.234051942825317383e+00
-9.397782683372497559e-01
-2.499536752700805664e+00
-2.827516078948974609e+00
-3.191041648387908936e-01
1.641742348670959473e+00
1.639519453048706055e+00
1.063099950551986694e-01
-1.355928421020507812e+00
-2.078835487365722656e+00
-2.249420881271362305e+00
-3.660160601139068604e-01
1.878886818885803223e+00
2.200360298156738281e+00
-7.747780084609985352e-01
-2.241225242614746094e+00
-2.189200639724731445e+00
-6.269486546516418457e-01
1.235160112380981445e+00
1.956219196319580078e+00
-7.879838943481445312e-01
-2.614605426788330078e+00
-1.846353173255920410e+00
-3.756117224693298340e-01
9.883175492286682129e-01
1.311084747314453125e+00
9.879693388938903809e-01
-1.201260447502136230e+00
-3.409882545471191406e+00
-9.090664982795715332e-01
5.862725377082824707e-01
1.229276061058044434e+00
1.227485895156860352e+00
5.791406035423278809e-01
-1.512417197227478027e+00
-2.833211898803710938e+00
-1.381097078323364258e+00
1.070509791374206543e+00
1.709268093109130859e+00
8.221588730812072754e-01
-2.071235418319702148e+00
-2.748386383056640625e+00
-1.040903210639953613e+00
1.138565540313720703e+00
2.188596487045288086e+00
4.160215258598327637e-01
-1.836456894874572754e+00
-2.430217981338500977e+00
-1.381361007690429688e+00
1.387286424636840820e+00
2.270299434661865234e+00
1.485371589660644531e-02
-1.531571984291076660e+00
-2.199206590652465820e+00
-1.966707825660705566e+00
9.859883189201354980e-01
2.499975919723510742e+00
2.498292028903961182e-01
-2.094488859176635742e+00
-2.608326911926269531e+00
-1.538214921951293945e+00
1.141292214393615723e+00
1.979574799537658691e+00
8.122618794441223145e-01
-2.651479959487915039e+00
-2.694774866104125977e+00
-1.023009419441223145e-03
1.132413625717163086e+00
1.292273759841918945e+00
3.284912705421447754e-01
-2.278974533081054688e+00
-2.204959392547607422e+00
9.732829332351684570e-01
1.933747887611389160e+00
-2.545627765357494354e-03
-2.355745077133178711e+00
-2.383800983428955078e+00
8.107064962387084961e-01
1.772131204605102539e+00
1.009225845336914062e-03
-2.677729606628417969e+00
-2.184031248092651367e+00
6.867492198944091797e-01
1.930435538291931152e+00
6.349422931671142578e-01
-2.743702888488769531e+00
-2.705374240875244141e+00
-6.516547799110412598e-01
1.124074816703796387e+00
1.445557594299316406e+00
6.394066810607910156e-01
-2.021608829498291016e+00
-3.053089141845703125e+00
-1.549061655998229980e+00
8.012243509292602539e-01
1.766897916793823242e+00
9.638980627059936523e-01
-2.510176420211791992e+00
-2.576982975006103516e+00
-1.801517009735107422e-01
1.288852930068969727e+00
1.606019735336303711e+00
-1.645086109638214111e-01
-2.999084949493408203e+00
-2.358701705932617188e+00
-5.862087607383728027e-01
1.280271649360656738e+00
1.805489301681518555e+00
9.598407745361328125e-01
-2.210380792617797852e+00
-2.298650979995727539e+00
-1.302481651306152344e+00
1.041459560394287109e+00
1.445987105369567871e+00
9.592849612236022949e-01
-1.641867160797119141e+00
-2.938793182373046875e+00
-1.229334831237792969e+00
9.334963560104370117e-01
1.927872538566589355e+00
8.803304433822631836e-01
-8.922348022460937500e-01
-2.619530439376831055e+00
-2.042068481445312500e+00
-3.806569278240203857e-01
1.529465675354003906e+00
2.007236719131469727e+00
2.362180203199386597e-01
-2.023018598556518555e+00
-2.939568996429443359e+00
-1.955586910247802734e+00
1.291655182838439941e+00
2.576826095581054688e+00
7.176565527915954590e-01
-1.802217841148376465e+00
-2.595455169677734375e+00
-1.636787295341491699e+00
8.817496299743652344e-01
1.885199069976806641e+00
1.199797272682189941e+00
-1.974747896194458008e+00
-3.259104251861572266e+00
-8.906789422035217285e-01
8.819128870964050293e-01
1.118810892105102539e+00
1.039620399475097656e+00
-8.583493530750274658e-02
-1.626568794250488281e+00
-2.509109020233154297e+00
-2.042996406555175781e+00
7.262352705001831055e-01
2.086903810501098633e+00
1.519886016845703125e+00
-1.060867905616760254e+00
-3.259513854980468750e+00
-1.722239613533020020e+00
2.620276808738708496e-01
1.524023890495300293e+00
1.234897732734680176e+00
-7.387040853500366211e-01
-2.620071649551391602e+00
-2.303318023681640625e+00
-2.314461469650268555e-01
1.366894483566284180e+00
1.921753287315368652e+00
-4.051867425441741943e-01
-2.940033912658691406e+00
-2.157658576965332031e+00
-9.792006015777587891e-02
1.210214495658874512e+00
1.604260325431823730e+00
6.349532008171081543e-01
-1.956440925598144531e+00
-3.431736469268798828e+00
-1.660359859466552734e+00
8.829805850982666016e-01
2.168495178222656250e+00
1.684906959533691406e+00
-1.297406673431396484e+00
-2.915359020233154297e+00
-1.978168129920959473e+00
2.845495939254760742e-03
1.045300722122192383e+00
1.360434412956237793e+00
5.503432154655456543e-01
-1.704259514808654785e+00
-2.883213043212890625e+00
-1.899298071861267090e+00
-8.406230807304382324e-02
1.682334303855895996e+00
2.001922369003295898e+00
-5.756341218948364258e-01
-2.981446981430053711e+00
-2.538446426391601562e+00
-9.205838441848754883e-01
8.653874993324279785e-01
1.521920561790466309e+00
1.274976849555969238e+00
-8.854833841323852539e-01
-2.860557794570922852e+00
-2.049909591674804688e+00
-8.926530182361602783e-02
1.192881226539611816e+00
1.675011396408081055e+00
7.042526006698608398e-01
-1.920017838478088379e+00
-3.702826023101806641e+00
-1.561603903770446777e+00
2.285206317901611328e-01
1.749925017356872559e+00
2.149712800979614258e+00
1.021230459213256836e+00
-2.441121578216552734e+00
-3.706295490264892578e+00
-1.270607471466064453e+00
7.105545401573181152e-01
1.662761569023132324e+00
1.819314479827880859e+00
-1.135408729314804077e-01
-2.210519790649414062e+00
-3.070463895797729492e+00
-1.353663206100463867e+00
1.195784687995910645e+00
1.906803965568542480e+00
1.666728496551513672e+00
-3.487114906311035156e-01
-1.893379211425781250e+00
-2.718623399734497070e+00
-1.745283842086791992e+00
2.252208888530731201e-01
1.670694947242736816e+00
1.989683389663696289e+00
5.434736609458923340e-01
-2.064989089965820312e+00
-2.676839590072631836e+00
-1.390547752380371094e+00
3.830724358558654785e-01
1.672066688537597656e+00
1.834868907928466797e+00
2.164519429206848145e-01
-2.370503664016723633e+00
-2.764289140701293945e+00
-6.725169420242309570e-01
5.402819514274597168e-01
1.350448012351989746e+00
1.030670404434204102e+00
-2.583388090133666992e-01
-2.543137311935424805e+00
-2.207991838455200195e+00
-2.216991186141967773e-01
1.661971569061279297e+00
1.342826485633850098e+00
-2.247522920370101929e-01
-2.410363674163818359e+00
-2.410027742385864258e+00
3.829469382762908936e-01
1.698681116104125977e+00
8.139760494232177734e-01
-5.501387119293212891e-01
-1.910789608955383301e+00
-1.955960154533386230e+00
3.772439658641815186e-01
2.020542621612548828e+00
8.089558482170104980e-01
-9.670277833938598633e-01
-2.747114181518554688e+00
-1.230762720108032227e+00
1.547146141529083252e-01
1.452682137489318848e+00
1.809376239776611328e+00
-4.811989068984985352e-01
-3.249931812286376953e+00
-1.438199877738952637e+00
1.620072871446609497e-01
1.450243592262268066e+00
1.367740869522094727e+00
-3.206667304039001465e-01
-2.439548492431640625e+00
-2.538555860519409180e+00
3.171335160732269287e-01
2.091278076171875000e+00
1.441335082054138184e+00
-1.623145043849945068e-01
-2.252752304077148438e+00
-2.608801603317260742e+00
-3.073201477527618408e-01
1.612471580505371094e+00
1.290714859962463379e+00
6.517995595932006836e-01
-2.412245988845825195e+00
-2.237555027008056641e+00
-6.223501563072204590e-01
1.585706233978271484e+00
1.958168864250183105e+00
1.827442646026611328e-02
-1.925038576126098633e+00
-2.566359519958496094e+00
-1.584629178047180176e+00
1.634986042976379395e+00
2.573276042938232422e+00
3.518856465816497803e-01
-2.223200798034667969e+00
-2.550475835800170898e+00
-6.614482402801513672e-01
9.653882980346679688e-01
1.651892423629760742e+00
4.394061863422393799e-02
-2.208984613418579102e+00
-1.744421958923339844e+00
6.894243955612182617e-01
1.665499567985534668e+00
1.335044741630554199e+00
-9.021954536437988281e-01
-3.173481702804565430e+00
-1.214021682739257812e+00
1.035726428031921387e+00
1.637611985206604004e+00
1.157003283500671387e+00
-1.597917675971984863e+00
-3.199307203292846680e+00
-5.612938404083251953e-01
1.089135050773620605e+00
1.048005342483520508e+00
2.855894565582275391e-01
-2.328280210494995117e-01
-1.965298175811767578e+00
-2.465497016906738281e+00
-1.385118812322616577e-01
2.036408662796020508e+00
1.760890007019042969e+00
-5.388672351837158203e-01
-2.467481374740600586e+00
-1.461504340171813965e+00
6.360412240028381348e-01
2.299887657165527344e+00
2.435304641723632812e+00
-1.447808742523193359e+00
-2.903842449188232422e+00
-9.733530282974243164e-01
6.447228789329528809e-01
1.213787674903869629e+00
1.081385374069213867e+00
4.375801384449005127e-01
-1.082792997360229492e+00
-2.752407312393188477e+00
-1.813410758972167969e+00
7.996605038642883301e-01
2.091510772705078125e+00
7.990063428878784180e-01
-3.333662152290344238e-01
-1.370985865592956543e+00
-1.245252847671508789e+00
-1.290133595466613770e+00
-6.722183823585510254e-01
4.646285474300384521e-01
2.240844249725341797e+00
7.011061310768127441e-01
-1.867439270019531250e+00
-2.502346992492675781e+00
1.028874441981315613e-01
2.486946821212768555e+00
1.999746084213256836e+00
-2.040374040603637695e+00
-2.534482717514038086e+00
-5.887387990951538086e-01
1.111121654510498047e+00
2.007180690765380859e+00
-9.061193466186523438e-01
-2.197133779525756836e+00
-5.892245173454284668e-01
7.057126760482788086e-01
7.843247056007385254e-01
5.398052930831909180e-01
2.600845396518707275e-01
-1.544053912162780762e+00
-1.188488006591796875e+00
6.999364495277404785e-01
1.339460492134094238e+00
1.350910782814025879e+00
-7.562759518623352051e-01
-2.544586420059204102e+00
-7.482606172561645508e-01
1.257849931716918945e+00
1.659891247749328613e+00
6.886162161827087402e-01
-1.646815299987792969e+00
-2.618783473968505859e+00
-2.006461769342422485e-01
1.333950757980346680e+00
1.236301660537719727e+00
-4.351770877838134766e-02
-2.298337697982788086e+00
-2.211389303207397461e+00
-5.965104699134826660e-01
1.565066814422607422e+00
1.648549914360046387e+00
6.030819416046142578e-01
-2.133002996444702148e+00
-2.475677967071533203e+00
1.237548828125000000e+00
1.395800828933715820e+00
-2.160209417343139648e+00
-1.612232208251953125e+00
5.864868164062500000e-01
1.965344786643981934e+00
1.395480632781982422e+00
-1.187522053718566895e+00
-2.807248592376708984e+00
-1.186372280120849609e+00
5.791807770729064941e-01
1.550580382347106934e+00
1.388019442558288574e+00
-2.323018550872802734e+00
-1.838354468345642090e+00
2.555375695228576660e-01
1.707540750503540039e+00
1.561363577842712402e+00
-1.510890722274780273e+00
-2.317797660827636719e+00
-9.567456245422363281e-01
4.254248142242431641e-01
1.229699254035949707e+00
1.232482433319091797e+00
-6.209971383213996887e-02
-2.807322263717651367e+00
-3.912699222564697266e-01
1.703776717185974121e+00
1.390581727027893066e+00
-1.524848699569702148e+00
-2.041096210479736328e+00
1.702758073806762695e+00
1.060204744338989258e+00
-1.865005493164062500e+00
-2.507735729217529297e+00
-8.661046028137207031e-01
1.694238781929016113e+00
2.093599557876586914e+00
-4.437888860702514648e-01
-2.380232572555541992e+00
-1.898028373718261719e+00
-5.648140907287597656e-01
1.119695544242858887e+00
1.725673794746398926e+00
1.080829262733459473e+00
-1.741257905960083008e+00
-2.538527011871337891e+00
-9.466834068298339844e-01
1.003385663032531738e+00
2.036121845245361328e+00
1.324974656105041504e+00
-1.912246704101562500e+00
-3.147342681884765625e+00
-1.272954940795898438e+00
6.704443693161010742e-01
1.969623923301696777e+00
2.128746271133422852e+00
-6.055817008018493652e-01
-2.518143653869628906e+00
-2.842558145523071289e+00
-6.128644347190856934e-01
1.982219099998474121e+00
2.325719118118286133e+00
-5.915199518203735352e-01
-2.200959920883178711e+00
-2.528863668441772461e+00
7.139051556587219238e-01
1.968277692794799805e+00
1.328105211257934570e+00
-1.581040859222412109e+00
-3.147146224975585938e+00
-3.661977052688598633e-01
1.416950941085815430e+00
1.325780391693115234e+00
4.536397159099578857e-01
-1.389416813850402832e+00
-2.475285053253173828e+00
-1.187642097473144531e+00
1.914972782135009766e+00
2.413543939590454102e+00
-1.751133203506469727e-01
-2.531153678894042969e+00
-1.311215519905090332e+00
7.978051900863647461e-01
2.020192861557006836e+00
-2.002224326133728027e-03
-2.447464704513549805e+00
-1.442713499069213867e+00
7.705520391464233398e-01
1.126585364341735840e+00
1.140666842460632324e+00
-1.200869083404541016e+00
-2.563289165496826172e+00
-7.108210921287536621e-01
2.037601232528686523e+00
2.420993566513061523e+00
7.851510643959045410e-01
-1.431367516517639160e+00
-2.433767080307006836e+00
-1.755794882774353027e+00
7.911266684532165527e-01
2.443094491958618164e+00
1.639171361923217773e+00
-9.396433830261230469e-01
-2.483455181121826172e+00
-1.254852294921875000e+00
8.418135046958923340e-01
2.092901706695556641e+00
1.482797384262084961e+00
-5.260234475135803223e-01
-2.212956428527832031e+00
-2.391891717910766602e+00
-2.822644412517547607e-01
1.814804196357727051e+00
2.218684434890747070e+00
5.346624851226806641e-01
-1.241376757621765137e+00
-2.452928543090820312e+00
-1.389870166778564453e+00
1.500632643699645996e+00
2.110938787460327148e+00
8.511917591094970703e-01
-1.113741874694824219e+00
-2.044296503067016602e+00
-1.543261528015136719e+00
6.254678368568420410e-01
2.002508878707885742e+00
2.334348917007446289e+00
-5.843667984008789062e-01
-2.389802455902099609e+00
-2.024708271026611328e+00
-4.124568402767181396e-01
1.607594370841979980e+00
2.059660434722900391e+00
1.232581377029418945e+00
-1.129617810249328613e+00
-2.384903669357299805e+00
-1.213752269744873047e+00
8.902733922004699707e-01
2.116596221923828125e+00
1.534343719482421875e+00
-1.478325575590133667e-01
-1.683865070343017578e+00
-2.376501560211181641e+00
-3.923686742782592773e-01
1.866239070892333984e+00
2.539111614227294922e+00
5.736004114151000977e-01
-1.858215570449829102e+00
-2.360773801803588867e+00
-1.103229373693466187e-01
1.867319464683532715e+00
2.336118221282958984e+00
4.126853644847869873e-01
-2.163953542709350586e+00
-2.403629302978515625e+00
-1.876477003097534180e-01
1.341391921043395996e+00
1.700468063354492188e+00
1.377967357635498047e+00
-7.112029790878295898e-01
-3.251298189163208008e+00
-1.120775341987609863e+00
1.219015717506408691e+00
1.868049740791320801e+00
1.696214914321899414e+00
-2.302268594503402710e-01
-2.369672298431396484e+00
-1.683374047279357910e+00
4.170451462268829346e-01
2.191405534744262695e+00
2.551534891128540039e+00
-6.398230791091918945e-02
-1.997840523719787598e+00
-2.372406244277954102e+00
-3.891825675964355469e-01
2.185445547103881836e+00
2.528032302856445312e+00
-6.584911048412322998e-02
-2.367709398269653320e+00
-1.926697731018066406e+00
5.346393585205078125e-02
1.385524749755859375e+00
1.545258760452270508e+00
1.518744826316833496e+00
-1.037046313285827637e+00
-2.508962154388427734e+00
-1.361097216606140137e+00
8.995370864868164062e-01
1.868739843368530273e+00
2.189546108245849609e+00
9.436719864606857300e-02
-2.079714059829711914e+00
-2.500638484954833984e+00
4.461156725883483887e-01
1.972443938255310059e+00
2.025978326797485352e+00
-3.659982979297637939e-01
-2.097501754760742188e+00
-1.686568021774291992e+00
-8.415880799293518066e-02
1.566493034362792969e+00
2.256658077239990234e+00
5.631631016731262207e-01
-1.374164104461669922e+00
-2.204442024230957031e+00
