3.337860107421875000e-06
1.393966674804687500e-01
2.699766159057617188e-01
4.173395633697509766e-01
5.506722927093505859e-01
6.844184398651123047e-01
8.121745586395263672e-01
9.365198612213134766e-01
1.064593791961669922e+00
1.199919462203979492e+00
1.317014932632446289e+00
1.439275503158569336e+00
1.561774492263793945e+00
1.687538623809814453e+00
1.812412738800048828e+00
1.941887378692626953e+00
2.068129539489746094e+00
2.199247598648071289e+00
2.346815824508666992e+00
2.476267576217651367e+00
2.608927488327026367e+00
2.743817806243896484e+00
2.864077329635620117e+00
2.985079050064086914e+00
3.104009866714477539e+00
3.227980852127075195e+00
3.351791381835937500e+00
3.475414037704467773e+00
3.597944021224975586e+00
3.726149320602416992e+00
3.855562448501586914e+00
3.989115238189697266e+00
4.112174510955810547e+00
4.237765789031982422e+00
4.360052347183227539e+00
4.925088167190551758e+00
5.027077436447143555e+00
5.126653194427490234e+00
5.227401971817016602e+00
5.327870607376098633e+00
5.429503917694091797e+00
5.530464887619018555e+00
5.629074096679687500e+00
5.731912374496459961e+00
5.831961631774902344e+00
5.933034658432006836e+00
6.061657905578613281e+00
6.197055101394653320e+00
6.324548482894897461e+00
6.447779178619384766e+00
6.574176311492919922e+00
6.701446771621704102e+00
6.826545715332031250e+00
6.952737569808959961e+00
7.080541849136352539e+00
7.208734512329101562e+00
7.334167480468750000e+00
7.464123964309692383e+00
7.588611841201782227e+00
7.720070362091064453e+00
7.848454952239990234e+00
7.975369453430175781e+00
8.099385261535644531e+00
8.212550878524780273e+00
8.313242673873901367e+00
8.416640281677246094e+00
8.518885374069213867e+00
8.625428676605224609e+00
8.726917505264282227e+00
8.827724933624267578e+00
8.930587530136108398e+00
9.031639575958251953e+00
9.159630537033081055e+00
9.267801046371459961e+00
9.367664813995361328e+00
9.477125167846679688e+00
9.578893184661865234e+00
9.680275678634643555e+00
9.780375957489013672e+00
9.880790948867797852e+00
9.983101844787597656e+00
1.008718585968017578e+01
1.018677067756652832e+01
1.028636837005615234e+01
1.038799118995666504e+01
1.049155044555664062e+01
1.059486627578735352e+01
1.069657945632934570e+01
1.079691243171691895e+01
1.090453886985778809e+01
1.103322577476501465e+01
1.116015744209289551e+01
1.128306007385253906e+01
1.143072891235351562e+01
1.155946850776672363e+01
1.168617582321166992e+01
1.182023763656616211e+01
1.194350266456604004e+01
1.207471227645874023e+01
1.219910120964050293e+01
1.232695126533508301e+01
1.245856881141662598e+01
1.258220553398132324e+01
1.270526432991027832e+01
1.282957053184509277e+01
1.295755624771118164e+01
1.308551740646362305e+01
1.320963764190673828e+01
1.334045529365539551e+01
1.346587514877319336e+01
1.359627938270568848e+01
1.372511625289916992e+01
1.384906172752380371e+01
1.397401118278503418e+01
1.409901905059814453e+01
1.422655749320983887e+01
1.435367417335510254e+01
1.447778487205505371e+01
1.460099101066589355e+01
1.472970247268676758e+01
1.485874533653259277e+01
1.498567485809326172e+01
1.510939788818359375e+01
1.523390221595764160e+01
1.535835766792297363e+01
1.548666787147521973e+01
1.561535644531250000e+01
1.574908185005187988e+01
1.587138032913208008e+01
1.600771665573120117e+01
1.612447714805603027e+01
1.623508501052856445e+01
1.634446382522583008e+01
1.645448684692382812e+01
1.656300210952758789e+01
1.667631769180297852e+01
1.678444147109985352e+01
1.688810682296752930e+01
1.698793458938598633e+01
1.711435985565185547e+01
