3.576278686523437500e-06
1.767213344573974609e-01
3.513791561126708984e-01
5.281414985656738281e-01
6.172294616699218750e-01
6.668643951416015625e-01
7.285532951354980469e-01
7.933485507965087891e-01
8.538002967834472656e-01
9.142427444458007812e-01
9.702503681182861328e-01
1.038378238677978516e+00
1.094732522964477539e+00
1.159998416900634766e+00
1.255609273910522461e+00
1.406307697296142578e+00
1.556810617446899414e+00
1.703412771224975586e+00
1.774648189544677734e+00
1.841979980468750000e+00
1.895970582962036133e+00
1.948198080062866211e+00
2.000567436218261719e+00
2.053820848464965820e+00
2.106859922409057617e+00
2.163222551345825195e+00
2.224495649337768555e+00
2.282889604568481445e+00
2.337351083755493164e+00
2.390993833541870117e+00
2.448956012725830078e+00
2.508354902267456055e+00
2.566120386123657227e+00
2.622211217880249023e+00
2.673813343048095703e+00
2.728207826614379883e+00
2.781839609146118164e+00
2.834004163742065430e+00
2.886617660522460938e+00
2.939219236373901367e+00
2.990326404571533203e+00
3.041343450546264648e+00
3.096987962722778320e+00
3.153351068496704102e+00
3.210265636444091797e+00
3.267265081405639648e+00
3.321355342864990234e+00
3.380717039108276367e+00
3.439870595932006836e+00
3.498754501342773438e+00
3.557602882385253906e+00
3.618199110031127930e+00
3.677599191665649414e+00
3.738349914550781250e+00
3.801759719848632812e+00
3.863984346389770508e+00
3.922579050064086914e+00
3.978220939636230469e+00
4.033498525619506836e+00
4.097969532012939453e+00
4.153597831726074219e+00
4.213593244552612305e+00
4.275343894958496094e+00
4.338864564895629883e+00
4.402735471725463867e+00
4.463121891021728516e+00
4.526210069656372070e+00
4.583951473236083984e+00
4.636698246002197266e+00
4.688928604125976562e+00
4.747947931289672852e+00
4.804814338684082031e+00
4.868367671966552734e+00
4.927965402603149414e+00
4.986604213714599609e+00
5.041609764099121094e+00
5.099712610244750977e+00
5.160414457321166992e+00
5.247851133346557617e+00
5.409251213073730469e+00
5.568786144256591797e+00
5.697869300842285156e+00
5.814432382583618164e+00
5.939325571060180664e+00
6.091541528701782227e+00
6.270499229431152344e+00
6.447795391082763672e+00
6.626562833786010742e+00
6.777239561080932617e+00
6.869169235229492188e+00
6.920170783996582031e+00
6.969169855117797852e+00
7.018145084381103516e+00
7.069188594818115234e+00
7.131463766098022461e+00
7.192580938339233398e+00
7.255160808563232422e+00
7.314579486846923828e+00
7.376560449600219727e+00
7.437174081802368164e+00
7.501546144485473633e+00
7.561752557754516602e+00
7.626321792602539062e+00
7.688735008239746094e+00
7.746543884277343750e+00
7.799928903579711914e+00
7.855690717697143555e+00
7.913175106048583984e+00
7.965148925781250000e+00
8.016323089599609375e+00
8.064722537994384766e+00
8.124946832656860352e+00
8.188351869583129883e+00
8.246963739395141602e+00
8.303691387176513672e+00
8.361679315567016602e+00
8.418665170669555664e+00
8.474554300308227539e+00
8.530295610427856445e+00
8.586973428726196289e+00
8.641904115676879883e+00
8.695934295654296875e+00
8.748919486999511719e+00
8.800670385360717773e+00
8.852530241012573242e+00
8.904294967651367188e+00
8.955549716949462891e+00
9.011821746826171875e+00
9.069730997085571289e+00
9.127131462097167969e+00
9.178128719329833984e+00
9.227338314056396484e+00
9.280319690704345703e+00
9.343773603439331055e+00
9.405238389968872070e+00
9.461783409118652344e+00
9.510409355163574219e+00
