6.038615799819429419e+00
9.930182359375769874e-01
2.862354566832597258e-01
3.949356467329944720e-01
2.744196330609766643e-01
2.999232603353448323e-01
2.420993381587322468e-01
1.148572434729430852e-01
1.693207696487661340e-01
4.068316508724819647e-01
4.621579486352857535e-01
5.177098499552812427e-01
4.822192246385384462e-01
5.398142364632804169e-01
6.165510373306460901e-01
6.718682463862932774e-01
7.589808090822770525e-01
7.697856273269281235e-01
7.813001100439578295e-01
7.928174075670540999e-01
8.463119111023842400e-01
8.616339049302041975e-01
8.682391421229113115e-01
8.587527289811986986e-01
7.666928896505851299e-01
7.582384235516655968e-01
7.758193264249713117e-01
7.738901985343545897e-01
8.330207862192766655e-01
8.170882880687713179e-01
7.882635280024259394e-01
7.915987035259604010e-01
7.821386861847714478e-01
7.793420353904365605e-01
7.917755208909510456e-01
7.878758498467504090e-01
7.835229748860002008e-01
7.906587919220329219e-01
7.897009531967342788e-01
7.784184657968580279e-01
7.809929441660643512e-01
7.730453630909324136e-01
7.510623561218380262e-01
7.462109721265733908e-01
7.464474664069713494e-01
7.562697217799723148e-01
7.632755194790661335e-01
7.813921428285539594e-01
7.850031896494329420e-01
7.631777566857635975e-01
7.573666853830218759e-01
7.439034042879939523e-01
7.242970300838351694e-01
7.473619163036346880e-01
7.681330909952521768e-01
7.668970333412289397e-01
7.985198182985187021e-01
8.018776371143758741e-01
8.008666780777276006e-01
8.069545865990220834e-01
7.830868514254689661e-01
7.713684816844761372e-01
7.727582187158987814e-01
7.907753712497652687e-01
8.448624804615973982e-01
8.791412552818655968e-01
9.011073526227846298e-01
9.133274916559457335e-01
9.168947035912423660e-01
9.320804324466736013e-01
9.376885382924228240e-01
9.630402071867137925e-01
9.718772055581210711e-01
9.863640906289220522e-01
1.001788622234016657e+00
1.020382601904566533e+00
1.076998918133904137e+00
1.126489995422889523e+00
1.154062755712220723e+00
1.168289019057556333e+00
1.164261401794647099e+00
1.164882094856148020e+00
1.172996293148026004e+00
1.183811339596286372e+00
1.184082415793091148e+00
1.183135164342820733e+00
1.214567725826054767e+00
1.227524278312921435e+00
1.245093894377350852e+00
1.274685335159301713e+00
1.291754016838967623e+00
1.319532383047044455e+00
1.328046833910047964e+00
1.330605974234640554e+00
1.344728137366473897e+00
1.346212075743824288e+00
1.362151508871465966e+00
1.352584815677255303e+00
1.341168319527060060e+00
1.336653167754411786e+00
1.342498236335813999e+00
1.348477531038224653e+00
1.341569640859961554e+00
1.377150160260498524e+00
1.353413096070289701e+00
1.365312700718641192e+00
1.389646238833665670e+00
1.383973309956491038e+00
1.385995532758534043e+00
1.373677661269903094e+00
1.345355719700455754e+00
1.338684459589421838e+00
1.328522449545562090e+00
1.346443258225917816e+00
1.355840368010103880e+00
1.336987907811999055e+00
1.364180767908692360e+00
1.362135500833392188e+00
1.357425238750875174e+00
1.311275502666831017e+00
1.243996745534241111e+00
1.168581204116344363e+00
1.122789851576089681e+00
1.090062819235026792e+00
1.048175061307847544e+00
1.018022174853831396e+00
9.598866324871779820e-01
9.121224553324280837e-01
8.761588022112845042e-01
8.286967286141588840e-01
8.221906947670504229e-01
8.287147508526686579e-01
8.742945366131609219e-01
9.151627436571290186e-01
9.052921246795448962e-01
8.911975183000321321e-01
8.627323874155992112e-01
8.361406274256296678e-01
8.269103249243926479e-01
8.424854866694658773e-01
8.299436826666350964e-01
8.258076723490377358e-01
8.381851217709480606e-01
8.100264573542517166e-01
8.033324028438073583e-01
7.951492947249789722e-01
7.967572624576860774e-01
8.152644286805297291e-01
8.201599167019594239e-01
8.261763692658860014e-01
8.238693120059905617e-01
8.171652372308018109e-01
7.970315003498398276e-01
7.805497270332124593e-01
7.632327592036745045e-01
7.784340859216172248e-01
7.801121006545145287e-01
7.921737278811633587e-01
7.937057142960839418e-01
7.738690296420827064e-01
7.996961758821270472e-01
8.049887998902705011e-01
8.043641636555548535e-01
8.036128719802945186e-01
7.868214273126796776e-01
7.923754367220681161e-01
7.761982022493612021e-01
7.754588693380355391e-01
7.859249851666390008e-01
7.715635089203715102e-01
7.887241660617292371e-01
7.942735509946942107e-01
7.831229660660028458e-01
7.845067746937275377e-01
7.811036503873766135e-01
7.794450274668633938e-01
7.964295268058777522e-01
7.955256746150553004e-01
7.867147302255034225e-01
7.880352807231247869e-01
7.617806475609540939e-01
7.659875508397817612e-01
7.708818899467586583e-01
7.756725103594361848e-01
7.812408111058175564e-01
7.846403623931109683e-01
