3.576278686523437500e-06
1.791977882385253906e-01
3.557143211364746094e-01
5.323438644409179688e-01
6.657812595367431641e-01
7.985265254974365234e-01
9.280202388763427734e-01
1.065515279769897461e+00
1.199993371963500977e+00
1.338091373443603516e+00
1.477815866470336914e+00
1.621078968048095703e+00
1.764838933944702148e+00
1.896578550338745117e+00
2.018871307373046875e+00
2.147877931594848633e+00
2.278986930847167969e+00
2.342047452926635742e+00
2.395039081573486328e+00
2.461871385574340820e+00
2.541013002395629883e+00
2.655915260314941406e+00
2.796827316284179688e+00
2.935178041458129883e+00
3.059834957122802734e+00
3.170906782150268555e+00
3.245826244354248047e+00
3.303653001785278320e+00
3.360805511474609375e+00
3.422816514968872070e+00
3.483810186386108398e+00
3.546197652816772461e+00
3.606401920318603516e+00
3.670830488204956055e+00
3.734766483306884766e+00
3.788797855377197266e+00
3.842051029205322266e+00
3.898042440414428711e+00
3.952643394470214844e+00
4.009035348892211914e+00
4.064025640487670898e+00
4.123026371002197266e+00
4.177044630050659180e+00
4.241417407989501953e+00
4.311956167221069336e+00
4.382085323333740234e+00
4.451467037200927734e+00
4.507633924484252930e+00
4.562404632568359375e+00
4.617326021194458008e+00
4.670633792877197266e+00
4.732331037521362305e+00
4.793045520782470703e+00
4.850799322128295898e+00
4.908025741577148438e+00
4.967887639999389648e+00
5.029028654098510742e+00
5.084788322448730469e+00
5.146814346313476562e+00
5.279178380966186523e+00
5.451167583465576172e+00
5.626942396163940430e+00
5.780351638793945312e+00
5.936707735061645508e+00
6.085855960845947266e+00
6.234015703201293945e+00
6.375525474548339844e+00
6.504115819931030273e+00
6.591919183731079102e+00
6.656870126724243164e+00
6.717799186706542969e+00
6.780032873153686523e+00
6.844038248062133789e+00
6.906193733215332031e+00
6.971002101898193359e+00
7.024978399276733398e+00
7.083410263061523438e+00
7.139762639999389648e+00
7.192619085311889648e+00
7.247738361358642578e+00
7.306617975234985352e+00
7.361673593521118164e+00
7.419965505599975586e+00
7.477000951766967773e+00
7.534989833831787109e+00
7.595383405685424805e+00
7.655241727828979492e+00
7.704991340637207031e+00
7.753255128860473633e+00
7.805007934570312500e+00
7.866624116897583008e+00
7.928432941436767578e+00
7.989336252212524414e+00
8.051143646240234375e+00
8.112576246261596680e+00
8.174710512161254883e+00
8.235611915588378906e+00
8.292152404785156250e+00
8.350015163421630859e+00
8.415341854095458984e+00
8.469986200332641602e+00
8.520981311798095703e+00
8.572962522506713867e+00
8.634194374084472656e+00
8.693781375885009766e+00
8.753000020980834961e+00
8.815152645111083984e+00
8.876013040542602539e+00
8.935629367828369141e+00
8.994112253189086914e+00
9.054233551025390625e+00
9.114616870880126953e+00
9.176628828048706055e+00
9.237137079238891602e+00
9.295016288757324219e+00
9.352752923965454102e+00
9.412077426910400391e+00
9.472750186920166016e+00
9.532131195068359375e+00
9.584947824478149414e+00
9.637974500656127930e+00
9.688019037246704102e+00
9.738325119018554688e+00
9.790366172790527344e+00
9.844353914260864258e+00
9.897998094558715820e+00
9.951853513717651367e+00
1.000749301910400391e+01
1.006462430953979492e+01
1.012102031707763672e+01
1.017598652839660645e+01
1.023236465454101562e+01
1.028420019149780273e+01
1.033496570587158203e+01
1.038435983657836914e+01
1.043734741210937500e+01
1.049197959899902344e+01
1.054975676536560059e+01
1.061037373542785645e+01
1.066599869728088379e+01
1.071934318542480469e+01
1.077272939682006836e+01
1.082561635971069336e+01
