5.708999901823699652e+00
9.808662349852541595e-01
1.150751829977368496e-01
2.447454055405486745e-02
1.379752188137013391e-01
2.175377496168948710e-01
1.048352049430832378e-01
1.112202212912961896e-01
1.701786955178249405e-01
1.900694162875879445e-01
1.917021607572678421e-01
1.778723044844809920e-01
1.591666549793444574e-01
1.551149679580703378e-01
1.821203704457730055e-01
2.217219054582528770e-01
2.617907740641385317e-01
2.511051309877075366e-01
2.551733170053921418e-01
2.380029869265854470e-01
2.109001377655659315e-01
2.208137659879867432e-01
2.287577975963359100e-01
2.475774081147392169e-01
2.323011040934943594e-01
2.334322672119014952e-01
2.509988832985982077e-01
2.606701035518199094e-01
2.936468855361454300e-01
2.824751392356119606e-01
2.555091482587159013e-01
2.264994545839726925e-01
2.371797870844602474e-01
2.506545828771777340e-01
2.982379963272251411e-01
3.093619245453738120e-01
3.141418511397205404e-01
3.340500596212223061e-01
3.441637000534683577e-01
3.526672863867134078e-01
3.548812480643391831e-01
3.328213855158537737e-01
3.335953742032871094e-01
3.316942687728442474e-01
3.366808561724610183e-01
3.944184859865345061e-01
3.750744222314097431e-01
3.838241598103195873e-01
3.936985743697732909e-01
3.940582063049078432e-01
4.203581137582659277e-01
4.461490895599126705e-01
4.502638586331159098e-01
4.450698302127420458e-01
4.290383919142186642e-01
4.299839037004858922e-01
4.372512338217348082e-01
4.055336755933239834e-01
4.198213841998950091e-01
4.230866478057577762e-01
4.054840054595842957e-01
4.211847218219191280e-01
4.313897891901433690e-01
4.355969636701048087e-01
4.206692458479664998e-01
4.175658402382396717e-01
4.230777430231683622e-01
4.079715838772244307e-01
4.272921225754544028e-01
4.340454719378613602e-01
4.205866561154835148e-01
4.571095972438342647e-01
4.294628645176999382e-01
4.227073485730216129e-01
4.247277982765809146e-01
3.550115150166676115e-01
3.625626953784376605e-01
3.191683955723419452e-01
2.886235597077757009e-01
2.706802524917293340e-01
2.371308905247133392e-01
2.394161719537805932e-01
2.037489440932404305e-01
2.083070578984916321e-01
2.209760963072767703e-01
2.107572583336150274e-01
1.912877411203226241e-01
1.381073655822547264e-01
3.749378626089309996e-02
5.824434809765079851e-02
1.330311357407481521e-01
2.114380044586141594e-01
2.686156575218774378e-01
3.058405238669365533e-01
3.483464106218889245e-01
3.816287206253037301e-01
4.112705975770950539e-01
4.152517180831636900e-01
3.617771967954467871e-01
2.735409081273246779e-01
1.767766317876521553e-01
9.365657484158873558e-02
7.829668519552797357e-02
7.083261957450304180e-02
6.727039824327221695e-02
6.743852261133724546e-02
2.663077201141277051e-02
1.406159319012658532e-02
5.476478512573521723e-02
8.448593129869549911e-02
9.971792550059035976e-02
1.366593626327812783e-01
1.730915610154625250e-01
2.051100922457408382e-01
2.507497048412914986e-01
2.775904222391545884e-01
3.227371159940958245e-01
3.699468065286055096e-01
3.994070220272988303e-01
4.230671954806894397e-01
4.165323446970432553e-01
9.326591212302445810e-02
8.750197486951946657e-02
4.118968294933438024e-02
6.372410552576183995e-02
7.223649369552731514e-02
