1.211905349662664975e+02
1.211891922119879439e+02
1.212488729228605422e+02
1.205856578472201051e+02
1.201728471494099324e+02
1.205086440828860219e+02
1.218677606617562788e+02
1.198564282264103156e+02
1.196310946484141482e+02
1.175181041186276190e+02
1.188497879875143894e+02
1.200780927197110941e+02
1.183489788353194712e+02
1.199730730117615138e+02
1.198872090545935549e+02
1.207515677146593021e+02
1.201052887288144149e+02
1.194688507953776622e+02
1.181975354340045641e+02
1.190692201821547371e+02
1.197002785550537709e+02
1.194291667758374587e+02
1.190423630155486165e+02
1.186128063734561522e+02
1.207166591845335262e+02
1.213675169905916533e+02
1.176193851930006389e+02
1.170845148751345164e+02
1.210603744183715378e+02
1.215985655627736435e+02
1.183120411403314591e+02
1.175731846146217094e+02
1.208439776214909926e+02
1.213826429877667010e+02
1.199445377114708293e+02
1.188265037393405947e+02
1.185627452006907845e+02
1.196304013628641201e+02
1.195035029513169889e+02
1.178596835927939139e+02
1.179697412700926691e+02
1.232005479085772635e+02
1.225911987787719397e+02
1.155133367965236175e+02
1.164573653394451895e+02
1.199908368220316106e+02
1.197536436222489158e+02
1.183241329874646937e+02
1.186803971363544434e+02
1.226661366240451656e+02
1.229526659625207685e+02
1.173942035511279443e+02
1.170092390462032768e+02
1.193814089473835907e+02
1.237008416962563189e+02
1.207593833365043992e+02
1.201697317575846000e+02
1.205523342031774234e+02
1.206962241392154311e+02
1.217731435151391537e+02
1.220506647514475986e+02
1.234216406974202300e+02
1.197391707709830797e+02
1.223115297657601843e+02
1.207609282894468521e+02
1.228136292757432955e+02
1.215597337093625043e+02
1.230721088860606187e+02
1.225751346135402571e+02
1.231733064712328627e+02
1.237856285951264397e+02
1.239651821724625194e+02
1.258677081191335674e+02
1.246860137527851862e+02
1.279225133503960734e+02
1.281471095192174516e+02
1.296001543739484418e+02
1.314383999612831531e+02
1.296297049307059694e+02
1.314623865054425949e+02
1.324970227523730557e+02
1.331612695455160917e+02
1.327771870920578010e+02
1.310262277536224360e+02
1.313296333511247553e+02
1.220285806864847018e+02
1.220198117537616866e+02
1.180740368688634021e+02
1.174789194889492023e+02
1.206776958287935457e+02
1.205311103330197540e+02
1.181742860795908570e+02
1.219578021176248939e+02
1.221629741348367020e+02
1.136336142732865824e+02
1.142503163889742837e+02
1.183397552205274792e+02
1.256994654708123562e+02
1.254869404677181990e+02
1.156979575168346486e+02
1.160520869032407063e+02
1.202788622394731846e+02
1.202788622394731846e+02
1.195544743199072002e+02
1.190340957150094425e+02
1.179700475245494857e+02
1.209965536372019130e+02
1.208827011661777249e+02
1.206764581431365571e+02
1.183870020626908115e+02
1.186028476376368133e+02
1.183915332163442855e+02
1.185715628149939249e+02
1.188785908629995163e+02
1.192395241704110305e+02
1.192345430579491250e+02
1.194150271003096435e+02
1.193607098491548157e+02
1.193366529390582969e+02
1.192811701915515812e+02
1.191711119616173562e+02
1.191198723014829426e+02
1.191030315672345381e+02
1.190476493530115931e+02
1.190476493530115931e+02
1.190307136490237525e+02
1.190244832760918143e+02
1.190178418777040150e+02
1.190152457815304814e+02
1.190130436714342039e+02
1.190187363713906592e+02
1.190161840194253102e+02
1.190116264490133062e+02
1.190163529348463953e+02
1.190286870331906499e+02
1.190256274811374766e+02
1.190239669405274299e+02
1.190287352736522024e+02
1.190284981627154082e+02
1.190309211858106977e+02
1.190288265168182704e+02
1.190187683995427221e+02
1.190267174841101223e+02
1.190312241200142580e+02
1.190156856763258162e+02
1.190175833278726714e+02
1.190169487678821838e+02
1.190218363865355684e+02
1.190274261416415129e+02
1.190247943248008653e+02
1.190174413389184735e+02
1.190276286079671166e+02
1.190233593376839139e+02
