4.261402307699124314e+00
2.529063760945525541e+00
2.306741812802496128e+00
2.501061007413366788e+00
2.632740067740124257e+00
2.716460602218285114e+00
2.788464917987584890e+00
2.592065912298857633e+00
2.383407706487923772e+00
2.207745468569919378e+00
2.322854848718270748e+00
2.621939213154837134e+00
2.854704287322237910e+00
3.173263267055153936e+00
3.166346194408834247e+00
2.917486187163739864e+00
2.627586754644289702e+00
2.404514251509681344e+00
2.356925964588299394e+00
2.510066486848518075e+00
2.783352369256317349e+00
2.988770569302141578e+00
3.113832535967230974e+00
3.004605548921972513e+00
2.903977679368108689e+00
2.728730820771306576e+00
2.719153133314102799e+00
2.927131368778645992e+00
3.021159823611379025e+00
3.058645738102495404e+00
2.853873057104647337e+00
2.775456705503165367e+00
2.708603356406092733e+00
3.021235321275889785e+00
3.198996105976402937e+00
3.481005805172025624e+00
3.821126552671194165e+00
3.781912210211157976e+00
4.011998632177710356e+00
4.114801217988133253e+00
3.991468276083469213e+00
4.095608728379011687e+00
3.832192517071962179e+00
3.543847544863820254e+00
3.333908742666244152e+00
3.087164771277457032e+00
3.265166448894888163e+00
3.325924878288060604e+00
3.572073669452220379e+00
3.593708962202072588e+00
3.568585190922021866e+00
3.575850430130958379e+00
3.558816215023398399e+00
3.943423497304320513e+00
4.236455516517162678e+00
4.392512350901961682e+00
4.474322023987769903e+00
4.358071678131818949e+00
4.286995744705200728e+00
4.210181760787963690e+00
4.034680212289094570e+00
3.681775007769465535e+00
3.363679718598723500e+00
3.196342908591032206e+00
3.174195098504424273e+00
3.427529116719961078e+00
3.624827184900641708e+00
3.493243495002388954e+00
3.281229431927203954e+00
3.229232822358607979e+00
3.139062949270010172e+00
3.556142373755574404e+00
4.256925253197550774e+00
4.369265750423074302e+00
4.615646124631166636e+00
4.700673952698707581e+00
4.474530650675296428e+00
4.420501172542572021e+00
4.208868179470300674e+00
3.850431547313928338e+00
3.558868885040282759e+00
3.493975260853767750e+00
3.677116680145263494e+00
3.889858887344598948e+00
4.102141993865370928e+00
4.109343555942177595e+00
4.051083594933152732e+00
4.134543873742222431e+00
4.284480516612529932e+00
4.568307957798243280e+00
4.558505136892199161e+00
4.542965727671981035e+00
4.467416414245962919e+00
4.257434971258044598e+00
4.136495960503816960e+00
3.776450926810502651e+00
3.551959179341792616e+00
3.351476912572979749e+00
3.279536431282758624e+00
3.439643239602446556e+00
3.465419743582605960e+00
3.694575607776641402e+00
3.932816392555833040e+00
4.156460237503051935e+00
4.558987418562174376e+00
4.619213975220918478e+00
4.516905085742473958e+00
4.258198405057191493e+00
3.973741402104496778e+00
4.001362503319978892e+00
4.015299982577563043e+00
3.906835924834012985e+00
3.671100722625851631e+00
3.189764775149524390e+00
2.881040023639798164e+00
2.825115899369120775e+00
2.904272766783833504e+00
3.077676764689385891e+00
3.105842652544379412e+00
3.196221613138914286e+00
3.212757605314255027e+00
3.256620565056801198e+00
3.505237638577819226e+00
3.624747616052627297e+00
3.751586129516363055e+00
3.816739459335803719e+00
3.790071275085210800e+00
3.898675954341888072e+00
3.666007845662534237e+00
3.503796321712433937e+00
3.338404593802988707e+00
2.922915334999561576e+00
2.794296040013432680e+00
2.785152044519782155e+00
2.819672404602170168e+00
3.008076001517475007e+00
3.167596540227532564e+00
3.133904252573847860e+00
3.226496152579784393e+00
3.264457399770617663e+00
3.433746365085244001e+00
3.583240408450365067e+00
3.514391049183905213e+00
3.612381087057292994e+00
3.627593916840851307e+00
3.606098403222858906e+00
3.643691901862621485e+00
3.511867639049887746e+00
3.244514170661568997e+00
3.053949595242738901e+00
3.037582572177051965e+00
3.004019542410969912e+00
3.084558817744254888e+00
3.180796124041080475e+00
3.074899197742343215e+00
3.158113732561468989e+00
3.249719099327922134e+00
3.394181636720895234e+00
3.649339626729488195e+00
