2.814551039273264887e+00
2.813332650042974503e+00
2.813332650042974503e+00
2.786205076863864427e+00
2.767390796669581210e+00
2.767390796669581210e+00
2.802165245773476254e+00
2.802165245773476254e+00
2.929348464717440592e+00
2.895388515716537103e+00
2.895388515716537103e+00
2.828121554939010185e+00
2.828121554939010185e+00
2.790917063678518328e+00
2.864733685116523709e+00
2.812740288959996171e+00
2.812740288959996171e+00
2.770601679092629777e+00
2.861482413780744416e+00
2.861482413780744416e+00
2.896492467284828898e+00
2.896492467284828898e+00
2.782011409610713581e+00
2.782011409610713581e+00
2.891073681725196742e+00
2.891073681725196742e+00
2.744537668569081656e+00
2.744537668569081656e+00
2.957546329628302217e+00
2.957546329628302217e+00
2.798530286994558303e+00
2.798530286994558303e+00
2.985912486494068041e+00
2.985912486494068041e+00
2.770514172190980506e+00
2.770514172190980506e+00
3.005548003095328102e+00
3.005548003095328102e+00
2.743743362922454132e+00
2.743743362922454132e+00
2.743743362922454132e+00
2.988712750713628630e+00
2.704351162981744938e+00
2.704351162981744938e+00
2.704351162981744938e+00
3.176269964016438685e+00
3.176269964016438685e+00
3.091508077328948723e+00
3.091508077328948723e+00
3.572837386612776722e+00
3.572837386612776722e+00
3.572837386612776722e+00
3.523671178208365617e+00
3.523671178208365617e+00
3.890869471880265440e+00
3.890869471880265440e+00
3.890869471880265440e+00
3.653688321208430345e+00
3.653688321208430345e+00
3.843365923518377247e+00
3.843365923518377247e+00
3.843365923518377247e+00
3.863587072126426492e+00
3.863587072126426492e+00
3.669143635936713554e+00
3.669143635936713554e+00
3.669143635936713554e+00
3.929076942427223607e+00
3.929076942427223607e+00
3.915614128119492499e+00
3.915614128119492499e+00
3.915614128119492499e+00
3.588743701229484717e+00
3.588743701229484717e+00
3.632666137877563983e+00
3.632666137877563983e+00
3.632666137877563983e+00
3.925199650171926624e+00
3.925199650171926624e+00
3.228633582235930888e+00
3.228633582235930888e+00
3.228633582235930888e+00
3.471805685094011551e+00
3.471805685094011551e+00
3.445788792559383307e+00
3.445788792559383307e+00
3.426092692589027600e+00
3.426092692589027600e+00
3.265346677467474645e+00
3.265346677467474645e+00
3.285433201184952079e+00
3.285433201184952079e+00
3.285433201184952079e+00
3.202333974539987693e+00
3.202333974539987693e+00
3.153026412168815629e+00
3.153026412168815629e+00
3.258642197460061674e+00
3.258642197460061674e+00
3.258642197460061674e+00
3.164961198552386001e+00
3.164961198552386001e+00
3.403360731226717562e+00
3.403360731226717562e+00
3.193253306668882185e+00
3.193253306668882185e+00
3.193253306668882185e+00
3.132529277475642804e+00
3.132529277475642804e+00
3.112207156585770296e+00
3.112207156585770296e+00
3.112738934299654314e+00
3.112738934299654314e+00
3.112738934299654314e+00
3.104459301151366812e+00
3.104459301151366812e+00
3.104459301151366812e+00
3.103025516432840636e+00
3.103025516432840636e+00
3.101120522913938249e+00
3.101120522913938249e+00
3.102756259423906648e+00
3.102756259423906648e+00
3.102756259423906648e+00
3.104412183162446492e+00
3.104412183162446492e+00
3.105179565276518616e+00
3.105179565276518616e+00
3.105179565276518616e+00
3.104890113811220154e+00
3.104890113811220154e+00
3.104822801365934914e+00
3.104822801365934914e+00
3.104654516638825523e+00
3.104654516638825523e+00
3.105098787451058939e+00
3.105872898641321989e+00
3.105872898641321989e+00
3.105745002826941992e+00
3.105745002826941992e+00
3.105745002826941992e+00
3.105065127614519582e+00
3.105065127614519582e+00
3.104755488920649675e+00
3.104755488920649675e+00
3.105172836200328579e+00
3.105172836200328579e+00
3.106074843204970737e+00
3.106074843204970737e+00
3.105946947390591184e+00
3.105946947390591184e+00
3.105092058374868902e+00
3.105092058374868902e+00
3.105092058374868902e+00
