2.622604370117187500e-06
7.754325866699218750e-03
1.437449455261230469e-02
2.110815048217773438e-02
2.807331085205078125e-02
3.487062454223632812e-02
4.182171821594238281e-02
5.272197723388671875e-02
5.755567550659179688e-02
6.264567375183105469e-02
6.760954856872558594e-02
7.239532470703125000e-02
7.747769355773925781e-02
8.273434638977050781e-02
8.730435371398925781e-02
9.206986427307128906e-02
9.650945663452148438e-02
1.015129089355468750e-01
1.062927246093750000e-01
1.116459369659423828e-01
1.168723106384277344e-01
1.221852302551269531e-01
1.263985633850097656e-01
1.313610076904296875e-01
1.365976333618164062e-01
1.416482925415039062e-01
1.470091342926025391e-01
1.532027721405029297e-01
1.573076248168945312e-01
1.621973514556884766e-01
1.673774719238281250e-01
1.723334789276123047e-01
1.777300834655761719e-01
1.836771965026855469e-01
1.887919902801513672e-01
1.938948631286621094e-01
1.990115642547607422e-01
2.035923004150390625e-01
2.087371349334716797e-01
2.146158218383789062e-01
2.209835052490234375e-01
2.259030342102050781e-01
2.306685447692871094e-01
2.367086410522460938e-01
2.417700290679931641e-01
2.468075752258300781e-01
2.515504360198974609e-01
2.564947605133056641e-01
2.617940902709960938e-01
2.668030261993408203e-01
2.714829444885253906e-01
2.767271995544433594e-01
2.840235233306884766e-01
2.893681526184082031e-01
2.945337295532226562e-01
2.995467185974121094e-01
3.046679496765136719e-01
3.094985485076904297e-01
3.151376247406005859e-01
3.197031021118164062e-01
3.247790336608886719e-01
3.294250965118408203e-01
3.345217704772949219e-01
3.398675918579101562e-01
3.451056480407714844e-01
3.502357006072998047e-01
3.553037643432617188e-01
3.603153228759765625e-01
3.656485080718994141e-01
3.707864284515380859e-01
3.759715557098388672e-01
3.804271221160888672e-01
3.852965831756591797e-01
3.902406692504882812e-01
3.952867984771728516e-01
4.008626937866210938e-01
4.054715633392333984e-01
4.096016883850097656e-01
4.156935214996337891e-01
4.205424785614013672e-01
4.256758689880371094e-01
4.306688308715820312e-01
4.357247352600097656e-01
4.406492710113525391e-01
4.457960128784179688e-01
4.505062103271484375e-01
4.555737972259521484e-01
4.610238075256347656e-01
4.654901027679443359e-01
4.705963134765625000e-01
4.755959510803222656e-01
4.807188510894775391e-01
4.859962463378906250e-01
4.909439086914062500e-01
4.960052967071533203e-01
5.010433197021484375e-01
5.059235095977783203e-01
5.106277465820312500e-01
5.176084041595458984e-01
5.223453044891357422e-01
5.274746417999267578e-01
5.326945781707763672e-01
5.375862121582031250e-01
5.425446033477783203e-01
5.515658855438232422e-01
5.566327571868896484e-01
5.618138313293457031e-01
5.671024322509765625e-01
5.724034309387207031e-01
5.773305892944335938e-01
5.824928283691406250e-01
5.877523422241210938e-01
5.927329063415527344e-01
5.975158214569091797e-01
6.028089523315429688e-01
6.079800128936767578e-01
6.129395961761474609e-01
6.181285381317138672e-01
6.228156089782714844e-01
6.276028156280517578e-01
6.322712898254394531e-01
6.375133991241455078e-01
6.426081657409667969e-01
6.477146148681640625e-01
6.555595397949218750e-01
6.603689193725585938e-01
6.642525196075439453e-01
6.696848869323730469e-01
6.748864650726318359e-01
6.805257797241210938e-01
6.848928928375244141e-01
6.895134449005126953e-01
6.942074298858642578e-01
6.984498500823974609e-01
7.034199237823486328e-01
7.085635662078857422e-01
7.154903411865234375e-01
7.210893630981445312e-01
7.263801097869873047e-01
7.316207885742187500e-01
7.363891601562500000e-01
7.414309978485107422e-01
7.464327812194824219e-01
7.507314682006835938e-01
7.558691501617431641e-01
7.614865303039550781e-01
7.666070461273193359e-01
7.717418670654296875e-01
7.763471603393554688e-01
7.817270755767822266e-01
7.870111465454101562e-01
7.920229434967041016e-01
7.969665527343750000e-01
8.016397953033447266e-01
8.066310882568359375e-01
8.116087913513183594e-01
8.185751438140869141e-01
8.237018585205078125e-01
8.293449878692626953e-01
8.344311714172363281e-01
8.394351005554199219e-01
8.442649841308593750e-01
8.514540195465087891e-01
8.554186820983886719e-01
8.607382774353027344e-01
8.647663593292236328e-01
8.698303699493408203e-01
8.749196529388427734e-01
8.800384998321533203e-01
8.854665756225585938e-01
8.906776905059814453e-01
8.954210281372070312e-01
9.002707004547119141e-01
9.052462577819824219e-01
9.099931716918945312e-01
9.159517288208007812e-01
9.209742546081542969e-01
9.256298542022705078e-01
9.310693740844726562e-01
9.352431297302246094e-01
9.404733180999755859e-01
9.456782341003417969e-01
9.516482353210449219e-01
9.563858509063720703e-01
9.612357616424560547e-01
9.665830135345458984e-01
9.715337753295898438e-01
9.764652252197265625e-01
9.821138381958007812e-01
9.877741336822509766e-01
9.929947853088378906e-01
9.987242221832275391e-01
1.003624439239501953e+00
1.008821725845336914e+00
1.015611648559570312e+00
1.020628690719604492e+00
1.025507688522338867e+00
1.030233383178710938e+00
1.035593748092651367e+00
1.040653467178344727e+00
1.045939445495605469e+00
1.052850484848022461e+00
1.057760953903198242e+00
1.062392950057983398e+00
1.067510366439819336e+00
1.072578430175781250e+00
1.077595949172973633e+00
1.082550048828125000e+00
1.087323427200317383e+00
1.092761516571044922e+00
1.097884654998779297e+00
1.102467060089111328e+00
1.107363700866699219e+00
1.112689733505249023e+00
1.117706775665283203e+00
1.122816085815429688e+00
1.127994775772094727e+00
1.132858276367187500e+00
1.137512683868408203e+00
1.142411708831787109e+00
1.150856256484985352e+00
1.155729055404663086e+00
1.160931110382080078e+00
1.165981531143188477e+00
1.170915842056274414e+00
1.175507545471191406e+00
1.180432319641113281e+00
1.185327529907226562e+00
1.190526723861694336e+00
1.195321798324584961e+00
1.200252056121826172e+00
1.205176353454589844e+00
1.209954738616943359e+00
1.216927766799926758e+00
1.222064495086669922e+00
1.226940870285034180e+00
1.231750726699829102e+00
1.236454725265502930e+00
1.241434574127197266e+00
1.246469497680664062e+00
1.251335859298706055e+00
1.256568908691406250e+00
1.261828899383544922e+00
1.266864061355590820e+00
1.271724700927734375e+00
1.277369022369384766e+00
1.283981323242187500e+00
1.288372993469238281e+00
1.293338775634765625e+00
1.298505783081054688e+00
1.303528308868408203e+00
1.308639287948608398e+00
1.314030885696411133e+00
1.319603681564331055e+00
1.325065374374389648e+00
1.330018997192382812e+00
1.334923982620239258e+00
1.339962720870971680e+00
1.344854116439819336e+00
1.350258588790893555e+00
1.355411767959594727e+00
1.360466241836547852e+00
1.365542650222778320e+00
1.370566844940185547e+00
1.375724077224731445e+00
1.381527900695800781e+00
1.386746644973754883e+00
1.392650365829467773e+00
1.397981882095336914e+00
1.403365850448608398e+00
1.408408403396606445e+00
1.415892839431762695e+00
1.421072483062744141e+00
1.426378011703491211e+00
1.431315183639526367e+00
1.436312913894653320e+00
1.441264867782592773e+00
1.446305990219116211e+00
1.452968358993530273e+00
1.458180189132690430e+00
1.463324069976806641e+00
1.468253374099731445e+00
1.473666429519653320e+00
1.478653430938720703e+00
1.483743667602539062e+00
1.489886283874511719e+00
1.494694709777832031e+00
1.499521493911743164e+00
1.504843473434448242e+00
1.510096073150634766e+00
1.515862941741943359e+00
1.520900249481201172e+00
1.525723934173583984e+00
1.530636310577392578e+00
1.535462856292724609e+00
1.540541887283325195e+00
1.545622348785400391e+00
1.553524494171142578e+00
1.558884382247924805e+00
1.563624382019042969e+00
1.568689823150634766e+00
1.573879957199096680e+00
1.579076290130615234e+00
1.583607196807861328e+00
1.587750196456909180e+00
1.592279195785522461e+00
1.596514940261840820e+00
1.601448535919189453e+00
1.606585502624511719e+00
1.611863613128662109e+00
1.618459463119506836e+00
1.623539686203002930e+00
1.628668069839477539e+00
1.633327722549438477e+00
1.638415336608886719e+00
1.643433570861816406e+00
1.652297258377075195e+00
1.657520294189453125e+00
1.662295579910278320e+00
1.666581869125366211e+00
1.671347379684448242e+00
1.676621437072753906e+00
1.684250116348266602e+00
1.689429521560668945e+00
1.694654464721679688e+00
1.699753522872924805e+00
1.704881906509399414e+00
1.709766387939453125e+00
1.716285705566406250e+00
1.721264839172363281e+00
1.726197242736816406e+00
1.732012033462524414e+00
1.736398696899414062e+00
1.740805864334106445e+00
1.745853424072265625e+00
1.750977039337158203e+00
1.756348848342895508e+00
1.761488437652587891e+00
1.766305208206176758e+00
1.771227359771728516e+00
1.776312589645385742e+00
1.782510042190551758e+00
1.787698507308959961e+00
1.792863130569458008e+00
1.797873497009277344e+00
1.802576303482055664e+00
1.807366847991943359e+00
1.812199592590332031e+00
1.818206548690795898e+00
1.823679447174072266e+00
1.828824281692504883e+00
1.833507299423217773e+00
1.838250160217285156e+00
1.843602180480957031e+00
1.849806070327758789e+00
1.854260683059692383e+00
1.859235286712646484e+00
1.864779233932495117e+00
1.869992733001708984e+00
1.874856710433959961e+00
1.879596233367919922e+00
1.885535478591918945e+00
1.890513420104980469e+00
1.895723581314086914e+00
1.901161909103393555e+00
1.905596256256103516e+00
1.910306930541992188e+00
1.916926145553588867e+00
1.921241283416748047e+00
1.926362037658691406e+00
1.931534051895141602e+00
1.936283111572265625e+00
1.941252470016479492e+00
1.947968959808349609e+00
1.953770399093627930e+00
1.959017038345336914e+00
1.964198589324951172e+00
1.969454050064086914e+00
1.974305629730224609e+00
1.979391336441040039e+00
1.985472440719604492e+00
1.990538358688354492e+00
1.995578527450561523e+00
2.000419616699218750e+00
2.005408048629760742e+00
2.010470628738403320e+00
2.017466545104980469e+00
2.022215366363525391e+00
2.027362108230590820e+00
2.032659530639648438e+00
2.037664413452148438e+00
2.042693614959716797e+00
2.050396919250488281e+00
2.055395364761352539e+00
2.060664653778076172e+00
2.066285848617553711e+00
2.071473121643066406e+00
2.076714992523193359e+00
2.082170009613037109e+00
2.087345361709594727e+00
2.092518806457519531e+00
2.097305059432983398e+00
2.102664709091186523e+00
2.107502460479736328e+00
2.112498044967651367e+00
2.118033170700073242e+00
2.122809171676635742e+00
2.128329515457153320e+00
2.133346319198608398e+00
2.138202190399169922e+00
2.143577098846435547e+00
2.152616739273071289e+00
2.157527923583984375e+00
2.162885427474975586e+00
2.167509555816650391e+00
2.172290802001953125e+00
2.177039623260498047e+00
2.183174610137939453e+00
2.188345670700073242e+00
2.193464517593383789e+00
2.198673725128173828e+00
2.203962087631225586e+00
2.208665847778320312e+00
2.218503713607788086e+00
2.225411891937255859e+00
2.229881286621093750e+00
2.234326124191284180e+00
2.239393711090087891e+00
2.244404315948486328e+00
2.249219179153442383e+00
2.254360914230346680e+00
2.260742902755737305e+00
2.265419721603393555e+00
2.271909236907958984e+00
2.276711702346801758e+00
2.283431529998779297e+00
2.289855003356933594e+00
2.293611764907836914e+00
2.297625064849853516e+00
2.301435708999633789e+00
2.305466651916503906e+00
2.309331417083740234e+00
2.312229871749877930e+00
2.316537618637084961e+00
2.320148468017578125e+00
2.323587894439697266e+00
2.328212738037109375e+00
2.332106590270996094e+00
2.336250543594360352e+00
2.340399742126464844e+00
2.345282554626464844e+00
2.349751234054565430e+00
2.354297637939453125e+00
2.358242750167846680e+00
2.361952781677246094e+00
2.365535020828247070e+00
2.370257377624511719e+00
2.375291585922241211e+00
2.378387212753295898e+00
2.383197784423828125e+00
2.386828660964965820e+00
2.391241073608398438e+00
2.395283222198486328e+00
2.400292396545410156e+00
2.405586004257202148e+00
2.409674406051635742e+00
2.413381576538085938e+00
2.419222831726074219e+00
2.423226833343505859e+00
2.428131580352783203e+00
2.432418346405029297e+00
2.436619281768798828e+00
2.440799713134765625e+00
2.444388151168823242e+00
2.449396133422851562e+00
2.453219652175903320e+00
2.457351684570312500e+00
2.462290763854980469e+00
2.467300176620483398e+00
2.472269058227539062e+00
2.476335525512695312e+00
2.481594562530517578e+00
2.486289024353027344e+00
2.490460872650146484e+00
2.494710206985473633e+00
2.498754739761352539e+00
2.502350091934204102e+00
2.506190538406372070e+00
2.510297775268554688e+00
2.514590263366699219e+00
2.519417762756347656e+00
2.522781848907470703e+00
2.526921510696411133e+00
2.530517101287841797e+00
2.534168004989624023e+00
2.537911891937255859e+00
2.541449785232543945e+00
2.545352220535278320e+00
2.553370714187622070e+00
2.557475805282592773e+00
2.561476707458496094e+00
2.565453529357910156e+00
2.569366455078125000e+00
2.573158502578735352e+00
2.577235221862792969e+00
2.581217050552368164e+00
2.585415601730346680e+00
2.589161157608032227e+00
2.592668771743774414e+00
2.596722602844238281e+00
2.600670337677001953e+00
2.604156494140625000e+00
2.607953310012817383e+00
2.612301349639892578e+00
2.616394042968750000e+00
2.620720624923706055e+00
2.624457597732543945e+00
2.628124237060546875e+00
2.632208585739135742e+00
2.636214494705200195e+00
2.639390945434570312e+00
2.643411636352539062e+00
2.647327899932861328e+00
2.651532649993896484e+00
2.655481576919555664e+00
2.659155368804931641e+00
2.663186550140380859e+00
2.667176246643066406e+00
2.670700073242187500e+00
2.675249099731445312e+00
2.679026126861572266e+00
2.684435606002807617e+00
2.688416957855224609e+00
2.692274093627929688e+00
2.695923566818237305e+00
2.699131488800048828e+00
2.702280282974243164e+00
2.705388784408569336e+00
2.708401203155517578e+00
2.711897850036621094e+00
2.715922355651855469e+00
2.720276117324829102e+00
2.724315881729125977e+00
2.727791786193847656e+00
2.731378793716430664e+00
2.735580205917358398e+00
2.739645957946777344e+00
2.743558645248413086e+00
2.747998714447021484e+00
2.751519441604614258e+00
2.755215167999267578e+00
2.758751392364501953e+00
2.762505054473876953e+00
2.766369104385375977e+00
2.770331859588623047e+00
2.774458408355712891e+00
2.778420686721801758e+00
2.783321380615234375e+00
2.787851810455322266e+00
2.792256832122802734e+00
2.795905351638793945e+00
2.799906730651855469e+00
2.804196834564208984e+00
2.808415651321411133e+00
2.812200784683227539e+00
2.817257404327392578e+00
2.822239637374877930e+00
2.826186656951904297e+00
2.830168247222900391e+00
2.834184408187866211e+00
2.838228940963745117e+00
2.841917991638183594e+00
2.845688104629516602e+00
2.850500106811523438e+00
2.855204582214355469e+00
2.859427690505981445e+00
2.863615751266479492e+00
2.868266344070434570e+00
2.873282909393310547e+00
2.878267049789428711e+00
2.883194446563720703e+00
2.887570142745971680e+00
2.891997337341308594e+00
2.895715951919555664e+00
2.900284528732299805e+00
2.905194520950317383e+00
2.909173250198364258e+00
2.912708759307861328e+00
2.918282985687255859e+00
2.923269271850585938e+00
2.928307294845581055e+00
2.932571649551391602e+00
2.936717271804809570e+00
2.940574407577514648e+00
2.945285558700561523e+00
2.950622320175170898e+00
2.955275058746337891e+00
2.960271835327148438e+00
2.965234279632568359e+00
2.970285654067993164e+00
2.974385738372802734e+00
2.978419303894042969e+00
2.983761072158813477e+00
2.987689495086669922e+00
2.991667985916137695e+00
2.995291233062744141e+00
2.999376535415649414e+00
3.003495931625366211e+00
3.008316278457641602e+00
3.012557268142700195e+00
3.018127679824829102e+00
3.022233724594116211e+00
3.026411294937133789e+00
3.031285285949707031e+00
3.036287307739257812e+00
3.041254758834838867e+00
3.045570850372314453e+00
3.052278995513916016e+00
3.056298255920410156e+00
3.061047792434692383e+00
3.064602136611938477e+00
3.069249153137207031e+00
3.073701381683349609e+00
3.077610731124877930e+00
3.081505298614501953e+00
3.085103273391723633e+00
3.088500022888183594e+00
3.092294454574584961e+00
3.097221374511718750e+00
3.102187871932983398e+00
3.106186389923095703e+00
3.110195636749267578e+00
3.114360809326171875e+00
3.118717432022094727e+00
3.123215198516845703e+00
3.128269910812377930e+00
3.133261919021606445e+00
3.137628316879272461e+00
3.142482757568359375e+00
3.147084474563598633e+00
3.153944015502929688e+00
3.157457828521728516e+00
3.162257671356201172e+00
3.166437387466430664e+00
3.171276569366455078e+00
3.175082206726074219e+00
3.178102016448974609e+00
3.181955814361572266e+00
3.186189889907836914e+00
3.190213918685913086e+00
3.194129467010498047e+00
3.198156595230102539e+00
3.201508760452270508e+00
3.206438779830932617e+00
3.211331844329833984e+00
3.217767953872680664e+00
3.221318960189819336e+00
3.225680828094482422e+00
3.229496955871582031e+00
3.233566045761108398e+00
3.237511157989501953e+00
3.241432428359985352e+00
3.245167970657348633e+00
3.250784635543823242e+00
3.255281686782836914e+00
3.260316848754882812e+00
3.264702081680297852e+00
3.268512487411499023e+00
3.272393941879272461e+00
3.276371955871582031e+00
3.280230760574340820e+00
3.284757614135742188e+00
3.288400411605834961e+00
3.291880130767822266e+00
3.295457839965820312e+00
3.299448728561401367e+00
3.303435802459716797e+00
3.307195186614990234e+00
3.310665369033813477e+00
3.318041324615478516e+00
3.322249650955200195e+00
3.326214075088500977e+00
3.330413818359375000e+00
3.334453821182250977e+00
3.338873863220214844e+00
3.343338966369628906e+00
3.347689390182495117e+00
3.353009700775146484e+00
3.357241630554199219e+00
3.362252950668334961e+00
3.367285013198852539e+00
3.372239828109741211e+00
3.376432180404663086e+00
3.380355358123779297e+00
3.385371446609497070e+00
3.389278411865234375e+00
3.393416881561279297e+00
3.396888256072998047e+00
3.400716304779052734e+00
3.404550552368164062e+00
3.408705234527587891e+00
3.412769317626953125e+00
3.417254209518432617e+00
3.421420574188232422e+00
3.426291704177856445e+00
3.430444240570068359e+00
3.434445381164550781e+00
3.438359260559082031e+00
3.442657709121704102e+00
3.445727586746215820e+00
3.450392007827758789e+00
3.454667091369628906e+00
3.458640813827514648e+00
3.462136745452880859e+00
3.465669393539428711e+00
3.469330072402954102e+00
3.473450422286987305e+00
3.477361679077148438e+00
3.481621980667114258e+00
3.487329006195068359e+00
3.491149187088012695e+00
3.494634389877319336e+00
3.499117136001586914e+00
3.502686500549316406e+00
3.507276296615600586e+00
3.512145280838012695e+00
3.518175601959228516e+00
3.522281885147094727e+00
3.526613712310791016e+00
3.530505418777465820e+00
3.534180164337158203e+00
3.538412094116210938e+00
3.543261528015136719e+00
3.548967599868774414e+00
3.552941560745239258e+00
3.556830883026123047e+00
3.561274528503417969e+00
3.565443038940429688e+00
3.569413185119628906e+00
3.573610544204711914e+00
3.577334642410278320e+00
3.582000732421875000e+00
3.585913896560668945e+00
3.589673519134521484e+00
3.594252347946166992e+00
3.598154306411743164e+00
3.602835416793823242e+00
3.607275962829589844e+00
3.612259626388549805e+00
3.618240833282470703e+00
3.621887445449829102e+00
3.626234054565429688e+00
3.630680561065673828e+00
3.634665250778198242e+00
3.638316869735717773e+00
3.642349004745483398e+00
3.646376132965087891e+00
3.651884317398071289e+00
3.655658960342407227e+00
3.660156726837158203e+00
3.664158105850219727e+00
3.668275117874145508e+00
3.673239469528198242e+00
3.678310871124267578e+00
3.684211254119873047e+00
3.688601255416870117e+00
3.692713975906372070e+00
3.696323394775390625e+00
3.700239896774291992e+00
3.705270528793334961e+00
3.710215091705322266e+00
3.714735031127929688e+00
3.719843864440917969e+00
3.723349571228027344e+00
3.727250099182128906e+00
3.731413602828979492e+00
3.735850095748901367e+00
3.739664793014526367e+00
3.743645668029785156e+00
3.748316287994384766e+00
3.753192663192749023e+00
3.757237434387207031e+00
3.760725498199462891e+00
3.763718843460083008e+00
3.767502069473266602e+00
3.771457433700561523e+00
3.774755954742431641e+00
3.778860330581665039e+00
3.783723831176757812e+00
3.787602901458740234e+00
3.790875196456909180e+00
3.795325517654418945e+00
3.800221204757690430e+00
3.804275512695312500e+00
3.808501005172729492e+00
3.813977241516113281e+00
3.819424867630004883e+00
3.823238849639892578e+00
3.827655076980590820e+00
3.831475019454956055e+00
3.834857702255249023e+00
3.838675498962402344e+00
3.841884374618530273e+00
3.845467329025268555e+00
3.850610971450805664e+00
3.854318141937255859e+00
3.858151674270629883e+00
3.861668825149536133e+00
3.865368366241455078e+00
3.868988275527954102e+00
3.872699737548828125e+00
3.876865386962890625e+00
3.880814313888549805e+00
3.888892889022827148e+00
3.892415761947631836e+00
3.895724296569824219e+00
3.899113655090332031e+00
3.902789592742919922e+00
3.907211065292358398e+00
3.910351276397705078e+00
3.913361310958862305e+00
3.917180061340332031e+00
3.920670032501220703e+00
3.924113273620605469e+00
3.927913427352905273e+00
3.931892633438110352e+00
3.936294555664062500e+00
3.941180944442749023e+00
3.945147037506103516e+00
3.949405908584594727e+00
3.953347444534301758e+00
3.957473516464233398e+00
3.960924148559570312e+00
3.964680671691894531e+00
3.968496084213256836e+00
3.972130060195922852e+00
3.975649118423461914e+00
3.979423046112060547e+00
3.985699892044067383e+00
3.990256547927856445e+00
3.994929075241088867e+00
3.999121189117431641e+00
4.002674341201782227e+00
4.006363630294799805e+00
4.010330915451049805e+00
4.014600992202758789e+00
4.019571065902709961e+00
4.023498773574829102e+00
4.027407407760620117e+00
4.032413005828857422e+00
4.037285804748535156e+00
4.041366577148437500e+00
4.046285390853881836e+00
4.052690029144287109e+00
4.056609153747558594e+00
4.060428619384765625e+00
4.064144372940063477e+00
4.067681312561035156e+00
4.071394205093383789e+00
4.076295614242553711e+00
4.080396413803100586e+00
4.084949016571044922e+00
4.088662385940551758e+00
4.093254566192626953e+00
4.097432374954223633e+00
4.101357698440551758e+00
4.105503797531127930e+00
4.109763145446777344e+00
4.114888906478881836e+00
4.119156837463378906e+00
4.122783422470092773e+00
4.126639127731323242e+00
4.130517721176147461e+00
4.134359836578369141e+00
4.139260768890380859e+00
4.144277572631835938e+00
4.149239540100097656e+00
4.154267072677612305e+00
4.159140825271606445e+00
4.162898540496826172e+00
4.167240142822265625e+00
4.171604156494140625e+00
4.175899982452392578e+00
4.179573774337768555e+00
4.184603452682495117e+00
4.187726497650146484e+00
4.191646814346313477e+00
4.195463895797729492e+00
4.200325727462768555e+00
4.205201625823974609e+00
4.209229469299316406e+00
4.213544607162475586e+00
4.218731880187988281e+00
4.223007678985595703e+00
4.226877689361572266e+00
4.230934381484985352e+00
4.235241174697875977e+00
4.239250183105468750e+00
4.243708848953247070e+00
4.247433423995971680e+00
4.253247499465942383e+00
4.257487058639526367e+00
4.261367082595825195e+00
4.265115499496459961e+00
4.268691539764404297e+00
4.272705316543579102e+00
4.276630401611328125e+00
4.280741453170776367e+00
4.285620927810668945e+00
4.289121150970458984e+00
4.293386220932006836e+00
4.297373294830322266e+00
4.301304578781127930e+00
4.305536031723022461e+00
4.309742689132690430e+00
4.314164161682128906e+00
4.320168733596801758e+00
4.324259996414184570e+00
4.328693151473999023e+00
4.332214593887329102e+00
4.335884332656860352e+00
4.339513778686523438e+00
4.344153404235839844e+00
4.348550081253051758e+00
4.354126453399658203e+00
4.358225584030151367e+00
4.363228797912597656e+00
4.367170810699462891e+00
4.371172904968261719e+00
4.374868154525756836e+00
4.378059864044189453e+00
4.381448984146118164e+00
4.385410547256469727e+00
4.389219284057617188e+00
4.392853498458862305e+00
4.396252393722534180e+00
4.400680065155029297e+00
4.404315948486328125e+00
4.408718347549438477e+00
4.412375926971435547e+00
4.416408061981201172e+00
4.420171976089477539e+00
4.423900365829467773e+00
4.427114009857177734e+00
4.430286884307861328e+00
4.434647798538208008e+00
4.438305139541625977e+00
4.442348957061767578e+00
4.446482181549072266e+00
4.451151371002197266e+00
4.454359769821166992e+00
4.458203315734863281e+00
4.462114334106445312e+00
4.466587305068969727e+00
4.471140146255493164e+00
4.475269794464111328e+00
4.479394197463989258e+00
4.484293937683105469e+00
4.489315271377563477e+00
4.493198156356811523e+00
4.497369050979614258e+00
4.501565217971801758e+00
4.506407022476196289e+00
4.510396480560302734e+00
4.514310121536254883e+00
4.518319606781005859e+00
4.521885871887207031e+00
4.525101900100708008e+00
4.527683734893798828e+00
4.531452894210815430e+00
4.535413265228271484e+00
4.539168834686279297e+00
4.542922973632812500e+00
4.547084808349609375e+00
4.551260709762573242e+00
4.555126905441284180e+00
4.558629035949707031e+00
4.563808441162109375e+00
4.567349433898925781e+00
4.571386575698852539e+00
4.576183080673217773e+00
4.579853534698486328e+00
4.583707094192504883e+00
4.587086439132690430e+00
4.591192483901977539e+00
4.595196247100830078e+00
4.599446058273315430e+00
4.603080511093139648e+00
4.606865644454956055e+00
4.610650062561035156e+00
4.614748716354370117e+00
4.619756698608398438e+00
4.624198675155639648e+00
4.628415822982788086e+00
4.632858037948608398e+00
4.636238098144531250e+00
4.640233278274536133e+00
4.643870115280151367e+00
4.647888660430908203e+00
4.652222871780395508e+00
4.656430959701538086e+00
4.659837245941162109e+00
4.663655757904052734e+00
4.668255567550659180e+00
4.672153949737548828e+00
4.676306486129760742e+00
4.680244684219360352e+00
4.684444665908813477e+00
4.687366247177124023e+00
4.691390275955200195e+00
4.695256948471069336e+00
4.700254678726196289e+00
4.704547643661499023e+00
4.708942651748657227e+00
4.713244915008544922e+00
4.718412876129150391e+00
4.722446441650390625e+00
4.726151227951049805e+00
4.729921102523803711e+00
4.734428405761718750e+00
4.738427877426147461e+00
4.742155790328979492e+00
4.746468544006347656e+00
4.750827550888061523e+00
4.754343509674072266e+00
4.758419513702392578e+00
4.762419462203979492e+00
4.766601324081420898e+00
4.770569801330566406e+00
4.775172472000122070e+00
4.778826236724853516e+00
4.783078432083129883e+00
4.787137985229492188e+00
4.790599346160888672e+00
4.794279336929321289e+00
4.798054456710815430e+00
4.802152156829833984e+00
4.806223869323730469e+00
4.810448884963989258e+00
4.814440727233886719e+00
4.819770336151123047e+00
4.823911905288696289e+00
4.827678442001342773e+00
4.831203699111938477e+00
4.835109949111938477e+00
4.839193344116210938e+00
4.842940568923950195e+00
4.846993923187255859e+00
4.853407144546508789e+00
4.857117176055908203e+00
4.860898017883300781e+00
4.864229917526245117e+00
4.868172407150268555e+00
4.871883869171142578e+00
4.876285314559936523e+00
4.881142616271972656e+00
4.887867689132690430e+00
4.891394853591918945e+00
4.895242452621459961e+00
4.900744915008544922e+00
4.904215812683105469e+00
4.908208847045898438e+00
4.912638664245605469e+00
4.917207479476928711e+00
4.921588182449340820e+00
4.925753355026245117e+00
4.930145025253295898e+00
4.934178590774536133e+00
4.938132286071777344e+00
4.941946744918823242e+00
4.945940256118774414e+00
4.949759721755981445e+00
4.953304529190063477e+00
4.957102537155151367e+00
4.960527181625366211e+00
4.964788436889648438e+00
4.968626499176025391e+00
4.972395181655883789e+00
4.976276397705078125e+00
4.980103254318237305e+00
4.986490726470947266e+00
4.990535974502563477e+00
4.994762659072875977e+00
4.998860836029052734e+00
5.002823829650878906e+00
5.007099866867065430e+00
5.010675191879272461e+00
5.014888048171997070e+00
5.019131422042846680e+00
5.022609472274780273e+00
5.027226686477661133e+00
5.032152891159057617e+00
5.036222934722900391e+00
5.040706157684326172e+00
5.044617176055908203e+00
5.048594236373901367e+00
5.053155899047851562e+00
5.057238578796386719e+00
5.061363220214843750e+00
5.065750360488891602e+00
5.070100545883178711e+00
5.074140071868896484e+00
5.077941179275512695e+00
5.081980228424072266e+00
5.085767269134521484e+00
5.089915037155151367e+00
5.094380140304565430e+00
5.099118947982788086e+00
5.103058815002441406e+00
5.107210397720336914e+00
5.110481977462768555e+00
5.114440441131591797e+00
5.119353532791137695e+00
5.123439550399780273e+00
5.127512216567993164e+00
5.132290601730346680e+00
5.136620044708251953e+00
5.140671968460083008e+00
5.144431352615356445e+00
5.148603439331054688e+00
5.153679370880126953e+00
5.157637834548950195e+00
5.162147283554077148e+00
5.166532516479492188e+00
5.171097755432128906e+00
5.175410747528076172e+00
5.179766178131103516e+00
5.184887170791625977e+00
5.188239336013793945e+00
5.192504405975341797e+00
5.196254014968872070e+00
5.200447797775268555e+00
5.204438447952270508e+00
5.208447217941284180e+00
5.212160110473632812e+00
5.216427326202392578e+00
5.219829320907592773e+00
5.223389625549316406e+00
5.227396011352539062e+00
5.231563568115234375e+00
5.236278295516967773e+00
5.240656852722167969e+00
5.244752168655395508e+00
5.248879909515380859e+00
5.253105640411376953e+00
5.256150007247924805e+00
5.259363651275634766e+00
5.264252424240112305e+00
5.268671035766601562e+00
5.272462606430053711e+00
5.276158571243286133e+00
5.279492616653442383e+00
5.283758640289306641e+00
5.287657737731933594e+00
5.291692256927490234e+00
5.295688629150390625e+00
5.300236701965332031e+00
5.304408311843872070e+00
5.308371782302856445e+00
5.312618494033813477e+00
5.317683935165405273e+00
5.321592330932617188e+00
5.325640916824340820e+00
5.331434249877929688e+00
5.334857463836669922e+00
5.338853836059570312e+00
5.343125343322753906e+00
5.347138404846191406e+00
5.352254629135131836e+00
5.356720685958862305e+00
5.360503196716308594e+00
5.364688873291015625e+00
5.369226932525634766e+00
5.374252080917358398e+00
5.378720045089721680e+00
5.386286258697509766e+00
5.390545606613159180e+00
5.394139766693115234e+00
5.398206472396850586e+00
5.403231859207153320e+00
5.407845497131347656e+00
5.412255764007568359e+00
5.417107820510864258e+00
5.421381711959838867e+00
5.425712347030639648e+00
5.429641485214233398e+00
5.434190511703491211e+00
5.438185691833496094e+00
5.442355871200561523e+00
5.446029424667358398e+00
5.449484586715698242e+00
5.453213691711425781e+00
5.457111120223999023e+00
5.460750579833984375e+00
5.464689970016479492e+00
5.468214750289916992e+00
5.471348524093627930e+00
5.474673509597778320e+00
5.478094816207885742e+00
5.480818986892700195e+00
5.484385728836059570e+00
5.488249540328979492e+00
5.493231296539306641e+00
5.498903512954711914e+00
5.502342939376831055e+00
5.506224155426025391e+00
5.510173559188842773e+00
5.514109134674072266e+00
5.518117427825927734e+00
5.522128105163574219e+00
5.525883436203002930e+00
5.530332326889038086e+00
5.534494161605834961e+00
5.538131713867187500e+00
5.542240619659423828e+00
5.546956539154052734e+00
5.551732540130615234e+00
5.556082248687744141e+00
5.559881687164306641e+00
5.564115762710571289e+00
5.567888021469116211e+00
5.571906328201293945e+00
5.575655460357666016e+00
5.579398870468139648e+00
5.583373069763183594e+00
5.587177515029907227e+00
5.591189622879028320e+00
5.594831943511962891e+00
5.599206209182739258e+00
5.604262828826904297e+00
5.608439207077026367e+00
5.612622261047363281e+00
5.618292093276977539e+00
5.622424602508544922e+00
5.626556396484375000e+00
5.630711317062377930e+00
5.634675264358520508e+00
5.638769865036010742e+00
5.642966985702514648e+00
5.647183895111083984e+00
5.652124166488647461e+00
5.656260013580322266e+00
5.661144733428955078e+00
5.665715932846069336e+00
5.670212984085083008e+00
5.674207448959350586e+00
5.678444147109985352e+00
5.682352304458618164e+00
5.686831951141357422e+00
5.691215276718139648e+00
5.695432424545288086e+00
5.699327945709228516e+00
5.703053236007690430e+00
5.707140445709228516e+00
5.711134195327758789e+00
5.714882135391235352e+00
5.719115495681762695e+00
5.723119735717773438e+00
5.726495504379272461e+00
5.730768442153930664e+00
5.734606504440307617e+00
5.738341093063354492e+00
5.742332458496093750e+00
5.746303796768188477e+00
5.751545667648315430e+00
5.756244659423828125e+00
5.761402606964111328e+00
5.765704393386840820e+00
5.770237684249877930e+00
5.774290084838867188e+00
5.777878284454345703e+00
5.781923532485961914e+00
5.786213397979736328e+00
5.790578365325927734e+00
5.794870615005493164e+00
5.798842906951904297e+00
5.802831888198852539e+00
5.807064056396484375e+00
5.811082839965820312e+00
5.814807653427124023e+00
5.819154977798461914e+00
5.823409080505371094e+00
5.828196287155151367e+00
5.832107067108154297e+00
5.836364269256591797e+00
5.840125799179077148e+00
5.843622207641601562e+00
5.848206996917724609e+00
5.852198362350463867e+00
5.856431484222412109e+00
5.859752416610717773e+00
5.864359617233276367e+00
5.869210958480834961e+00
5.873163461685180664e+00
5.877342939376831055e+00
5.881862878799438477e+00
5.888520240783691406e+00
5.892474412918090820e+00
5.896188020706176758e+00
5.900653362274169922e+00
5.904360771179199219e+00
5.908566713333129883e+00
5.912423610687255859e+00
5.916326999664306641e+00
5.919844150543212891e+00
5.923341751098632812e+00
5.927398204803466797e+00
5.931221961975097656e+00
5.934339284896850586e+00
5.938116788864135742e+00
5.941651582717895508e+00
5.945055007934570312e+00
5.948819875717163086e+00
5.952129840850830078e+00
5.955637216567993164e+00
5.959284543991088867e+00
5.963247060775756836e+00
5.968256950378417969e+00
5.972988605499267578e+00
5.977163314819335938e+00
5.981168985366821289e+00
5.986160755157470703e+00
5.990134239196777344e+00
5.994281053543090820e+00
5.999254703521728516e+00
6.003620147705078125e+00
6.008266687393188477e+00
6.012580633163452148e+00
6.015837430953979492e+00
6.021698713302612305e+00
6.025835037231445312e+00
6.029511451721191406e+00
6.033697605133056641e+00
6.037506341934204102e+00
6.041692256927490234e+00
6.045562028884887695e+00
6.049499750137329102e+00
6.053321123123168945e+00
6.057116508483886719e+00
6.061156034469604492e+00
6.065178394317626953e+00
6.069509506225585938e+00
6.073105096817016602e+00
6.076802253723144531e+00
6.080430507659912109e+00
6.084090709686279297e+00
6.087090492248535156e+00
6.090080976486206055e+00
6.093660116195678711e+00
6.097735881805419922e+00
6.101660966873168945e+00
6.105213403701782227e+00
6.109196186065673828e+00
6.114217996597290039e+00
6.119689226150512695e+00
6.124177217483520508e+00
6.128209114074707031e+00
6.133398532867431641e+00
6.137328386306762695e+00
6.142213582992553711e+00
6.146790266036987305e+00
6.151739358901977539e+00
6.156176567077636719e+00
6.160262107849121094e+00
6.164520740509033203e+00
6.169215679168701172e+00
6.174381017684936523e+00
6.178099155426025391e+00
6.181444644927978516e+00
6.186309099197387695e+00
6.190655946731567383e+00
6.194261074066162109e+00
6.198222637176513672e+00
6.201824188232421875e+00
6.206149816513061523e+00
6.209942102432250977e+00
6.214106321334838867e+00
6.218737602233886719e+00
6.222839832305908203e+00
6.226598978042602539e+00
6.231724739074707031e+00
6.235066890716552734e+00
6.239567995071411133e+00
6.244094133377075195e+00
6.248772382736206055e+00
6.253139734268188477e+00
6.256638288497924805e+00
6.259910821914672852e+00
6.263399362564086914e+00
6.266867160797119141e+00
6.270660400390625000e+00
6.274801731109619141e+00
6.278611421585083008e+00
6.282310009002685547e+00
6.286449909210205078e+00
6.289833307266235352e+00
6.294228315353393555e+00
6.298537969589233398e+00
6.302358388900756836e+00
6.306123018264770508e+00
6.310079336166381836e+00
6.314015865325927734e+00
6.317675590515136719e+00
6.321405649185180664e+00
6.324787139892578125e+00
6.328116893768310547e+00
6.331677675247192383e+00
6.335363626480102539e+00
6.339368343353271484e+00
6.343373298645019531e+00
6.347125530242919922e+00
6.351756811141967773e+00
6.355510711669921875e+00
6.359504222869873047e+00
6.363493442535400391e+00
6.367575883865356445e+00
6.371421098709106445e+00
6.374851226806640625e+00
6.378084659576416016e+00
6.381406307220458984e+00
6.387215614318847656e+00
6.391353130340576172e+00
6.395216226577758789e+00
6.399411439895629883e+00
6.403076171875000000e+00
6.406590461730957031e+00
6.410360097885131836e+00
6.414103507995605469e+00
6.417456626892089844e+00
6.420441389083862305e+00
6.423604488372802734e+00
6.427284240722656250e+00
6.431316375732421875e+00
6.435415267944335938e+00
6.440224409103393555e+00
6.445253372192382812e+00
6.449688434600830078e+00
6.453755855560302734e+00
6.457361698150634766e+00
6.460841894149780273e+00
6.464963436126708984e+00
6.468213081359863281e+00
6.471067428588867188e+00
6.474675893783569336e+00
6.478195667266845703e+00
6.481729507446289062e+00
6.488699913024902344e+00
6.492636442184448242e+00
6.496596574783325195e+00
6.501245260238647461e+00
6.505567789077758789e+00
6.509521961212158203e+00
6.514063835144042969e+00
6.517294883728027344e+00
6.521193981170654297e+00
6.526221275329589844e+00
6.531120061874389648e+00
6.535062313079833984e+00
6.538787126541137695e+00
6.543225526809692383e+00
6.547362327575683594e+00
6.551947832107543945e+00
6.555631875991821289e+00
6.560213565826416016e+00
6.564729452133178711e+00
6.568599462509155273e+00
6.572180271148681641e+00
6.575810909271240234e+00
6.579474925994873047e+00
6.582469224929809570e+00
6.586821556091308594e+00
6.591236352920532227e+00
6.595581293106079102e+00
6.599332809448242188e+00
6.604269742965698242e+00
6.608514070510864258e+00
6.612363815307617188e+00
6.616288185119628906e+00
6.622169971466064453e+00
6.626199960708618164e+00
6.630676269531250000e+00
6.634690999984741211e+00
6.638372898101806641e+00
6.642611026763916016e+00
6.646105051040649414e+00
6.649845838546752930e+00
6.655134677886962891e+00
6.659146547317504883e+00
6.663182020187377930e+00
6.667843103408813477e+00
6.671430826187133789e+00
6.674806356430053711e+00
6.678336858749389648e+00
6.681922674179077148e+00
6.687200307846069336e+00
6.692120313644409180e+00
6.696179151535034180e+00
6.701159954071044922e+00
6.705533981323242188e+00
6.709575176239013672e+00
6.713299036026000977e+00
6.717108011245727539e+00
6.720672607421875000e+00
6.723348855972290039e+00
6.727530241012573242e+00
6.731703042984008789e+00
6.735495090484619141e+00
6.738897085189819336e+00
6.743282556533813477e+00
6.748253107070922852e+00
6.753737688064575195e+00
6.757661342620849609e+00
6.761483669281005859e+00
6.765624523162841797e+00
6.769548416137695312e+00
6.774070501327514648e+00
6.778069734573364258e+00
6.782427072525024414e+00
6.787297725677490234e+00
6.792242050170898438e+00
6.797186613082885742e+00
6.801441907882690430e+00
6.805745840072631836e+00
6.810187339782714844e+00
6.815155506134033203e+00
6.819607019424438477e+00
6.823888301849365234e+00
6.828097581863403320e+00
6.831577301025390625e+00
6.835235118865966797e+00
6.838879346847534180e+00
6.842835664749145508e+00
6.846817493438720703e+00
6.851173639297485352e+00
6.855320692062377930e+00
6.859441280364990234e+00
6.863350868225097656e+00
6.867321729660034180e+00
6.870812892913818359e+00
6.874714612960815430e+00
6.878769636154174805e+00
6.883177518844604492e+00
6.891212701797485352e+00
6.895157814025878906e+00
6.899213552474975586e+00
6.903568744659423828e+00
6.907396316528320312e+00
6.910635948181152344e+00
6.914044857025146484e+00
6.917087316513061523e+00
6.921226024627685547e+00
6.926217079162597656e+00
6.931153059005737305e+00
6.935450553894042969e+00
6.940310716629028320e+00
6.943812131881713867e+00
6.948204994201660156e+00
6.953188180923461914e+00
6.957236766815185547e+00
6.962230682373046875e+00
6.966670513153076172e+00
6.970611095428466797e+00
6.974471330642700195e+00
6.979228258132934570e+00
6.983482599258422852e+00
6.989887237548828125e+00
6.993553400039672852e+00
6.999697923660278320e+00
7.003801584243774414e+00
7.007985591888427734e+00
7.011491775512695312e+00
7.015344858169555664e+00
7.019744634628295898e+00
7.023765802383422852e+00
7.028244256973266602e+00
7.033213138580322266e+00
7.036906242370605469e+00
7.040650844573974609e+00
7.044523715972900391e+00
7.047796249389648438e+00
7.052613019943237305e+00
7.056218385696411133e+00
7.060645103454589844e+00
7.064640283584594727e+00
7.068619251251220703e+00
7.072447776794433594e+00
7.076853275299072266e+00
7.081394433975219727e+00
7.085809707641601562e+00
7.089690446853637695e+00
7.094160079956054688e+00
7.098316907882690430e+00
7.103251218795776367e+00
7.108056545257568359e+00
7.111763477325439453e+00
7.115281343460083008e+00
7.119050741195678711e+00
7.122340202331542969e+00
7.126323938369750977e+00
7.130089759826660156e+00
7.133852005004882812e+00
7.137093067169189453e+00
7.140872478485107422e+00
7.144538402557373047e+00
7.148145437240600586e+00
7.152220010757446289e+00
7.156244754791259766e+00
7.161424636840820312e+00
7.166067361831665039e+00
7.169876575469970703e+00
7.174291133880615234e+00
7.178453445434570312e+00
7.182657003402709961e+00
7.187313079833984375e+00
7.192231416702270508e+00
7.197279930114746094e+00
7.202184438705444336e+00
7.206450223922729492e+00
7.210442066192626953e+00
7.214104890823364258e+00
7.218131303787231445e+00
7.222107887268066406e+00
7.226096153259277344e+00
7.230567455291748047e+00
7.234248876571655273e+00
7.237382888793945312e+00
7.241179943084716797e+00
7.244537353515625000e+00
7.248109579086303711e+00
7.251108169555664062e+00
7.255084991455078125e+00
7.258411645889282227e+00
7.261817216873168945e+00
7.266088247299194336e+00
7.270259618759155273e+00
7.274288177490234375e+00
7.278068065643310547e+00
7.281655073165893555e+00
7.287101984024047852e+00
7.291307926177978516e+00
7.296138048171997070e+00
7.299788951873779297e+00
7.303065061569213867e+00
7.306451559066772461e+00
7.309418916702270508e+00
7.312486410140991211e+00
7.315450668334960938e+00
7.318989992141723633e+00
7.322618722915649414e+00
7.326659202575683594e+00
7.331098556518554688e+00
7.334840774536132812e+00
7.338147640228271484e+00
7.342396259307861328e+00
7.346464872360229492e+00
7.350836038589477539e+00
7.355674982070922852e+00
7.358843326568603516e+00
7.362314224243164062e+00
7.366643905639648438e+00
7.370200395584106445e+00
7.373852252960205078e+00
7.377444028854370117e+00
7.381504058837890625e+00
7.388692140579223633e+00
7.392736434936523438e+00
7.397229909896850586e+00
7.401094198226928711e+00
7.405125856399536133e+00
7.408531427383422852e+00
7.411905527114868164e+00
7.415426254272460938e+00
7.419191122055053711e+00
7.422875165939331055e+00
7.426371335983276367e+00
7.430720806121826172e+00
7.434878826141357422e+00
7.439245462417602539e+00
7.443710565567016602e+00
7.448701381683349609e+00
7.453228712081909180e+00
7.457521915435791016e+00
7.461660146713256836e+00
7.466074705123901367e+00
7.470124721527099609e+00
7.474384307861328125e+00
7.478385210037231445e+00
7.482212543487548828e+00
7.488628149032592773e+00
7.493219137191772461e+00
7.497215032577514648e+00
7.501784563064575195e+00
7.505796670913696289e+00
7.509516477584838867e+00
7.513177633285522461e+00
7.516449451446533203e+00
7.520693540573120117e+00
7.524181365966796875e+00
7.529193639755249023e+00
7.534174680709838867e+00
7.538484811782836914e+00
7.542791604995727539e+00
7.546612739562988281e+00
7.550652027130126953e+00
7.554795026779174805e+00
7.558606386184692383e+00
7.562600374221801758e+00
7.566550731658935547e+00
7.569769144058227539e+00
7.573163986206054688e+00
7.577224969863891602e+00
7.581876277923583984e+00
7.585510015487670898e+00
7.588794469833374023e+00
7.592692375183105469e+00
7.596871852874755859e+00
7.601199865341186523e+00
7.605242967605590820e+00
7.609583616256713867e+00
7.614186763763427734e+00
7.620394945144653320e+00
7.624392271041870117e+00
7.628096342086791992e+00
7.633196115493774414e+00
7.637592792510986328e+00
7.641581773757934570e+00
7.646153688430786133e+00
7.650280237197875977e+00
7.655802011489868164e+00
7.659909486770629883e+00
7.664226293563842773e+00
7.667448043823242188e+00
7.670488119125366211e+00
7.674483060836791992e+00
7.678074359893798828e+00
7.681845426559448242e+00
7.686161279678344727e+00
7.690270900726318359e+00
7.693425416946411133e+00
7.697187185287475586e+00
7.701677083969116211e+00
7.706123113632202148e+00
7.710370779037475586e+00
7.714210271835327148e+00
7.718190670013427734e+00
7.722598075866699219e+00
7.726099014282226562e+00
7.731090307235717773e+00
7.734272003173828125e+00
7.737382888793945312e+00
7.741434812545776367e+00
7.745708227157592773e+00
7.750105381011962891e+00
7.755208492279052734e+00
7.760188579559326172e+00
7.765107393264770508e+00
7.769300460815429688e+00
7.773219347000122070e+00
7.778353452682495117e+00
7.783187150955200195e+00
7.787767887115478516e+00
7.792174100875854492e+00
7.796920537948608398e+00
7.801217555999755859e+00
7.805532693862915039e+00
7.810170650482177734e+00
7.814267873764038086e+00
7.818511009216308594e+00
7.823125362396240234e+00
7.826712131500244141e+00
7.831161022186279297e+00
7.835154533386230469e+00
7.839692354202270508e+00
7.843854188919067383e+00
7.847529649734497070e+00
7.851198673248291016e+00
7.856667757034301758e+00
7.860264539718627930e+00
7.864238262176513672e+00
7.868509054183959961e+00
7.872540950775146484e+00
7.876164674758911133e+00
7.879693269729614258e+00
7.883464813232421875e+00
7.888684034347534180e+00
7.893225431442260742e+00
7.897850275039672852e+00
7.901956319808959961e+00
7.906457185745239258e+00
7.911209821701049805e+00
7.915577411651611328e+00
7.919556617736816406e+00
7.923502922058105469e+00
7.927231550216674805e+00
7.931674480438232422e+00
7.935089588165283203e+00
7.939165115356445312e+00
7.943439006805419922e+00
7.947428226470947266e+00
7.951459407806396484e+00
7.955593109130859375e+00
7.959352731704711914e+00
7.963068723678588867e+00
7.966846466064453125e+00
7.970466136932373047e+00
7.974384546279907227e+00
7.978232860565185547e+00
7.983358144760131836e+00
7.988445758819580078e+00
7.992821216583251953e+00
7.996213912963867188e+00
8.000066995620727539e+00
8.004864692687988281e+00
8.008734226226806641e+00
8.012778282165527344e+00
8.017213821411132812e+00
8.022318124771118164e+00
8.026089668273925781e+00
8.029311418533325195e+00
8.033562898635864258e+00
8.038215637207031250e+00
8.042466402053833008e+00
8.046622037887573242e+00
8.050688982009887695e+00
8.055437803268432617e+00
8.059104681015014648e+00
8.062587499618530273e+00
8.066459655761718750e+00
8.070202112197875977e+00
8.075076580047607422e+00
8.079075098037719727e+00
8.083213329315185547e+00
8.087610006332397461e+00
8.091180324554443359e+00
8.095256567001342773e+00
8.099242210388183594e+00
8.103334426879882812e+00
8.107872486114501953e+00
8.111594200134277344e+00
8.115212917327880859e+00
8.120226860046386719e+00
8.124516010284423828e+00
8.128558874130249023e+00
8.132750034332275391e+00
8.136239528656005859e+00
8.140266656875610352e+00
8.143854856491088867e+00
8.147493362426757812e+00
8.150805473327636719e+00
8.155454635620117188e+00
8.159670591354370117e+00
8.164156675338745117e+00
8.168157339096069336e+00
8.172145605087280273e+00
8.176135540008544922e+00
8.180107355117797852e+00
8.183516502380371094e+00
8.188328981399536133e+00
8.191836595535278320e+00
8.195216178894042969e+00
8.199193239212036133e+00
8.202430009841918945e+00
8.206469535827636719e+00
8.210075139999389648e+00
8.214053869247436523e+00
8.217755317687988281e+00
8.221415519714355469e+00
8.225168704986572266e+00
8.229169845581054688e+00
8.233904838562011719e+00
8.238320589065551758e+00
8.243196010589599609e+00
8.248200416564941406e+00
8.253735065460205078e+00
8.257619380950927734e+00
8.261281967163085938e+00
8.265389680862426758e+00
8.268830299377441406e+00
8.272854804992675781e+00
8.276498794555664062e+00
8.280114412307739258e+00
8.283447742462158203e+00
8.288273334503173828e+00
8.292591810226440430e+00
8.297100543975830078e+00
8.301096677780151367e+00
8.305177688598632812e+00
8.310181856155395508e+00
8.314096212387084961e+00
8.318090200424194336e+00
8.322960138320922852e+00
8.326742887496948242e+00
8.331350088119506836e+00
8.335162878036499023e+00
8.339188098907470703e+00
8.343230962753295898e+00
8.347295761108398438e+00
8.352230072021484375e+00
8.356923580169677734e+00
8.361338615417480469e+00
8.366154909133911133e+00
8.370266675949096680e+00
8.374472379684448242e+00
8.378427267074584961e+00
8.382492065429687500e+00
8.387454271316528320e+00
8.393498897552490234e+00
8.398151636123657227e+00
8.402972698211669922e+00
8.407274723052978516e+00
8.411413431167602539e+00
8.415155887603759766e+00
8.418893337249755859e+00
8.423322916030883789e+00
8.427135467529296875e+00
8.430805444717407227e+00
8.434696674346923828e+00
8.438187360763549805e+00
8.442122220993041992e+00
8.445429086685180664e+00
8.449255228042602539e+00
8.454149484634399414e+00
8.458580970764160156e+00
8.462801933288574219e+00
8.466871976852416992e+00
8.470638275146484375e+00
8.475187778472900391e+00
8.480190038681030273e+00
8.484853744506835938e+00
8.490418434143066406e+00
8.494638919830322266e+00
8.499533653259277344e+00
8.503686666488647461e+00
8.507602453231811523e+00
8.512205362319946289e+00
8.517196416854858398e+00
8.522965431213378906e+00
8.526902198791503906e+00
8.531033754348754883e+00
8.534845352172851562e+00
8.539026498794555664e+00
8.542843103408813477e+00
8.546678304672241211e+00
8.551338195800781250e+00
8.555593967437744141e+00
8.560153245925903320e+00
8.564355611801147461e+00
8.568298816680908203e+00
8.573084831237792969e+00
8.577083349227905273e+00
8.580598354339599609e+00
8.584475517272949219e+00
8.588866233825683594e+00
8.593126296997070312e+00
8.597338199615478516e+00
8.601129531860351562e+00
8.605313539505004883e+00
8.609317541122436523e+00
8.614135742187500000e+00
8.617815256118774414e+00
8.621627807617187500e+00
8.625859737396240234e+00
8.629218101501464844e+00
8.633070707321166992e+00
8.636919260025024414e+00
8.641341447830200195e+00
8.645131111145019531e+00
8.649231433868408203e+00
8.654167413711547852e+00
8.659648418426513672e+00
8.663854837417602539e+00
8.667694091796875000e+00
8.671653270721435547e+00
8.675830364227294922e+00
8.679864883422851562e+00
8.684187173843383789e+00
8.690201759338378906e+00
8.694599866867065430e+00
8.698602676391601562e+00
8.702865362167358398e+00
8.707051038742065430e+00
8.711178779602050781e+00
8.714792251586914062e+00
8.718452453613281250e+00
8.724068641662597656e+00
8.728564023971557617e+00
8.732577085494995117e+00
8.736596584320068359e+00
8.740872144699096680e+00
8.745213985443115234e+00
8.749430656433105469e+00
8.753528833389282227e+00
8.757478952407836914e+00
8.761682510375976562e+00
8.765853881835937500e+00
8.770091533660888672e+00
8.774106979370117188e+00
8.777905464172363281e+00
8.781806230545043945e+00
8.785409688949584961e+00
8.789358854293823242e+00
8.793037414550781250e+00
8.797092676162719727e+00
8.801136493682861328e+00
8.805203199386596680e+00
8.810315847396850586e+00
8.814421415328979492e+00
8.818583965301513672e+00
8.823641300201416016e+00
8.827595472335815430e+00
8.831426620483398438e+00
8.835352182388305664e+00
8.839383840560913086e+00
8.843194484710693359e+00
8.847480058670043945e+00
8.851190805435180664e+00
8.855227947235107422e+00
8.860182762145996094e+00
8.865184783935546875e+00
8.869515895843505859e+00
8.873045921325683594e+00
8.876228094100952148e+00
8.879285812377929688e+00
8.883201599121093750e+00
8.887341499328613281e+00
8.891152143478393555e+00
8.894841432571411133e+00
8.898300170898437500e+00
8.902048110961914062e+00
8.906147956848144531e+00
8.910317897796630859e+00
8.915351152420043945e+00
8.919515371322631836e+00
8.923344373703002930e+00
8.927367925643920898e+00
8.931294918060302734e+00
8.935934066772460938e+00
8.940195083618164062e+00
8.944399833679199219e+00
8.947841644287109375e+00
8.951204299926757812e+00
8.956203222274780273e+00
8.959351301193237305e+00
8.963132381439208984e+00
8.966830015182495117e+00
8.970247507095336914e+00
8.974045276641845703e+00
8.978240728378295898e+00
8.982355117797851562e+00
8.986328125000000000e+00
8.990903854370117188e+00
8.995226860046386719e+00
9.000162601470947266e+00
9.003699064254760742e+00
9.007653713226318359e+00
9.011184453964233398e+00
9.014802932739257812e+00
9.019185304641723633e+00
9.024223089218139648e+00
9.028270959854125977e+00
9.032791614532470703e+00
9.036561727523803711e+00
9.040477275848388672e+00
9.044953584671020508e+00
9.049217700958251953e+00
9.054611444473266602e+00
9.058851003646850586e+00
9.063832521438598633e+00
9.067690610885620117e+00
9.072248697280883789e+00
9.076371192932128906e+00
9.080234289169311523e+00
9.084087610244750977e+00
9.087837219238281250e+00
9.092187166213989258e+00
9.096390962600708008e+00
9.100545883178710938e+00
9.105191707611083984e+00
9.109300851821899414e+00
9.113227605819702148e+00
9.118205785751342773e+00
9.123087644577026367e+00
9.127098083496093750e+00
9.131371736526489258e+00
9.135223388671875000e+00
9.138710975646972656e+00
9.142301797866821289e+00
9.146170377731323242e+00
9.150118350982666016e+00
9.154202461242675781e+00
9.158153295516967773e+00
9.162171602249145508e+00
9.166555404663085938e+00
9.170450925827026367e+00
9.174549818038940430e+00
9.178566455841064453e+00
9.182417869567871094e+00
9.186376094818115234e+00
9.190942287445068359e+00
9.195147275924682617e+00
9.199143171310424805e+00
9.203161954879760742e+00
9.207057714462280273e+00
9.210882663726806641e+00
9.215108156204223633e+00
9.219094753265380859e+00
9.226197957992553711e+00
9.230195522308349609e+00
9.234388828277587891e+00
9.238107919692993164e+00
9.242093801498413086e+00
9.246181726455688477e+00
9.250524997711181641e+00
9.254290342330932617e+00
9.258235454559326172e+00
9.262273073196411133e+00
9.267120838165283203e+00
9.271135330200195312e+00
9.274716377258300781e+00
9.278764009475708008e+00
9.282335281372070312e+00
9.286072731018066406e+00
9.289821624755859375e+00
9.293576955795288086e+00
9.297811031341552734e+00
9.302068233489990234e+00
9.306199073791503906e+00
9.310027599334716797e+00
9.313184738159179688e+00
9.316420078277587891e+00
9.319619655609130859e+00
9.324357032775878906e+00
9.327809333801269531e+00
9.332134246826171875e+00
9.335742950439453125e+00
9.339823961257934570e+00
9.343469142913818359e+00
9.346992731094360352e+00
9.350076198577880859e+00
9.355012655258178711e+00
9.358129739761352539e+00
9.361022949218750000e+00
9.365140676498413086e+00
9.370175600051879883e+00
9.374334812164306641e+00
9.378534078598022461e+00
9.382216453552246094e+00
9.386128664016723633e+00
9.390453100204467773e+00
9.394393920898437500e+00
9.399186372756958008e+00
9.403299808502197266e+00
9.407885551452636719e+00
9.411450624465942383e+00
9.415424346923828125e+00
9.419372081756591797e+00
9.422857046127319336e+00
9.427200078964233398e+00
9.432147026062011719e+00
9.437198162078857422e+00
9.442194223403930664e+00
9.447199106216430664e+00
9.452137470245361328e+00
9.457313776016235352e+00
9.461441278457641602e+00
9.465507507324218750e+00
9.469421863555908203e+00
9.473214626312255859e+00
9.477579355239868164e+00
9.482181787490844727e+00
9.486266136169433594e+00
9.490424871444702148e+00
9.494380950927734375e+00
9.499202013015747070e+00
9.504155635833740234e+00
9.508115053176879883e+00
9.512344121932983398e+00
9.516324043273925781e+00
9.520815134048461914e+00
9.524632692337036133e+00
9.529224157333374023e+00
9.533434391021728516e+00
9.537502527236938477e+00
9.541370391845703125e+00
9.545480966567993164e+00
9.549851417541503906e+00
9.554813861846923828e+00
9.558573246002197266e+00
9.562250614166259766e+00
9.566295623779296875e+00
9.570554494857788086e+00
9.574204683303833008e+00
9.577510356903076172e+00
9.580804824829101562e+00
9.584207296371459961e+00
9.592868566513061523e+00
9.597437858581542969e+00
9.600781917572021484e+00
9.604875802993774414e+00
9.608901023864746094e+00
9.612438440322875977e+00
9.616245508193969727e+00
9.621677160263061523e+00
9.626180171966552734e+00
9.631383895874023438e+00
9.635495424270629883e+00
9.639421701431274414e+00
9.642636060714721680e+00
9.646107435226440430e+00
9.649833440780639648e+00
9.653162479400634766e+00
9.658252477645874023e+00
9.662289381027221680e+00
9.666186571121215820e+00
9.670374631881713867e+00
9.674279451370239258e+00
9.678149700164794922e+00
9.682119131088256836e+00
9.685812473297119141e+00
9.691157341003417969e+00
9.694398164749145508e+00
9.698169708251953125e+00
9.702252626419067383e+00
9.705777645111083984e+00
9.709066867828369141e+00
9.712827920913696289e+00
9.716568470001220703e+00
9.720272302627563477e+00
9.724189043045043945e+00
9.728649854660034180e+00
9.736189603805541992e+00
9.739799976348876953e+00
9.743897676467895508e+00
9.748177051544189453e+00
9.751802682876586914e+00
9.755726575851440430e+00
9.759603500366210938e+00
9.763849496841430664e+00
9.767417669296264648e+00
9.770701885223388672e+00
9.774786710739135742e+00
9.778419494628906250e+00
9.782256603240966797e+00
9.785823345184326172e+00
9.789026737213134766e+00
9.792349815368652344e+00
9.796575546264648438e+00
9.800583362579345703e+00
9.804569005966186523e+00
9.808980941772460938e+00
9.813181877136230469e+00
9.818088054656982422e+00
9.824638843536376953e+00
9.828798770904541016e+00
9.832517623901367188e+00
9.836557626724243164e+00
9.840640783309936523e+00
9.845152616500854492e+00
9.849206686019897461e+00
9.853267192840576172e+00
9.858289003372192383e+00
9.862185001373291016e+00
9.865557670593261719e+00
9.869322299957275391e+00
9.873549938201904297e+00
9.877553462982177734e+00
9.881288766860961914e+00
9.885211944580078125e+00
9.890059709548950195e+00
9.893349409103393555e+00
9.897045373916625977e+00
9.900341749191284180e+00
9.903765439987182617e+00
9.907845735549926758e+00
9.911882162094116211e+00
9.916084051132202148e+00
9.920073747634887695e+00
9.924236774444580078e+00
9.927368640899658203e+00
9.931030273437500000e+00
9.934811830520629883e+00
9.938518047332763672e+00
9.942787408828735352e+00
9.946336984634399414e+00
9.950072765350341797e+00
9.954137802124023438e+00
9.958446502685546875e+00
9.962405920028686523e+00
9.966034173965454102e+00
9.969866275787353516e+00
9.973553657531738281e+00
9.977198123931884766e+00
9.981065988540649414e+00
9.984449148178100586e+00
9.988069295883178711e+00
9.991800069808959961e+00
9.995837450027465820e+00
1.000015330314636230e+01
1.000346207618713379e+01
1.000723123550415039e+01
1.001157021522521973e+01
1.001539564132690430e+01
1.001946115493774414e+01
1.002413082122802734e+01
1.002818489074707031e+01
1.003313016891479492e+01
1.003729343414306641e+01
1.004133987426757812e+01
1.004535889625549316e+01
1.004919862747192383e+01
1.005242085456848145e+01
1.005658054351806641e+01
1.006015563011169434e+01
1.006519198417663574e+01
1.006947565078735352e+01
1.007424092292785645e+01
1.007816529273986816e+01
1.008317089080810547e+01
1.008679509162902832e+01
1.009122562408447266e+01
1.009508061408996582e+01
1.009857153892517090e+01
1.010246682167053223e+01
1.010604524612426758e+01
1.010989832878112793e+01
1.011349940299987793e+01
1.011711716651916504e+01
1.012063670158386230e+01
1.012536311149597168e+01
1.012921309471130371e+01
1.013310766220092773e+01
1.013724899291992188e+01
1.014220523834228516e+01
1.014636492729187012e+01
1.015013599395751953e+01
1.015380144119262695e+01
1.015813398361206055e+01
1.016220140457153320e+01
1.016670083999633789e+01
1.017114019393920898e+01
1.017517805099487305e+01
1.017919564247131348e+01
1.018414711952209473e+01
1.019002223014831543e+01
1.019438362121582031e+01
1.019859051704406738e+01
1.020258259773254395e+01
1.020635032653808594e+01
1.021006894111633301e+01
1.021411442756652832e+01
1.021825981140136719e+01
1.022366881370544434e+01
1.022731161117553711e+01
1.023242855072021484e+01
1.023617243766784668e+01
1.024078083038330078e+01
1.024520635604858398e+01
1.024913406372070312e+01
1.025331687927246094e+01
1.025725030899047852e+01
1.026216053962707520e+01
1.026718306541442871e+01
1.027062058448791504e+01
1.027454757690429688e+01
1.027922630310058594e+01
1.028298735618591309e+01
1.028662967681884766e+01
1.029061627388000488e+01
1.029509830474853516e+01
1.029901790618896484e+01
1.030283164978027344e+01
1.030682778358459473e+01
1.031082773208618164e+01
1.031456136703491211e+01
1.031865692138671875e+01
1.032517004013061523e+01
1.032880878448486328e+01
1.033246636390686035e+01
1.033707857131958008e+01
1.034047126770019531e+01
1.034327077865600586e+01
1.034644079208374023e+01
1.034981656074523926e+01
1.035310339927673340e+01
1.035701680183410645e+01
1.036082458496093750e+01
1.036503744125366211e+01
1.036887431144714355e+01
1.037245035171508789e+01
1.037719917297363281e+01
1.038152146339416504e+01
1.038586544990539551e+01
1.038975858688354492e+01
1.039364528656005859e+01
1.039804911613464355e+01
1.040134978294372559e+01
1.040509510040283203e+01
1.040916037559509277e+01
1.041387724876403809e+01
1.041818690299987793e+01
1.042216587066650391e+01
1.042547678947448730e+01
1.042854332923889160e+01
1.043237447738647461e+01
1.043607878684997559e+01
1.043979144096374512e+01
1.044367003440856934e+01
1.044721436500549316e+01
1.045065212249755859e+01
1.045454955101013184e+01
1.046018147468566895e+01
1.046448945999145508e+01
1.046848440170288086e+01
1.047251462936401367e+01
1.047609186172485352e+01
1.048042035102844238e+01
1.048418378829956055e+01
1.048904681205749512e+01
1.049240422248840332e+01
1.049713349342346191e+01
1.050112438201904297e+01
1.050550866127014160e+01
1.050957870483398438e+01
1.051379585266113281e+01
1.051785969734191895e+01
1.052237677574157715e+01
1.052648925781250000e+01
1.053107118606567383e+01
1.053506612777709961e+01
1.053933286666870117e+01
1.054418659210205078e+01
1.054838299751281738e+01
1.055272722244262695e+01
1.055772924423217773e+01
1.056187772750854492e+01
1.056612563133239746e+01
1.057015228271484375e+01
1.057518601417541504e+01
1.057920861244201660e+01
1.058418226242065430e+01
1.058970952033996582e+01
1.059413766860961914e+01
1.059971523284912109e+01
1.060406589508056641e+01
1.060782217979431152e+01
1.061124968528747559e+01
1.061603379249572754e+01
1.062018680572509766e+01
1.062369918823242188e+01
1.062847232818603516e+01
1.063317275047302246e+01
1.063818097114562988e+01
1.064240813255310059e+01
1.064644837379455566e+01
1.065130805969238281e+01
1.065595936775207520e+01
1.066043734550476074e+01
1.066492938995361328e+01
1.066910195350646973e+01
1.067280435562133789e+01
1.067662286758422852e+01
1.068022727966308594e+01
1.068413829803466797e+01
1.068900370597839355e+01
1.069289731979370117e+01
1.069711208343505859e+01
1.070141577720642090e+01
1.070575618743896484e+01
1.071018147468566895e+01
1.071506166458129883e+01
1.071906876564025879e+01
1.072359609603881836e+01
1.072774982452392578e+01
1.073249888420104980e+01
1.073563361167907715e+01
1.073902034759521484e+01
1.074263811111450195e+01
1.074627900123596191e+01
1.075118827819824219e+01
1.075509858131408691e+01
1.075922918319702148e+01
1.076419210433959961e+01
1.076916503906250000e+01
1.077321600914001465e+01
1.077725052833557129e+01
1.078117561340332031e+01
1.078487849235534668e+01
1.078877544403076172e+01
1.079214358329772949e+01
1.079555201530456543e+01
1.079912233352661133e+01
1.080287432670593262e+01
1.080708265304565430e+01
1.081112170219421387e+01
1.081525397300720215e+01
1.081953048706054688e+01
1.082623982429504395e+01
1.083044862747192383e+01
1.083448529243469238e+01
1.083911538124084473e+01
1.084308362007141113e+01
1.084725999832153320e+01
1.085140275955200195e+01
1.085501265525817871e+01
1.085935711860656738e+01
1.086342406272888184e+01
1.086673665046691895e+01
1.087026715278625488e+01
1.087417960166931152e+01
1.087808823585510254e+01
1.088165974617004395e+01
1.088545036315917969e+01
1.089097285270690918e+01
1.089469575881958008e+01
1.089919281005859375e+01
1.090265488624572754e+01
1.090643167495727539e+01
1.091115307807922363e+01
1.091504216194152832e+01
1.091879367828369141e+01
1.092563176155090332e+01
1.092953586578369141e+01
1.093350124359130859e+01
1.093719649314880371e+01
1.094166254997253418e+01
1.094546508789062500e+01
1.094933414459228516e+01
1.095303654670715332e+01
1.095827960968017578e+01
1.096275830268859863e+01
1.096705436706542969e+01
1.097124052047729492e+01
1.097583746910095215e+01
1.097963070869445801e+01
1.098404288291931152e+01
1.098829579353332520e+01
1.099286913871765137e+01
1.099712872505187988e+01
1.100120520591735840e+01
1.100618672370910645e+01
1.101025032997131348e+01
1.101464176177978516e+01
1.101836752891540527e+01
1.102174615859985352e+01
1.102583241462707520e+01
1.103016495704650879e+01
1.103511619567871094e+01
1.103908658027648926e+01
1.104221796989440918e+01
1.104466700553894043e+01
1.104738473892211914e+01
1.105008482933044434e+01
1.105246424674987793e+01
1.105499243736267090e+01
1.105826997756958008e+01
1.106100010871887207e+01
1.106353163719177246e+01
1.106607437133789062e+01
1.106914758682250977e+01
1.107134366035461426e+01
1.107360720634460449e+01
1.107561874389648438e+01
1.107819008827209473e+01
1.108069920539855957e+01
1.108351874351501465e+01
1.108700799942016602e+01
1.108995914459228516e+01
1.109215331077575684e+01
1.109446287155151367e+01
1.109703397750854492e+01
1.109909200668334961e+01
1.110129618644714355e+01
1.110367894172668457e+01
1.110702037811279297e+01
1.110951113700866699e+01
1.111271429061889648e+01
1.111531066894531250e+01
1.111819839477539062e+01
1.112151050567626953e+01
1.112450838088989258e+01
1.112712883949279785e+01
1.112967801094055176e+01
1.113169169425964355e+01
1.113371634483337402e+01
1.113569116592407227e+01
1.113808846473693848e+01
1.114083433151245117e+01
1.114371109008789062e+01
1.114683127403259277e+01
1.115035080909729004e+01
1.115388417243957520e+01
1.115801191329956055e+01
1.116209387779235840e+01
1.116477823257446289e+01
1.116798996925354004e+01
1.117103958129882812e+01
1.117412996292114258e+01
1.117719244956970215e+01
1.118053388595581055e+01
1.118401932716369629e+01
1.118754792213439941e+01
1.119154238700866699e+01
1.119408035278320312e+01
1.119674229621887207e+01
1.120003461837768555e+01
1.120310783386230469e+01
1.120637822151184082e+01
1.120982646942138672e+01
1.121302628517150879e+01
1.121606588363647461e+01
1.121935844421386719e+01
1.122283601760864258e+01
1.122703456878662109e+01
1.123057889938354492e+01
1.123410987854003906e+01
1.123728322982788086e+01
1.124011063575744629e+01
1.124359631538391113e+01
1.124731850624084473e+01
1.125102353096008301e+01
1.125441884994506836e+01
1.125764608383178711e+01
1.126038551330566406e+01
1.126323962211608887e+01
1.126575541496276855e+01
1.126883292198181152e+01
1.127211833000183105e+01
1.127500748634338379e+01
1.127798867225646973e+01
1.128126454353332520e+01
1.128468346595764160e+01
1.128778529167175293e+01
1.129098558425903320e+01
1.129408550262451172e+01
1.129734873771667480e+01
1.130037331581115723e+01
1.130375909805297852e+01
1.130626058578491211e+01
1.130909156799316406e+01
1.131254005432128906e+01
1.131569266319274902e+01
1.131924200057983398e+01
1.132462668418884277e+01
1.132726716995239258e+01
1.133073902130126953e+01
1.133348345756530762e+01
1.133617377281188965e+01
1.133965206146240234e+01
1.134249687194824219e+01
1.134532499313354492e+01
1.134879422187805176e+01
1.135204029083251953e+01
1.135501694679260254e+01
1.135809087753295898e+01
1.136102938652038574e+01
1.136433172225952148e+01
1.136738276481628418e+01
1.137075424194335938e+01
1.137376260757446289e+01
1.137715244293212891e+01
1.138045287132263184e+01
1.138356757164001465e+01
1.138702940940856934e+01
1.139164185523986816e+01
1.139520764350891113e+01
1.139863801002502441e+01
1.140200376510620117e+01
1.140525984764099121e+01
1.140913486480712891e+01
1.141249585151672363e+01
1.141549468040466309e+01
1.141916680335998535e+01
1.142221546173095703e+01
1.142558169364929199e+01
1.142938113212585449e+01
1.143217563629150391e+01
1.143495106697082520e+01
1.143774986267089844e+01
1.144084119796752930e+01
1.144416236877441406e+01
1.144739532470703125e+01
1.145042371749877930e+01
1.145349669456481934e+01
1.145695900917053223e+01
1.146011972427368164e+01
1.146378874778747559e+01
1.146705460548400879e+01
1.147031497955322266e+01
1.147339773178100586e+01
1.147653794288635254e+01
1.147964978218078613e+01
1.148261737823486328e+01
1.148467659950256348e+01
1.148629307746887207e+01
1.148812627792358398e+01
1.149196290969848633e+01
1.149398064613342285e+01
1.149657392501831055e+01
1.149911189079284668e+01
1.150103425979614258e+01
1.150345659255981445e+01
1.150615429878234863e+01
1.150865006446838379e+01
1.151093554496765137e+01
1.151322722434997559e+01
1.151547360420227051e+01
1.151803874969482422e+01
1.152056002616882324e+01
1.152348041534423828e+01
1.152599167823791504e+01
1.152870535850524902e+01
1.153110051155090332e+01
1.153323292732238770e+01
1.153507447242736816e+01
1.153733396530151367e+01
1.153932905197143555e+01
1.154133129119873047e+01
1.154332971572875977e+01
1.154594302177429199e+01
1.154800152778625488e+01
1.155007696151733398e+01
1.155223059654235840e+01
1.155409502983093262e+01
1.155768132209777832e+01
1.155965805053710938e+01
1.156275534629821777e+01
1.156545138359069824e+01
1.156756901741027832e+01
1.156978249549865723e+01
1.157229304313659668e+01
1.157431030273437500e+01
1.157642841339111328e+01
1.157868623733520508e+01
1.158091211318969727e+01
1.158293128013610840e+01
1.158494877815246582e+01
1.158691072463989258e+01
1.158975052833557129e+01
1.159165835380554199e+01
1.159403133392333984e+01
1.159665918350219727e+01
1.159862399101257324e+01
1.160029101371765137e+01
1.160192322731018066e+01
1.160427641868591309e+01
1.160629367828369141e+01
1.160795831680297852e+01
1.160967707633972168e+01
1.161229825019836426e+01
1.161432218551635742e+01
1.161645436286926270e+01
1.161845064163208008e+01
1.162056684494018555e+01
1.162359714508056641e+01
1.162591624259948730e+01
1.162825369834899902e+01
1.163107132911682129e+01
1.163344788551330566e+01
1.163559889793395996e+01
1.163796210289001465e+01
1.164046263694763184e+01
1.164256310462951660e+01
1.164507341384887695e+01
1.164712047576904297e+01
1.164900779724121094e+01
1.165090346336364746e+01
1.165289378166198730e+01
1.165465140342712402e+01
1.165720152854919434e+01
1.165933084487915039e+01
1.166159701347351074e+01
1.166410470008850098e+01
1.166633200645446777e+01
1.166858768463134766e+01
1.167101216316223145e+01
1.167357110977172852e+01
1.167544770240783691e+01
1.167796230316162109e+01
1.167996335029602051e+01
1.168258237838745117e+01
1.168504548072814941e+01
1.168706178665161133e+01
1.169056415557861328e+01
1.169243144989013672e+01
1.169507503509521484e+01
1.169746494293212891e+01
1.169942975044250488e+01
1.170167350769042969e+01
1.170402956008911133e+01
1.170622920989990234e+01
1.170867204666137695e+01
1.171124196052551270e+01
1.171364045143127441e+01
1.171601772308349609e+01
1.171846103668212891e+01
1.172094583511352539e+01
1.172601032257080078e+01
1.172869300842285156e+01
1.173198103904724121e+01
1.173459601402282715e+01
1.173697543144226074e+01
1.173933768272399902e+01
1.174141263961791992e+01
1.174356150627136230e+01
1.174626111984252930e+01
1.174961876869201660e+01
1.175239801406860352e+01
1.175524616241455078e+01
1.175816464424133301e+01
1.176095199584960938e+01
1.176358079910278320e+01
1.176591444015502930e+01
1.176826167106628418e+01
1.177031517028808594e+01
1.177250003814697266e+01
1.177493834495544434e+01
1.177742981910705566e+01
1.178003549575805664e+01
1.178291416168212891e+01
1.178561258316040039e+01
1.178810524940490723e+01
1.179070925712585449e+01
1.179402160644531250e+01
1.179675483703613281e+01
1.179955935478210449e+01
1.180190944671630859e+01
1.180394315719604492e+01
1.180664992332458496e+01
1.180936980247497559e+01
1.181208467483520508e+01
1.181537747383117676e+01
1.181813502311706543e+01
1.182047939300537109e+01
1.182453346252441406e+01
1.182760834693908691e+01
1.183024692535400391e+01
1.183298015594482422e+01
1.183594536781311035e+01
1.183927559852600098e+01
1.184179496765136719e+01
1.184451627731323242e+01
1.184709000587463379e+01
1.184947466850280762e+01
1.185194230079650879e+01
1.185461544990539551e+01
1.185829758644104004e+01
1.186165428161621094e+01
1.186448264122009277e+01
1.186710262298583984e+01
1.186967802047729492e+01
1.187223601341247559e+01
1.187470865249633789e+01
1.187709093093872070e+01
1.187958884239196777e+01
1.188296842575073242e+01
1.188613653182983398e+01
1.188856124877929688e+01
1.189152121543884277e+01
1.189502692222595215e+01
1.189757776260375977e+01
1.190001106262207031e+01
1.190252089500427246e+01
1.190523576736450195e+01
1.190770173072814941e+01
1.191058897972106934e+01
1.191363000869750977e+01
1.191639637947082520e+01
1.191950511932373047e+01
1.192213582992553711e+01
1.192515707015991211e+01
1.192781281471252441e+01
1.193099451065063477e+01
1.193349742889404297e+01
1.193606972694396973e+01
1.193908762931823730e+01
1.194169783592224121e+01
1.194397687911987305e+01
1.194663262367248535e+01
1.194911241531372070e+01
1.195157432556152344e+01
1.195431327819824219e+01
1.195773148536682129e+01
1.196040034294128418e+01
1.196312236785888672e+01
1.196554541587829590e+01
1.196757388114929199e+01
1.196944975852966309e+01
1.197198724746704102e+01
1.197447133064270020e+01
1.197733783721923828e+01
1.198059654235839844e+01
1.198416733741760254e+01
1.198814034461975098e+01
1.199195218086242676e+01
1.199510145187377930e+01
1.199745130538940430e+01
1.200074839591979980e+01
1.200402808189392090e+01
1.200650238990783691e+01
1.200905871391296387e+01
1.201155710220336914e+01
1.201344108581542969e+01
1.201605367660522461e+01
1.201860833168029785e+01
1.202099490165710449e+01
1.202405881881713867e+01
1.202732777595520020e+01
1.203054332733154297e+01
1.203323674201965332e+01
1.203631091117858887e+01
1.203941583633422852e+01
1.204210662841796875e+01
1.204460644721984863e+01
1.204715085029602051e+01
1.204948639869689941e+01
1.205204010009765625e+01
1.205439710617065430e+01
1.205797100067138672e+01
1.206061029434204102e+01
1.206337046623229980e+01
1.206644845008850098e+01
1.206937313079833984e+01
1.207213473320007324e+01
1.207451748847961426e+01
1.207731389999389648e+01
1.208008956909179688e+01
1.208231997489929199e+01
1.208446216583251953e+01
1.208715486526489258e+01
1.208936572074890137e+01
1.209195446968078613e+01
1.209392881393432617e+01
1.209700036048889160e+01
1.209942269325256348e+01
1.210194754600524902e+01
1.210446023941040039e+01
1.210666656494140625e+01
1.210894799232482910e+01
1.211092853546142578e+01
1.211344861984252930e+01
1.211607289314270020e+01
1.211859011650085449e+01
1.212130117416381836e+01
1.212404227256774902e+01
1.212603211402893066e+01
1.212807583808898926e+01
1.213096141815185547e+01
1.213392710685729980e+01
1.213599061965942383e+01
1.213803911209106445e+01
1.213994264602661133e+01
1.214188051223754883e+01
1.214372229576110840e+01
1.214566826820373535e+01
1.214768695831298828e+01
1.215016937255859375e+01
1.215222978591918945e+01
1.215513896942138672e+01
1.215792536735534668e+01
1.216002821922302246e+01
1.216259717941284180e+01
1.216506481170654297e+01
1.216713929176330566e+01
1.216931438446044922e+01
1.217135572433471680e+01
1.217390012741088867e+01
1.217668294906616211e+01
1.217890453338623047e+01
1.218092346191406250e+01
1.218293190002441406e+01
1.218508434295654297e+01
1.218743324279785156e+01
1.219105553627014160e+01
1.219343304634094238e+01
1.219625258445739746e+01
1.219841289520263672e+01
1.220070838928222656e+01
1.220267724990844727e+01
1.220491981506347656e+01
1.220691514015197754e+01
1.220895409584045410e+01
1.221091985702514648e+01
1.221292161941528320e+01
1.221493530273437500e+01
1.221756196022033691e+01
1.221942353248596191e+01
1.222195887565612793e+01
1.222645449638366699e+01
1.222927403450012207e+01
1.223233962059020996e+01
1.223497509956359863e+01
1.223793911933898926e+01
1.224002218246459961e+01
1.224241876602172852e+01
1.224456667900085449e+01
1.224692654609680176e+01
1.224930858612060547e+01
1.225148487091064453e+01
1.225396203994750977e+01
1.225643205642700195e+01
1.225868272781372070e+01
1.226092672348022461e+01
1.226321697235107422e+01
1.226546788215637207e+01
1.226807022094726562e+01
1.227042746543884277e+01
1.227309846878051758e+01
1.227504563331604004e+01
1.227743315696716309e+01
1.228000426292419434e+01
1.228259515762329102e+01
1.228493094444274902e+01
1.228693604469299316e+01
1.228906226158142090e+01
1.229130935668945312e+01
1.229333186149597168e+01
1.229607343673706055e+01
1.229844832420349121e+01
1.230159378051757812e+01
1.230457425117492676e+01
1.230700206756591797e+01
1.230991339683532715e+01
1.231203103065490723e+01
1.231402754783630371e+01
1.231642794609069824e+01
1.231902050971984863e+01
1.232158517837524414e+01
1.232405114173889160e+01
1.232603216171264648e+01
1.232879114151000977e+01
1.233095097541809082e+01
1.233307647705078125e+01
1.233528780937194824e+01
1.233756375312805176e+01
1.234004092216491699e+01
1.234261059761047363e+01
1.234495115280151367e+01
1.234746146202087402e+01
1.235068345069885254e+01
1.235353326797485352e+01
1.235597419738769531e+01
1.235865521430969238e+01
1.236118531227111816e+01
1.236363315582275391e+01
1.236565923690795898e+01
1.236741137504577637e+01
1.236935758590698242e+01
1.237157821655273438e+01
1.237343788146972656e+01
1.237542915344238281e+01
1.237830615043640137e+01
1.238129687309265137e+01
1.238373494148254395e+01
1.238594222068786621e+01
1.238800024986267090e+01
1.239120888710021973e+01
1.239339900016784668e+01
1.239627003669738770e+01
1.239828681945800781e+01
1.240042018890380859e+01
1.240298128128051758e+01
1.240539002418518066e+01
1.240768074989318848e+01
1.240973782539367676e+01
1.241222715377807617e+01
1.241407608985900879e+01
1.241606163978576660e+01
1.241854333877563477e+01
1.242100000381469727e+01
1.242354989051818848e+01
1.242595481872558594e+01
1.242891669273376465e+01
1.243128514289855957e+01
1.243327212333679199e+01
1.243526268005371094e+01
1.243755030632019043e+01
1.243927407264709473e+01
1.244102668762207031e+01
1.244289970397949219e+01
1.244491243362426758e+01
1.244692039489746094e+01
1.244898390769958496e+01
1.245103096961975098e+01
1.245294809341430664e+01
1.245462632179260254e+01
1.245649600028991699e+01
1.245968389511108398e+01
1.246203565597534180e+01
1.246451616287231445e+01
1.246691441535949707e+01
1.246942996978759766e+01
1.247157692909240723e+01
1.247366237640380859e+01
1.247526764869689941e+01
1.247754120826721191e+01
1.247940254211425781e+01
1.248140335083007812e+01
1.248330807685852051e+01
1.248548460006713867e+01
1.248743820190429688e+01
1.248956155776977539e+01
1.249203586578369141e+01
1.249408006668090820e+01
1.249656677246093750e+01
1.249893498420715332e+01
1.250144004821777344e+01
1.250403642654418945e+01
1.250605416297912598e+01
1.250806355476379395e+01
1.251053977012634277e+01
1.251290822029113770e+01
1.251494836807250977e+01
1.251729726791381836e+01
1.251929783821105957e+01
1.252130770683288574e+01
1.252430558204650879e+01
1.252629613876342773e+01
1.252869534492492676e+01
1.253144454956054688e+01
1.253367972373962402e+01
1.253598141670227051e+01
1.253870725631713867e+01
1.254123139381408691e+01
1.254328489303588867e+01
1.254606699943542480e+01
1.254864883422851562e+01
1.255110883712768555e+01
1.255399751663208008e+01
1.255641341209411621e+01
1.255912756919860840e+01
1.256228685379028320e+01
1.256500387191772461e+01
1.256747674942016602e+01
1.256968021392822266e+01
1.257249188423156738e+01
1.257474493980407715e+01
1.257694578170776367e+01
1.257892370223999023e+01
1.258143639564514160e+01
1.258370351791381836e+01
1.258571004867553711e+01
1.258845162391662598e+01
1.259190297126770020e+01
1.259429955482482910e+01
1.259714984893798828e+01
1.259931850433349609e+01
1.260147809982299805e+01
1.260412049293518066e+01
1.260665082931518555e+01
1.260901951789855957e+01
1.261169958114624023e+01
1.261444163322448730e+01
1.261696052551269531e+01
1.261958622932434082e+01
1.262168574333190918e+01
1.262429547309875488e+01
1.262630629539489746e+01
1.262874054908752441e+01
1.263070416450500488e+01
1.263301897048950195e+01
1.263546037673950195e+01
1.263846254348754883e+01
1.264074683189392090e+01
1.264327478408813477e+01
1.264528369903564453e+01
1.264730167388916016e+01
1.264930200576782227e+01
1.265130209922790527e+01
1.265330410003662109e+01
1.265529680252075195e+01
1.265827727317810059e+01
1.266042327880859375e+01
1.266265964508056641e+01
1.266492176055908203e+01
1.266690969467163086e+01
1.266892457008361816e+01
1.267093443870544434e+01
1.267332577705383301e+01
1.267567443847656250e+01
1.267796111106872559e+01
1.268042755126953125e+01
1.268242406845092773e+01
1.268468689918518066e+01
1.268693685531616211e+01
1.268892049789428711e+01
1.269153761863708496e+01
1.269396233558654785e+01
1.269662833213806152e+01
1.269890213012695312e+01
1.270123386383056641e+01
1.270362424850463867e+01
1.270592594146728516e+01
1.270792508125305176e+01
1.270966339111328125e+01
1.271193671226501465e+01
1.271392846107482910e+01
1.271597099304199219e+01
1.271864652633666992e+01
1.272064948081970215e+01
1.272241067886352539e+01
1.272602701187133789e+01
1.272893190383911133e+01
1.273132181167602539e+01
1.273342680931091309e+01
1.273543858528137207e+01
1.273794484138488770e+01
1.273995423316955566e+01
1.274205780029296875e+01
1.274443030357360840e+01
1.274642443656921387e+01
1.274869656562805176e+01
1.275068759918212891e+01
1.275269699096679688e+01
1.275469565391540527e+01
1.275722146034240723e+01
1.275928544998168945e+01
1.276194787025451660e+01
1.276405715942382812e+01
1.276730322837829590e+01
1.277009534835815430e+01
1.277253627777099609e+01
1.277466320991516113e+01
1.277699017524719238e+01
1.277890038490295410e+01
1.278070998191833496e+01
1.278293156623840332e+01
1.278491306304931641e+01
1.278700399398803711e+01
1.278907012939453125e+01
1.279166674613952637e+01
1.279371190071105957e+01
1.279660749435424805e+01
1.279866576194763184e+01
1.280093216896057129e+01
1.280290269851684570e+01
1.280502009391784668e+01
1.280691409111022949e+01
1.280888795852661133e+01
1.281094408035278320e+01
1.281290221214294434e+01
1.281466102600097656e+01
1.281669449806213379e+01
1.281891560554504395e+01
1.282062029838562012e+01
1.282265710830688477e+01
1.282701158523559570e+01
1.282994723320007324e+01
1.283211541175842285e+01
1.283428645133972168e+01
1.283646869659423828e+01
1.283904314041137695e+01
1.284156465530395508e+01
1.284361147880554199e+01
1.284588527679443359e+01
1.284801387786865234e+01
1.285005331039428711e+01
1.285221743583679199e+01
1.285404372215270996e+01
1.285603141784667969e+01
1.285924029350280762e+01
1.286254191398620605e+01
1.286493206024169922e+01
1.286695027351379395e+01
1.286943411827087402e+01
1.287198591232299805e+01
1.287422370910644531e+01
1.287656164169311523e+01
1.287891292572021484e+01
1.288103890419006348e+01
1.288305544853210449e+01
1.288571500778198242e+01
1.288803052902221680e+01
1.289171385765075684e+01
1.289448547363281250e+01
1.289695405960083008e+01
1.289892649650573730e+01
1.290092444419860840e+01
1.290324020385742188e+01
1.290543580055236816e+01
1.290802359580993652e+01
1.291056013107299805e+01
1.291312336921691895e+01
1.291556048393249512e+01
1.291797971725463867e+01
1.292047286033630371e+01
1.292258810997009277e+01
1.292505049705505371e+01
1.292760443687438965e+01
1.293005967140197754e+01
1.293222117424011230e+01
1.293428707122802734e+01
1.293643498420715332e+01
1.293930602073669434e+01
1.294212484359741211e+01
1.294451808929443359e+01
1.294698572158813477e+01
1.294947266578674316e+01
1.295201110839843750e+01
1.295442438125610352e+01
1.295700025558471680e+01
1.295967698097229004e+01
1.296250844001770020e+01
1.296493577957153320e+01
1.296707153320312500e+01
1.296941041946411133e+01
1.297199845314025879e+01
1.297389435768127441e+01
1.297564482688903809e+01
1.297792267799377441e+01
1.297964930534362793e+01
1.298152136802673340e+01
1.298397064208984375e+01
1.298593378067016602e+01
1.298797106742858887e+01
1.299129366874694824e+01
1.299351906776428223e+01
1.299611783027648926e+01
1.299891591072082520e+01
1.300089192390441895e+01
1.300266122817993164e+01
1.300490903854370117e+01
1.300688385963439941e+01
1.300893092155456543e+01
1.301103281974792480e+01
1.301367783546447754e+01
1.301595377922058105e+01
1.301790618896484375e+01
1.302002263069152832e+01
1.302244162559509277e+01
1.302527618408203125e+01
1.302728438377380371e+01
1.302948045730590820e+01
1.303163838386535645e+01
1.303365659713745117e+01
1.303527331352233887e+01
1.303737854957580566e+01
1.303929781913757324e+01
1.304129433631896973e+01
1.304329252243041992e+01
1.304569506645202637e+01
1.304795932769775391e+01
1.304992389678955078e+01
1.305195522308349609e+01
1.305397987365722656e+01
1.305773448944091797e+01
1.305965662002563477e+01
1.306203246116638184e+01
1.306459641456604004e+01
1.306700253486633301e+01
1.306956601142883301e+01
1.307210898399353027e+01
1.307459735870361328e+01
1.307723140716552734e+01
1.307903790473937988e+01
1.308107280731201172e+01
1.308307647705078125e+01
1.308546853065490723e+01
1.308805871009826660e+01
1.309070491790771484e+01
1.309290122985839844e+01
1.309527993202209473e+01
1.309799385070800781e+01
1.310044717788696289e+01
1.310266470909118652e+01
1.310512471199035645e+01
1.310702443122863770e+01
1.310901188850402832e+01
1.311105656623840332e+01
1.311330103874206543e+01
1.311529803276062012e+01
1.311729502677917480e+01
1.311929607391357422e+01
1.312129282951354980e+01
1.312345194816589355e+01
1.312642073631286621e+01
1.312864279747009277e+01
1.313093376159667969e+01
1.313322138786315918e+01
1.313529396057128906e+01
1.313747525215148926e+01
1.314012551307678223e+01
1.314254307746887207e+01
1.314491009712219238e+01
1.314691138267517090e+01
1.314892077445983887e+01
1.315107440948486328e+01
1.315313386917114258e+01
1.315503931045532227e+01
1.315793347358703613e+01
1.316002297401428223e+01
1.316227841377258301e+01
1.316455936431884766e+01
1.316627097129821777e+01
1.316890764236450195e+01
1.317103934288024902e+01
1.317329931259155273e+01
1.317528414726257324e+01
1.317754673957824707e+01
1.317943835258483887e+01
1.318208312988281250e+01
1.318464088439941406e+01
1.318692398071289062e+01
1.318949913978576660e+01
1.319301486015319824e+01
1.319529032707214355e+01
1.319803667068481445e+01
1.320047807693481445e+01
1.320243382453918457e+01
1.320494604110717773e+01
1.320692038536071777e+01
1.320930385589599609e+01
1.321130657196044922e+01
1.321329569816589355e+01
1.321564126014709473e+01
1.321830463409423828e+01
1.322110915184020996e+01
1.322356343269348145e+01
1.322753238677978516e+01
1.323049092292785645e+01
1.323297953605651855e+01
1.323546648025512695e+01
1.323796415328979492e+01
1.323994827270507812e+01
1.324267196655273438e+01
1.324534702301025391e+01
1.324807119369506836e+01
1.325045824050903320e+01
1.325347304344177246e+01
1.325593852996826172e+01
1.325846600532531738e+01
1.326133561134338379e+01
1.326438045501708984e+01
1.326707315444946289e+01
1.326958036422729492e+01
1.327252840995788574e+01
1.327495169639587402e+01
1.327969479560852051e+01
1.328226280212402344e+01
1.328507351875305176e+01
1.328758597373962402e+01
1.329063200950622559e+01
1.329309868812561035e+01
1.329567646980285645e+01
1.329861783981323242e+01
1.330152988433837891e+01
1.330469012260437012e+01
1.330760264396667480e+01
1.331047725677490234e+01
1.331335210800170898e+01
1.331715583801269531e+01
1.332211375236511230e+01
1.332835197448730469e+01
1.333283734321594238e+01
1.333677363395690918e+01
1.334079480171203613e+01
1.334470367431640625e+01
1.334883069992065430e+01
1.335315704345703125e+01
1.335860013961791992e+01
1.336259627342224121e+01
1.336639046669006348e+01
1.337012171745300293e+01
1.337422013282775879e+01
1.337805628776550293e+01
1.338175106048583984e+01
1.338550853729248047e+01
1.338861846923828125e+01
1.339512562751770020e+01
1.339898157119750977e+01
1.340307688713073730e+01
1.340714025497436523e+01
1.341213297843933105e+01
1.341706609725952148e+01
1.342116045951843262e+01
1.342606878280639648e+01
1.343023180961608887e+01
1.343429446220397949e+01
1.343819069862365723e+01
1.344256687164306641e+01
1.344715142250061035e+01
1.345142054557800293e+01
1.345604515075683594e+01
1.346008801460266113e+01
1.346436262130737305e+01
1.346847939491271973e+01
1.347318887710571289e+01
1.347736167907714844e+01
1.348061656951904297e+01
1.348434305191040039e+01
1.348815989494323730e+01
1.349250364303588867e+01
1.349740290641784668e+01
1.350177311897277832e+01
1.350562310218811035e+01
1.351011633872985840e+01
1.351443862915039062e+01
1.351864719390869141e+01
1.352305698394775391e+01
1.352803230285644531e+01
1.353267621994018555e+01
1.353716397285461426e+01
1.354175639152526855e+01
1.354644846916198730e+01
1.355063986778259277e+01
1.355511903762817383e+01
1.356023907661437988e+01
1.356474328041076660e+01
1.356840276718139648e+01
1.357215142250061035e+01
1.357645034790039062e+01
1.357999324798583984e+01
1.358352971076965332e+01
1.358716034889221191e+01
1.359154224395751953e+01
1.359529399871826172e+01
1.359944391250610352e+01
1.360399413108825684e+01
1.360762286186218262e+01
1.361140036582946777e+01
1.361482405662536621e+01
1.361849951744079590e+01
1.362215995788574219e+01
1.362613630294799805e+01
1.363038039207458496e+01
