4.994727134704590732e+00
4.988958597183228427e+00
4.985660552978516513e+00
4.981865763664246494e+00
4.977750110626221414e+00
4.974192857742310458e+00
4.970558030264719207e+00
4.966749370098114902e+00
4.963007767995199160e+00
4.959352302551270242e+00
4.956096302379261687e+00
4.952918529510498935e+00
4.949672075418326322e+00
4.946437869753157024e+00
4.943407535552979404e+00
4.940532565116883212e+00
4.937685657950009244e+00
4.934858878453573183e+00
4.932174180683337461e+00
4.929430437088013761e+00
4.926624093736921672e+00
4.923910379409790927e+00
4.921208951784217689e+00
4.918410152196885043e+00
4.915611181259155416e+00
4.912904931948736120e+00
4.910142183303833896e+00
4.907365645681109889e+00
4.904670863315978124e+00
4.901937961578370029e+00
4.899179697036744052e+00
4.896502271294594699e+00
4.893744750456377801e+00
4.890923521097969129e+00
4.888151843207223735e+00
4.885408818721772128e+00
4.882652379371025475e+00
4.879921511599892625e+00
4.877196220251231118e+00
4.874462032318115590e+00
4.871710876139199620e+00
4.868967822619847396e+00
4.866204494653747048e+00
4.863412829962644679e+00
4.860632356007894117e+00
4.857867940612462299e+00
4.855112821497816533e+00
4.852353602647782260e+00
4.849588389299354318e+00
4.846829600334167765e+00
4.844090069041532942e+00
4.841350885537955229e+00
4.838554107917930835e+00
4.835757282045153538e+00
4.832968941601841095e+00
4.830195759023939495e+00
4.827428278170135201e+00
4.824672283797429628e+00
4.821899478718386867e+00
4.819140875339509300e+00
4.816391073289465474e+00
4.813654088204907922e+00
4.810907261712211280e+00
4.808155816048384601e+00
4.805416921468882663e+00
4.802685824307529217e+00
4.799958503068383564e+00
4.797223851961248897e+00
4.794483806775964752e+00
4.791745792116438807e+00
4.789005430651383399e+00
4.786267946163814457e+00
4.783522785526432841e+00
4.780787764368831461e+00
4.778071384429932067e+00
4.775358717692526511e+00
4.772662252574773056e+00
4.769977908868057170e+00
4.767275936995881480e+00
4.764577570557595010e+00
4.758974248170853016e+00
4.753445196151734109e+00
4.747888240218163247e+00
4.742368334531784413e+00
4.736902859807015531e+00
4.731442508101464384e+00
4.726019063591957448e+00
4.720629602670670444e+00
4.715263584256172535e+00
4.709911710023880538e+00
4.704521587491035994e+00
4.699124008417130405e+00
4.693737050890923079e+00
4.688353526592255349e+00
4.682948616147042387e+00
4.677535811066627858e+00
4.672128924727440236e+00
4.666725847125054116e+00
4.661269089579582747e+00
4.655834370851517079e+00
4.650418391823769149e+00
4.644965657591820118e+00
4.639497545361519926e+00
4.634057408571243819e+00
4.628573551774025852e+00
4.623056802153588052e+00
4.617550897598267312e+00
4.612049016356468911e+00
4.606521216034890287e+00
4.601005494594574863e+00
4.595482888817787881e+00
4.589916563034058150e+00
4.584386929869652683e+00
4.578894051909447427e+00
4.573383820056916349e+00
4.567853739857674178e+00
4.562327906489373142e+00
4.556795117259026640e+00
4.551268845796585971e+00
4.545745801925660246e+00
4.540228757262230630e+00
4.534698167443275807e+00
4.529177027940750833e+00
4.523672956228256936e+00
4.518123689293862100e+00
4.512557059526444370e+00
4.506993728876114602e+00
4.501428127288819248e+00
4.495869624614716287e+00
4.490288278460503157e+00
4.484694406390191013e+00
4.479110422730446572e+00
4.473584660887718556e+00
4.468088501691818593e+00
4.462575346231461459e+00
4.457029369473458402e+00
4.451479369401932118e+00
4.445903441309929427e+00
4.440311983227730686e+00
4.434708955883980508e+00
4.429120573401451821e+00
4.423529624938965732e+00
4.417940294742584761e+00
4.412355068325997109e+00
4.406753721833229775e+00
4.401139491796493886e+00
4.395522186160087941e+00
4.389894992113114291e+00
4.384260904788972013e+00
4.378613200783730619e+00
4.372999337315560453e+00
4.367377704381943282e+00
4.361760988831520969e+00
4.356153714656830545e+00
4.350536257028580600e+00
4.344876760244369862e+00
4.339190459251404342e+00
4.333498445153237455e+00
4.327795219421387785e+00
4.322069364786148782e+00
4.316373613476754301e+00
4.310679543018341775e+00
4.304943951964379067e+00
4.299239483475686185e+00
4.293536034226418607e+00
4.287808713316918485e+00
4.282061839103699086e+00
4.276332542300225192e+00
4.270574170351029153e+00
4.264816531538963673e+00
4.259086287021637496e+00
4.253352957963944192e+00
4.247634068131447727e+00
4.241929456591607028e+00
4.236233857274056547e+00
4.230504336953163858e+00
4.224760609865189309e+00
4.219005304574967141e+00
4.213267880678177590e+00
4.207538217306137973e+00
4.201805558800698392e+00
4.196077799797058638e+00
4.190339276194572804e+00
4.184609907865525003e+00
4.178930705785751876e+00
4.173248580098152694e+00
4.167567697167397611e+00
4.161886742711067733e+00
4.156198456883431369e+00
4.150511199235916493e+00
4.144839105010033720e+00
4.139168548583985086e+00
4.133489570021629866e+00
4.127803564071656162e+00
4.122095948457718428e+00
4.116393455862999318e+00
4.110691410303116911e+00
4.104995954036713357e+00
4.099296545982361373e+00
4.093596833944321389e+00
4.087889808416367288e+00
4.082157140970230635e+00
4.076433414220810292e+00
4.070710268616677396e+00
4.065013489127159652e+00
4.059322065114975508e+00
4.053633350133896585e+00
4.047962060570717391e+00
4.042300221323968046e+00
4.036655592918396707e+00
4.031009650230408248e+00
4.025359165668488615e+00
4.019691032171250455e+00
4.013994985818863270e+00
4.008300405740738981e+00
4.002619084715844266e+00
3.996942743659020358e+00
3.991298848390580023e+00
3.985692968964577254e+00
3.980091622471809920e+00
3.974411696195603305e+00
3.968724447488785501e+00
3.963032799959183450e+00
3.957330673933030063e+00
3.951623201370240146e+00
3.945927959680557873e+00
3.940241506695747908e+00
3.934585961699486489e+00
3.928939357399941379e+00
3.923307326436043407e+00
3.917645406723023083e+00
3.911996898055077221e+00
3.906351017951966043e+00
3.900640103220940347e+00
3.894912049174309665e+00
3.889230942726135787e+00
3.883566752076149875e+00
3.877895319461823309e+00
3.872244682908058788e+00
3.866612580418587353e+00
3.860947147011757785e+00
3.855274757742882308e+00
3.849637308716774786e+00
3.843958187103272195e+00
3.838271224498749579e+00
3.832594811916352207e+00
3.826905944943428839e+00
3.821208217740059698e+00
3.815534871816635754e+00
3.809864896535874124e+00
3.804171264171601230e+00
3.798481592535973395e+00
3.792771553993225631e+00
3.787046799063683356e+00
3.781304019689560647e+00
3.775581678748131331e+00
3.769857218861580428e+00
3.764126241207123691e+00
3.758397310972214633e+00
3.752646556496620711e+00
3.746888032555580672e+00
3.741126504540444042e+00
3.735386657714844461e+00
3.729648643732071722e+00
3.723913124203682479e+00
3.718158480525017406e+00
3.712393510341644998e+00
3.706636595726013894e+00
3.700876462459564920e+00
3.695084473490715560e+00
3.689292189478874828e+00
3.683496901392937506e+00
3.677691867947578963e+00
3.671875122189522500e+00
3.666089498996735419e+00
3.660287550091744002e+00
3.654468676447868880e+00
3.648631492257119024e+00
3.642761343717575873e+00
3.636878535151482517e+00
3.631037613749504622e+00
3.625229576230049933e+00
3.619403961300850625e+00
3.613579812645912881e+00
3.607774269580841686e+00
3.601947554945946539e+00
3.596110737323761519e+00
3.590252023935318615e+00
3.584363940358162637e+00
3.578475195169449563e+00
3.572600656747818793e+00
3.566714987158776218e+00
3.560816353559494551e+00
3.554916030168533858e+00
3.549052703380585427e+00
3.543186953663826522e+00
3.537285834550858432e+00
3.531345528364182140e+00
3.525386098027230020e+00
3.519423824548721935e+00
3.513518521189690436e+00
3.507612046599388744e+00
3.501718607544899609e+00
3.495847439765930709e+00
3.489999052882195141e+00
3.484142610430718268e+00
3.478278693556786205e+00
3.472394418716431286e+00
3.466518789529801303e+00
3.460640147328377658e+00
3.454732072353363659e+00
3.448801949620247775e+00
3.442874974012375411e+00
3.437001830339432296e+00
3.431133523583413059e+00
3.425247934460640575e+00
3.419300529360771890e+00
3.413356557488442355e+00
3.407426649332047308e+00
3.401504725217820102e+00
3.395577311515808994e+00
3.389654287695885504e+00
3.383718299865723367e+00
3.377791610360146191e+00
3.371857088804245617e+00
3.365922710299492415e+00
3.360020267963410134e+00
3.354120829701424444e+00
3.348193049430848056e+00
3.342254790663719888e+00
3.336319392919540938e+00
3.330382895469666149e+00
3.324464780092240002e+00
3.318551716208458569e+00
3.312648916244507635e+00
3.306752339005471164e+00
3.300869378447533364e+00
3.295001286268234963e+00
3.289136636257172341e+00
3.283273229002953375e+00
3.277419638633728649e+00
3.271562981605530496e+00
3.265695112943650003e+00
3.259802845120430614e+00
3.253907796740532543e+00
3.248053920269013073e+00
3.242226409912110086e+00
3.236390691995621349e+00
3.230545380711556280e+00
3.224721160531044628e+00
3.218891084194184238e+00
3.213072872161865767e+00
3.207257664203644332e+00
3.201438200473786022e+00
3.195598012208939132e+00
3.189794006943702964e+00
3.184012630581856129e+00
3.178229206800461171e+00
3.172470906376839039e+00
3.166732087731361833e+00
3.160964041948318926e+00
3.155164435505867448e+00
3.149366214871406999e+00
3.143563747406006303e+00
3.137759670615196672e+00
3.131981012225151240e+00
3.126200002431869684e+00
3.120406252145767390e+00
3.114641648530960261e+00
3.108875140547752824e+00
3.103076553344727095e+00
3.097274157404899864e+00
3.091486048698425471e+00
3.085681828856468467e+00
3.079836151003838118e+00
3.073992815613746821e+00
3.068178993463516413e+00
3.062393370270729331e+00
3.056615149974823531e+00
3.050823080539703636e+00
3.045012271404266890e+00
3.039199629426002858e+00
3.033390206098556696e+00
3.027569141983986079e+00
3.021724858880043385e+00
3.015865483880043385e+00
3.009978428483009782e+00
3.004101547598839073e+00
2.998206865787506281e+00
2.992292416095733820e+00
2.986426666378975359e+00
2.980588239431381403e+00
2.974677151441574630e+00
2.968766358494758784e+00
2.962874019145965931e+00
2.956955090165138689e+00
2.951075714826584040e+00
2.945186379551887779e+00
2.939301076531410484e+00
2.933410355448723195e+00
2.927503523230552851e+00
2.921595296263695296e+00
2.915713435411453780e+00
2.909839487075806197e+00
2.903961434960365739e+00
2.898060825467109858e+00
2.892144390940666554e+00
2.886216092109680442e+00
2.880341777205467579e+00
2.874479988217354176e+00
2.868600612878799971e+00
2.862685430049896507e+00
2.856772294640541610e+00
2.850832283496857134e+00
2.844882079958916066e+00
2.838929319381714222e+00
2.832976782321930287e+00
2.826993703842163530e+00
2.821018823981285450e+00
2.815057426691055742e+00
2.809074491262436357e+00
2.803094112873077748e+00
2.797152483463287709e+00
2.791103708744049339e+00
2.785066431760788497e+00
2.779010254144668846e+00
2.772939208149910240e+00
2.766870504617691573e+00
2.760832056403160539e+00
2.754806277155876337e+00
2.748785987496376482e+00
2.742737346887588856e+00
2.736693033576012013e+00
2.730640155076980768e+00
2.724606463313103077e+00
2.718499600887299028e+00
2.712392014265060602e+00
2.706304633617401478e+00
2.700236672163009999e+00
2.694182032346725819e+00
2.688138309121132163e+00
2.682140362262726008e+00
2.676174128055572865e+00
2.670214930176735280e+00
2.664275428652763900e+00
2.658359727263451155e+00
2.652458170056343434e+00
2.646594110131263999e+00
2.640727779269218978e+00
2.634875655174255815e+00
2.629039284586906611e+00
2.623226490616798579e+00
2.617419186234474449e+00
2.611641985177993952e+00
2.605891811847687034e+00
2.600169989466667442e+00
2.594460693001747309e+00
2.588759300112724482e+00
2.583085301518440513e+00
2.577421781420707880e+00
2.571791136264801381e+00
2.566169798374176469e+00
2.560554245114326832e+00
2.554937082529068260e+00
2.549315816164017257e+00
2.543719959259033381e+00
2.538155385851860402e+00
2.532606190443039473e+00
2.527087464928627458e+00
2.521597519516945329e+00
2.516095343232155113e+00
2.510589501261711654e+00
2.505164384841919389e+00
2.499749961495399742e+00
2.494322645664215354e+00
2.488944324851036338e+00
2.483579406142235158e+00
2.478215587139129816e+00
2.472847011685371577e+00
2.467483407258987960e+00
2.462155771255493342e+00
2.456826159358024952e+00
2.451500204205513178e+00
2.446179157495499190e+00
2.440875840187072932e+00
2.435602697730064659e+00
2.430345523357391624e+00
2.425106149911880671e+00
2.419842672348022639e+00
2.414574947953224360e+00
2.409348315000534591e+00
2.404195728898048667e+00
2.399055883288383928e+00
2.393964523077011464e+00
2.388894039392471580e+00
2.383836591243744252e+00
2.378792992234230574e+00
2.373793184757233110e+00
2.368722334504127947e+00
2.363646280765533625e+00
2.358605024218559443e+00
2.353592547774315147e+00
2.348567554354668019e+00
2.343677467107773360e+00
2.338779833912849604e+00
2.333892822265625444e+00
2.329025149345398393e+00
2.324176153540611800e+00
2.319334399700164973e+00
2.314491260051727561e+00
2.309657418727875111e+00
2.304866135120392290e+00
2.300094994902611045e+00
2.295361861586571184e+00
2.290635469555855064e+00
2.285973826050758717e+00
2.281321042776108143e+00
2.276672801375389632e+00
2.272019723057747242e+00
2.267365106940269825e+00
2.262723749876022872e+00
2.258082392811775474e+00
2.253423386812210438e+00
2.248763057589531211e+00
2.244092258810997276e+00
2.239416185021400718e+00
2.234736293554306474e+00
2.230063223838806508e+00
2.225393819808960227e+00
2.220710280537605552e+00
2.216037058830261586e+00
2.211342021822929826e+00
2.206655764579773304e+00
2.201970249414444414e+00
2.197281354665756581e+00
2.192593336105347124e+00
2.187918210029602406e+00
2.183258980512619463e+00
2.178621360659599659e+00
2.174024385213852106e+00
2.169414374232292442e+00
2.164777112007141291e+00
2.160159340500832137e+00
2.155576795339584795e+00
2.151022815704346058e+00
2.146454262733459739e+00
2.141878011822700767e+00
2.137295904755592613e+00
2.132712697982788619e+00
2.128148686885833918e+00
2.123593974113464622e+00
2.119047978520393727e+00
2.114499416947364985e+00
2.109941190481186446e+00
2.105391162633896140e+00
2.100839239358902155e+00
2.096302255988121477e+00
2.091761830449104576e+00
2.087207412719727095e+00
2.082641425728798179e+00
2.078077477216720759e+00
2.073547226190567194e+00
2.069047158956528243e+00
2.064545696973801192e+00
2.060047239065170732e+00
2.055533394217491594e+00
2.051022991538048235e+00
2.046520349383354365e+00
2.042013245820999412e+00
2.037506285309791831e+00
2.032975524663925615e+00
2.028430333733559188e+00
2.023897454142570940e+00
2.019355481863022383e+00
2.014796307682991561e+00
2.010219475626946029e+00
2.005633926391602095e+00
2.001042664051056352e+00
1.996513217687607256e+00
1.991974768042564792e+00
1.987399473786354509e+00
1.982810491323471425e+00
1.978220543265343023e+00
1.973644444346428273e+00
1.969063580036163774e+00
1.964471217989921970e+00
1.959878346323967291e+00
1.955288478732109425e+00
1.950678548216820074e+00
1.946069779992103843e+00
1.941446152329445285e+00
1.936809408664703636e+00
1.932164385914802995e+00
1.927520319819450823e+00
1.922865560650825811e+00
1.918201279640198154e+00
1.913515827059746099e+00
1.908808845281601219e+00
1.904090365767479254e+00
1.899358037114143638e+00
1.894610849022865695e+00
1.889858376979828281e+00
1.885090088844299627e+00
1.880332493782043812e+00
1.875582954287529303e+00
1.870836570858955827e+00
1.866096562147140814e+00
1.861346432566643117e+00
1.856579458713531805e+00
1.851827943325043080e+00
1.847070205211639671e+00
1.842333996295929310e+00
1.837586003541946678e+00
1.832817643880844560e+00
1.828045547008514848e+00
1.823264518380165455e+00
1.818476381897926597e+00
1.813624972105026600e+00
1.808735394477844594e+00
1.803812271356582952e+00
1.798911562561989141e+00
1.794031873345375505e+00
1.789118495583534640e+00
1.784179332852363853e+00
1.779246026277542470e+00
1.774348840117454973e+00
1.769484385848045793e+00
1.764625653624535051e+00
1.759752562642097784e+00
1.754852658510208441e+00
1.749946317076683355e+00
1.745035433769226429e+00
1.740122565627098439e+00
1.735216429829597784e+00
1.730295506119728488e+00
1.725349897146225331e+00
1.720394256711006431e+00
1.715467476844787953e+00
1.710555484890938116e+00
1.705617126822472018e+00
1.700662443041801808e+00
1.695696556568146107e+00
1.690701067447662798e+00
1.685698845982551930e+00
1.680676624178886858e+00
1.675674697756767584e+00
1.670678851008415622e+00
1.665676996111870256e+00
1.660700112581253496e+00
1.655742934346199347e+00
1.650802966952324313e+00
1.645860728621483249e+00
1.640909478068352190e+00
1.635951280593872514e+00
1.630998206138611240e+00
1.626017299294472140e+00
1.621029284596443576e+00
1.616033437848091392e+00
1.611058467626572011e+00
1.606104293465614674e+00
1.601186516880989341e+00
1.596274819970131098e+00
1.591361960768699735e+00
1.586408224701881586e+00
1.581457859277725309e+00
1.576509398221969782e+00
1.571547168493271140e+00
1.566566628217697321e+00
1.561593043804168968e+00
1.556634694337845071e+00
1.551706224679947121e+00
1.546786329150199979e+00
1.541875365376472740e+00
1.536967262625694497e+00
1.532066410779953092e+00
1.527182403206825523e+00
1.522323662042617931e+00
1.517489901185035794e+00
1.512674441933631986e+00
1.507808896899223594e+00
1.502936825156212075e+00
1.498076546192169456e+00
1.493238243460655479e+00
1.488397374749183877e+00
1.483536076545715510e+00
1.478647965192795066e+00
1.473747184872627347e+00
1.468833369016647517e+00
1.463928118348121865e+00
1.459001776576042353e+00
1.454068550467491283e+00
1.449128216505050748e+00
1.444204798340797513e+00
1.439313316345214977e+00
1.434408655762672513e+00
1.429487365484237937e+00
1.424561828374862893e+00
1.419713708758354453e+00
1.414873644709587319e+00
1.410026481747627347e+00
1.405150243639946117e+00
1.400289526581764310e+00
1.395457375049591331e+00
1.390630713105201810e+00
1.385772714018821850e+00
1.380891925096511930e+00
1.376002866029739646e+00
1.371114093065262107e+00
1.366217336058616727e+00
1.361332014203071816e+00
1.356434819102287470e+00
1.351537990570068626e+00
1.346635305881500377e+00
1.341718780994415550e+00
1.336844000220299034e+00
1.332021370530128701e+00
1.327215361595154075e+00
1.322390970587730585e+00
1.317562413215637385e+00
1.312759926915168851e+00
1.307982045412063865e+00
1.303209581971168651e+00
1.298421812057495295e+00
1.293635731935501187e+00
1.288862687349319636e+00
1.284096089005470454e+00
1.279294255375862388e+00
1.274477562308311551e+00
1.269658812880516185e+00
1.264851275086403160e+00
1.260023593902588113e+00
1.255181401968002541e+00
1.250339728593826472e+00
1.245466262102127297e+00
1.240576756000518976e+00
1.235738596320152372e+00
1.230932301282882779e+00
1.226122930645942910e+00
1.221295535564422829e+00
1.216461408138275413e+00
1.211638635396957486e+00
1.206830435991287365e+00
1.202013295888900934e+00
1.197221207618713645e+00
1.192438712716102689e+00
1.187666106224060325e+00
1.182880678772926464e+00
1.178096351027488886e+00
1.173313194513321056e+00
1.168501409888267784e+00
1.163682445883751138e+00
1.158850803971290810e+00
1.154013743996620267e+00
1.149172508716583385e+00
1.144338667392730935e+00
1.139497718214988797e+00
1.134647399187088235e+00
1.129768148064613564e+00
1.124889487028122081e+00
1.120065024495124906e+00
1.115254625678062661e+00
1.110436832904815763e+00
1.105605119466781749e+00
1.100755167007446467e+00
1.095894816517830161e+00
1.091052338480949624e+00
1.086219301819801419e+00
1.081398424506187617e+00
1.076585316658020153e+00
1.071789410710334955e+00
1.067014676332473933e+00
1.062236061692237943e+00
1.057427424192428855e+00
1.052609336376190363e+00
1.047812411189079418e+00
1.043035852909088401e+00
1.038252705335617199e+00
1.033435708284378141e+00
1.028608760237693875e+00
1.023779827356338767e+00
1.018982750177383600e+00
1.014192056655883967e+00
1.009402748942375361e+00
1.004625600576400934e+00
9.998795747756960006e-01
9.951378047466279408e-01
9.903956681489946012e-01
9.856459140777589223e-01
9.809027493000032072e-01
9.761611223220827416e-01
9.714322358369829047e-01
9.666853338479997060e-01
9.619432687759401635e-01
9.572190046310427025e-01
9.524779677391054244e-01
9.476907163858415695e-01
9.428768038749696379e-01
9.380756318569185570e-01
9.332708656787873647e-01
9.284821480512620573e-01
9.236803948879244164e-01
9.188666969537736540e-01
9.140828877687455778e-01
9.093101292848588812e-01
9.045306384563447377e-01
8.997633785009385710e-01
8.950358867645265004e-01
8.903310239315034291e-01
8.856216996908189421e-01
8.808972835540773705e-01
8.761948436498643300e-01
8.715083003044130638e-01
8.667857170104982245e-01
8.620599865913393112e-01
8.573579847812654586e-01
8.526548832654954335e-01
8.479423314332963368e-01
8.432510942220690087e-01
8.385618418455125234e-01
8.338866442441942306e-01
8.292071998119355802e-01
8.245197713375093107e-01
8.198528528213502309e-01
8.151969224214555831e-01
8.105372548103334518e-01
8.058760493993760710e-01
8.012217283248903588e-01
7.965619176626206333e-01
7.919147044420242754e-01
7.872925341129304311e-01
7.826696306467056941e-01
7.780624091625214511e-01
7.734626531600953259e-01
7.688631922006607944e-01
7.642628550529481091e-01
7.596767961978913020e-01
7.551028251647949885e-01
7.505548536777497670e-01
7.459578067064286389e-01
7.413525521755219838e-01
7.367363095283508967e-01
7.321262270212174350e-01
7.275429487228394221e-01
7.229793041944505561e-01
7.184284716844560048e-01
7.138624757528306830e-01
7.092831581830980614e-01
7.047148287296296498e-01
7.001601159572603539e-01
6.955777943134309194e-01
6.909614890813828847e-01
6.863818764686586693e-01
6.818292111158372748e-01
6.772210329771043424e-01
6.726009190082551381e-01
6.679952263832094062e-01
6.634175091981889816e-01
6.588474899530412099e-01
6.542734384536744718e-01
6.496831327676775292e-01
6.450811058282853727e-01
6.404808402061463735e-01
6.358799129724503896e-01
6.312439739704134301e-01
6.265965372323991645e-01
6.219541519880296132e-01
6.173180609941484320e-01
6.126576602458955190e-01
6.079712599515916249e-01
6.033003807067872648e-01
5.986311912536622648e-01
5.939615637063981879e-01
5.892839521169663808e-01
5.846200376749040029e-01
5.799613982439042470e-01
5.753019452095033959e-01
5.706495285034181020e-01
5.659826099872591332e-01
5.613192856311799428e-01
5.566572666168214667e-01
5.519797980785371427e-01
5.472909033298494208e-01
5.425918340682984731e-01
5.378865331411363249e-01
5.331886351108552358e-01
5.284954220056535812e-01
5.238031655550005050e-01
5.191029965877534957e-01
5.143682539463044767e-01
5.096175432205202194e-01
5.048766493797304244e-01
5.001331180334093185e-01
4.953705430030824752e-01
4.906372666358949641e-01
4.859234720468522672e-01
4.812082111835481735e-01
4.764640182256700274e-01
4.717025429010393012e-01
4.669543981552125578e-01
4.622105002403261165e-01
4.574246346950532893e-01
4.526440441608430842e-01
4.478495329618455978e-01
4.430424243211747992e-01
4.382318824529649604e-01
4.334214836359026046e-01
4.286313712596895309e-01
4.238567084074021940e-01
4.190672487020494219e-01
4.142794072628023239e-01
4.094789683818819137e-01
4.046765536069871771e-01
3.998735576868058805e-01
3.950696766376496916e-01
3.902555406093599077e-01
3.854132860898973334e-01
3.805368959903718817e-01
3.756583780050279375e-01
3.708257168531419734e-01
3.660159796476366023e-01
3.612137883901597735e-01
3.564130544662477140e-01
3.515886634588243354e-01
3.467545360326768633e-01
3.419161528348924617e-01
3.370902955532075751e-01
3.322646617889405962e-01
3.274262070655824530e-01
3.225753784179689054e-01
3.177693784236910179e-01
3.130148589611055909e-01
3.082445949316027223e-01
3.034635663032533848e-01
2.987332850694658370e-01
2.940159052610399337e-01
2.892824858427049950e-01
2.845320701599123314e-01
2.797808498144152001e-01
2.750252306461336560e-01
2.703010290861131981e-01
2.655780792236330234e-01
2.608592242002489292e-01
2.561411827802660413e-01
2.514623284339906895e-01
2.468013465404512718e-01
2.421364039182665184e-01
2.374563783407213913e-01
2.327972203493121062e-01
2.281766682863238249e-01
2.235327541828158182e-01
2.188966721296313200e-01
2.142706215381625090e-01
2.096522599458697234e-01
2.050076752901079935e-01
2.003521025180819426e-01
1.957207769155505095e-01
1.911054193973544257e-01
1.864883005619052125e-01
1.818637162446978817e-01
1.772411167621615602e-01
1.726226836442950607e-01
1.680108487606051804e-01
1.633856028318408371e-01
1.587577283382418936e-01
1.541346013545993598e-01
1.494941204786304212e-01
1.448595762252811170e-01
1.402439951896670978e-01
1.356842309236530042e-01
1.311369210481647674e-01
1.265731245279316242e-01
1.220140218734745152e-01
1.175114601850514029e-01
1.130236238241200120e-01
1.085122019052509879e-01
1.039787322282796078e-01
9.945859313011223835e-02
9.492944180965483258e-02
9.040483236312943371e-02
8.586792051792233038e-02
8.134880065918057013e-02
7.682323455810635693e-02
7.229928672313779003e-02
6.778917908668606607e-02
6.328199505806057779e-02
5.877913832664578841e-02
5.426127016544431136e-02
4.973827004432766763e-02
4.521783590316861418e-02
4.070252478122800277e-02
3.620032966137021191e-02
3.169527351856320230e-02
2.717608213424771435e-02
2.264759242534726200e-02
1.811602711677640087e-02
1.361587941646664676e-02
9.146711230278903662e-03
4.679304361344271794e-03
2.012044191369355471e-04
-4.295572638510769536e-03
-8.804437518118924527e-03
-1.331110298633486622e-02
-1.780333817005068722e-02
-2.229198813438326710e-02
-2.676701247692019406e-02
-3.125507235526949618e-02
-3.573808073997408741e-02
-4.022108912467867864e-02
-4.468900561332613680e-02
-4.916198253631502701e-02
-5.365407466888338917e-02
-5.819091498851687583e-02
-6.273002624511629655e-02
-6.724466681480319175e-02
-7.175133228301913690e-02
-7.629425227641969953e-02
-8.085613548755557489e-02
-8.539993166923434686e-02
-8.991252481937320185e-02
-9.443500638008028858e-02
-9.897653162479311262e-02
-1.035416424274435698e-01
-1.081317335367193849e-01
-1.127245336771002943e-01
-1.173119157552710706e-01
-1.219008356332770548e-01
-1.265027910470954420e-01
-1.311136066913596854e-01
-1.357157856225959525e-01
-1.403125464916221143e-01
-1.449311226606361525e-01
-1.495621532201759363e-01
-1.541865140199653594e-01
-1.587897837162010606e-01
-1.633926153182976293e-01
-1.680068016052239099e-01
-1.726321190595619670e-01
-1.772126793861382443e-01
-1.817668825387948051e-01
-1.863353639841072995e-01
-1.909214943647377927e-01
-1.954927653074258198e-01
-2.000246256589883198e-01
-2.045578807592385862e-01
-2.090996295213693179e-01
-2.136613696813577656e-01
-2.182382732629770117e-01
-2.228208899497980122e-01
-2.274580001831048859e-01
-2.321040511131280959e-01
-2.367425560951227637e-01
-2.413729339838022736e-01
-2.459970802068704998e-01
-2.506257683038706219e-01
-2.552715957164758964e-01
-2.599067300558085547e-01
-2.645964294672007444e-01
-2.692716270685190927e-01
-2.739463150501246225e-01
-2.786204129457469092e-01
-2.832854986190790902e-01
-2.879533648490901210e-01
-2.926218926906581363e-01
-2.972984760999675125e-01
-3.019754260778422794e-01
-3.066514998674388370e-01
-3.113247931003566005e-01
-3.160081177949901066e-01
-3.206929802894588066e-01
-3.253786474466319745e-01
-3.300610959529872712e-01
-3.347324848175045053e-01
-3.393917858600612458e-01
-3.440433979034419609e-01
-3.486871778964992230e-01
-3.533487498760219947e-01
-3.580077558755870859e-01
-3.626668334007259742e-01
-3.673192501068111571e-01
-3.719631731510159023e-01
-3.766379326581951181e-01
-3.813184767961498300e-01
-3.859979212284084804e-01
-3.906683534383770251e-01
-3.953369528055187820e-01
-3.999974966049191227e-01
-4.046477228403088100e-01
-4.092965453863140479e-01
-4.139580458402630225e-01
-4.186147093772884520e-01
-4.232865273952480800e-01
-4.279412865638729246e-01
-4.325902611017223842e-01
-4.372559368610378638e-01
-4.419250547885891223e-01
-4.465582847595211402e-01
-4.511893153190610350e-01
-4.558466404676434491e-01
-4.605235189199444745e-01
-4.651897758245465697e-01
-4.698484152555463256e-01
-4.745078593492505492e-01
-4.791591763496396150e-01
-4.838252097368237470e-01
-4.884924232959744761e-01
-4.931483536958691793e-01
-4.977902919054028597e-01
-5.024288684129711857e-01
-5.070787191390988546e-01
-5.117296695709225851e-01
-5.163587242364880980e-01
-5.209630936384198607e-01
-5.255806505680081786e-01
-5.302216410636899635e-01
-5.348746389150617064e-01
-5.395324736833569945e-01
-5.441754400730129948e-01
-5.488425105810162963e-01
-5.535106718540189208e-01
-5.581793516874310468e-01
-5.628318488597867653e-01
-5.674962729215619062e-01
-5.721879482269284223e-01
-5.768813759088513571e-01
-5.815816879272458495e-01
-5.862789332866665815e-01
-5.909876048564908224e-01
-5.957157492637631391e-01
-6.004020065069195500e-01
-6.050728768110272826e-01
-6.097477793693539816e-01
-6.144330799579618141e-01
-6.191332489252088234e-01
-6.238255143165586381e-01
-6.284871578216550958e-01
-6.331564188003537819e-01
-6.377702385187147271e-01
-6.423840582370756724e-01
-6.470125943422315729e-01
-6.516414254903791781e-01
-6.562701135873793001e-01
-6.609043717384336381e-01
-6.655426532030104259e-01
-6.701892852783201127e-01
-6.748332798480985995e-01
-6.794599205255507091e-01
-6.840675175189969703e-01
-6.886842608451841929e-01
-6.933101594448087823e-01
-6.979471266269682284e-01
-7.025836467742918590e-01
-7.072094738483427623e-01
-7.118360430002210748e-01
-7.164616554975508089e-01
-7.210929006338118175e-01
-7.257257640361783890e-01
-7.303663164377210970e-01
-7.350087016820905372e-01
-7.396473497152327159e-01
-7.442930966615675104e-01
-7.489192903041838045e-01
-7.535501688718794222e-01
-7.581850796937941173e-01
-7.628446757793424515e-01
-7.674972444772718561e-01
-7.721475422382353404e-01
-7.768109381198881058e-01
-7.814798414707182506e-01
-7.861701220273970003e-01
-7.908716857433317760e-01
-7.955599188804625133e-01
-8.002422958612440684e-01
-8.049398988485334527e-01
-8.096493750810621615e-01
-8.143517434597014049e-01
-8.191103577613828568e-01
-8.238735944032666847e-01
-8.286241620779035699e-01
-8.333498924970624833e-01
-8.380994319915769930e-01
-8.428660392761229136e-01
-8.476439923048018077e-01
-8.524087667465207740e-01
-8.571574300527571300e-01
-8.619369208812711625e-01
-8.667373597621915726e-01
-8.715444684028623712e-01
-8.763309150934217584e-01
-8.811326682567595103e-01
-8.859418243169783214e-01
-8.907596975564955333e-01
-8.955654114484785655e-01
-9.003641605377195045e-01
-9.051696598529813675e-01
-9.099679797887800792e-01
-9.147200047969816783e-01
-9.194503486156462291e-01
-9.241828203201292169e-01
-9.289218097925184825e-01
-9.336334049701688897e-01
-9.383241951465605135e-01
-9.429967552423474952e-01
-9.476816982030866754e-01
-9.523991584777830033e-01
-9.570913478732107071e-01
-9.617660313844679232e-01
-9.664270892739293961e-01
-9.710948884487150545e-01
-9.757816508412359147e-01
-9.804468125104902620e-01
-9.851105034351347323e-01
-9.898021027445791375e-01
-9.944961920380590570e-01
-9.991707280278203651e-01
-1.003851491212844671e+00
-1.008549903333186837e+00
-1.013285960257053198e+00
-1.018013519048690529e+00
-1.022711274027824135e+00
-1.027428658306598575e+00
-1.032139225304126606e+00
-1.036842322349548207e+00
-1.041534073650836723e+00
-1.046214984357356936e+00
-1.050891938805579962e+00
-1.055578486621379763e+00
-1.060272504389285775e+00
-1.064941698312759311e+00
-1.069612210988998280e+00
-1.074300368130206795e+00
-1.078993876278400155e+00
-1.083696468174457417e+00
-1.088423441350459875e+00
-1.093156865239143238e+00
-1.097894611954688848e+00
-1.102632868289947332e+00
-1.107361531257629261e+00
-1.112091217935085030e+00
-1.116828674077987582e+00
-1.121567596495151253e+00
-1.126302701234817238e+00
-1.131036125123500602e+00
-1.135771743953227775e+00
-1.140491984784602897e+00
-1.145225037634372445e+00
-1.149957209825515525e+00
-1.154681478440761300e+00
-1.159395563602447332e+00
-1.164093323051929252e+00
-1.168795253336429418e+00
-1.173500116169452490e+00
-1.178197719156741874e+00
-1.182868522405624123e+00
-1.187529213726520316e+00
-1.192192399501800448e+00
-1.196793621778488026e+00
-1.201386050879955203e+00
-1.205989463627338276e+00
-1.210604311525821597e+00
-1.215198135375976429e+00
-1.219762217998504372e+00
-1.224308218061923803e+00
-1.228875228762626559e+00
-1.233461140096187458e+00
-1.238038924336433144e+00
-1.242603521049022497e+00
-1.247168117761611850e+00
-1.251746487617492409e+00
-1.256319072842597695e+00
-1.260883155465125860e+00
-1.265440939366817341e+00
-1.270012125372886436e+00
-1.274584344029426441e+00
-1.279152016341686071e+00
-1.283728843927383290e+00
-1.288340392708778204e+00
-1.292971794307231637e+00
-1.297599087655544103e+00
-1.302222286164760323e+00
-1.306858301162719505e+00
-1.311512036621570454e+00
-1.316184963285922827e+00
-1.320850120484828860e+00
-1.325476390123367043e+00
-1.330118994414806188e+00
-1.334769797325134011e+00
-1.339429683983325736e+00
-1.344089208543300495e+00
-1.348732545971870200e+00
-1.353401954472064794e+00
-1.358057594299316273e+00
-1.362693314254283639e+00
-1.367338994145393283e+00
-1.372006131708621846e+00
-1.376675835251808033e+00
-1.381324367225170047e+00
-1.385989671945571766e+00
-1.390667212009429665e+00
-1.395369142293929832e+00
-1.400051733851432667e+00
-1.404729202389716880e+00
-1.409412603080272497e+00
-1.414103616774081917e+00
-1.418803638219833241e+00
-1.423496846854686471e+00
-1.428189764916896642e+00
-1.432884882390498937e+00
-1.437582851946353824e+00
-1.442265295982360751e+00
-1.446930895745754064e+00
-1.451591520011424885e+00
-1.456245765089988486e+00
-1.460870349407195956e+00
-1.465475818514823780e+00
-1.470072937011718484e+00
-1.474665513634681568e+00
-1.479268568754195989e+00
-1.483880631625652091e+00
-1.488493275642394753e+00
-1.493099401891231359e+00
-1.497694544494151847e+00
-1.502314734458923162e+00
-1.506930896639823825e+00
-1.511542592942714425e+00
-1.516160292923450337e+00
-1.520779092609882088e+00
-1.525417231023311393e+00
-1.530070157349109561e+00
-1.534715761244296761e+00
-1.539378504455089391e+00
-1.544032458961009713e+00
-1.548689198493957253e+00
-1.553372451663017184e+00
-1.558058999478816764e+00
-1.562728479504585044e+00
-1.567393346130847798e+00
-1.572064439952373327e+00
-1.576746226847171695e+00
-1.581426475942134591e+00
-1.586082625389098943e+00
-1.590755037963390128e+00
-1.595437848567962558e+00
-1.600116488337516518e+00
-1.604797761142253476e+00
-1.609461237490176888e+00
-1.614105598628520655e+00
-1.618721613287925409e+00
-1.623316974937915491e+00
-1.627904647588729548e+00
-1.632504917681216750e+00
-1.637112729251384291e+00
-1.641721202433108928e+00
-1.646324843168258223e+00
-1.650931997597217205e+00
-1.655554825067519831e+00
-1.660204604268073592e+00
-1.664861267805099132e+00
-1.669512875378131422e+00
-1.674164482951163935e+00
-1.678838433325290369e+00
-1.683510698378085646e+00
-1.688183182477950739e+00
-1.692841017246246027e+00
-1.697503103315829875e+00
-1.702170459926128032e+00
-1.706858107447623896e+00
-1.711555424332618314e+00
-1.716235159337520244e+00
-1.720915189385413768e+00
-1.725603641569614100e+00
-1.730304914712905484e+00
-1.734996366500854093e+00
-1.739680571854114177e+00
-1.744364334642886760e+00
-1.749042384326457533e+00
-1.753703004121780040e+00
-1.758320923149585324e+00
-1.762968431413173276e+00
-1.767620186507701474e+00
-1.772249755263328286e+00
-1.776902315020560952e+00
-1.781542643904685530e+00
-1.786187300086021112e+00
-1.790834446251392098e+00
-1.795498289167880568e+00
-1.800167921185493070e+00
-1.804827441275119515e+00
-1.809478543698787245e+00
-1.814128470420837136e+00
-1.818772608041762995e+00
-1.823425681889056849e+00
-1.828093552589416193e+00
-1.832756809890269789e+00
-1.837428927421569380e+00
-1.842103172838687630e+00
-1.846772219240665036e+00
-1.851453197002410622e+00
-1.856125167012214305e+00
-1.860787767171859342e+00
-1.865439598262309762e+00
-1.870088353753089461e+00
-1.874714846909045773e+00
-1.879342506825923520e+00
-1.883964015543460491e+00
-1.888564062118530007e+00
-1.893143603205680536e+00
-1.897688937187194558e+00
-1.902216769754886183e+00
-1.906753024458884838e+00
-1.911270383000373441e+00
-1.915786860883235576e+00
-1.920302096009254056e+00
-1.924796454608439955e+00
-1.929292498528957012e+00
-1.933817841112613234e+00
-1.938356442749499919e+00
-1.942871825397014307e+00
-1.947355052828788402e+00
-1.951833519339561063e+00
-1.956322754919528562e+00
-1.960837914049625041e+00
-1.965342675149440499e+00
-1.969838204979896146e+00
-1.974330221116542550e+00
-1.978827364742755446e+00
-1.983346775174140486e+00
-1.987894089519977259e+00
-1.992456491291522580e+00
-1.996998240053653451e+00
-2.001503148674964372e+00
-2.005988723039626720e+00
-2.010469388961791726e+00
-2.014939799904822859e+00
-2.019402664899825783e+00
-2.023852056264876964e+00
-2.028286212682723466e+00
-2.032722711563109907e+00
-2.037172250449656996e+00
-2.041631677746772233e+00
-2.046071985363959733e+00
-2.050510831177234206e+00
-2.054927553236484350e+00
-2.059324136376380565e+00
-2.063697938621043892e+00
-2.068045593798160109e+00
-2.072364392876624883e+00
-2.076713952422141851e+00
-2.081070910394191564e+00
-2.085440608859062017e+00
-2.089820857346057714e+00
-2.094220149517059149e+00
-2.098627573251723888e+00
-2.103040343523025157e+00
-2.107442125678061995e+00
-2.111842884123324993e+00
-2.116258582472800853e+00
-2.120671352744102123e+00
-2.125044645369052354e+00
-2.129409444332122536e+00
-2.133800604939460221e+00
-2.138175582885741832e+00
-2.142575903236865642e+00
-2.146976147592067452e+00
-2.151387304067611250e+00
-2.155794361233710710e+00
-2.160196067392825547e+00
-2.164601805806159796e+00
-2.169012743234634222e+00
-2.173422947525977644e+00
-2.177822463214396986e+00
-2.182222707569598796e+00
-2.186626175045966569e+00
-2.191047148406505052e+00
-2.195478886365890059e+00
-2.199934647977351609e+00
-2.204398465156554909e+00
-2.208840167522430065e+00
-2.213276156783103410e+00
-2.217739607393741430e+00
-2.222220197319983992e+00
-2.226708699762820931e+00
-2.231186942756175462e+00
-2.235655525326728288e+00
-2.240131135284900488e+00
-2.244613415002822521e+00
-2.249116200208663763e+00
-2.253652235865592601e+00
-2.258194789290427718e+00
-2.262734195590018871e+00
-2.267273378372192116e+00
-2.271815931797027233e+00
-2.276348963379859480e+00
-2.280894963443278911e+00
-2.285439497232436779e+00
-2.290000799298286260e+00
-2.294562758505343858e+00
-2.299146546423434856e+00
-2.303766883909701857e+00
-2.308410145342349562e+00
-2.313036267459392281e+00
-2.317606291174888256e+00
-2.322185979783534471e+00
-2.326780465245246621e+00
-2.331358616054057808e+00
-2.335920798778533758e+00
-2.340484447777270827e+00
-2.345051538944244118e+00
-2.349630494415759774e+00
-2.354243066906928750e+00
-2.358876220881938490e+00
-2.363536764681338997e+00
-2.368213205039500835e+00
-2.372901214659213665e+00
-2.377583073079585496e+00
-2.382246549427509130e+00
-2.386896838247775765e+00
-2.391571083664893571e+00
-2.396260488033294500e+00
-2.400946669280528578e+00
-2.405666172504424605e+00
-2.410400691628455938e+00
-2.415131554007529768e+00
-2.419865635037421914e+00
-2.424633994698524031e+00
-2.429427182674407604e+00
-2.434235605597495855e+00
-2.438983307778834764e+00
-2.443733428418636056e+00
-2.448491904139518560e+00
-2.453244152665138067e+00
-2.457971492409705583e+00
-2.462682063877582372e+00
-2.467389778792857591e+00
-2.472130234539508642e+00
-2.476857212185859414e+00
-2.481567640602588387e+00
-2.486282972991466167e+00
-2.491015516221522841e+00
-2.495735462009906591e+00
-2.500430141389369698e+00
-2.505135437846183422e+00
-2.509858164191245855e+00
-2.514627695083617720e+00
-2.519367051124572487e+00
-2.524118566513060991e+00
-2.528881727159022930e+00
-2.533644007146357957e+00
-2.538392809033393593e+00
-2.543133264780044200e+00
-2.547870935499667588e+00
-2.552602307498454515e+00
-2.557340197265147719e+00
-2.562091341614722850e+00
-2.566846080124377760e+00
-2.571590706706046614e+00
-2.576318927109241042e+00
-2.581056816875934246e+00
-2.585813455283641371e+00
-2.590556472539901289e+00
-2.595310182869433824e+00
-2.600055471062659773e+00
-2.604805010557174505e+00
-2.609559892117976787e+00
-2.614331546425819219e+00
-2.619115355610847296e+00
-2.623923631012439195e+00
-2.628700046241283061e+00
-2.633501803874969127e+00
-2.638302609324454817e+00
-2.643105395138263258e+00
-2.647905029356479201e+00
-2.652706348896026078e+00
-2.657501807808875682e+00
-2.662293748557567064e+00
-2.667078223824500771e+00
-2.671873682737349931e+00
-2.676646584272384111e+00
-2.681390482187270941e+00
-2.686117607355117620e+00
-2.690858501195907415e+00
-2.695636454224586309e+00
-2.700402837991714211e+00
-2.705161233246326180e+00
-2.709932520985602888e+00
-2.714724680781364086e+00
-2.719519259035586778e+00
-2.724319259822368444e+00
-2.729119917750358226e+00
-2.733898308873176308e+00
-2.738668715953826549e+00
-2.743429972231387737e+00
-2.748185148835181835e+00
-2.752950432896613897e+00
-2.757727071642875227e+00
-2.762503924965858282e+00
-2.767268256843089524e+00
-2.772004975378512981e+00
-2.776725068688392195e+00
-2.781453874707221718e+00
-2.786147163808345262e+00
-2.790815767645835610e+00
-2.795486785471438917e+00
-2.800161030888557168e+00
-2.804805901646613808e+00
-2.809431295096874059e+00
-2.814053098857402624e+00
-2.818690066039561959e+00
-2.823343215882777812e+00
-2.827996361255645574e+00
-2.832640717923641027e+00
-2.837316210567951025e+00
-2.842011694610118600e+00
-2.846701756119727644e+00
-2.851376363635062638e+00
-2.856071628630160841e+00
-2.860793845355510179e+00
-2.865517380833625616e+00
-2.870223924517631087e+00
-2.874944384396076025e+00
-2.879683226346969160e+00
-2.884420897066592993e+00
-2.889134544134139837e+00
-2.893799996376037242e+00
-2.898483321070670637e+00
-2.903142841160296861e+00
-2.907783612608909163e+00
-2.912428559362887803e+00
-2.917085665464401067e+00
-2.921746942400932134e+00
-2.926409099996089669e+00
-2.931068401038646520e+00
-2.935704416036605480e+00
-2.940312522649764837e+00
-2.944925242662429277e+00
-2.949537962675094160e+00
-2.954167164862155470e+00
-2.958787059783935192e+00
-2.963383449614047649e+00
-2.967988552153109971e+00
-2.972582085430621746e+00
-2.977185355126857225e+00
-2.981788477301597240e+00
-2.986379663646220983e+00
-2.990942651033400956e+00
-2.995483081042766393e+00
-2.999983300268649788e+00
-3.004485280811786119e+00
-3.008961623907088878e+00
-3.013436572253703538e+00
-3.017908887565135423e+00
-3.022386330366134466e+00
-3.026857617497443975e+00
-3.031316821277141305e+00
-3.035795144736766371e+00
-3.040276686847209753e+00
-3.044754205644130352e+00
-3.049238456785678508e+00
-3.053712600469588700e+00
-3.058198903501033517e+00
-3.062720508873462144e+00
-3.067223218083381386e+00
-3.071696262061595739e+00
-3.076141330599784673e+00
-3.080598339438437971e+00
-3.085128076374530348e+00
-3.089640235900878551e+00
-3.094132766127585921e+00
-3.098624782264232103e+00
-3.103143826127051863e+00
-3.107677300274371834e+00
-3.112194877862930031e+00
-3.116695168614387335e+00
-3.121168364584445687e+00
-3.125623174011706862e+00
-3.130079740285872880e+00
-3.134556230902671548e+00
-3.139039310812949957e+00
-3.143535426259040477e+00
-3.148031327128410162e+00
-3.152547514438628795e+00
-3.157083621621131542e+00
-3.161640895903110149e+00
-3.166225783526896986e+00
-3.170831400156020941e+00
-3.175426247715949835e+00
-3.179994948208331618e+00
-3.184564600884914221e+00
-3.189126269519328538e+00
-3.193709619343280348e+00
-3.198285865783691229e+00
-3.202858665585517350e+00
-3.207450656592845117e+00
-3.212044627964496080e+00
-3.216623950004577015e+00
-3.221184080839156305e+00
-3.225723411142825459e+00
-3.230255928635596518e+00
-3.234789545834063862e+00
-3.239321991801261014e+00
-3.243874652683734094e+00
-3.248438230156897699e+00
-3.252973899245261258e+00
-3.257488843798636680e+00
-3.262023855745791678e+00
-3.266596293449401056e+00
-3.271171364188193653e+00
-3.275723510980605546e+00
-3.280286645889281427e+00
-3.284848466515540188e+00
-3.289420609176158194e+00
-3.294006082415580128e+00
-3.298595507442950492e+00
-3.303171606361865464e+00
-3.307733494043349598e+00
-3.312287254631518518e+00
-3.316836473345755820e+00
-3.321411767601966325e+00
-3.326003687083720628e+00
-3.330574586987494534e+00
-3.335139916837214891e+00
-3.339723852276801352e+00
-3.344315771758555655e+00
-3.348921607434748982e+00
-3.353551904857158039e+00
-3.358193485438822901e+00
-3.362846416234969382e+00
-3.367517800629138414e+00
-3.372197316586970750e+00
-3.376900199055671070e+00
-3.381596268713473741e+00
-3.386291533708571500e+00
-3.390983575582503740e+00
-3.395675908029078816e+00
-3.400355204939841336e+00
-3.405017948150633966e+00
-3.409664942324160730e+00
-3.414319629967212055e+00
-3.418989114463328427e+00
-3.423649296164511746e+00
-3.428290286660193864e+00
-3.432936918735503440e+00
-3.437609259784220939e+00
-3.442300201952456895e+00
-3.446977961063384388e+00
-3.451588191092013425e+00
-3.456216803193091547e+00
-3.460843582451342826e+00
-3.465471389889716480e+00
-3.470065066218375627e+00
-3.474645411968230402e+00
-3.479252932965754663e+00
-3.483885939419268940e+00
-3.488531395792960232e+00
-3.493188644945620869e+00
-3.497854173183440274e+00
-3.502520872652529871e+00
-3.507188595831393307e+00
-3.511849215626715814e+00
-3.516513715684413288e+00
-3.521172283589839136e+00
-3.525825361907481525e+00
-3.530491989850997214e+00
-3.535163155198096430e+00
-3.539820846915244346e+00
-3.544488131999968594e+00
-3.549174898862838212e+00
-3.553862765431403226e+00
-3.558549755811690751e+00
-3.563202762603759233e+00
-3.567857745289801930e+00
-3.572505401074885789e+00
-3.577130351960658317e+00
-3.581770390272139615e+00
-3.586425958573817407e+00
-3.591096247732638691e+00
-3.595770564675330405e+00
-3.600440634787081873e+00
-3.605101330578326380e+00
-3.609766854345797693e+00
-3.614424912631510889e+00
-3.619059018790721005e+00
-3.623703013360499714e+00
-3.628357110917567407e+00
-3.632987479865550373e+00
-3.637629936635493610e+00
-3.642296050488948111e+00
-3.646988968551158283e+00
-3.651673755049704706e+00
-3.656371505558490220e+00
-3.661087352037429188e+00
-3.665800194442271565e+00
-3.670515893399714624e+00
-3.675245580077170615e+00
-3.679976809024810169e+00
-3.684710451960563127e+00
-3.689442995190619801e+00
-3.694169458746909385e+00
-3.698890575766562883e+00
-3.703606493771075314e+00
-3.708318383991717759e+00
-3.713004493713378373e+00
-3.717687599360941952e+00
-3.722374294698237662e+00
-3.727039751410483603e+00
-3.731703737378119889e+00
-3.736365161836146420e+00
-3.741017654538153714e+00
-3.745682306587695187e+00
-3.750355523824691062e+00
-3.755029326677321588e+00
-3.759696026146411185e+00
-3.764374737441539054e+00
-3.769069635868071977e+00
-3.773766800761221951e+00
-3.778472758829592770e+00
-3.783192414045333241e+00
-3.787914264202117298e+00
-3.792635014653205072e+00
-3.797360673546790188e+00
-3.802094464004039054e+00
-3.806832058727740442e+00
-3.811563721299170648e+00
-3.816284623742102866e+00
-3.821012477576732014e+00
-3.825771167874335354e+00
-3.830526711046695176e+00
-3.835263210535048817e+00
-3.839980885386466092e+00
-3.844733572006224787e+00
-3.849526907503604267e+00
-3.854306250810622281e+00
-3.859061208367347007e+00
-3.863812871277331418e+00
-3.868563725054263269e+00
-3.873318535089492087e+00
-3.878051882982253229e+00
-3.882767581939696733e+00
-3.887513384222983426e+00
-3.892249517142771786e+00
-3.896952399611472551e+00
-3.901662676036357080e+00
-3.906385040283202326e+00
-3.911097444593905514e+00
-3.915791462361811970e+00
-3.920472149550914054e+00
-3.925163020193576102e+00
-3.929851615428924028e+00
-3.934519852697848652e+00
-3.939168165624141071e+00
-3.943825781345366543e+00
-3.948498048633336310e+00
-3.953183132410048817e+00
-3.957838550955056434e+00
-3.962486499547957841e+00
-3.967160959541796927e+00
-3.971845529228448246e+00
-3.976491720974444810e+00
-3.981145161390303944e+00
-3.985801315307616388e+00
-3.990456074476241177e+00
-3.995104242116211957e+00
-3.999733808636664723e+00
-4.004355686157941463e+00
-4.008984593302010957e+00
-4.013593064248561326e+00
-4.018187035620211844e+00
-4.022764234244823101e+00
-4.027342899143695476e+00
-4.031927129626273754e+00
-4.036500881612299807e+00
-4.041062404960393373e+00
-4.045654910057782772e+00
-4.050265873223542812e+00
-4.054882325977086310e+00
-4.059487866610288265e+00
-4.064096411317586366e+00
-4.068702320754526980e+00
-4.073306397348641639e+00
-4.077922778576612117e+00
-4.082529492676257199e+00
-4.087118408083915355e+00
-4.091692309826611584e+00
-4.096281296759842760e+00
-4.100884859263896232e+00
-4.105499704927205507e+00
-4.110108542442320712e+00
-4.114715620875357693e+00
-4.119310980290173951e+00
-4.123879680782556179e+00
-4.128459148108958310e+00
-4.133057730644940975e+00
-4.137648769468068366e+00
-4.142235780507325771e+00
-4.146815909445285442e+00
-4.151392374932765250e+00
-4.155966421961784008e+00
-4.160537393391131822e+00
-4.165124185383318967e+00
-4.169719985127448680e+00
-4.174311245232820156e+00
-4.178912174701689963e+00
-4.183519621938466493e+00
-4.188134536892174964e+00
-4.192735173553227668e+00
-4.197300286591052476e+00
-4.201882096379994991e+00
-4.206520306318997982e+00
-4.211176022142170794e+00
-4.215816793590783540e+00
-4.220436176657676342e+00
-4.225069332867859906e+00
-4.229720066487788088e+00
-4.234358857572077639e+00
-4.238991133123635180e+00
-4.243602167814969128e+00
-4.248218477517365699e+00
-4.252849727123974688e+00
-4.257439449429511136e+00
-4.262029317021369224e+00
-4.266628777980804088e+00
-4.271210225671529415e+00
-4.275776069611310071e+00
-4.280352606624363787e+00
-4.284961225092410508e+00
-4.289584052562712913e+00
-4.294187248498200660e+00
-4.298792353272437694e+00
-4.303413495421408719e+00
-4.308060786873101122e+00
-4.312726534157990343e+00
-4.317372725903987352e+00
-4.322017160803079072e+00
-4.326679684966801887e+00
-4.331351802498101478e+00
-4.336020772904157106e+00
-4.340694209188222352e+00
-4.345414302498101122e+00
-4.350129268318413622e+00
-4.354848335683344729e+00
-4.359559345245360262e+00
-4.364280683547257844e+00
-4.369022163003682735e+00
-4.373778948932885768e+00
-4.378544963896273678e+00
-4.383311124145984117e+00
-4.388090543448924130e+00
-4.392883219569920783e+00
-4.397673036903142041e+00
-4.402456776797770921e+00
-4.407240004837512437e+00
-4.412025944143532996e+00
-4.416782658547162121e+00
-4.421526482701301219e+00
-4.426265545934437995e+00
-4.431011126935481492e+00
-4.435760150104760768e+00
-4.440511810779570467e+00
-4.445265740156172818e+00
-4.450019157677887804e+00
-4.454774846136569266e+00
-4.459546281397342327e+00
-4.464337712526321056e+00
-4.469113396853208187e+00
-4.473878388106822257e+00
-4.478633269667624539e+00
-4.483400165289639361e+00
-4.488168598711490098e+00
-4.492937910556792147e+00
-4.497721505165099387e+00
-4.502520406246184770e+00
-4.507300703972576983e+00
-4.512085396051405795e+00
-4.516870380938052598e+00
-4.521662397682666423e+00
-4.526460053771733882e+00
-4.531256098300217694e+00
-4.536072945594787242e+00
-4.540890450030564907e+00
-4.545708687603473130e+00
-4.550522897392510480e+00
-4.555314692854880221e+00
-4.560100996494292680e+00
-4.564888178557156451e+00
-4.569687079638241833e+00
-4.574535639584063951e+00
-4.579372920840977912e+00
-4.584164644777773745e+00
-4.588944721221922762e+00
-4.593750068545340959e+00
-4.598567720502614087e+00
-4.603349629789589947e+00
-4.608115937560795849e+00
-4.612903707474469428e+00
-4.617705831676721218e+00
-4.622521067410707118e+00
-4.627332565933465425e+00
-4.632132859528064195e+00
-4.636951608955859783e+00
-4.641776219010352200e+00
-4.646615257114171449e+00
-4.651454954594372637e+00
-4.656275315582751873e+00
-4.661075901985167746e+00
-4.665866892784833020e+00
-4.670662718266248348e+00
-4.675466820597647732e+00
-4.680264329165219728e+00
-4.685076560825108594e+00
-4.689913913607596463e+00
-4.694713252782820589e+00
-4.699495307356118090e+00
-4.704282341897487285e+00
-4.709085784852503842e+00
-4.713872747868299129e+00
-4.718619428575038022e+00
-4.723354242742060727e+00
-4.728086566925048473e+00
-4.732823285460471041e+00
-4.737552607804536464e+00
-4.742304194718598431e+00
-4.747052558511494880e+00
-4.751773311197757366e+00
-4.756464841216802242e+00
-4.761160470545291012e+00
-4.765868040174245479e+00
-4.770562936365603690e+00
-4.775229050219058635e+00
-4.779890036582946422e+00
-4.784546554833649878e+00
-4.789210104942321244e+00
-4.793887935578822201e+00
-4.798559981584547884e+00
-4.803242646902798896e+00
-4.807919013500212557e+00
-4.812595820426940563e+00
-4.817274824529885535e+00
-4.821958882361649934e+00
-4.826648872345685071e+00
-4.831327069550751752e+00
-4.835998748987912599e+00
-4.840657976269721274e+00
-4.845319548249244157e+00
-4.849974088370799130e+00
-4.854629654437302655e+00
-4.859277898073195878e+00
-4.863909807056187695e+00
-4.868532706052064007e+00
-4.873148649185894854e+00
-4.877753897011279705e+00
-4.882357535511254731e+00
-4.886957436800002164e+00
-4.891567007452248816e+00
-4.896179508417843884e+00
-4.900783292204140551e+00
-4.905382974445819499e+00
-4.909978043287991589e+00
-4.914543668180703762e+00
-4.919103875011204607e+00
-4.923668254911898856e+00
-4.928233586996793036e+00
-4.932810566574334032e+00
-4.937391278892754976e+00
-4.941970600932835467e+00
-4.946540693938731081e+00
-4.951065522432326560e+00
-4.955603241175412066e+00
-4.960160077363251929e+00
-4.964730096608399812e+00
-4.969260271638630933e+00
-4.973780998587607804e+00
-4.978332854807375973e+00
-4.982903752475976056e+00
-4.987461833655833843e+00
-4.992000359296797640e+00
-4.996532805263995236e+00
-5.001077703386544115e+00
-5.005632928013801219e+00
-5.010193351656197613e+00
-5.014749675989150113e+00
-5.019302410632371370e+00
-5.023871111124753597e+00
-5.028462664037942176e+00
-5.033065862208603747e+00
-5.037674187868832476e+00
-5.042271161079406205e+00
-5.046855463087558391e+00
-5.051432587951421027e+00
-5.055979609489440030e+00
-5.060492059588431957e+00
-5.065020699054001874e+00
-5.069558420032262092e+00
-5.074078708887099332e+00
-5.078579954057930834e+00
-5.083089623600243634e+00
-5.087629027664660519e+00
-5.092178393900393729e+00
-5.096720214188097842e+00
-5.101278076320886257e+00
-5.105819310992955273e+00
-5.110339159518479946e+00
-5.114863476157188060e+00
-5.119424413889645642e+00
-5.124012522399424618e+00
-5.128579025715588990e+00
-5.133119162917136435e+00
-5.137671164423226244e+00
-5.142314792424439673e+00
-5.146966771036385779e+00
-5.151609739661216381e+00
-5.156234178692101544e+00
-5.160847265273331708e+00
-5.165475513041018374e+00
-5.170095262676476899e+00
-5.174711132049560014e+00
-5.179315796494483592e+00
-5.183911596238612418e+00
-5.188507324457168224e+00
-5.193106568604706652e+00
-5.197714527696370546e+00
-5.202336036413907294e+00
-5.206956814229487307e+00
-5.211563747376202649e+00
-5.216175662726163509e+00
-5.220793581753968127e+00
-5.225433693826198045e+00
-5.230092702060937349e+00
-5.234756399691104178e+00
-5.239408523589371924e+00
-5.244053325057029369e+00
-5.248677249997853345e+00
-5.253309525549410886e+00
-5.257946195453405025e+00
-5.262561331689356692e+00
-5.267166581749915366e+00
-5.271761724352836076e+00
-5.276368290930985694e+00
-5.280984524637459820e+00
-5.285588601231574479e+00
-5.290153492987155204e+00
-5.294716920703648633e+00
-5.299269360303878074e+00
-5.303822535276411898e+00
-5.308397534489630587e+00
-5.312989087402820054e+00
-5.317562696337699180e+00
-5.322107446938752595e+00
-5.326645313203334453e+00
-5.331187868863343837e+00
-5.335758109390734916e+00
-5.340322051197289532e+00
-5.344870243966578727e+00
-5.349420636147259600e+00
-5.354013360291718371e+00
-5.358625713735817975e+00
-5.363213457912205939e+00
-5.367786700278520229e+00
-5.372359064221381431e+00
-5.376924762874841335e+00
-5.381496027112006253e+00
-5.386064434796571376e+00
-5.390640459954737729e+00
-5.395229082554577893e+00
-5.399800346791743699e+00
-5.404393875598906938e+00
-5.409022416174410708e+00
-5.413657474517821200e+00
-5.418287331610917690e+00
-5.422915869951247636e+00
-5.427550416439770764e+00
-5.432198731601237895e+00
-5.436860448867081530e+00
-5.441517186164855246e+00
-5.446165208518504386e+00
-5.450839231535791640e+00
-5.455541379749774045e+00
-5.460238693282007283e+00
-5.464920114725827283e+00
-5.469579708576201682e+00
-5.474275558069347625e+00
-5.478971847891807023e+00
-5.483645211532711450e+00
-5.488318356126546504e+00
-5.493010690808295848e+00
-5.497692039608955028e+00
-5.502348776906727856e+00
-5.507012986391782050e+00
-5.511657053604721135e+00
-5.516297385841607337e+00
-5.520921165496110561e+00
-5.525547654181718116e+00
-5.530192307010292296e+00
-5.534828536584972980e+00
-5.539460372924803977e+00
-5.544084519147872037e+00
-5.548705660179257038e+00
-5.553390964120625384e+00
-5.558073629438876395e+00
-5.562743404507636491e+00
-5.567423141747712023e+00
-5.572099654749035125e+00
-5.576773824170230931e+00
-5.581447262689470890e+00
-5.586139229685067598e+00
-5.590836544334887748e+00
-5.595541841909288827e+00
-5.600233663618563895e+00
-5.604922262206672556e+00
-5.609604488313197024e+00
-5.614283930510281628e+00
-5.618963666632771137e+00
-5.623643989488481765e+00
-5.628327973559498432e+00
-5.633025653660296506e+00
-5.637734245881437900e+00
-5.642449503391980592e+00
-5.647155167534946507e+00
-5.651859734207390851e+00
-5.656572429090737764e+00
-5.661307537183164484e+00
-5.666052385047077422e+00
-5.670791814848779921e+00
-5.675539446622132722e+00
-5.680273163318632967e+00
-5.684985711798071328e+00
-5.689692474529146615e+00
-5.694395796209573035e+00
-5.699097137525677148e+00
-5.703781487047671739e+00
-5.708448185399173980e+00
-5.713114225491880305e+00
-5.717827652394770865e+00
-5.722528187930583599e+00
-5.727200013771652110e+00
-5.731872207298874144e+00
-5.736566518992185060e+00
-5.741263320669530934e+00
-5.745951845496891863e+00
-5.750629165396093256e+00
-5.755288686603306836e+00
-5.759944546595215265e+00
-5.764582388848065619e+00
-5.769188663735985045e+00
-5.773801822960376029e+00
-5.778376750648020810e+00
-5.782920988276599950e+00
-5.787472331523894731e+00
-5.792053778097033145e+00
-5.796641303226350850e+00
-5.801215351372956519e+00
-5.805768305063247148e+00
-5.810310566797851628e+00
-5.814863228797912065e+00
-5.819454781711100644e+00
-5.824022017046808664e+00
-5.828548530861734633e+00
-5.833074019849299852e+00
-5.837619795277714019e+00
-5.842192231863736041e+00
-5.846753169596194510e+00
-5.851313081383704429e+00
-5.855899360403418186e+00
-5.860472821816800959e+00
-5.865018744766711478e+00
-5.869580194354056424e+00
-5.874168377742170932e+00
-5.878738909959792203e+00
-5.883260296285151902e+00
-5.887792668491600878e+00
-5.892371622845529622e+00
-5.896952188760041125e+00
-5.901507559791206781e+00
-5.906053336337207860e+00
-5.910590104013680346e+00
-5.915138882398604636e+00
-5.919697330147027259e+00
-5.924196597188710278e+00
-5.928682314604520442e+00
-5.933161514252423885e+00
-5.937618228048085811e+00
-5.942075821384786849e+00
-5.946547769010066098e+00
-5.951031289249657519e+00
-5.955507704988121098e+00
-5.959970498457550114e+00
-5.964404068142174609e+00
-5.968847158551215060e+00
-5.973302626237272150e+00
-5.977776844799517875e+00
-5.982257435843347793e+00
-5.986736048758029227e+00
-5.991210561245678967e+00
-5.995662734284996631e+00
-6.000109633430837697e+00
-6.004557119309901658e+00
-6.009006875008344295e+00
-6.013457803055643147e+00
-6.017907632514833516e+00
-6.022343106567858761e+00
-6.026760635524987642e+00
-6.031170548126100428e+00
-6.035605874657630210e+00
-6.040046328678726262e+00
-6.044478066638111713e+00
-6.048912662267683871e+00
-6.053381241485475961e+00
-6.057900943607091193e+00
-6.062420060113071330e+00
-6.066924747452139499e+00
-6.071421304345130388e+00
-6.075916543602942532e+00
-6.080369302257894404e+00
-6.084839273989199881e+00
-6.089303971827029649e+00
-6.093767936527727969e+00
-6.098235123232006671e+00
-6.102732046693562395e+00
-6.107257022708653338e+00
-6.111801407858728830e+00
-6.116328581050037627e+00
-6.120851871743797190e+00
-6.125379044935106876e+00
-6.129905777797102218e+00
-6.134430972859262532e+00
-6.138957999646662778e+00
-6.143484220653771644e+00
-6.148008096963166302e+00
-6.152526333928107327e+00
-6.157068740949034336e+00
-6.161621475592254704e+00
-6.166177578642964008e+00
-6.170727236568927410e+00
-6.175260488316416385e+00
-6.179771620780228680e+00
-6.184277480468153065e+00
-6.188775135949253325e+00
-6.193264808505772656e+00
-6.197768104448913462e+00
-6.202270008996128681e+00
-6.206752357445656898e+00
-6.211249648034572246e+00
-6.215770082734524138e+00
-6.220305532217024869e+00
-6.224834536574780586e+00
-6.229390787146984465e+00
-6.233960440941154424e+00
-6.238516178540884916e+00
-6.243062907271086814e+00
-6.247607512027024690e+00
-6.252138567157088822e+00
-6.256671086885034150e+00
-6.261202508024870994e+00
-6.265800359658896035e+00
-6.270410370081662244e+00
-6.275004193931817298e+00
-6.279600873775779135e+00
-6.284213740192353015e+00
-6.288837153837084415e+00
-6.293460420519112475e+00
-6.298073945753275282e+00
-6.302695234864949647e+00
-6.307331831566989067e+00
-6.311983003281055993e+00
-6.316621870361267987e+00
-6.321269599348306123e+00
-6.325930951721965734e+00
-6.330587103962897366e+00
-6.335223847627639238e+00
-6.339853705838321751e+00
-6.344497920013963288e+00
-6.349149824865161662e+00
-6.353803119994699600e+00
-6.358455097489057906e+00
-6.363117402605711348e+00
-6.367783002927899005e+00
-6.372452266141771737e+00
-6.377149580791591887e+00
-6.381833564862608554e+00
-6.386524067819117967e+00
-6.391245406121014661e+00
-6.395951875485478944e+00
-6.400626631639896758e+00
-6.405283370055256498e+00
-6.409943331032989633e+00
-6.414600655063985357e+00
-6.419239156134425528e+00
-6.423837520182130945e+00
-6.428448335826395521e+00
-6.433075338043271252e+00
-6.437700802460311067e+00
-6.442320625856517324e+00
-6.446940230764447222e+00
-6.451552583649752926e+00
-6.456170430034397612e+00
-6.460774579830466102e+00
-6.465384883061050303e+00
-6.469963984936474510e+00
-6.474518476985393178e+00
-6.479063520394264586e+00
-6.483646137081085392e+00
-6.488245672918854901e+00
-6.492823309078811000e+00
-6.497384393215178022e+00
-6.501930829137561929e+00
-6.506473602168260761e+00
-6.511020989157257688e+00
-6.515567498281596315e+00
-6.520104631967841513e+00
-6.524617669358848460e+00
-6.529116277582941663e+00
-6.533631146140395529e+00
-6.538170403800902974e+00
-6.542727972008286486e+00
-6.547270965203641602e+00
-6.551810809038578043e+00
-6.556347064301370153e+00
-6.560879657231270201e+00
-6.565386762470005522e+00
-6.569889692403374504e+00
-6.574394599348305057e+00
-6.578894232958553800e+00
-6.583364570140837202e+00
-6.587838056404142328e+00
-6.592336225137112926e+00
-6.596817401796577940e+00
-6.601284003164617609e+00
-6.605768475867806799e+00
-6.610260931774972093e+00
-6.614750458486376772e+00
-6.619231195654718292e+00
-6.623716986831276188e+00
-6.628225043416021478e+00
-6.632673261035232137e+00
-6.637128436472265136e+00
-6.641628216486422431e+00
-6.646140667423604320e+00
-6.650635393988340027e+00
-6.655116131156681547e+00
-6.659610857721416366e+00
-6.664129974227397391e+00
-6.668662127386776994e+00
-6.673194866720585594e+00
-6.677710760384796274e+00
-6.682244451902805693e+00
-6.686779168806968876e+00
-6.691318865958599815e+00
-6.695859002880750310e+00
-6.700427264720199894e+00
-6.704983661416916263e+00
-6.709512079320846922e+00
-6.714045331068335898e+00
-6.718603265844284245e+00
-6.723184491414575525e+00
-6.727756195422260888e+00
-6.732324677146969805e+00
-6.736898797936736294e+00
-6.741455633845179207e+00
-6.746033197082577537e+00
-6.750622698664663801e+00
-6.755202605901284407e+00
-6.759785955445839711e+00
-6.764375970140098282e+00
-6.768972137011585843e+00
-6.773580608936025094e+00
-6.778219402534885418e+00
-6.782860393589361436e+00
-6.787498162081464059e+00
-6.792128899414090704e+00
-6.796774065354837191e+00
-6.801440105307845485e+00
-6.806112957093863436e+00
-6.810778191545976412e+00
-6.815433318680151231e+00
-6.820084929745642732e+00
-6.824761736532671819e+00
-6.829429753916336665e+00
-6.834105169167740357e+00
-6.838760222820563506e+00
-6.843388982862232517e+00
-6.848044842295347046e+00
-6.852714984142219912e+00
-6.857379266410132956e+00
-6.862050799652932298e+00
-6.866768109262919140e+00
-6.871496478444894862e+00
-6.876212176913393925e+00
-6.880920990207231469e+00
-6.885654193512162458e+00
-6.890399408224037181e+00
-6.895132098556494782e+00
-6.899829486268570733e+00
-6.904523944261017121e+00
-6.909226678858975568e+00
-6.913928973895961505e+00
-6.918612518964799563e+00
-6.923311005230059934e+00
-6.928029193647669892e+00
-6.932767889666136440e+00
-6.937488275347275746e+00
-6.942237591852607359e+00
-6.946996869178109435e+00
-6.951735272445510816e+00
-6.956472503761323090e+00
-6.961223358219283952e+00
-6.965974432422807006e+00
-6.970694378769984212e+00
-6.975397479447563498e+00
-6.980113910040380176e+00
-6.984823822096949186e+00
-6.989504657121868192e+00
-6.994182049803929324e+00
-6.998857098766164242e+00
-7.003534564720029110e+00
-7.008193061030032034e+00
-7.012841449812547978e+00
-7.017508149211788115e+00
-7.022164594609783705e+00
-7.026794819389031943e+00
-7.031428925827638565e+00
-7.036065815477194008e+00
-7.040685127018512901e+00
-7.045300996391596016e+00
-7.049917597923920809e+00
-7.054520137137295421e+00
-7.059107881313683386e+00
-7.063683027769000589e+00
-7.068264546286807892e+00
-7.072837861575679952e+00
-7.077428828314440423e+00
-7.082043379214153944e+00
-7.086643428164096647e+00
-7.091224287584917185e+00
-7.095795625582830723e+00
-7.100383223215611217e+00
-7.104971919436501082e+00
-7.109546553338439878e+00
-7.114105073730023321e+00
-7.118658833480002279e+00
-7.123214497598381101e+00
-7.127776533779250023e+00
-7.132355195884154675e+00
-7.136935615813852607e+00
-7.141514351120711979e+00
-7.146080342162894006e+00
-7.150622529857353804e+00
-7.155165669456617472e+00
-7.159718257416533227e+00
-7.164276265254737375e+00
-7.168815156765775853e+00
-7.173322920403005121e+00
-7.177804902842761514e+00
-7.182285200659679347e+00
-7.186750264227883989e+00
-7.191188887222232040e+00
-7.195589131437735375e+00
-7.199968355097370321e+00
-7.204329195008175368e+00
-7.208690254524843688e+00
-7.213044136198730527e+00
-7.217342134187491709e+00
-7.221593257290804146e+00
-7.225842622499475176e+00
-7.230077119539053854e+00
-7.234262617649072524e+00
-7.238427681028404947e+00
-7.242589961406336485e+00
-7.246753267170423563e+00
-7.250879805367001829e+00
-7.254975728243151067e+00
-7.259077510488713081e+00
-7.263184273261138912e+00
-7.267251851439503696e+00
-7.271274605399956847e+00
-7.275276045926874602e+00
-7.279280269455192354e+00
-7.283256954066017030e+00
-7.287205074058872967e+00
-7.291109029087964544e+00
-7.294998628780739125e+00
-7.298859151245413734e+00
-7.302686568220086549e+00
-7.306517647294093365e+00
-7.310320454929022382e+00
-7.314071260642957206e+00
-7.317778121016452531e+00
-7.321481612126807370e+00
-7.325170967436859470e+00
-7.328838716540484022e+00
-7.332495699019635715e+00
-7.336175899300722669e+00
-7.339855659985913050e+00
-7.343518062168731042e+00
-7.347172188130206116e+00
-7.350830708444116901e+00
-7.354452168243004628e+00
-7.358019355707800635e+00
-7.361578559828920731e+00
-7.365150508144869157e+00
-7.368699018703772197e+00
-7.372231709118930887e+00
-7.375758759770540962e+00
-7.379263617936520525e+00
-7.382768037030471575e+00
-7.386252460815010856e+00
-7.389728974178431997e+00
-7.393203510530291567e+00
-7.396663471171630810e+00
-7.400106806447728225e+00
-7.403535126941276800e+00
-7.406933491351081145e+00
-7.410314058046786556e+00
-7.413677192619068990e+00
-7.417025898443533549e+00
-7.420366987213490972e+00
-7.423699799412860401e+00
-7.427021259162573941e+00
-7.430332392267881225e+00
-7.433617744036017605e+00
-7.436888886522500464e+00
-7.440162592474369951e+00
-7.443427070230244524e+00
-7.446692865900693903e+00
-7.449944892339407154e+00
-7.453184174932538042e+00
-7.456406904384492051e+00
-7.459608393535016369e+00
-7.462790107261388250e+00
-7.465959369670597923e+00
-7.469116767216472219e+00
-7.472278998885302670e+00
-7.475449506845324166e+00
-7.478617157973348029e+00
-7.481789789907632660e+00
-7.484973627608267677e+00
-7.488164130598304880e+00
-7.491375800687817943e+00
-7.494601972587405569e+00
-7.497845282964407332e+00
-7.501090717595069179e+00
-7.504328535031525860e+00
-7.507579023391007134e+00
-7.510833100322632738e+00
-7.514106440264730402e+00
-7.517422919627277267e+00
-7.520742109417914101e+00
-7.524065180867909319e+00
-7.527377045992760252e+00
-7.530688325222580026e+00
-7.534006782155482362e+00
-7.537331318482754838e+00
-7.540660615451632687e+00
-7.544009834248571522e+00
-7.547374360356478462e+00
-7.550747455842791389e+00
-7.554128534812479145e+00
-7.557521405722944507e+00
-7.560917572956530996e+00
-7.564323481358586676e+00
-7.567741840519009777e+00
-7.571158808283506403e+00
-7.574587055295704197e+00
-7.578023432195185372e+00
-7.581466987077145170e+00
-7.584927680436519992e+00
-7.588426825776695139e+00
-7.591955927200613630e+00
-7.595504145231096516e+00
-7.599058295693247089e+00
-7.602613178174941311e+00
-7.606159271951763223e+00
-7.609688739664851376e+00
-7.613205829542128988e+00
-7.616729584429411837e+00
-7.620256561879067192e+00
-7.623798481188712728e+00
-7.627357831783591280e+00
-7.630913300439713609e+00
-7.634458588436244142e+00
-7.637995453737675078e+00
-7.641527631320057523e+00
-7.645065595209596943e+00
-7.648615570925175078e+00
-7.652156171202658008e+00
-7.655684174038468015e+00
-7.659200458414851198e+00
-7.662695722095667072e+00
-7.666206952743230829e+00
-7.669726019911466963e+00
-7.673252411186693323e+00
-7.676767816022037394e+00
-7.680282708443700201e+00
-7.683801556006072175e+00
-7.687330584228037722e+00
-7.690838006138799976e+00
-7.694326165318488009e+00
-7.697793084755538473e+00
-7.701251507177947708e+00
-7.704697918333112128e+00
-7.708144549094138931e+00
-7.711577044054864771e+00
-7.714985588565467012e+00
-7.718371648341415536e+00
-7.721734123677014061e+00
-7.725080412440000543e+00
-7.728415861725805414e+00
-7.731755705364046882e+00
-7.735086320526896486e+00
-7.738402873650191971e+00
-7.741713567264376650e+00
-7.745013860054312360e+00
-7.748297307454047989e+00
-7.751570354588328549e+00
-7.754831535741685045e+00
-7.758089055679737278e+00
-7.761331633478401493e+00
-7.764561393670736500e+00
-7.767774894647298645e+00
-7.770966276340184997e+00
-7.774142570048569567e+00
-7.777314396202562818e+00
-7.780473770759998686e+00
-7.783636515401302525e+00
-7.786791861616073618e+00
-7.789903116784988590e+00
-7.793006021343169998e+00
-7.796081167273221979e+00
-7.799150747619568058e+00
-7.802222817391156084e+00
-7.805287197045980285e+00
-7.808347328752278216e+00
-7.811397206038234842e+00
-7.814418519474564562e+00
-7.817415443249045026e+00
-7.820390247739849698e+00
-7.823346229270098817e+00
-7.826298183016477950e+00
-7.829244056530295204e+00
-7.832184803672133100e+00
-7.835112001188098141e+00
-7.838014442473648202e+00
-7.840890663489697765e+00
-7.843760731630025518e+00
-7.846626624464986932e+00
-7.849482117034493278e+00
-7.852306189201771147e+00
-7.855097449012099275e+00
-7.857858166843651126e+00
-7.860588415898381420e+00
-7.863289881497619760e+00
-7.865983069688080143e+00
-7.868669080175457964e+00
-7.871351209282873462e+00
-7.874010046757756065e+00
-7.876647425442932615e+00
-7.879274109378455293e+00
-7.881874060072003196e+00
-7.884461852535603832e+00
-7.887053160928187978e+00
-7.889646520093082316e+00
-7.892222886905072343e+00
-7.894768346287309058e+00
-7.897289269044994064e+00
-7.899787487462161195e+00
-7.902303503453730116e+00
-7.904824499413369843e+00
-7.907340221479533859e+00
-7.909823717921971031e+00
-7.912280406802890909e+00
-7.914711607992647835e+00
-7.917146472074089836e+00
-7.919572692736982056e+00
-7.921986242756245744e+00
-7.924373059533534658e+00
-7.926747937686739576e+00
-7.929127064347265552e+00
-7.931520399451254200e+00
-7.933910732157526624e+00
-7.936305971629916023e+00
-7.938684146106242068e+00
-7.941042324714361555e+00
-7.943398379348218796e+00
-7.945754360780119541e+00
-7.948119790293276310e+00
-7.950509317219257355e+00
-7.952901846542954623e+00
-7.955292691662907423e+00
-7.957685074023902239e+00
-7.960070132836699841e+00
-7.962452920153737068e+00
-7.964835708588362095e+00
-7.967220400832593086e+00
-7.969607803225517095e+00
-7.971996524371206760e+00
-7.974374991096556009e+00
-7.976750674471259295e+00
-7.979118008911609827e+00
-7.981485269591212628e+00
-7.983892667293548406e+00
-7.986319253966212450e+00
-7.988762100413441480e+00
-7.991208536550402641e+00
-7.993643472716212450e+00
-7.996066470816731275e+00
-7.998479141294955852e+00
-8.000887418538331630e+00
-8.003317741304636357e+00
-8.005764982104301097e+00
-8.008210905268787982e+00
-8.010661735758185742e+00
-8.013107951730489731e+00
-8.015554460510610824e+00
-8.018008805811405182e+00
-8.020467692986130714e+00
-8.022933610901237245e+00
-8.025401066616177914e+00
-8.027860832214354758e+00
-8.030315764248371124e+00
-8.032776335626840236e+00
-8.035236467793584580e+00
-8.037719012051820044e+00
-8.040210271254181862e+00
-8.042689886316656711e+00
-8.045163568109273911e+00
-8.047645599395035987e+00
-8.050132611766457558e+00
-8.052635589987039211e+00
-8.055152850970625167e+00
-8.057686883583665249e+00
-8.060243108123540168e+00
-8.062801530957221630e+00
-8.065356365218757873e+00
-8.067911199480295892e+00
-8.070467645302414894e+00
-8.073022112995385413e+00
-8.075589911267162080e+00
-8.078160492330789921e+00
-8.080738764628767612e+00
-8.083319086581468582e+00
-8.085905927419663186e+00
-8.088510859757661819e+00
-8.091123408451675658e+00
-8.093735444173216109e+00
-8.096349530667065864e+00
-8.098953729867934825e+00
-8.101558295637369511e+00
-8.104178168997169251e+00
-8.106826459243894334e+00
-8.109493940696120617e+00
-8.112170576304198022e+00
-8.114846845343709703e+00
-8.117528827488422749e+00
-8.120206635445356369e+00
-8.122883491218090057e+00
-8.125562544167042489e+00
-8.128240351006388309e+00
-8.130923798307776451e+00
-8.133616180717945454e+00
-8.136310613900423760e+00
-8.139010760188103433e+00
-8.141728412359952927e+00
-8.144446503743528964e+00
-8.147168622910976765e+00
-8.149901948124171014e+00
-8.152629047259688733e+00
-8.155365301668643596e+00
-8.158108367770910974e+00
-8.160859930887818692e+00
-8.163623504713177326e+00
-8.166393963992595317e+00
-8.169165520742534881e+00
-8.171939714998007531e+00
-8.174712664261459594e+00
-8.177491180226207135e+00
-8.180269768834113719e+00
-8.183055169135332818e+00
-8.185847894102334266e+00
-8.188640838116407750e+00
-8.191396868228911998e+00
-8.194148503988980536e+00
-8.196887029334902763e+00
-8.199623796716332791e+00
-8.202366570010781288e+00
-8.205125163868070004e+00
-8.207899504527450318e+00
-8.210689079016447067e+00
-8.213479020074009540e+00
-8.216253360733389854e+00
-8.219012834131717682e+00
-8.221764836460351944e+00
-8.224514421448111179e+00
-8.227265691757201793e+00
-8.230025384202599881e+00
-8.232808220759034512e+00
-8.235617791116236930e+00
-8.238450432941316848e+00
-8.241292375326157327e+00
-8.244132707267999294e+00
-8.246975675597786548e+00
-8.249824576079845428e+00
-8.252663223817943816e+00
-8.255499747022986057e+00
-8.258343008160590415e+00
-8.261184219643473270e+00
-8.264023526757956262e+00
-8.266860855743288994e+00
-8.269691813364625332e+00
-8.272529142349958065e+00
-8.275374235212803242e+00
-8.278219109028578160e+00
-8.281060027703642135e+00
-8.283916985988616588e+00
-8.286780608445406315e+00
-8.289649797603487968e+00
-8.292522136121988297e+00
-8.295378068462014198e+00
-8.298230706155299785e+00
-8.301080486178397777e+00
-8.303926092013716342e+00
-8.306774407997727039e+00
-8.309613348543644307e+00
-8.312459173426031356e+00
-8.315312689542770030e+00
-8.318176019191742654e+00
-8.321041180565952544e+00
-8.323905096948147175e+00
-8.326767694577574375e+00
-8.329602021723985672e+00
-8.332418402656912804e+00
-8.335225775837898254e+00
-8.338036371022463200e+00
-8.340850555896759388e+00
-8.343666497617959976e+00
-8.346481853723526356e+00
-8.349315520375967026e+00
-8.352154021710157750e+00
-8.354982414469123597e+00
-8.357802531495689635e+00
-8.360617741197348352e+00
-8.363422111421822791e+00
-8.366203995794057491e+00
-8.368989249691367149e+00
-8.371777360141276603e+00
-8.374566057324409840e+00
-8.377353215590119362e+00
-8.380142863839864731e+00
-8.382914055138826370e+00
-8.385669938847422955e+00
-8.388412858545780892e+00
-8.391149553284048324e+00
-8.393877459317446110e+00
-8.396598772704601643e+00
-8.399314153939485550e+00
-8.402018035203218105e+00
-8.404718181490897777e+00
-8.407408147677779553e+00
-8.410088518261909840e+00
-8.412772404775022750e+00
-8.415454094111918693e+00
-8.418137029558419471e+00
-8.420820843428373337e+00
-8.423500994965433364e+00
-8.426177265122532845e+00
-8.428839545324445126e+00
-8.431490619480609183e+00
-8.434133710712194087e+00
-8.436774751171469688e+00
-8.439418867230415344e+00
-8.442073676362634060e+00
-8.444723651930690522e+00
-8.447366888448595290e+00
-8.449994524568319676e+00
-8.452607732638716342e+00
-8.455197063460946794e+00
-8.457773137465119717e+00
-8.460332439839840291e+00
-8.462893792986870167e+00
-8.465458441898226383e+00
-8.468013129755854962e+00
-8.470557417348027585e+00
-8.473098628222942352e+00
-8.475630977749824879e+00
-8.478152266517280822e+00
-8.480665791407227871e+00
-8.483162178099155071e+00
-8.485645527020096779e+00
-8.488138910755514743e+00
-8.490623065456748719e+00
-8.493104583770037408e+00
-8.495614446327090619e+00
-8.498123942315578105e+00
-8.500629777088761330e+00
-8.503124333173037286e+00
-8.505614054575563188e+00
-8.508095572888851876e+00
-8.510569474846125360e+00
-8.513038029149175401e+00
-8.515505119413138146e+00
-8.517969353124499321e+00
-8.520417619869112613e+00
-8.522863908484577422e+00
-8.525305363535881753e+00
-8.527731803804636357e+00
-8.530146379768847709e+00
-8.532553996518254635e+00
-8.534962198883295770e+00
-8.537366080656648037e+00
-8.539774356782436016e+00
-8.542188273370266316e+00
-8.544602482765913720e+00
-8.547020134329795127e+00
-8.549438223987817054e+00
-8.551863273978232982e+00
-8.554293010011315701e+00
-8.556708097830414417e+00
-8.559111833199859021e+00
-8.561505608633160236e+00
-8.563884295523166656e+00
-8.566264960542321560e+00
-8.568642767891287093e+00
-8.571039984375238063e+00
-8.573439545556903241e+00
-8.575834711268544908e+00
-8.578221820294857025e+00
-8.580594794079662080e+00
-8.582953779026865959e+00
-8.585323749855160003e+00
-8.587700384855271096e+00
-8.590081416442989948e+00
-8.592453365400434251e+00
-8.594820624962448363e+00
-8.597196601703762653e+00
-8.599585761502385850e+00
-8.601990083605050685e+00
-8.604412055760622735e+00
-8.606839813664555194e+00
-8.609257758036255481e+00
-8.611656952649354935e+00
-8.614059297740459087e+00
-8.616467279940843937e+00
-8.618891303986311314e+00
-8.621311664581298828e+00
-8.623717597126960399e+00
-8.626127997785806301e+00
-8.628551802784205194e+00
-8.630976486206055398e+00
-8.633393843844533677e+00
-8.635792306438087707e+00
-8.638169162720441108e+00
-8.640532834827899578e+00
-8.642902367562054877e+00
-8.645279222726822255e+00
-8.647671971097588894e+00
-8.650070871785283444e+00
-8.652467869222164154e+00
-8.654865451157093048e+00
-8.657255782186984661e+00
-8.659655195847154374e+00
-8.662055927142500167e+00
-8.664457904547452571e+00
-8.666857099160552025e+00
-8.669258416071533802e+00
-8.671660100668669102e+00
-8.674068670719861984e+00
-8.676478998735547066e+00
-8.678892328590155358e+00
-8.681293281167745235e+00
-8.683692182973027585e+00
-8.686079585924744606e+00
-8.688437398523092270e+00
-8.690795870497822762e+00
-8.693143722042441013e+00
-8.695490035787225125e+00
-8.697840378433465247e+00
-8.700196212902664428e+00
-8.702548386156559346e+00
-8.704902682825922611e+00
-8.707260495424270275e+00
-8.709613692387938144e+00
-8.711960591748356464e+00
-8.714303463324904797e+00
-8.716636154800653458e+00
-8.718969210609794018e+00
-8.721297285333275084e+00
-8.723621552437544224e+00
-8.725937177240847831e+00
-8.728237640857695823e+00
-8.730534807592629676e+00
-8.732826627790927887e+00
-8.735119035840034130e+00
-8.737403971701860783e+00
-8.739681658893823979e+00
-8.741957291960716248e+00
-8.744223845750093815e+00
-8.746490178257227299e+00
-8.748751164227723365e+00
-8.751020060479641316e+00
-8.753296281397343392e+00
-8.755567374825478311e+00
-8.757834147661924362e+00
-8.760083343088627572e+00
-8.762319353222846274e+00
-8.764547526836395264e+00
-8.766773650795220973e+00
-8.769008049368858693e+00
-8.771248746663331985e+00
-8.773486882448196411e+00
-8.775720623880625126e+00
-8.777955096215009689e+00
-8.780192203819751740e+00
-8.782427775859833474e+00
-8.784658439457416534e+00
-8.786877017468214035e+00
-8.789080215245485661e+00
-8.791265249997376685e+00
-8.793442081660032272e+00
-8.795627847313880920e+00
-8.797837124764919636e+00
-8.800041934102774022e+00
-8.802240811288356781e+00
-8.804423867911101098e+00
-8.806607657670975087e+00
-8.808801188319922204e+00
-8.810992448031901958e+00
-8.813169717788696289e+00
-8.815338417887687683e+00
-8.817518106102943065e+00
-8.819717861711978912e+00
-8.821935706585644965e+00
-8.824175744503737207e+00
-8.826416953653097863e+00
-8.828660509735346551e+00
-8.830895715206860785e+00
-8.833127333223819377e+00
-8.835346132516860962e+00
-8.837555557489395142e+00
-8.839761026203632355e+00
-8.841948258131742122e+00
-8.844125308841466193e+00
-8.846297305822371726e+00
-8.848474942147731781e+00
-8.850653532892465591e+00
-8.852832928299903870e+00
-8.855018034577369690e+00
-8.857220865786075592e+00
-8.859428972005844116e+00
-8.861636783182621713e+00
-8.863840933144093270e+00
-8.866047061234713311e+00
-8.868251944333314540e+00
-8.870460781455040689e+00
-8.872673282027244923e+00
-8.874896109104156494e+00
-8.877118788659572601e+00
-8.879344105720520020e+00
-8.881571179628371837e+00
-8.883795106410980580e+00
-8.886015003174543736e+00
-8.888232704997061973e+00
-8.890453408658505197e+00
-8.892669203877449746e+00
-8.894883461296558380e+00
-8.897097720950842614e+00
-8.899323992431163788e+00
-8.901550847291947122e+00
-8.903785612434148788e+00
-8.906026676297187805e+00
-8.908259905874729156e+00
-8.910484711080789211e+00
-8.912706290930509923e+00
-8.914924871176481247e+00
-8.917139495164155605e+00
-8.919358734786509757e+00
-8.921581047773361917e+00
-8.923801018297671916e+00
-8.926032562553881888e+00
-8.928260369598865154e+00
-8.930489495396614075e+00
-8.932722503691911342e+00
-8.934971551597119088e+00
-8.937220818549395318e+00
-8.939473308622837067e+00
-8.941730340570211766e+00
-8.943985539674759622e+00
-8.946230559796095605e+00
-8.948469721525906806e+00
-8.950694598257541656e+00
-8.952917132526636124e+00
-8.955137103050947900e+00
-8.957363227009773610e+00
-8.959597846865653636e+00
-8.961831952631474252e+00
-8.964069355279207230e+00
-8.966306536644697900e+00
-8.968539178371429443e+00
-8.970767573267220740e+00
-8.972993404418229346e+00
-8.975206416845320945e+00
-8.977423676103352790e+00
-8.979631927609442954e+00
-8.981834832578897476e+00
-8.984039056301117654e+00
-8.986267522722481971e+00
-8.988498993217945099e+00
-8.990729290246964212e+00
-8.992960832268000360e+00
-8.995175896584987285e+00
-8.997384954988955741e+00
-8.999584198743104224e+00
-9.001770038157701492e+00
-9.003954194486141205e+00
-9.006130804866552708e+00
-9.008301045000553842e+00
-9.010468426346779580e+00
-9.012632001191377640e+00
-9.014798577874898911e+00
-9.016967792063951492e+00
-9.019138689339161630e+00
-9.021317206323146820e+00
-9.023494916409253719e+00
-9.025678411126136780e+00
-9.027864543348551152e+00
-9.030051701515912299e+00
-9.032229485362767818e+00
-9.034394305199384689e+00
-9.036554142832756042e+00
-9.038710393011569977e+00
-9.040871037542819622e+00
-9.043030656129122491e+00
-9.045187491923570633e+00
-9.047332463413477299e+00
-9.049474430829286931e+00
-9.051602336764336343e+00
-9.053726653009652736e+00
-9.055842109024524689e+00
-9.057957562804222817e+00
-9.060076604038476589e+00
-9.062193157523870113e+00
-9.064309196919202449e+00
-9.066424065083264594e+00
-9.068542008846998570e+00
-9.070663468539715169e+00
-9.072774966061114554e+00
-9.074877674877644296e+00
-9.076980385929346085e+00
-9.079070206731557846e+00
-9.081156951934099553e+00
-9.083269620686769130e+00
-9.085392180085182900e+00
-9.087515546381473186e+00
-9.089635761082172749e+00
-9.091762493550778146e+00
-9.093882122635841725e+00
-9.096007172018289566e+00
-9.098130757361650112e+00
-9.100252655148505454e+00
-9.102374114841222053e+00
-9.104493084549904580e+00
-9.106609490513800864e+00
-9.108711832761764882e+00
-9.110813663154839759e+00
-9.112922670692205074e+00
-9.115038929134607670e+00
-9.117159950733185525e+00
-9.119289246946573613e+00
-9.121426086872816086e+00
-9.123577430844306946e+00
-9.125730091333389637e+00
-9.127883484959602001e+00
-9.130033802986144309e+00
-9.132180383801459911e+00
-9.134321327507496591e+00
-9.136465273052454705e+00
-9.138609366118908284e+00
-9.140778506547212245e+00
-9.142965883761643653e+00
-9.145155972242354991e+00
-9.147344961017370935e+00
-9.149528310447930579e+00
-9.151712247729301808e+00
-9.153890762478113174e+00
-9.156066349148749950e+00
-9.158214908093214035e+00
-9.160352847725153680e+00
-9.162487418949604390e+00
-9.164620745182038064e+00
-9.166760660707950592e+00
-9.168898307532071357e+00
-9.171041227132082696e+00
-9.173195280134677887e+00
-9.175347209721802955e+00
-9.177503752708435769e+00
-9.179659781605005620e+00
-9.181815665215253830e+00
-9.183983998745679500e+00
-9.186158485710620880e+00
-9.188329530507326481e+00
-9.190505336225033517e+00
-9.192682825028896332e+00
-9.194870130717754719e+00
-9.197054653614760156e+00
-9.199250381439924240e+00
-9.201442886143922806e+00
-9.203640518337488530e+00
-9.205831485241651180e+00
-9.208017619699239376e+00
-9.210204339772463555e+00
-9.212387836724520440e+00
-9.214562397450208664e+00
-9.216728021949530003e+00
-9.218893427401781082e+00
-9.221044916659593582e+00
-9.223195599019527791e+00
-9.225340058654547093e+00
-9.227487810701131110e+00
-9.229640911519528146e+00
-9.231814081966877694e+00
-9.233988714218138938e+00
-9.236171478033066151e+00
-9.238361052423716302e+00
-9.240544989705085754e+00
-9.242720647901297326e+00
-9.244901728630065207e+00
-9.247074604034423828e+00
-9.249250776320696588e+00
-9.251439765095710754e+00
-9.253646624088286643e+00
-9.255838324129580741e+00
-9.258025848865509388e+00
-9.260208172351122258e+00
-9.262387201189994812e+00
-9.264556927233934758e+00
-9.266712956130504608e+00
-9.268866056948899868e+00
-9.271022159606218338e+00
-9.273176726698874717e+00
-9.275324480980634334e+00
-9.277462565898895619e+00
-9.279587248712777736e+00
-9.281702116876839881e+00
-9.283813616633414867e+00
-9.285923578590153937e+00
-9.288028998672961833e+00
-9.290135368704795837e+00
-9.292238372564316506e+00
-9.294333173334598186e+00
-9.296421087533236260e+00
-9.298496037721633911e+00
-9.300573185086250305e+00
-9.302666664868592505e+00
-9.304772084951400402e+00
-9.306883289664984460e+00
-9.308983436971903558e+00
-9.311084241420029883e+00
-9.313183655589819310e+00
-9.315276478230952506e+00
-9.317371936142444966e+00
-9.319461609423161264e+00
-9.321544691175223107e+00
-9.323620812594890950e+00
-9.325699426233768463e+00
-9.327786314487457986e+00
-9.329883457720280049e+00
-9.331981919705867767e+00
-9.334069981426001306e+00
-9.336145738512277248e+00
-9.338216589391231892e+00
-9.340289342403412576e+00
-9.342362169176340103e+00
-9.344433898478746059e+00
-9.346500426530838013e+00
-9.348551719635725732e+00
-9.350588365644217248e+00
-9.352617541700601222e+00
-9.354643201828002574e+00
-9.356675820052624104e+00
-9.358713858574628119e+00
-9.360736735910176520e+00
-9.362746794521807914e+00
-9.364758609980345483e+00
-9.366774307936429622e+00
-9.368787515908479691e+00
-9.370806729793548229e+00
-9.372814150899648311e+00
-9.374814102053642628e+00
-9.376813101023435237e+00
-9.378816713392733817e+00
-9.380826772004365210e+00
-9.382848109304905648e+00
-9.384862343221902492e+00
-9.386871449649333954e+00
-9.388878504186868312e+00
-9.390898303687572835e+00
-9.392927844077348709e+00
-9.394956579804420116e+00
-9.396979749947785621e+00
-9.398968127369879966e+00
-9.400940612703561072e+00
-9.402908848971128108e+00
-9.404873790591954830e+00
-9.406840855628251674e+00
-9.408815830945968628e+00
-9.410788680613041635e+00
-9.412763144075871224e+00
-9.414743977785111184e+00
-9.416734040528535132e+00
-9.418716926127672195e+00
-9.420695198327303288e+00
-9.422680059820413234e+00
-9.424665509164332988e+00
-9.426660113781689887e+00
-9.428654939681290870e+00
-9.430656868964433670e+00
-9.432651254534722085e+00
-9.434638682007790322e+00
-9.436626107245682960e+00
-9.438620711863041635e+00
-9.440629599243402836e+00
-9.442658627778291347e+00
-9.444722153991460090e+00
-9.446799008548259380e+00
-9.448871616274118423e+00
-9.450944078713655827e+00
-9.453012218326330540e+00
-9.455075597018003819e+00
-9.457141758501530049e+00
-9.459212899953126197e+00
-9.461294151097536798e+00
-9.463370127230883000e+00
-9.465435338765383122e+00
-9.467494104057550430e+00
-9.469555725902319310e+00
-9.471628700196742301e+00
-9.473710463196038489e+00
-9.475773696601390128e+00
-9.477832314372061973e+00
-9.479890860617160797e+00
-9.481956217437982559e+00
-9.484047502279281616e+00
-9.486143840849399211e+00
-9.488246185332537053e+00
-9.490342742949724908e+00
-9.492433515936136601e+00
-9.494526336342095973e+00
-9.496632342040538077e+00
-9.498759588599204662e+00
-9.500894890725612996e+00
-9.503035832196474075e+00
-9.505175749957562203e+00
-9.507314860820770264e+00
-9.509462686628102901e+00
-9.511645817011594062e+00
-9.513877213746308570e+00
-9.516163834929466603e+00
-9.518462979793548939e+00
-9.520765714347362518e+00
-9.523075626045464759e+00
-9.525406850129366276e+00
-9.527766349166631343e+00
-9.530142325907945633e+00
-9.532538810372352955e+00
-9.534939175099134800e+00
-9.537345840781927819e+00
-9.539775137603282218e+00
-9.542233145236968639e+00
-9.544711805880069733e+00
-9.547203799337149022e+00
-9.549706483632325771e+00
-9.552214735746384022e+00
-9.554769349843263981e+00
-9.557336049526929500e+00
-9.559922011941671016e+00
-9.562513980269432778e+00
-9.565117079764604568e+00
-9.567748525738716481e+00
-9.570402821898460033e+00
-9.573103334754705429e+00
-9.575841494649647956e+00
-9.578595182299613597e+00
-9.581363662332297082e+00
-9.584161074459553120e+00
-9.586988956481217627e+00
-9.589851700514554267e+00
-9.592741765081882477e+00
-9.595636150240897777e+00
-9.598526214808225987e+00
-9.601420819014311547e+00
-9.604327215999365563e+00
-9.607237862050533650e+00
-9.610159713029862161e+00
-9.613089912384747748e+00
-9.616037910431623814e+00
-9.619006270915269496e+00
-9.622003780305385945e+00
-9.625027436763048172e+00
-9.628070136904716136e+00
-9.631142500042916055e+00
-9.634236470609902625e+00
-9.637349849194288609e+00
-9.640465939044952748e+00
-9.643602681905031559e+00
-9.646752462536095862e+00
-9.649911105632781982e+00
-9.653088866174220684e+00
-9.656293578445911407e+00
-9.659515134990215302e+00
-9.662754125893115997e+00
-9.666014941036701558e+00
-9.669290112704038265e+00
-9.672568138688802719e+00
-9.675858031213284249e+00
-9.679170849919319863e+00
-9.682494871318340302e+00
-9.685823070257901790e+00
-9.689165256917476654e+00
-9.692521652579307201e+00
-9.695885151624679565e+00
-9.699264325946568732e+00
-9.702648042142390850e+00
-9.706047138571738842e+00
-9.709454290568828583e+00
-9.712872137874365208e+00
-9.716300749778747914e+00
-9.719736248254776001e+00
-9.723183977603913064e+00
-9.726641007512807136e+00
