-4.971109867095947266e+00
-4.036799311637878418e+00
-3.728005965550740708e+00
-3.345760703086853027e+00
-3.086026668548583984e+00
-2.930275877316792954e+00
-2.631928818566458439e+00
-2.359901331365108490e+00
-2.179297420713636413e+00
-2.045389479398727506e+00
-1.910870416597886479e+00
-1.877790396412213569e+00
-1.914945185184478760e+00
-1.869053606476102525e+00
-1.844080706437428718e+00
-1.780743956565856934e+00
-1.725418465978959093e+00
-1.694979293478859894e+00
-1.730286369198247076e+00
-1.773032197356223971e+00
-1.780242309683845114e+00
-1.734759149226275277e+00
-1.696009768092114012e+00
-1.685538115600744957e+00
-1.689362485408782977e+00
-1.685886999735465519e+00
-1.659105824099646576e+00
-1.608833554599966353e+00
-1.600505614075167449e+00
-1.610068280498186732e+00
-1.612360311131323609e+00
-1.613349015824496746e+00
-1.594543488639773798e+00
-1.566849705927512160e+00
-1.577371604953493378e+00
-1.593601658112473007e+00
-1.583194607818448896e+00
-1.588105742084352512e+00
-1.590216918633534426e+00
-1.606596935540437698e+00
-1.619606704973592937e+00
-1.630517983010836947e+00
-1.648449665585229651e+00
-1.667568987743420994e+00
-1.687161414490805811e+00
-1.697024009150007506e+00
-1.688104734141775864e+00
-1.680116994306445122e+00
-1.672585208197029161e+00
-1.672872131466865531e+00
-1.686231083145328657e+00
-1.700659186221086028e+00
-1.713827297934946037e+00
-1.720490392159532700e+00
-1.721198910474777133e+00
-1.725964374308075255e+00
-1.731237334640402636e+00
-1.745130183881726804e+00
-1.761738327095064172e+00
-1.770075792570908968e+00
-1.758464129733257497e+00
-1.738823227824703332e+00
-1.727498183647791619e+00
-1.733221121598035097e+00
-1.744613402164899352e+00
-1.760500879450277889e+00
-1.767409922916497678e+00
-1.760468618396450413e+00
-1.757596348074899284e+00
-1.773999599473816913e+00
-1.791077459781942327e+00
-1.793362405978971008e+00
-1.784448410141957986e+00
-1.776645583478180246e+00
-1.772992342710494995e+00
-1.774062100601823788e+00
-1.783788365590107894e+00
-1.791689197604472872e+00
-1.790435569573052277e+00
-1.788387123122811229e+00
-1.738062743470072835e+00
-1.730289663001894906e+00
-1.707251090928912252e+00
-1.710530094429850489e+00
-1.713782988116145045e+00
-1.715979833528399556e+00
-1.724883541092276484e+00
-1.735462011769413948e+00
-1.756531585380435079e+00
-1.781452636793255717e+00
-1.799344817176461220e+00
-1.814078383520245641e+00
-1.821374734118580863e+00
-1.821447158232331276e+00
-1.830027655139565557e+00
-1.849324114248156459e+00
-1.877024461701512381e+00
-1.898771943524479866e+00
-1.901421289518475444e+00
-1.879636530950665518e+00
-1.870160870626568883e+00
-1.896534602716565043e+00
-1.924048599973321005e+00
-1.946798701956868216e+00
-1.955969307199120433e+00
-1.949368781223893121e+00
-1.955420469120144888e+00
-1.988901869952678592e+00
-2.011860263347625910e+00
-2.031860512495041071e+00
-2.046976561844348730e+00
-2.045501878857612699e+00
-2.049515184760093867e+00
-2.076007964462041944e+00
-2.096132863312959671e+00
-2.104980973154306323e+00
-2.122233613580465139e+00
-2.131885275989771067e+00
-2.140878597646951764e+00
-2.142069000750780106e+00
-2.146366632729768575e+00
-2.153327048569917856e+00
-2.158705819398164749e+00
-2.162672296911478220e+00
-2.165512312203645706e+00
-2.170142031461000265e+00
-2.187437241524457843e+00
-2.210635288804769338e+00
-2.222961788624524981e+00
-2.233240457624197095e+00
-2.226295640319585711e+00
-2.229578345268964590e+00
-2.215937889367341818e+00
-2.205423507839441299e+00
-2.206857760995626361e+00
-2.191801921278238474e+00
-2.192259369045495898e+00
-2.185626430064439685e+00
-2.177136651426553549e+00
-2.174356756359338672e+00
-2.196296393126249136e+00
-2.230618647485971273e+00
-2.252702414244413198e+00
-2.261177303642034619e+00
-2.267615731805562973e+00
-2.267777626961469561e+00
-2.264837393909692853e+00
-2.277170544117689044e+00
-2.279132621735334485e+00
-2.275661712139844806e+00
-2.265104999393224627e+00
-2.272957258671522318e+00
-2.306879801303148181e+00
-2.326655938476323904e+00
-2.343360335379839121e+00
-2.359198685735464096e+00
-2.362188562005758108e+00
-2.353757653385400772e+00
-2.344266357272863477e+00
-2.331460582464933484e+00
-2.332940834760665716e+00
-2.316805945336818606e+00
-2.322308498620986761e+00
-2.326563334465026944e+00
-2.334889033436775119e+00
-2.342907404899597257e+00
-2.367912639677524744e+00
-2.397186639904975713e+00
-2.398668029904365451e+00
-2.393600258231162847e+00
-2.396959434449672521e+00
-2.380425785481929957e+00
-2.358767232298851102e+00
-2.363915872573852717e+00
-2.357522509992122650e+00
-2.355722828209400266e+00
-2.356846688687801450e+00
-2.352389512956142514e+00
-2.344515705108642489e+00
-2.347928693890571683e+00
-2.341347088664770038e+00
-2.323087409883737742e+00
-2.290324079245328992e+00
-2.250927792210132061e+00
-2.221895895060151727e+00
-2.221008650120347649e+00
-2.221091060992330224e+00
-2.212175892945379196e+00
-2.205774500127881677e+00
-2.194406440015882254e+00
-2.188155966158956467e+00
-2.204800788220018237e+00
-2.223108125384896994e+00
-2.209212256129831076e+00
-2.197643021401018082e+00
-2.197774556931108236e+00
-2.185447526630014181e+00
-2.177789603825658560e+00
-2.163163383956998587e+00
-2.155295192357152612e+00
-2.147434080298990189e+00
-2.130745980795472949e+00
-2.110522488411516129e+00
-2.094299002643674523e+00
-2.087663950677961289e+00
-2.080520234163850457e+00
-2.073473704513162374e+00
-2.052920388337224900e+00
-2.046618414577096701e+00
-2.038697797711938708e+00
-2.040177317615598618e+00
-2.020784043427556576e+00
-2.023039170261472286e+00
-2.026033515390008866e+00
-2.021588034089654595e+00
-2.027662124391645282e+00
-2.015738572832197040e+00
-2.010550709720701157e+00
-2.010461663361638784e+00
-2.005858451779931606e+00
-1.991941917594522327e+00
-1.968129929061979144e+00
-1.961308609601110309e+00
-1.950422928389161870e+00
-1.940895495470613241e+00
-1.940989947970956475e+00
-1.939748953934758990e+00
-1.934178181644529149e+00
-1.935267042275518268e+00
-1.911613587941974446e+00
-1.894067045953124806e+00
-1.870742121245712042e+00
-1.837461188342422336e+00
-1.815696458425372750e+00
-1.799412645306438296e+00
-1.783007058408111245e+00
-1.770884169545024589e+00
-1.774715623166412071e+00
-1.787381656374782413e+00
-1.803768113162368625e+00
-1.814854214992374093e+00
-1.824867342319339558e+00
-1.823505537118762732e+00
-1.793398481886833817e+00
-1.758868792559951544e+00
-1.730811162199825004e+00
-1.689328664261847690e+00
-1.645797112490981817e+00
-1.626523986365646213e+00
-1.614165897574275643e+00
-1.621294297184795230e+00
-1.626589998509734958e+00
-1.646894051041454032e+00
-1.641788016166537911e+00
-1.630423712637275369e+00
-1.614266053494066044e+00
-1.587788996752351522e+00
-1.568711886461824134e+00
-1.559752648230642080e+00
-1.568432500120252371e+00
-1.590151254739612385e+00
-1.595530909206718251e+00
-1.622896470036357730e+00
-1.656095700897276313e+00
-1.673788097500801042e+00
-1.682021659612655595e+00
-1.683678749203681990e+00
-1.665072022378444760e+00
-1.637086070328950926e+00
-1.605676042661070779e+00
-1.593279912695288569e+00
-1.569703378900885626e+00
-1.557715385779738337e+00
-1.553664129599928945e+00
-1.545172649249434427e+00
-1.541549017652869225e+00
-1.536789601668715477e+00
-1.529966289922594980e+00
-1.541761280223727271e+00
-1.541879249736666679e+00
-1.537310178205370859e+00
-1.539924968406558126e+00
-1.549095750972628638e+00
-1.561659690365195363e+00
-1.558306283876299769e+00
-1.560146927461028010e+00
-1.563023727759718984e+00
-1.572847668454051107e+00
-1.578703173622489020e+00
-1.570443647727370218e+00
-1.575330261513590902e+00
-1.585599381849169820e+00
-1.588760397955775172e+00
-1.594265701994299844e+00
-1.598414498195052103e+00
-1.607570476457476527e+00
-1.616221850737929344e+00
-1.608198956772685095e+00
-1.583769537881016820e+00
-1.573903391137719154e+00
-1.563929059728980109e+00
-1.558176102861762002e+00
-1.550972081348299891e+00
-1.549455375596880957e+00
-1.539627381786704108e+00
-1.524575355276465372e+00
-1.528612020239233926e+00
-1.537122085317969233e+00
-1.551179889962077230e+00
-1.573943637683987706e+00
-1.594371652975678399e+00
-1.616890523210167796e+00
-1.637312567606568292e+00
-1.657684161141514734e+00
-1.664705221727490470e+00
-1.664807948842644603e+00
-1.666650046780705496e+00
-1.666427527740597769e+00
-1.672609302774071605e+00
-1.672583812847733498e+00
-1.671937378123402596e+00
-1.676623991504311517e+00
-1.686838598921895027e+00
-1.722726124525070235e+00
-1.743826952949166342e+00
-1.767252992466092021e+00
-1.800467348657548428e+00
-1.823554420843720436e+00
-1.828645986691117331e+00
-1.823516299203038260e+00
-1.800671303644776344e+00
-1.788083885982632681e+00
-1.768559241667389870e+00
-1.765582079067826271e+00
-1.772099171951413199e+00
-1.780350570008158773e+00
-1.799334050342440650e+00
-1.818297884985804469e+00
-1.844954816624522209e+00
-1.859599096700549126e+00
-1.868111200258135707e+00
-1.887713478133082434e+00
-1.898370177671313330e+00
-1.900518022105097682e+00
-1.912529410049319312e+00
-1.923673987016081721e+00
-1.935968321189284413e+00
-1.948821073397994041e+00
-1.966637772694230124e+00
-1.985233059525489896e+00
-1.980466517806053206e+00
-1.992865201830863908e+00
-2.000631177425384433e+00
-2.012458220124244690e+00
-2.020261263847351163e+00
-2.019291600584983915e+00
-2.030272382497787298e+00
-2.041009318828582941e+00
-2.050126022100448697e+00
-2.062818124890327454e+00
-2.069629697501659482e+00
-2.067399725317955017e+00
-2.054023562371730893e+00
-2.037803025543689639e+00
-2.024024652689695447e+00
-2.003497390449047177e+00
-1.985738142579793974e+00
-1.973724033683538437e+00
-1.962498035281896591e+00
-1.970840779691934497e+00
-1.972048050910234496e+00
-1.982391605526208966e+00
-1.993529485911130994e+00
-2.005217333883047015e+00
-2.007380866259336649e+00
-2.009865545481443583e+00
-2.016231227666139603e+00
-2.034250953048467814e+00
-2.053615711629390717e+00
-2.063019065558910459e+00
-2.080863418430090039e+00
-2.096382979303598404e+00
-2.108380850404500961e+00
-2.117989403754472644e+00
-2.123887685686349780e+00
-2.129474756866693408e+00
-2.135975918918847860e+00
-2.122108345478773028e+00
-2.103028628975152969e+00
-2.101017401367426096e+00
-2.106431949883699417e+00
-2.100289059430360705e+00
-2.088507742434740244e+00
-2.076755989342927933e+00
-2.074698790162801565e+00
-2.082868563383817762e+00
-2.085028531402349561e+00
-2.085585232824087143e+00
-2.075732538849115461e+00
-2.073135703057050527e+00
-2.074313936382532031e+00
-2.065655902773142039e+00
-2.057956480234861552e+00
-2.033828950673341573e+00
-2.040449709445238291e+00
-2.041481874138116659e+00
-2.035612589865922750e+00
-2.040908602625131518e+00
-2.054329664260149180e+00
-2.082590550929308115e+00
-2.103494759649038315e+00
-2.134285267442464828e+00
-2.154951445013284506e+00
-2.169987457245588391e+00
-2.193735898286104380e+00
-2.206902051717043012e+00
-2.213376910239458262e+00
-2.206380509585142313e+00
-2.192537080496549606e+00
-2.175334935635328204e+00
-2.153191930800676168e+00
-2.139909140020608724e+00
-2.121528992801904767e+00
-2.108694387227296740e+00
-2.109226716309785754e+00
-2.119416258484124960e+00
-2.128029189258813680e+00
-2.136859174817800522e+00
-2.145639034360647290e+00
-2.160987893491983503e+00
-2.184043798595666885e+00
-2.184863922744989306e+00
-2.171071808785200119e+00
-2.155965653806924731e+00
-2.141500324755907236e+00
-2.124128868430852801e+00
-2.110566178709268659e+00
-2.104832663387059988e+00
-2.090668793767690659e+00
-2.096531801670789896e+00
-2.108025106042623609e+00
-2.128295833617448896e+00
-2.152270155400037854e+00
-2.175665860623121173e+00
-2.202473729848861694e+00
-2.242068851739168256e+00
-2.265280979871749700e+00
-2.289017149806022555e+00
-2.298154804110526861e+00
-2.304536603391170502e+00
-2.296536533534526914e+00
-2.291235251724720090e+00
-2.286376200616359711e+00
-2.276145045459270655e+00
-2.281552930176258265e+00
-2.289858014881610782e+00
-2.298717258870601743e+00
-2.307342617213726133e+00
-2.327137647569179624e+00
-2.348115865886211573e+00
-2.359261904656887232e+00
-2.371488426625728785e+00
-2.376700453460216522e+00
-2.371920897066593259e+00
-2.381230220198631287e+00
-2.381950429081916898e+00
-2.368726313114166260e+00
-2.368227395415305914e+00
-2.374293732643127264e+00
-2.364856864511966528e+00
-2.349253864586353213e+00
-2.342286604642867864e+00
-2.353065335750579745e+00
-2.370980980992317022e+00
-2.394276620447635562e+00
-2.396407793462276281e+00
-2.400306321680545807e+00
-2.414690147340297521e+00
-2.429774153232574285e+00
-2.433909083902835668e+00
-2.433826413750648676e+00
-2.438306865096092402e+00
-2.446579860150813968e+00
-2.463571995496749878e+00
-2.459991493821144015e+00
-2.453087130188941867e+00
-2.449175521731376648e+00
-2.451841422915458590e+00
-2.449565717577934176e+00
-2.429834698140621363e+00
-2.420348657667636960e+00
-2.409343279898166656e+00
-2.402148507535457611e+00
-2.401798684895038782e+00
-2.389259894192218958e+00
-2.389009551703929812e+00
-2.371048927307128906e+00
-2.356979519873857676e+00
-2.353064540773630142e+00
-2.353331506997347056e+00
-2.357207291573286234e+00
-2.349533883482217700e+00
-2.350327915698289694e+00
-2.358077893406152814e+00
-2.357005701214075266e+00
-2.354611534625291824e+00
-2.355696038156747996e+00
-2.358787859231233686e+00
-2.362010736018419266e+00
-2.361784771829843699e+00
-2.355628300458192825e+00
-2.356863305717706858e+00
-2.360805303603410898e+00
-2.372202958911657333e+00
-2.377992141991853714e+00
-2.384875065833329977e+00
-2.398664813488721848e+00
-2.412332446128130137e+00
-2.422984550148248761e+00
-2.418530071526765912e+00
-2.422206214815378011e+00
-2.422853378206491382e+00
-2.423929438740015208e+00
-2.412522900849580765e+00
-2.390898788720369428e+00
-2.352710990607738584e+00
-2.336367742717265994e+00
-2.318854750692844302e+00
-2.322862131893634885e+00
-2.327801893651485265e+00
-2.344040392339229673e+00
-2.354274772107601166e+00
-2.370268653333186926e+00
-2.387792243063449948e+00
-2.394186337292194544e+00
-2.388345839083194644e+00
-2.372043783962726415e+00
-2.349318747222423731e+00
-2.325686708092689514e+00
-2.297125697135925293e+00
-2.266582699120044619e+00
-2.243952418863773168e+00
-2.228654785454273313e+00
-2.212366621941328049e+00
-2.196340722590684802e+00
-2.195722518116235644e+00
-2.210248247534036814e+00
-2.219736396521329702e+00
-2.211736758798360736e+00
-2.209649803489446729e+00
-2.201951536536216558e+00
-2.196340678632259458e+00
-2.185173346102237790e+00
-2.173993404209613622e+00
-2.154423256218433558e+00
-2.154237864911556333e+00
-2.160886172950267969e+00
-2.160350103676319300e+00
-2.164660029113292694e+00
-2.167349179089069544e+00
-2.179519560933113276e+00
-2.183911013603210272e+00
-2.178425168991088956e+00
-2.164837552607059568e+00
-2.166251115500926971e+00
-2.167153371870517820e+00
-2.164483593404292971e+00
-2.151845835149288177e+00
-2.137413445115089239e+00
-2.147576914727687747e+00
-2.137896089255809873e+00
-2.137201254069805323e+00
-2.134442074596881955e+00
-2.131385134160518557e+00
-2.131392143666744232e+00
-2.123958580195903778e+00
-2.128877630829811185e+00
-2.144152585417032242e+00
-2.150094250589609235e+00
-2.148201369494199930e+00
-2.149435604363679975e+00
-2.148869276791811167e+00
-2.143558596819639117e+00
-2.136288947612047018e+00
-2.123023594170808881e+00
-2.102416082471608938e+00
-2.089924799650907605e+00
-2.089972328394651413e+00
-2.089192753285169513e+00
-2.094546585530042471e+00
-2.101570030301809222e+00
-2.099641514569520861e+00
-2.101059258729219614e+00
-2.104734457284211935e+00
-2.093444118648767560e+00
-2.083787095546722590e+00
-2.063638763874769300e+00
-2.035976624488830655e+00
-2.017613625526428311e+00
-1.993757737427949817e+00
-1.976571845263242810e+00
-1.964992999285459563e+00
-1.954923709481954486e+00
-1.955307527631521269e+00
-1.966508608311414719e+00
-1.983057570457458452e+00
-1.983462904393672899e+00
-1.973741604387760251e+00
-1.960669654607772872e+00
-1.945405955612659499e+00
-1.922009266912937164e+00
-1.908828030526638075e+00
-1.875694757699966519e+00
-1.857395061850547702e+00
-1.870717594027519137e+00
-1.883169549703598067e+00
-1.895420178771018982e+00
-1.899826548993587494e+00
-1.913427960872650102e+00
-1.942499035596847445e+00
-1.934072081744670824e+00
-1.915508785098791078e+00
-1.909071408957242921e+00
-1.932460112869739621e+00
-1.927821528911590532e+00
-1.897553070634603545e+00
-1.888163315504789441e+00
-1.912030749768018678e+00
-1.940159375220537274e+00
-1.933303260803222567e+00
-1.928917932510376021e+00
-1.963678157329559415e+00
-1.986887630820274309e+00
-1.954876446351409003e+00
-1.927771484479308128e+00
-1.911353048309683889e+00
-1.898282298073172614e+00
-1.858347429335117429e+00
-1.817026022076606795e+00
-1.812697350978851318e+00
-1.805067873001098722e+00
-1.803334769606590227e+00
-1.797909975051879883e+00
-1.814560814201831906e+00
-1.826831002533435777e+00
-1.821406354010105089e+00
-1.816258396208286330e+00
-1.819980585575103671e+00
-1.831778536736965224e+00
-1.828049491345882460e+00
-1.836454173922538846e+00
-1.831428311765193939e+00
-1.828245191276073545e+00
-1.829889984428882510e+00
-1.829520554840564639e+00
-1.822586074471473694e+00
-1.820559218525886536e+00
-1.816486795246601060e+00
-1.812739829719066664e+00
-1.815727321803569883e+00
-1.819415090978145688e+00
-1.826504683494567960e+00
-1.816814069449901536e+00
-1.800006225705146790e+00
-1.799653562903404280e+00
-1.803098222613334745e+00
-1.790069420635700181e+00
-1.776341889798641160e+00
-1.761245334148406894e+00
-1.749524846673011780e+00
-1.747453245520591780e+00
-1.755292581021785647e+00
-1.768803524971008345e+00
-1.784265848994255110e+00
-1.815879558026790574e+00
-1.844680214673280805e+00
-1.872851653397083371e+00
-1.898003558069467633e+00
-1.915605355054140091e+00
-1.935655593872070312e+00
-1.936583451926708221e+00
-1.925626389682292938e+00
-1.921031473577022641e+00
-1.919953076541423886e+00
-1.920191617310047061e+00
-1.911162319779396102e+00
-1.918498305976390927e+00
-1.941352565586566881e+00
-1.958130407333374068e+00
-1.964438901841640384e+00
-1.984581206738948778e+00
-1.983833609521389096e+00
-2.002905249595642090e+00
-2.009447202086448669e+00
-1.971958157420158342e+00
-1.941645493358373553e+00
-1.922890152782201767e+00
-1.916213945299386934e+00
-1.896654037386178882e+00
-1.873990692943334535e+00
-1.896412452310323626e+00
-1.935711963474750608e+00
-1.959495706856250852e+00
-1.962647853791713803e+00
-1.985171289741992862e+00
-2.029676454514265149e+00
-2.046427827328443527e+00
-2.027243431657552719e+00
-2.015541785210371195e+00
-2.025255329906940460e+00
-2.043461591750383555e+00
-2.018309261649847031e+00
-1.980091793090104968e+00
-1.998502897843718484e+00
-2.016471486911177724e+00
-2.014688464626670061e+00
-2.014315837249159635e+00
-2.031783721596002401e+00
-2.059314759820699781e+00
-2.052213446050882517e+00
-2.039522992819547742e+00
-2.019125358015299021e+00
-2.004292982071638196e+00
-1.980041079223155975e+00
-1.948125259578227908e+00
-1.939340507984161466e+00
-1.944595435261726291e+00
-1.949878247082233340e+00
-1.961203975975513547e+00
-1.977658413350582123e+00
-1.999412268400192261e+00
-2.017354105412960230e+00
-2.034425456821918665e+00
-2.046927787363529205e+00
-2.056826825439929785e+00
-2.071494668722152710e+00
-2.071097749471664251e+00
-2.070349410176277161e+00
-2.063545514643192469e+00
-2.042105455696582972e+00
-2.025623822212219149e+00
-2.003236331045627594e+00
-2.006031200289726257e+00
-2.018812657892703921e+00
-2.016577227413654416e+00
-2.015136183798313052e+00
-2.026519170403480619e+00
-2.029391729831695468e+00
-2.038759957253932775e+00
-2.034310413897037595e+00
-2.017892391979694278e+00
-2.001966893672943115e+00
-1.989321964979171797e+00
-1.968332767486572266e+00
-1.944909135997295424e+00
-1.926779098808765411e+00
-1.921937222778797194e+00
-1.914857073128223508e+00
-1.908178101480007216e+00
-1.910180570185184390e+00
-1.916349293291568667e+00
-1.931482400000095412e+00
-1.928877903521061032e+00
-1.926123686134815216e+00
-1.917160546779632657e+00
-1.923326836526393802e+00
-1.905889065563678653e+00
-1.894770349562168166e+00
-1.882365170121192977e+00
-1.883692130446434021e+00
-1.880194628238677890e+00
-1.894079932570457370e+00
-1.898341053724288852e+00
-1.904407924413681119e+00
-1.927114635705947876e+00
-1.949178571254015058e+00
-1.963066700845956802e+00
-1.970325583964586347e+00
-1.975526257604360625e+00
-1.976914057880640119e+00
-1.976991557329893068e+00
-1.960557601600885436e+00
-1.952269039303064391e+00
-1.957340113073587462e+00
-1.963347113877534911e+00
-1.960225064307451248e+00
-1.947724015265703157e+00
-1.947551450878381774e+00
-1.949608442932367236e+00
-1.963354123383760363e+00
-1.975511945039033934e+00
-1.975840834528207690e+00
-1.995115404576063067e+00
-2.007775554805994123e+00
-2.014147356897592722e+00
-2.017426425963640302e+00
-2.012531860917806448e+00
-2.018258077651262195e+00
-2.021497807651758016e+00
-2.039158847182989120e+00
-2.053771734982729136e+00
-2.081775333732366562e+00
-2.120448104292154134e+00
-2.149890385568141937e+00
-2.176326517760753809e+00
-2.199438932538032354e+00
-2.204351997375488370e+00
-2.202013301849365057e+00
-2.191396644711494535e+00
-2.167604111135005951e+00
-2.149992765486240298e+00
-2.118819755315780817e+00
-2.104559269547462641e+00
-2.081377927958965479e+00
-2.074179427325725467e+00
-2.062462209165096372e+00
-2.067942355573177515e+00
-2.085148593783378690e+00
-2.099126408994197668e+00
-2.143049007654190152e+00
-2.168273806571960449e+00
-2.196832005679607569e+00
-2.216959694027900607e+00
-2.234529362618923098e+00
-2.251039682328701108e+00
-2.257165867090225042e+00
-2.255364230275154203e+00
-2.257343122363090426e+00
-2.259662753343582242e+00
-2.265790030360221863e+00
-2.273084795475006192e+00
-2.284904925525188535e+00
-2.288176928460598170e+00
-2.290635325014591217e+00
-2.297069627046584905e+00
-2.301067060232162564e+00
-2.298571714758872897e+00
-2.299694955348968506e+00
-2.307350519299506963e+00
-2.307331943511962802e+00
-2.313489031791687189e+00
-2.309944361448287964e+00
-2.329322147369384588e+00
-2.350212490558624356e+00
-2.359675829112529932e+00
-2.369863286614418030e+00
-2.391623678803443731e+00
-2.395376113057136713e+00
-2.400119222700595856e+00
-2.394386893510818570e+00
-2.380699823796748937e+00
-2.364922095835209070e+00
-2.360177381336689084e+00
-2.350544320046901614e+00
-2.351192663609981359e+00
-2.347646073997020633e+00
-2.355642120540141882e+00
-2.375383375585079282e+00
-2.405711933970451355e+00
-2.432531693577766330e+00
-2.446945111453532995e+00
-2.464504396915435880e+00
-2.473296532034873874e+00
-2.470907127857208341e+00
-2.463216227293014704e+00
-2.454390111565589727e+00
-2.453436926007270813e+00
-2.446229578554630191e+00
-2.446049194037914098e+00
-2.435172826051712036e+00
-2.419606257975101649e+00
-2.424060633778572171e+00
-2.431083619594573975e+00
-2.443473714590072454e+00
-2.458878314495086759e+00
-2.467315644025802612e+00
-2.485943786799907684e+00
-2.506675508618354975e+00
-2.519185975193977356e+00
-2.518985602259635748e+00
-2.509516108036041082e+00
-2.497240209579467685e+00
-2.473408532142639338e+00
-2.456215049326419653e+00
-2.447292338311672033e+00
-2.438771678507328122e+00
-2.433638685941696078e+00
-2.440452980995178045e+00
-2.449937841296196073e+00
-2.473025850951671600e+00
-2.484133569896221250e+00
-2.517844465374946772e+00
-2.538519781827926813e+00
-2.557736317813396276e+00
-2.555605484545230954e+00
-2.558203551173209966e+00
-2.549642851948738187e+00
-2.531039060652255923e+00
-2.512639178335666745e+00
-2.477674787491559893e+00
-2.457629305869340808e+00
-2.435886996239423841e+00
-2.436145084351301282e+00
-2.416020371764898478e+00
-2.413405432552099050e+00
-2.415445532649755478e+00
-2.409422569721937357e+00
-2.418143480271100820e+00
-2.402353966981172650e+00
-2.382687140256166458e+00
-2.372346398979425341e+00
-2.360924968868494123e+00
-2.352944458276033490e+00
-2.336237978190183640e+00
-2.329194157570600332e+00
-2.328336947411298929e+00
-2.331328018754720510e+00
-2.337442379444837570e+00
-2.346553706377744852e+00
-2.358778598159551709e+00
-2.368153037875890821e+00
-2.384920864552259268e+00
-2.383279012888670056e+00
-2.374342056363821118e+00
-2.381915643066167654e+00
-2.385295333713293164e+00
-2.373062897473573685e+00
-2.361817073076963425e+00
-2.341914185136556803e+00
-2.341808519512414755e+00
-2.348436219245195300e+00
-2.352208543568849564e+00
-2.352767974883318125e+00
-2.351657179743051440e+00
-2.345376510173082352e+00
-2.331573469191789538e+00
-2.312996325641870410e+00
-2.300420839339494705e+00
-2.281974322348832906e+00
-2.263257560878991992e+00
-2.250178156048059375e+00
-2.238593212515115560e+00
-2.229517800360917956e+00
-2.220778826624155045e+00
-2.211839648336172193e+00
-2.213283868879079908e+00
-2.208668392151594162e+00
-2.203527570515871226e+00
-2.195238704234361737e+00
-2.203504397720098318e+00
-2.212995374947786420e+00
-2.209779181331396281e+00
-2.205041702836751938e+00
-2.205940388888120829e+00
-2.203698875755071729e+00
-2.201166579872369855e+00
-2.188577973097562968e+00
-2.160219756513833911e+00
-2.134788417071104227e+00
-2.113759034126997172e+00
-2.099442211538553149e+00
-2.080285524204373182e+00
-2.078408338502049535e+00
-2.065788948908448219e+00
-2.058888367190957247e+00
-2.062849799171090126e+00
-2.070631595328450203e+00
-2.066980387642979533e+00
-2.057926588132977574e+00
-2.041850458458065898e+00
-2.024378793314099312e+00
-2.000529747083783061e+00
-1.963595682755112648e+00
-1.947636640444397882e+00
-1.942219882085919336e+00
-1.942567296698689550e+00
-1.947821320965886116e+00
-1.960078400745987937e+00
-1.988243878260254949e+00
-2.022100793942809283e+00
-2.038285638019442736e+00
-2.039646310731768608e+00
-2.050447292253374965e+00
-2.064586276933551012e+00
-2.035951273143291385e+00
-2.003048603236675440e+00
-2.005738721787929446e+00
-2.004266862571239649e+00
-1.987445339933037847e+00
-1.998867917433380992e+00
-2.034274006262421608e+00
-2.057645193114876925e+00
-2.047748400643468081e+00
-2.056109694018959821e+00
-2.081512263789773165e+00
-2.080029316619038671e+00
-2.048937067016959102e+00
-2.008554325625300230e+00
-1.999765710160136267e+00
-1.969982918724417775e+00
-1.937275728210806847e+00
-1.927065586671233177e+00
-1.929070889577269465e+00
-1.917253782972693443e+00
-1.896273557469248860e+00
-1.888144231960177333e+00
-1.900489097461104393e+00
-1.905587961897253990e+00
-1.911555023863911629e+00
-1.911699723079800517e+00
-1.914711609855294316e+00
-1.912133580818772272e+00
-1.901594001427292735e+00
-1.898960167542099953e+00
-1.895896608009934425e+00
-1.895423117652535350e+00
-1.894516224041581154e+00
-1.885280257835984186e+00
-1.891649160161614329e+00
-1.880540946498513222e+00
-1.879828916862607002e+00
-1.871650575473904565e+00
-1.868098472431302115e+00
-1.857329789176583201e+00
-1.851743504777550786e+00
-1.845042463019490153e+00
-1.844603726640343666e+00
-1.845423436537384942e+00
-1.840172377601265952e+00
-1.833775973692536310e+00
-1.829539659991860301e+00
-1.840370618179440587e+00
-1.846684514358639673e+00
-1.839660938456654460e+00
-1.842786430194973901e+00
-1.856314880028367087e+00
-1.870628972724080130e+00
-1.894098106399178416e+00
-1.912585081532597542e+00
-1.934772272780537650e+00
-1.963762730732560247e+00
-1.991865300387144044e+00
-2.000705867260694326e+00
-2.006948772817850113e+00
-2.014409888535737991e+00
-2.005159649997949600e+00
-1.999090603739023253e+00
-1.994535333663225218e+00
-1.996629146486520678e+00
-2.007402957230806528e+00
-2.023431996256113141e+00
-2.030201587826013565e+00
-2.049991481751203715e+00
-2.064501141756772906e+00
-2.075422192364931195e+00
-2.080064075440168470e+00
-2.075940667837858022e+00
-2.052044533938169657e+00
-2.026701184362173169e+00
-2.004948409646749585e+00
-1.994003447145223706e+00
-2.005858031660318286e+00
-2.006362215429544626e+00
-2.017135647684335620e+00
-2.060939947143197060e+00
-2.104706895723938764e+00
-2.131152016296982588e+00
-2.139412781968712984e+00
-2.179145523905754001e+00
-2.187082883715629755e+00
-2.158182108402252108e+00
-2.139939296245574774e+00
-2.155710044503211797e+00
-2.158428406715393155e+00
-2.139837914705276400e+00
-2.128669112920761108e+00
-2.143781631439924062e+00
-2.174552720040082932e+00
-2.171479114145040690e+00
-2.180993375927209765e+00
-2.199306166917085470e+00
-2.204252225905656726e+00
-2.199352527409792035e+00
-2.190505375713109881e+00
-2.196615322679281057e+00
-2.199013837426901041e+00
-2.186260812729597269e+00
-2.182194682210683911e+00
-2.198792010545730591e+00
-2.210154992341995417e+00
-2.219143402576446711e+00
-2.237282600998878657e+00
-2.266167268157005310e+00
-2.289058703184127630e+00
-2.300607323646545410e+00
-2.318542683124542148e+00
-2.340545541048050016e+00
-2.357654884457588196e+00
-2.356048426032066434e+00
-2.357193200290203183e+00
-2.365466168522834867e+00
-2.382449716329574585e+00
-2.383379188179969965e+00
-2.382272352278232752e+00
-2.387192237377166570e+00
-2.391324992477893652e+00
-2.385304258763790042e+00
-2.395507647097110837e+00
-2.401861231029033483e+00
-2.407882399857044220e+00
-2.408265672624111176e+00
-2.403292874991893591e+00
-2.400698129832744776e+00
-2.402191047370433985e+00
-2.393168933689594269e+00
-2.386304540932178586e+00
-2.375959344208240509e+00
-2.369250242412090479e+00
-2.364024703204631983e+00
-2.361965693533420563e+00
-2.361251465976238251e+00
-2.365221641957759857e+00
-2.383360143005847753e+00
-2.411860513687133611e+00
-2.421906712651252569e+00
-2.433260318636894404e+00
-2.453534469008445740e+00
-2.474804466962814420e+00
-2.480558434128761203e+00
-2.482572621107101529e+00
-2.488667216897010981e+00
-2.501510930061340510e+00
-2.497465664148330600e+00
-2.484548285603523254e+00
-2.467588870227336972e+00
-2.459318369626998901e+00
-2.469746464490890414e+00
-2.488202708959579290e+00
-2.509493398666381658e+00
-2.529502227902412415e+00
-2.558810612559318631e+00
-2.582187911868095487e+00
-2.587097364664077581e+00
-2.599654680490493863e+00
-2.607372865080833435e+00
-2.618202209472656250e+00
-2.620098128914833069e+00
-2.621887248754501520e+00
-2.618462270498275846e+00
-2.620809274911880316e+00
-2.631788021326065152e+00
-2.648443689942360013e+00
-2.655679990351200281e+00
-2.671709512174129664e+00
-2.683810828626155942e+00
-2.712470859289169312e+00
-2.749201625585556030e+00
-2.774239753186702906e+00
-2.780486427247524261e+00
-2.789520491659641444e+00
-2.801424814760685056e+00
-2.796990202367305667e+00
-2.800431041419506162e+00
-2.807788826525211334e+00
-2.809695708751678289e+00
-2.812853196263313205e+00
-2.821067109704017639e+00
-2.825727595388889402e+00
-2.834097467362880707e+00
-2.839053963124752222e+00
-2.840138502418994904e+00
-2.846686781942844302e+00
-2.854152251780033289e+00
-2.853125552833080114e+00
-2.862626333534717737e+00
-2.872583802044391454e+00
-2.873796887695789337e+00
-2.878769664466381162e+00
-2.873240537941455841e+00
-2.873942150175571530e+00
-2.866492713987827123e+00
-2.861452017724514185e+00
-2.864242281019687475e+00
-2.873348058760166079e+00
-2.893930153548717410e+00
-2.894146315753459930e+00
-2.913075092434882940e+00
-2.916794952750206171e+00
-2.924398046731949030e+00
-2.930720081925392240e+00
-2.929274639487266629e+00
-2.918822523951530634e+00
-2.915249893069267184e+00
-2.917182832956314087e+00
-2.918290442228317350e+00
-2.918486002087592901e+00
-2.925964263081550776e+00
-2.934969806671142489e+00
-2.947074458003044128e+00
-2.948220977187156588e+00
-2.952224916219711393e+00
-2.967451983690261752e+00
-2.966682222485542475e+00
-2.964318341016769498e+00
-2.975726082921028137e+00
-2.976124024391174405e+00
-2.978435540199279696e+00
-2.956715512275695623e+00
-2.960190519690513611e+00
-2.953848031163215815e+00
-2.936127147078514188e+00
-2.929653853178024292e+00
-2.927888047695160090e+00
-2.938183978199958801e+00
-2.956783048808574677e+00
-2.979859524965286166e+00
-2.982826742529868902e+00
-2.999536320567131042e+00
-3.007561814785003840e+00
-3.013618788123130887e+00
-3.003669753670692444e+00
-2.999641028046608149e+00
-2.992223155498504816e+00
-2.978590932488441645e+00
-2.967054778337478549e+00
-2.958629676699638278e+00
-2.957798603177070440e+00
-2.964332002401351751e+00
-2.983713832497596918e+00
-3.010458618402481079e+00
-3.034642407298087985e+00
-3.047446316480636685e+00
-3.057565438747405828e+00
-3.048564618825912564e+00
-3.029235741496086209e+00
-2.998593537509441465e+00
-2.978615330159664065e+00
-2.970394517481326879e+00
-2.974994628131389707e+00
-2.992277736961841406e+00
-2.992337198555469424e+00
-3.001911152899265467e+00
-3.003343550860881894e+00
-3.014897552132606684e+00
-3.027786365151405423e+00
-3.025698250532150357e+00
-3.051372277736663641e+00
-3.061417761445045294e+00
-3.076721620559692560e+00
-3.084757262468337924e+00
-3.094264578819275080e+00
-3.094902896881103427e+00
-3.066487622261047541e+00
-3.053139957785606207e+00
-3.034974560141563416e+00
-3.011430072784423650e+00
-3.005901598930358798e+00
-3.000877523422241122e+00
-3.012131479382515131e+00
-3.032492978870868772e+00
-3.047527156770229340e+00
-3.066625277698039831e+00
-3.067789863049983801e+00
-3.081548787653446198e+00
-3.069576199352741064e+00
-3.068560080230235965e+00
-3.059726293385028661e+00
-3.046814474463462652e+00
-3.029382169246673584e+00
-3.013173347711563199e+00
-3.027156886458397089e+00
-3.043646138906479059e+00
-3.039021277427673251e+00
-3.033476138114929110e+00
-3.037099397182464688e+00
-3.050563463568687350e+00
-3.049421271681785672e+00
-3.028271600604057312e+00
-2.998742912709713160e+00
-2.996987901628017426e+00
-2.995488582551479428e+00
-2.976663313806056976e+00
-2.965212444961070837e+00
-2.950721348822116674e+00
-2.948362015187740326e+00
-2.956954832375049413e+00
-2.955030958354472936e+00
-2.948966705799102694e+00
-2.937940022349357694e+00
-2.934714847803115756e+00
-2.927782474458217710e+00
-2.924925772845745175e+00
-2.922294078767299741e+00
-2.923760657012462794e+00
-2.928642024099826990e+00
-2.927753753960132599e+00
-2.933870120346546262e+00
-2.926978816092014490e+00
-2.920001290738582611e+00
-2.899204780161380945e+00
-2.891427282989025294e+00
-2.868190519511699677e+00
-2.860293771326541723e+00
-2.860720966756344019e+00
-2.865319372713565738e+00
-2.867685793340206235e+00
-2.863161422312259674e+00
-2.857547815144061865e+00
-2.841831766068935394e+00
-2.821875445544719696e+00
-2.808712537586688818e+00
-2.792210896313190638e+00
-2.798240350186824710e+00
-2.817354090511798859e+00
-2.833672280609607519e+00
-2.858688983321189703e+00
-2.843873940408229828e+00
-2.812917162477970301e+00
-2.789604198932647883e+00
-2.762466526031494229e+00
-2.757964301109313787e+00
-2.758947062492370428e+00
-2.768408200144767850e+00
-2.782645216584205716e+00
-2.784654599428177058e+00
-2.793401056528091342e+00
-2.783587548136710943e+00
-2.792085841298103333e+00
-2.785001602768898188e+00
-2.780005529522895813e+00
-2.783756580948829829e+00
-2.763295909762382596e+00
-2.773359569907188238e+00
-2.759217698872089564e+00
-2.765999849140643896e+00
-2.784005795419216334e+00
-2.800582565367221832e+00
-2.815481202304363162e+00
-2.833592848479747683e+00
-2.849475421011447906e+00
-2.858361740410328089e+00
-2.861539335548877627e+00
-2.877801634371280670e+00
-2.882771362364292322e+00
-2.895693807303905576e+00
-2.906481517851352780e+00
-2.920140634477138342e+00
-2.933933699131011874e+00
-2.959858739376068026e+00
-2.975434055924415677e+00
-2.982367348670959650e+00
-2.991647630929946899e+00
-3.025310739874839783e+00
-3.053498822450637640e+00
-3.072314906120300115e+00
-3.094622254371643066e+00
-3.117726048827171415e+00
-3.166953426599502741e+00
-3.208557359874248505e+00
-3.231849099695682348e+00
-3.232166288793087094e+00
-3.235605652630328954e+00
-3.252222709357738495e+00
-3.280100382864475250e+00
-3.293829761445522308e+00
-3.319105787575244992e+00
-3.328172133862972171e+00
-3.360647225379943759e+00
-3.384165856242179693e+00
-3.405076861381530762e+00
-3.444240723550319849e+00
-3.473874236643314184e+00
-3.504580985009670080e+00
-3.531375591456890284e+00
-3.539407525956630884e+00
-3.544302518665790380e+00
-3.538973011076450348e+00
-3.534779043495654971e+00
-3.534258617460727780e+00
-3.558047498762607397e+00
-3.586538209021091550e+00
-3.621873904764652430e+00
-3.639307047426700414e+00
-3.651570542156696408e+00
-3.641075401008129209e+00
-3.635898379981517881e+00
-3.623580853641032995e+00
-3.633758564293384730e+00
-3.640094088017940432e+00
-3.651574675738811671e+00
-3.643753264844417750e+00
-3.648789422214031131e+00
-3.638619966804981232e+00
-3.631638939678668798e+00
-3.638289187848568140e+00
-3.655249156057834625e+00
-3.693004924058914007e+00
-3.729431292414665311e+00
-3.745351557433605372e+00
-3.759950615465641022e+00
-3.760100714862346649e+00
-3.765418110787868589e+00
-3.763829194009304047e+00
-3.756986512243747800e+00
-3.748936276137828649e+00
-3.749020247161388486e+00
-3.748312832415103824e+00
-3.749702049791812986e+00
-3.744645287096500574e+00
-3.731467826664447873e+00
-3.711595426499843420e+00
-3.722198279201984317e+00
-3.738619323074817480e+00
-3.778875699639320462e+00
-3.794732543826103033e+00
-3.797535374760627747e+00
-3.777774471044540228e+00
-3.753521671891212552e+00
-3.728067573904991328e+00
-3.717877811193466275e+00
-3.706185182929039090e+00
-3.694896593689918518e+00
-3.680509623885154902e+00
-3.677809771895408808e+00
-3.686170592904090881e+00
-3.689362946152686895e+00
-3.693090328574180514e+00
-3.691091382503509433e+00
-3.684432926774024786e+00
-3.671600487828254877e+00
-3.656972223520278842e+00
-3.651363819837570190e+00
-3.632062715291977106e+00
-3.601569759845733465e+00
-3.575497877597809016e+00
-3.555149856209754766e+00
-3.534973371028899969e+00
-3.506742203235626132e+00
-3.490119731426239102e+00
-3.464925292134284796e+00
-3.444613674283027560e+00
-3.439822283387184321e+00
-3.422613903880119324e+00
-3.400929772853851230e+00
-3.369453254342078985e+00
-3.332832011580467046e+00
-3.341681709885597318e+00
-3.330053508281707764e+00
-3.291429019719362081e+00
-3.284022045880556018e+00
-3.292804486304521383e+00
-3.256886597722768784e+00
-3.217411308735608877e+00
-3.177472055703401743e+00
-3.158399412781000226e+00
-3.141292215138673960e+00
-3.148592282086610794e+00
-3.161310452967882156e+00
-3.160750839859247208e+00
-3.152456784993410199e+00
-3.136426795274019241e+00
-3.107359329611063092e+00
-3.077130662649870008e+00
-3.050050505250692545e+00
-3.053297682851552786e+00
-3.066322460025548757e+00
-3.080675404518842697e+00
-3.064815869182348163e+00
-3.045561050623655230e+00
-3.038024701923132120e+00
-3.049736838787794113e+00
-3.038398393243551432e+00
-3.011635468900203616e+00
-2.999027632176876068e+00
-3.004770945012569250e+00
-3.000474141538143069e+00
-2.985593388974666418e+00
-2.975485597550869166e+00
-2.978536699712276636e+00
-2.975900389254093170e+00
-2.961825369298458188e+00
-2.942655365169048132e+00
-2.934440462291240781e+00
-2.931782002747058691e+00
-2.942390452325343908e+00
-2.945230950415134608e+00
-2.948284317553043543e+00
-2.938838173449039637e+00
-2.946129180490970612e+00
-2.964684210717678070e+00
-2.978025196492672055e+00
-2.974243278801441015e+00
-2.954030098021030337e+00
-2.939089439809322357e+00
-2.924373562633991064e+00
-2.916920243203640073e+00
-2.922865425050258814e+00
-2.948690469563007177e+00
-2.964334987103939056e+00
-2.968051020801067530e+00
-2.966171725094318479e+00
-2.966607491672038854e+00
-2.986462043225765139e+00
-2.987051101028919131e+00
-2.974085582792759030e+00
-2.972607256472110659e+00
-2.967486582696437836e+00
-2.986085222661495120e+00
-3.006183151900768458e+00
-3.023490084707737058e+00
-3.021965946257114233e+00
-3.020034499466419220e+00
-3.022640638053417206e+00
-3.039785428345203488e+00
-3.045277814567088903e+00
-3.044298876821994959e+00
-3.051786430180072784e+00
-3.050249789655208765e+00
-3.059168331325054169e+00
-3.072792373597621918e+00
-3.087627013027668177e+00
-3.095225746929645361e+00
-3.110300804674625219e+00
-3.126893500983714880e+00
-3.146738652884960352e+00
-3.157040344178676516e+00
-3.132033671438693823e+00
-3.135131512582302271e+00
-3.176805577427148641e+00
-3.175639656931161792e+00
-3.142201385647058309e+00
-3.155687614530324758e+00
-3.196715288609266459e+00
-3.233294210582971395e+00
-3.252277431637048632e+00
-3.257167310267687022e+00
-3.248621190339326947e+00
-3.245783672481775461e+00
-3.258190415054559530e+00
-3.249249766021967023e+00
-3.242907468229532242e+00
-3.262946138530969709e+00
-3.301130726188421072e+00
-3.322589331120252787e+00
-3.323175003379583270e+00
-3.304201858490705579e+00
-3.293091254681348889e+00
-3.294795169681310476e+00
-3.308471374958753763e+00
-3.309434144943952383e+00
-3.296769591420888990e+00
-3.302829288691282450e+00
-3.330087283253669650e+00
-3.349801424145698370e+00
-3.346665382385253906e+00
-3.324302959442138494e+00
-3.308897541463375003e+00
-3.310710014402866275e+00
-3.318173332512378781e+00
-3.314533425867557614e+00
-3.317592571675777258e+00
-3.320903469622135340e+00
-3.318702714145183474e+00
-3.317505551874637693e+00
-3.312299571931362152e+00
-3.305274523794651031e+00
-3.307214976847171695e+00
-3.322148703038692474e+00
-3.310272513329982846e+00
-3.299995376169681638e+00
-3.297681976854801356e+00
-3.302366758882999243e+00
-3.317162732779979528e+00
-3.327569015324115753e+00
-3.337901414930820376e+00
-3.351975621283054263e+00
-3.366894410550594241e+00
-3.373018525540828705e+00
-3.384508766233921051e+00
-3.393775306642055511e+00
-3.413237063586711972e+00
-3.418835659325123011e+00
-3.417895342409610571e+00
-3.423553977906704127e+00
-3.439641110599040985e+00
-3.468156583607196808e+00
-3.495045329630374731e+00
-3.515113694965839475e+00
-3.534818746149539948e+00
-3.563473711907863439e+00
-3.605231468379497706e+00
-3.635694317519664764e+00
-3.665188677608966827e+00
-3.695961813628673376e+00
-3.732275511324405493e+00
-3.763411213457584559e+00
-3.789507357776165097e+00
-3.815862037241458893e+00
-3.829751081764698029e+00
-3.849862770736217410e+00
-3.898781590163707733e+00
-3.943785245716571630e+00
-3.981573824584484278e+00
-4.016285167634487507e+00
-4.054462952911853435e+00
-4.102398325502872645e+00
-4.153295473754406331e+00
-4.198827604949474157e+00
-4.233806048333645045e+00
-4.279222129285335186e+00
-4.320714555680751801e+00
-4.374468819797039387e+00
-4.405886058509350001e+00
-4.429626570641994832e+00
-4.455760516226291656e+00
-4.494055782258510767e+00
-4.536583493649959387e+00
-4.567662899196148096e+00
-4.601955108344554901e+00
-4.651376666128635762e+00
-4.688452948629856287e+00
-4.707392434775829138e+00
-4.716501377522945404e+00
-4.738051424920558752e+00
-4.771512852609157918e+00
-4.817450107634067891e+00
-4.863860835134983240e+00
-4.910134066641330897e+00
-4.960520608723163249e+00
-5.004949139058590291e+00
-5.060688455402851282e+00
-5.115019078552722753e+00
-5.166087041795253576e+00
-5.206018586456775843e+00
-5.246285222470760345e+00
-5.309812580049038111e+00
-5.379508763551712036e+00
-5.437148240208625971e+00
-5.488624483346939087e+00
-5.549449044466018499e+00
-5.614624607563018621e+00
-5.672857004404067816e+00
-5.730198740959167480e+00
-5.782655468583106639e+00
-5.844378525018692372e+00
-5.907573673129081548e+00
-5.954957422614097773e+00
-5.992344194650650380e+00
-6.052060550451278331e+00
-6.101043474674225031e+00
-6.148744139075279058e+00
-6.192543652653694330e+00
-6.238832443952560425e+00
-6.265754741430282770e+00
-6.297849759459495544e+00
-6.331845015287399292e+00
-6.363779455423355103e+00
-6.391357678174972357e+00
-6.424531751871109364e+00
-6.453852999210357488e+00
-6.487645256519317449e+00
-6.525995504856109797e+00
-6.558992755413055598e+00
-6.599414384365081432e+00
-6.634133732318877819e+00
-6.655482661724090754e+00
-6.677509266138076605e+00
-6.692103540897369029e+00
-6.702830004692077459e+00
-6.718581616878509521e+00
-6.734598511457443593e+00
-6.749216151237487971e+00
-6.768809974193572998e+00
-6.780041462182998302e+00
-6.802245640754700062e+00
-6.828371095657348455e+00
-6.854259508848190130e+00
-6.891019350290298107e+00
-6.930171418190002264e+00
-6.968648397922516224e+00
-6.984003829956054510e+00
-7.006317704916000366e+00
-7.027770900726318715e+00
-7.049207377433776678e+00
-7.056915664672851918e+00
-7.062175786495208385e+00
-7.075243836641311290e+00
-7.076288557052611949e+00
-7.081078714132308605e+00
-7.074942296743392589e+00
-7.092964875698089422e+00
-7.089177304506302235e+00
-7.097973698377609608e+00
-7.115937972068786976e+00
-7.138933950662613270e+00
-7.166127556562424061e+00
-7.190098345279693604e+00
-7.217203974723815918e+00
-7.223918169736862183e+00
-7.227880370616913019e+00
-7.231850332021712902e+00
-7.246985316276550293e+00
-7.273750960826873779e+00
-7.311843788623809459e+00
-7.348730313777923406e+00
-7.366864824295044301e+00
-7.379781413078307928e+00
-7.392800086736679432e+00
-7.394669920206069946e+00
-7.399899071455001476e+00
-7.402395319938659846e+00
-7.398496001958847046e+00
-7.401126819849014105e+00
-7.402945953607559026e+00
-7.412589162588119507e+00
-7.419338041543960927e+00
-7.426653796434402821e+00
-7.432250022888183594e+00
-7.438106358051300049e+00
-7.437494951486587347e+00
-7.439615136384963634e+00
-7.431043684482574463e+00
-7.428083759546280085e+00
-7.415924572944641469e+00
-7.404855132102966309e+00
-7.384224480390548351e+00
-7.373148638010024847e+00
-7.381345635652541759e+00
-7.381771361827849987e+00
-7.384731620550155640e+00
-7.379313170909881592e+00
-7.378310769796371460e+00
-7.368694210052490590e+00
-7.372182941436767223e+00
-7.377556717395782115e+00
-7.377801054716110585e+00
-7.375526309013366699e+00
-7.358436864614486872e+00
-7.334745228290557861e+00
-7.301942521333694813e+00
-7.281264340877532604e+00
-7.259546601772308705e+00
-7.251537883281708119e+00
-7.238227796554565607e+00
-7.219944018125533880e+00
-7.192104095220566151e+00
-7.159389942884445190e+00
-7.142332392930984319e+00
-7.121858972311019720e+00
-7.092983937263488414e+00
-7.064419192075729548e+00
-7.053705328702926991e+00
-7.032908785343169988e+00
-7.021106296777725575e+00
-6.991342055797576727e+00
-6.952923780679702404e+00
-6.904809564352035522e+00
-6.858602756261825917e+00
-6.832678949832915904e+00
-6.784450173377990723e+00
-6.739121693372726263e+00
-6.699068260192871271e+00
-6.658379918336867931e+00
-6.613509428501129328e+00
-6.569319212436676381e+00
-6.520842942595481695e+00
-6.465956863760948359e+00
-6.431028768420219421e+00
-6.396170017123222529e+00
-6.365294244885444819e+00
-6.328688237071037115e+00
-6.299863478541373851e+00
-6.273901358246803284e+00
-6.238337376713753102e+00
-6.185974532365799305e+00
-6.126160889863967896e+00
-6.079350513219833552e+00
-6.052279299497604015e+00
-6.036807650327682850e+00
-6.016572701930999578e+00
-5.992063122987747015e+00
-5.965975880622863770e+00
-5.942740625143050792e+00
-5.899938476085663019e+00
-5.864801168441772461e+00
-5.817190301418304621e+00
-5.783208513259888051e+00
-5.746163243055343983e+00
-5.730049985647201360e+00
-5.703050893545150934e+00
-5.679155951738357189e+00
-5.644857180118560969e+00
-5.619031774997711004e+00
-5.606020277738570812e+00
-5.582197874784469604e+00
-5.548549574613571345e+00
-5.519221323728561224e+00
-5.481565457582473933e+00
-5.448761349916457775e+00
-5.419469624757766724e+00
-5.391345202922821045e+00
-5.379316180944442749e+00
-5.351067054271697820e+00
-5.335403418540954235e+00
-5.312317532300949274e+00
-5.295232003927230480e+00
-5.282683479785919012e+00
-5.266948127746582387e+00
-5.248701918125152410e+00
-5.232008779048920033e+00
-5.216860240697860363e+00
-5.190580457448959351e+00
-5.170629388093948009e+00
-5.160178691148757935e+00
-5.146904027462005260e+00
-5.131792569160461781e+00
-5.120065003633499146e+00
-5.107538390159606756e+00
-5.091020113229751232e+00
-5.095562291145324885e+00
-5.107138723134994507e+00
-5.120976048707961858e+00
-5.118074977397919056e+00
-5.105001115798950551e+00
-5.097504580020904896e+00
-5.101569300889968517e+00
-5.121470350027084173e+00
-5.124732148647308527e+00
-5.119323891401291071e+00
-5.125847876071929932e+00
-5.128903543949126842e+00
-5.127572214603423717e+00
-5.138116890192032216e+00
-5.139312982559204102e+00
-5.141392737627029419e+00
-5.151231718063354670e+00
-5.168099761009216309e+00
-5.179162186384201227e+00
-5.180399894714355469e+00
-5.192099958658218384e+00
-5.212196904420852483e+00
-5.223859858512878596e+00
-5.224651926755905507e+00
-5.229698956012725830e+00
-5.244010961055755260e+00
-5.271311643719672979e+00
-5.300854966044425964e+00
-5.328101345896721242e+00
-5.352072492241859436e+00
-5.380455324053764699e+00
-5.387061271071433843e+00
-5.392692586779594066e+00
-5.400016245245933710e+00
-5.413199868798256098e+00
-5.438249927759170710e+00
-5.457201296091080067e+00
-5.458129465579986572e+00
-5.448657506704330800e+00
-5.442359554767608465e+00
-5.448101043701171875e+00
-5.468631118535995483e+00
-5.464059966802596868e+00
-5.452769511938095448e+00
-5.452026784420013428e+00
-5.447446727752685902e+00
-5.467506164312363026e+00
-5.469035500288009999e+00
-5.443552821874618530e+00
-5.411100426316261647e+00
-5.409736177325248363e+00
-5.410539910197257996e+00
-5.421035394072532654e+00
-5.418692579865455272e+00
-5.400556549429893494e+00
-5.382725474238395869e+00
-5.378621062636375072e+00
-5.354119265079498646e+00
-5.339059111475944697e+00
-5.317054194211960017e+00
-5.307771974802017567e+00
-5.291865319013595581e+00
-5.280891001224517822e+00
-5.273385190963745472e+00
-5.261176431179046986e+00
-5.244032126665115534e+00
-5.233022877573967335e+00
-5.201715901494026184e+00
-5.168719854950905024e+00
-5.117945387959480286e+00
-5.087370806932449696e+00
-5.064775896072387873e+00
-5.056509903073310497e+00
-5.031871259212493896e+00
-4.995082700252533314e+00
-4.951528593897819519e+00
-4.921860274672508417e+00
-4.886061099171638666e+00
-4.857288193702697932e+00
-4.850354447960853577e+00
-4.830900064110755565e+00
-4.804360023140906932e+00
-4.760234147310256958e+00
-4.718292856216431019e+00
-4.673998259007930756e+00
-4.630034214258193614e+00
-4.592166981101035717e+00
-4.545336586236953913e+00
-4.504153385758399963e+00
-4.475493267178535461e+00
-4.442898666858672740e+00
-4.412286731600761236e+00
-4.367018559575081227e+00
-4.308973146975040081e+00
-4.249586161971092402e+00
-4.219570931792259394e+00
-4.183873510360717418e+00
-4.139340749382972362e+00
-4.092415767908096136e+00
-4.042920574545860291e+00
-4.011559805274009349e+00
-3.958867299556732000e+00
-3.908785635232925326e+00
-3.876803895831108182e+00
-3.850848194956779658e+00
-3.820434406399726868e+00
-3.778389385342598050e+00
-3.737636455893516452e+00
-3.698801454901695429e+00
-3.660666653513908297e+00
-3.626408416032790960e+00
-3.609910616278648288e+00
-3.586586344242095770e+00
-3.561867326498031616e+00
-3.528121617436409174e+00
-3.506085735559463679e+00
-3.500265592336654574e+00
-3.484580940008163541e+00
-3.456987881660461337e+00
-3.439737617969512939e+00
-3.428505551815033137e+00
-3.410754305124283015e+00
-3.407856506109237849e+00
-3.390464508533477694e+00
-3.371871191263198675e+00
-3.352514183521270841e+00
-3.334624528884887695e+00
-3.314230811595916926e+00
-3.323678427934646518e+00
-3.312989655137061895e+00
-3.286822506785392672e+00
-3.266996464133262723e+00
-3.264147213101387113e+00
-3.242349433898925604e+00
-3.219717946648597895e+00
-3.198447099328041165e+00
-3.173433107137680231e+00
-3.166267684102058499e+00
-3.147459191083908259e+00
-3.130525997281074613e+00
-3.109623673558234991e+00
-3.097590309381485163e+00
-3.083010268211364924e+00
-3.077226188778877436e+00
-3.063645210862159907e+00
-3.044132325053214849e+00
-3.031095340847969055e+00
-3.014347735047340215e+00
-2.991317865252494990e+00
-2.992440447211265564e+00
-2.986714953184127719e+00
-2.977183988690376371e+00
-2.961423283815384000e+00
-2.952815341949462713e+00
-2.959425842761993497e+00
-2.963871994614601046e+00
-2.963467845320701510e+00
-2.965548893809318631e+00
-2.970360586047172458e+00
-2.968734201788902460e+00
-2.977615594863891602e+00
-2.966209608316421331e+00
-2.967172294855117798e+00
-2.978108090162277399e+00
-3.012885983288287939e+00
-3.024330842494964422e+00
-3.042556086182594210e+00
-3.062756776809692383e+00
-3.078033474087715327e+00
-3.090212640166282831e+00
-3.098278942704200567e+00
-3.102050971984863459e+00
-3.103582128882408142e+00
-3.102520106732845395e+00
-3.116782462596893399e+00
-3.109924727678298861e+00
-3.106379055976867587e+00
-3.124698808789253324e+00
-3.145991325378417969e+00
-3.168630981445312411e+00
-3.174672332406044184e+00
-3.198259863257407964e+00
-3.205015429854392917e+00
-3.203734338283538818e+00
-3.196824488043785273e+00
-3.202266976237297058e+00
-3.204281255602836609e+00
-3.207417932152748286e+00
-3.203609645366668701e+00
-3.188418793678283514e+00
-3.174692288041114807e+00
-3.161900758743286133e+00
-3.144258235394954859e+00
-3.119350866973400027e+00
-3.105888457596301944e+00
-3.081940312683582484e+00
-3.053123287856578827e+00
-3.035720285773277460e+00
-3.021639682352542877e+00
-2.986865027248859494e+00
-2.964954151213169187e+00
-2.943711842596530737e+00
-2.942415277659892858e+00
-2.948945288360119044e+00
-2.948550723493099213e+00
-2.937457726895809085e+00
-2.927450861036777319e+00
-2.920061750710010617e+00
-2.901092354953289210e+00
-2.897904546558856875e+00
-2.889695431292056860e+00
-2.872306506335735143e+00
-2.856094117462634863e+00
-2.848114217817783178e+00
-2.848828838765621096e+00
-2.857056869566440671e+00
-2.847240042686462580e+00
-2.820667386054992676e+00
-2.809201394021511256e+00
-2.805829276144504725e+00
-2.806721581518650144e+00
-2.807500036060810000e+00
-2.805011002719402402e+00
-2.799936281144618899e+00
-2.817025451362133115e+00
-2.830078403651714147e+00
-2.829069481790065677e+00
-2.839487327635288327e+00
-2.835408475995063959e+00
-2.817967651784420102e+00
-2.806193642318248749e+00
-2.805345688760280787e+00
-2.801594780385494143e+00
-2.794284015893936157e+00
-2.779611441493034185e+00
-2.779375529289245694e+00
-2.768875944614410223e+00
-2.746643854677677243e+00
-2.735569383203983129e+00
-2.724858348071575342e+00
-2.713909022510051727e+00
-2.709686286747455597e+00
-2.716398377716541468e+00
-2.713620765507221311e+00
-2.692594493925571264e+00
-2.699074964225292028e+00
-2.675107772648334326e+00
-2.651356182992458344e+00
-2.629981882870197296e+00
-2.600500643253326416e+00
-2.577464948594569982e+00
-2.569091333448886960e+00
-2.567962832748889923e+00
-2.564351925253868014e+00
-2.558480590581893921e+00
-2.551663795113563449e+00
-2.547308003902435392e+00
-2.534029221534729093e+00
-2.516129639744758784e+00
-2.490940628945827573e+00
-2.471106445789337247e+00
-2.447951363027095706e+00
-2.441048906743526370e+00
-2.436314783990383148e+00
-2.426138500869273962e+00
-2.418595130741596044e+00
-2.421416623890400022e+00
-2.419343863427639185e+00
-2.413810549676418393e+00
-2.407400955259800135e+00
-2.394081094861030490e+00
-2.379050675034522833e+00
-2.372146090865135282e+00
-2.357596161216497510e+00
-2.345846860855817617e+00
-2.348607101291418253e+00
-2.352122616022825241e+00
-2.359951368719339193e+00
-2.371726336330175489e+00
-2.383694722503423513e+00
-2.374965663999319077e+00
-2.363059913367032916e+00
-2.338131002336740316e+00
-2.301127494126558481e+00
-2.264829933643341064e+00
-2.236788890510797323e+00
-2.223873937875032514e+00
-2.209847380965948016e+00
-2.218134560436010538e+00
-2.216567098349332632e+00
-2.215583198517561136e+00
-2.220244976133108228e+00
-2.202374362200498759e+00
-2.180743741989135565e+00
-2.161693432927131564e+00
-2.138661125302314669e+00
-2.125474557280540466e+00
-2.124673397094011484e+00
-2.139945366233587443e+00
-2.162094541639089762e+00
-2.161612086743116556e+00
-2.135735198110341848e+00
-2.111197829991579233e+00
-2.101723632961511434e+00
-2.084887618571519941e+00
-2.047732279449701487e+00
-2.006468526273965658e+00
-2.001756668835878550e+00
-2.035089152306318372e+00
-2.030741627514362158e+00
-2.012359466776251882e+00
-2.007112714275717913e+00
-2.022483816370368004e+00
-2.021120690926909269e+00
-2.003406784310937105e+00
-2.001347071304917513e+00
-2.006921792402863503e+00
-2.020284952595829964e+00
-2.019489835575222880e+00
-2.006409198418259709e+00
-1.994815451279282614e+00
-1.981022282317280725e+00
-1.964836307242512792e+00
-1.943955245986580760e+00
-1.929988429322838872e+00
-1.922138473764061883e+00
-1.920079352334141731e+00
-1.919021319225430400e+00
-1.918501432612538249e+00
-1.925075206533074290e+00
-1.931858590617775873e+00
-1.913167705014348074e+00
-1.903568457439541728e+00
-1.911919337883591696e+00
-1.914004603400826454e+00
-1.922416660562157542e+00
-1.922467729821801141e+00
-1.931148657575249672e+00
-1.940546885505318730e+00
-1.964250229671597570e+00
-1.978858220949768931e+00
-1.994257958605885506e+00
-2.001081179454922587e+00
-2.009565894678234876e+00
-2.015959687903523534e+00
-2.002049121633171946e+00
-1.988995655253529504e+00
-1.972490317001938775e+00
-1.970515373721718699e+00
-1.974728715792298361e+00
-1.988302155211567834e+00
-2.001480077579617323e+00
-2.009383240714669228e+00
-2.023638926073908717e+00
-2.032128055021166890e+00
-2.028254736587405294e+00
-2.016038234159350573e+00
-1.990215625241398723e+00
-1.979141535237431526e+00
-1.965934679284691899e+00
-1.959842205420136541e+00
-1.969797259941697076e+00
-1.985505299642682076e+00
-2.014140461757778944e+00
-2.050766872987151324e+00
-2.091665174439549357e+00
-2.106237228587269694e+00
-2.121808728948235689e+00
-2.118435347452759743e+00
-2.121836379542946904e+00
-2.114684093371033580e+00
-2.086441220715641975e+00
-2.096483807638287455e+00
-2.118045796081423848e+00
-2.136313356086611659e+00
-2.135496469959616839e+00
-2.146715943142771810e+00
-2.171807885542512029e+00
-2.157253031805157484e+00
-2.129571563377976595e+00
-2.110459690168499769e+00
-2.118888785317539991e+00
-2.116809390857815831e+00
-2.101473479345441042e+00
-2.094155933335423381e+00
-2.125271897390484721e+00
-2.166363047435879707e+00
-2.176894654706120313e+00
-2.159817721322178752e+00
-2.189924414083361803e+00
-2.219103136658668429e+00
-2.220904076099395663e+00
-2.200848752260208041e+00
-2.192309430241584867e+00
-2.199806471914052874e+00
-2.189271231740713031e+00
-2.179319944232702255e+00
-2.172585385292768567e+00
-2.183900313824415296e+00
-2.199290350824594675e+00
-2.202465126663446515e+00
-2.207156746834516348e+00
-2.207519819587469012e+00
-2.219490302354097278e+00
-2.231702119857073008e+00
-2.225941724330186666e+00
-2.237941893190145581e+00
-2.245252921432256521e+00
-2.243652109056711197e+00
-2.247470913082361132e+00
-2.249230139702558695e+00
-2.265534640103578745e+00
-2.270410639792680652e+00
-2.275707051903009592e+00
-2.281039208918810068e+00
-2.285444522649049848e+00
-2.291689241677522748e+00
-2.285995519906282247e+00
-2.291357202082872302e+00
-2.277210617810487836e+00
-2.278601533919572653e+00
-2.274088404327630819e+00
-2.264677269011735827e+00
-2.248196909576654523e+00
-2.244996572285890668e+00
-2.258779074996709824e+00
-2.256698166579008014e+00
-2.259072569757699878e+00
-2.253642196208238691e+00
-2.250097257643937976e+00
-2.244260851293802261e+00
-2.246946708112955271e+00
-2.263657233864068807e+00
-2.284332931786775767e+00
-2.302155894786119372e+00
-2.319801215082406998e+00
-2.345719585567712873e+00
-2.375724986195564270e+00
-2.385360804200172602e+00
-2.388036617636680514e+00
-2.379448945820331396e+00
-2.366493657231330872e+00
-2.349561312794685275e+00
-2.332778665423393072e+00
-2.319491559267043979e+00
-2.299850532412528903e+00
-2.301359182596206754e+00
-2.299573764204978943e+00
-2.312248221039772123e+00
-2.324991559982299894e+00
-2.339607498049736112e+00
-2.355215319991111667e+00
-2.339373707771301270e+00
-2.321724615991115570e+00
-2.308104184269905268e+00
-2.315499843657016665e+00
-2.322565962374210535e+00
-2.326578493416309179e+00
-2.341588273644447327e+00
-2.357840628921985537e+00
-2.384430974721908569e+00
-2.406503185629844666e+00
-2.438311399519443423e+00
-2.461983515322208493e+00
-2.475943900644779205e+00
-2.475813545286655426e+00
-2.479293136298656552e+00
-2.476080094277858912e+00
-2.461771464347839444e+00
-2.443679256737232297e+00
-2.433498612046241849e+00
-2.428424140810966581e+00
-2.435330966114997775e+00
-2.453683088719844640e+00
-2.466873593628406525e+00
-2.489284284412860870e+00
-2.500715054571628571e+00
-2.508892245590686798e+00
-2.518909852206706823e+00
-2.518710608780383886e+00
-2.513390174508094876e+00
-2.511811605095863431e+00
-2.514894378185272394e+00
-2.516003730893134893e+00
-2.514414668083190918e+00
-2.517099523544311435e+00
-2.520955088734626592e+00
-2.515036559104919522e+00
-2.513596598803997217e+00
-2.510083404183387934e+00
-2.511972072720527471e+00
-2.512606570124626071e+00
-2.524039101600647150e+00
-2.527845570445060641e+00
-2.523522064089775085e+00
-2.513971281051635920e+00
-2.490279901027679266e+00
-2.470951239764690222e+00
-2.458683778345585047e+00
-2.448242756724357427e+00
-2.433164428174495519e+00
-2.425187826156616211e+00
-2.427634289860725492e+00
-2.439230307936668396e+00
-2.439443859457969488e+00
-2.446197679638862699e+00
-2.462718157470226377e+00
-2.473608131706714452e+00
-2.479984681308269323e+00
-2.484680174291133969e+00
-2.492043291032314478e+00
-2.486162747442722143e+00
-2.474664537608623593e+00
-2.454642798006534399e+00
-2.438709832727909088e+00
-2.430381719768047510e+00
-2.417077808082103818e+00
-2.420617540180683314e+00
-2.419812123477458776e+00
-2.439561945199966608e+00
-2.461479164659976959e+00
-2.471599942445755094e+00
-2.490289130806922824e+00
-2.500733616948127569e+00
-2.496040481328964056e+00
-2.485110272467136561e+00
-2.452375476062297999e+00
-2.440160943567752927e+00
-2.424584753811359406e+00
-2.406451855599880396e+00
-2.403356103599071592e+00
-2.417307481169700623e+00
-2.442891177535057246e+00
-2.467599447071552099e+00
-2.486297103762626470e+00
-2.505589574575424194e+00
-2.508015614748001276e+00
-2.499196159839629949e+00
-2.495854711532592862e+00
-2.488520377874374301e+00
-2.470569729804992676e+00
-2.447035460174083799e+00
-2.416638249158859164e+00
-2.394126431643962771e+00
-2.377233923971652896e+00
-2.370379067957401276e+00
-2.357685829699039282e+00
-2.356685884296894073e+00
-2.371072149276733487e+00
-2.385002662241459070e+00
-2.381196220219135462e+00
-2.373352435231208979e+00
-2.366971462965011597e+00
-2.357956163585186005e+00
-2.342947454750537783e+00
-2.313164731860160916e+00
-2.299940344691276728e+00
-2.298661661148071467e+00
-2.289825698733329862e+00
-2.287938812375068576e+00
-2.306991539895534515e+00
-2.323201467096805750e+00
-2.329957796633243650e+00
-2.334246726334094912e+00
-2.332736997306346982e+00
-2.336111094057559789e+00
-2.333275179564952673e+00
-2.334333257377147586e+00
-2.330989944934844793e+00
-2.326891502737999051e+00
-2.319135327637195765e+00
-2.319781787693500519e+00
-2.303463502228260129e+00
-2.293419532477855682e+00
-2.289077498018741608e+00
-2.280091023445129483e+00
-2.288744045794010251e+00
-2.307476279139518915e+00
-2.302632753551006495e+00
-2.311586770415305914e+00
-2.327115865051746280e+00
-2.334565591812133967e+00
-2.335054051876068293e+00
-2.330981102585792719e+00
-2.322751441597938449e+00
-2.312597975134849548e+00
-2.302060839533806025e+00
-2.296364828944206238e+00
-2.295156067609787076e+00
-2.297670468688011169e+00
-2.292552870512008845e+00
-2.304762929677963257e+00
-2.301317426562309088e+00
-2.309422042965889155e+00
-2.302130910754203619e+00
-2.295390309393405825e+00
-2.285014472901821136e+00
-2.262179009616374969e+00
-2.244077222049236209e+00
-2.222107398509979070e+00
-2.204384347796440213e+00
-2.200148671865463257e+00
-2.194887998700141729e+00
-2.189438360929488958e+00
-2.190834009647369296e+00
-2.199726243317127405e+00
-2.211966829001903445e+00
-2.210450816154479803e+00
-2.200579915940761744e+00
-2.197114422917366028e+00
-2.189926138520240873e+00
-2.182593059539795100e+00
-2.168863952159881592e+00
-2.166408780217170538e+00
-2.164453300833701910e+00
-2.155420297384261996e+00
-2.158759075403213323e+00
-2.162079203128814520e+00
-2.159864825010299860e+00
-2.141713354736566544e+00
-2.132051273435354055e+00
-2.123375973850488485e+00
-2.114232413470745087e+00
-2.107512618601321996e+00
-2.096111947298049838e+00
-2.090902774035930722e+00
-2.092294912040233434e+00
-2.087629301846027463e+00
-2.082851256430148901e+00
-2.079434834420681000e+00
-2.088458693027496427e+00
-2.103617163002490908e+00
-2.108269785344600855e+00
-2.109974595904350103e+00
-2.115792225301265539e+00
-2.123940375447273432e+00
-2.123597067594528376e+00
-2.119629003107547760e+00
-2.105531163513660431e+00
-2.092510625720024109e+00
-2.072317267954349340e+00
-2.048368221521377652e+00
-2.038507840037345975e+00
-2.040621188282966791e+00
-2.038195398449897944e+00
-2.032192990183830261e+00
-2.028193995356559753e+00
-2.033392074704170049e+00
-2.034796868264675318e+00
-2.036882543563842685e+00
-2.042682458460331141e+00
-2.044138319790363312e+00
-2.058179463446140112e+00
-2.061081300675868810e+00
-2.060358341038226904e+00
-2.072590130567550482e+00
-2.079017476737499148e+00
-2.078755013644695282e+00
-2.088303968310356140e+00
-2.089514163136482416e+00
-2.081652680039405734e+00
-2.079583746194839655e+00
-2.079431518912315369e+00
-2.081531113386154264e+00
-2.090362524986267179e+00
-2.084503860771655948e+00
-2.077191437780856909e+00
-2.083775712549686521e+00
-2.068010257184505374e+00
-2.052699202299117953e+00
-2.047145612537860870e+00
-2.031467314064502538e+00
-2.024188548326492310e+00
-2.006649789214134394e+00
-2.016236850619316012e+00
-2.022721739113330752e+00
-2.042188565433025182e+00
-2.065119878947734744e+00
-2.085513393580913366e+00
-2.106811633706092923e+00
-2.128011792898178101e+00
-2.144705468416213900e+00
-2.148226630687713801e+00
-2.156135955452918918e+00
-2.161565625667571933e+00
-2.166603526473045438e+00
-2.172382029891013921e+00
-2.173896107077598394e+00
-2.174635200202465146e+00
-2.180950376391410650e+00
-2.179281640052795233e+00
-2.171123193204402835e+00
-2.157252173125743688e+00
-2.151452188193798243e+00
-2.142477108538150876e+00
-2.150601641833782107e+00
-2.140199829638004481e+00
-2.141767688095569611e+00
-2.152051343023777097e+00
-2.180720800906419843e+00
-2.198805525153875173e+00
-2.205835183709859759e+00
-2.209497839212417603e+00
-2.217330980300903143e+00
-2.224660490453243433e+00
-2.233455771207809359e+00
-2.234096807241439997e+00
-2.239964467287063776e+00
-2.251547393202781855e+00
-2.260659819841384977e+00
-2.269454628229141235e+00
-2.275622543692588984e+00
-2.284714633226394565e+00
-2.299121221899986356e+00
-2.306077872216701685e+00
-2.308535644412040622e+00
-2.316853567957878113e+00
-2.319095374643802554e+00
-2.330425585806369604e+00
-2.331374263763427823e+00
-2.318584448844194235e+00
-2.328836935013532727e+00
-2.333010383695364176e+00
-2.313314161449670614e+00
-2.319736392050981699e+00
-2.327464372664690195e+00
-2.325837034732103348e+00
-2.314589596539735616e+00
-2.328149680048227310e+00
-2.330253776162862778e+00
-2.324217712134122760e+00
-2.313732289522886454e+00
-2.301155578345060349e+00
-2.295412414520979105e+00
-2.303278385847806753e+00
-2.309146919101476847e+00
-2.318214016407728284e+00
-2.329206337779760272e+00
-2.341288768500089823e+00
-2.347746744006871999e+00
-2.353433983772993177e+00
-2.363942491263151258e+00
-2.374391164630651474e+00
-2.377624335139989942e+00
-2.370350476354360580e+00
-2.368893020600080668e+00
-2.375464471429586499e+00
-2.363315691798925311e+00
-2.368480765074491678e+00
-2.373909101635217844e+00
-2.384502875059843152e+00
-2.383568017929792227e+00
-2.386122063547372996e+00
-2.393725434690713971e+00
-2.402578068524598986e+00
-2.402926225215196609e+00
-2.394433740526437759e+00
-2.384966535121202380e+00
-2.382545302063226789e+00
-2.372277826815843760e+00
-2.358973024040460498e+00
-2.346356684714555829e+00
-2.335761103779077530e+00
-2.324685285240411847e+00
-2.315413827449083417e+00
-2.311545280367135913e+00
-2.321841094642877579e+00
-2.321602050215005875e+00
-2.332455772906541824e+00
-2.339189932495355784e+00
-2.357839298993348986e+00
-2.365231158584356397e+00
-2.383101712912321091e+00
-2.387677287310361773e+00
-2.392456515878438772e+00
-2.377912177890538992e+00
-2.370174827426672071e+00
-2.361719550937414258e+00
-2.349752783030271353e+00
-2.336321961134672165e+00
-2.343390499800443560e+00
-2.368450679630041300e+00
-2.394920878857374369e+00
-2.413192752748727798e+00
-2.430728421360254465e+00
-2.440569330006837845e+00
-2.442136589437723160e+00
-2.435229481011629282e+00
-2.409011199325322927e+00
-2.394716770201921641e+00
-2.379423897713422775e+00
-2.351454252749681562e+00
-2.355422032624483020e+00
-2.346964628249406992e+00
-2.355000568181276233e+00
-2.368213056772947134e+00
-2.369873606413603007e+00
-2.375566592067479998e+00
-2.374418231099844068e+00
-2.387348183244466959e+00
-2.398598927259445013e+00
-2.391130641102790833e+00
-2.381964857876300634e+00
-2.389292097091674894e+00
-2.391276952624321162e+00
-2.394739353656768710e+00
-2.405551213026046575e+00
-2.427444428205490112e+00
-2.439341771602630438e+00
-2.466437371075153262e+00
-2.491860990226268946e+00
-2.507176192104816348e+00
-2.523159669339656741e+00
-2.533071549236774356e+00
-2.530139134824275882e+00
-2.516324540972709745e+00
-2.508474388718604953e+00
-2.500207197666168391e+00
-2.480809316039085388e+00
-2.465419632196426569e+00
-2.452910134196281344e+00
-2.448873990774154574e+00
-2.456313943862915128e+00
-2.459321495890617548e+00
-2.465768513083458124e+00
-2.483483217656612396e+00
-2.499211268126964480e+00
-2.507706652581691564e+00
-2.526403068006038755e+00
-2.545377992093563080e+00
-2.545956780016422449e+00
-2.559831838309764684e+00
-2.576785688102245508e+00
-2.589389492571354090e+00
-2.593209590017795385e+00
-2.606178437173366724e+00
-2.609875588119030088e+00
-2.616198192536830724e+00
-2.620324327051639646e+00
-2.630543015897274017e+00
-2.641014571487903417e+00
-2.643781961500644595e+00
-2.653955562412738889e+00
-2.677056793868541895e+00
-2.682127462327480227e+00
-2.680401556193828583e+00
-2.659401512145996183e+00
-2.665913532674312414e+00
-2.656976127624511630e+00
-2.644683444499969394e+00
-2.631745353341102600e+00
-2.633554971218109220e+00
-2.629553037881851019e+00
-2.630720117688178927e+00
-2.628572088479995905e+00
-2.640731745958328158e+00
-2.665683016180992126e+00
-2.672744053602218450e+00
-2.684974399209022700e+00
-2.703546741604804904e+00
-2.698573803901672452e+00
-2.686144712567329229e+00
-2.680749633908271701e+00
-2.678878232836723328e+00
-2.673723244667053134e+00
-2.680426532030105502e+00
-2.696208614110946478e+00
-2.714159059524535955e+00
-2.738741742074489505e+00
-2.742253923416137606e+00
-2.754255877435207278e+00
-2.767621937394141973e+00
-2.744088171422481626e+00
-2.733088140189647852e+00
-2.723116709291935056e+00
-2.723094232380390167e+00
-2.736291886866092593e+00
-2.747433157265186221e+00
-2.746056954562663854e+00
-2.744165854156017215e+00
-2.758607850968837649e+00
-2.757898007333278834e+00
-2.770841675996780218e+00
-2.773635470867156894e+00
-2.753338643908500583e+00
-2.736253288388252436e+00
-2.725148302316665827e+00
-2.714097350835800171e+00
-2.702116137742996305e+00
-2.680657345056533636e+00
-2.673301622271537781e+00
-2.675295817852020086e+00
-2.670712238550186246e+00
-2.660398846864700406e+00
-2.665419310331344604e+00
-2.664051671326160609e+00
-2.660457696020603002e+00
-2.655482189357280642e+00
-2.664491675794124603e+00
-2.663013467192649752e+00
-2.663300248980521978e+00
-2.644642391800880343e+00
-2.620643512904643924e+00
-2.620247213542461484e+00
-2.628313668072223663e+00
-2.614851497113704681e+00
-2.586510059237480341e+00
-2.569920016825199216e+00
-2.558980579674243749e+00
-2.556435061991214841e+00
-2.538475273549556821e+00
-2.521761704981327235e+00
-2.496180205047130674e+00
-2.479776941239833832e+00
-2.472857438027858734e+00
-2.462725679576396765e+00
-2.456025849282741369e+00
-2.434633682668208898e+00
-2.424535162746906281e+00
-2.402394659817218781e+00
-2.391265843808651148e+00
-2.382226645946502686e+00
-2.367743916809558868e+00
-2.345177341997623621e+00
-2.349728439748287379e+00
-2.358126841485500336e+00
-2.372653305530548096e+00
-2.370474362373351962e+00
-2.385622419416904449e+00
-2.387124714255333124e+00
-2.382568624615669428e+00
-2.376663011312484919e+00
-2.359574069082737147e+00
-2.346932379901409238e+00
-2.327436646819114774e+00
-2.307362763583660215e+00
-2.281009843945503324e+00
-2.277039608359336942e+00
-2.270760682225227534e+00
-2.260426616668701261e+00
-2.261151945590972989e+00
-2.259915733337402255e+00
-2.253380548954010187e+00
-2.240872853994369418e+00
-2.236230987310409368e+00
-2.221768754720687689e+00
-2.215988263487815857e+00
-2.199634513258934110e+00
-2.183258925378322779e+00
-2.181542150676250458e+00
-2.157416584342718213e+00
-2.156565301865339457e+00
-2.157831638306379141e+00
-2.167783492058515726e+00
-2.177296730130910962e+00
-2.179464923590421765e+00
-2.176958435028791605e+00
-2.174829139560460867e+00
-2.182938962429761709e+00
-2.185093676298856646e+00
-2.182976227253675461e+00
-2.188235112279653727e+00
-2.182464336603879840e+00
-2.180011137574910940e+00
-2.191772120445966809e+00
-2.194259040802717386e+00
-2.190925712138414472e+00
-2.183953765779733658e+00
-2.179129863530397504e+00
-2.176553466171026407e+00
-2.174433796852826895e+00
-2.186076145619153976e+00
-2.198190110176801770e+00
-2.209207489341497244e+00
-2.212510072439909159e+00
-2.220408382266759961e+00
-2.228408025950193494e+00
-2.219584643095731558e+00
-2.203415388613939374e+00
-2.197532201558351606e+00
-2.181013367325067343e+00
-2.181332065910100759e+00
-2.183773029595613480e+00
-2.177288911491632284e+00
-2.166215086728334516e+00
-2.170495141297578812e+00
-2.186828174442053019e+00
-2.199214912205934347e+00
-2.204645828157663523e+00
-2.193098974972963244e+00
-2.208169210702180862e+00
-2.215967155247926534e+00
-2.228062189370393575e+00
-2.231595198065042585e+00
-2.210192850977182211e+00
-2.199522706121206372e+00
-2.198221927136182696e+00
-2.206642550975084216e+00
-2.211028809100389569e+00
-2.214961508661508649e+00
-2.214140082150697797e+00
-2.222810392826795489e+00
-2.231864760071039289e+00
-2.230003906041383654e+00
-2.220051492005586713e+00
-2.211451754719019114e+00
-2.211953962594270795e+00
-2.214112363010644735e+00
-2.210642970353364767e+00
-2.218652328103780658e+00
-2.227417453378438772e+00
-2.231066482514143079e+00
-2.242427546530961990e+00
-2.242906398326158346e+00
-2.258745767921209513e+00
-2.263614172488451093e+00
-2.275507964938879191e+00
-2.263464685529470444e+00
-2.262128188461065115e+00
-2.259413336962461383e+00
-2.254135426133871078e+00
-2.260669525712728500e+00
-2.271325718611478806e+00
-2.284163942188024432e+00
-2.296584703773260294e+00
-2.305733879655599505e+00
-2.308709593862295240e+00
-2.312317346781492144e+00
-2.322654972225427716e+00
-2.326892123371362864e+00
-2.342117717862129300e+00
-2.335954786837100894e+00
-2.334586408734321772e+00
-2.336691811680793762e+00
-2.329482936859130771e+00
-2.315695068240165799e+00
-2.310052335262298584e+00
-2.318354710936546326e+00
-2.331069466471672236e+00
-2.341533541679382324e+00
-2.352159395813941956e+00
-2.365560039877891541e+00
-2.377346757054328741e+00
-2.385304936766624362e+00
-2.389284324645996271e+00
-2.389447899162769229e+00
-2.384335400164127261e+00
-2.376558831334114164e+00
-2.366103726625442327e+00
-2.356966975331306280e+00
-2.355769315361976535e+00
-2.339671915769577115e+00
-2.339595600962638855e+00
-2.347479718923568548e+00
-2.345515656471252264e+00
-2.349928429722786039e+00
-2.361468291282653897e+00
-2.389613032341003418e+00
-2.405676059424877167e+00
-2.414596229791641235e+00
-2.433722871541976751e+00
-2.444454126060009003e+00
-2.444012363255024134e+00
-2.441045589745044708e+00
-2.450416846573352903e+00
-2.462804938852786840e+00
-2.473678238689899445e+00
-2.483931230008602054e+00
-2.494387637078761877e+00
-2.514461208879947840e+00
