-6.051365852355957031e+00
-1.592748284339904785e+00
-1.426553408304850334e+00
-8.124830126762390137e-01
-4.998860597610473855e-01
-3.892021079858143939e-01
-4.234854323523385422e-01
-5.163221657276153564e-01
-5.033212569024827499e-01
-4.488711215555667988e-01
-4.020794122056527420e-01
-3.083200634767611636e-01
-2.325092903696573676e-01
-1.820954621902533821e-01
-1.998716339468956105e-01
-2.699324623681604862e-01
-2.763843084959423102e-01
-2.649742013050450096e-01
-2.893888993482840455e-01
-2.560148295015096664e-01
-2.145423772079604052e-01
-1.707538417117162310e-01
-2.064035168808439624e-01
-2.213762473935882158e-01
-2.083323070406913891e-01
-2.018096409738063812e-01
-2.335633224359265070e-01
-2.476886135659047417e-01
-1.803191702427535126e-01
-1.622905500233173259e-01
-1.661033974059166474e-01
-1.741578092332929373e-01
-1.835392033963492431e-01
-1.675419577342622535e-01
-1.501287926520619986e-01
-1.743733408964342479e-01
-2.338791785610688789e-01
-2.493021007823316704e-01
-2.118201857576003377e-01
-1.883109873160719872e-01
-2.040342534097229488e-01
-2.112489972440969310e-01
-2.172186532339384357e-01
-2.188587207347154617e-01
-2.148261313637097603e-01
-2.071601947688538059e-01
-1.911584346535357970e-01
-1.854968274322648936e-01
-1.888311248348683857e-01
-1.938090501725673598e-01
-1.861396412931236588e-01
-1.626097736163781282e-01
-1.715186973506549750e-01
-1.902690865099430084e-01
-2.052222212607210383e-01
-2.003015496635011383e-01
-1.871858399949575813e-01
-1.806891371720823758e-01
-1.820154373170965734e-01
-1.897602112342914038e-01
-1.861517496529172810e-01
-1.775790446948620482e-01
-1.547934113750382146e-01
-1.475963828852400184e-01
-1.469498683626835056e-01
-1.581878728713050075e-01
-1.849459991303842588e-01
-1.992218822021694646e-01
-2.035117951640184331e-01
-2.026887867067541371e-01
-1.938783416235950741e-01
-1.786176130796472139e-01
-1.703511744941750561e-01
-1.744973432977457439e-01
-1.730008517702420479e-01
-1.460175430892329540e-01
-1.262282654643058777e-01
-1.184461096731515978e-01
-1.335178186433224612e-01
-1.451023976318538133e-01
-7.770753009244799059e-02
-1.189763850532472161e-01
-1.066483006812632139e-01
-1.182820103131234646e-01
-1.355438536964356788e-01
-1.335333517752587684e-01
-1.158837585709989043e-01
-8.430192908272146624e-02
-7.631096011027693748e-02
-7.550846766680478772e-02
-8.104175161570310870e-02
-1.032065128907561358e-01
-1.249840443953871699e-01
-1.381198113784193882e-01
-1.340847911313176044e-01
-1.196555940434336635e-01
-1.182215107604861204e-01
-1.234907589852809878e-01
-1.160327963531017359e-01
-1.023448769003152820e-01
-1.042315043509006445e-01
-1.105101600289344760e-01
-1.095613382756710080e-01
-1.075573470443487167e-01
-1.092193009331822451e-01
-1.079563505947589847e-01
-1.134565375745296423e-01
-1.083054818212985937e-01
-1.278287118300795444e-01
-1.287501936778426281e-01
-1.171867871657013838e-01
-1.260368878021836392e-01
-1.277298120781779345e-01
-1.347455760464072172e-01
-1.339916886761784443e-01
-1.174665125086903628e-01
-9.035631418228148859e-02
-7.992898970842361728e-02
-8.239753544330596924e-02
-8.500062972307205478e-02
-7.390889087691902837e-02
-6.945581128820776939e-02
-7.377869179472326677e-02
-7.536625070497393608e-02
-7.101681148633361140e-02
-7.143477182835340777e-02
-7.532746344804763794e-02
-9.001730680465698520e-02
-8.689997941255570013e-02
-6.780105307698250372e-02
-7.901905067265033167e-02
-1.054000277072191238e-01
-1.179874565452337237e-01
-9.418811909854411801e-02
-5.545455627143382887e-02
-7.065063379704952795e-02
-9.040192626416683475e-02
-6.919118780642748157e-02
-5.294400434941053113e-02
-6.652252282947301865e-02
-4.914625808596610745e-02
-4.254109747707843919e-02
-1.112879905849695206e-01
-1.019422132521867752e-01
-8.585057742893695276e-02
-8.798299767076969702e-02
-8.609996475279331485e-02
-4.893855787813663344e-02
-1.102081611752510001e-02
-8.007896505296230663e-03
-3.987032901495694837e-02
-5.206360407173633853e-02
-5.781000722199678560e-02
-6.236525345593690872e-02
-7.201051693409681043e-02
-9.413726646453142444e-02
-1.059174055233597783e-01
-1.201845975592732430e-01
-1.033665271475911196e-01
-7.865321505814790171e-02
-5.483417231589556018e-02
-5.728768464177846909e-02
-6.977431140840054113e-02
-8.096102531999349594e-02
-7.829487454146147329e-02
-8.479490131139755249e-02
-9.770279861986637393e-02
-1.172715008258819608e-01
-1.218122907914221259e-01
-1.076169666834175531e-01
-8.997146831825375557e-02
-7.867578668519854823e-02
-7.912526680156588277e-02
-7.746174177154899199e-02
-7.371684247627854902e-02
-7.448610467836261351e-02
-7.945078006014227867e-02
-8.375541372224688808e-02
-7.974652005359531004e-02
-9.317325828596949300e-02
-9.026349922642111501e-02
-8.875893158838152330e-02
-9.171524597331881523e-02
-8.981899237260222713e-02
-8.926883144304156859e-02
-8.823822634294628542e-02
-7.656448977068067152e-02
-8.856787877157330791e-02
-1.069999820552766379e-01
-1.098513248376548346e-01
-1.038896861486136858e-01
-9.930287702009081563e-02
-9.878586856648326198e-02
-9.931752877309918404e-02
-1.018708397634327384e-01
-1.026322043500840636e-01
-1.002595000900328159e-01
-9.653512770310043734e-02
-1.000346281565725748e-01
-9.676070073619484624e-02
-9.682749453932046335e-02
-1.039866801351308767e-01
-1.065763000398874255e-01
-1.036053169518709183e-01
-9.851723015308380682e-02
-9.663192154839635173e-02
-9.910598145797848424e-02
-8.937756093218922337e-02
-8.951080413535236757e-02
-1.031611027196049635e-01
-9.069823492318392077e-02
-9.865628648549318314e-02
-8.911979366093873700e-02
-1.103880213573575075e-01
-1.407002249732613453e-01
-1.244881922379136030e-01
-1.091572638601064626e-01
-1.272178333252668436e-01
-1.426655123010277804e-01
-1.174544198438525200e-01
-1.257359063252806719e-01
-1.272224066779017448e-01
-9.136658292263746817e-02
-1.189482016488909721e-01
-1.369344292208552472e-01
-1.306899255141615868e-01
-1.078487752005457823e-01
-1.285736784338951111e-01
-1.560349911451339722e-01
-1.509713249281048886e-01
-1.249168522655963870e-01
-1.370571540668606703e-01
-1.417026028037071117e-01
-1.342023927718400955e-01
-1.230813443660736112e-01
-1.328396838158369120e-01
-1.233160380274057333e-01
-1.049789588898420306e-01
-1.131427753716707230e-01
-1.340011689811944906e-01
-1.504626352339983042e-01
-1.433918574824929182e-01
-1.420805880799889676e-01
-1.470213437452912442e-01
-1.360611999407410622e-01
-1.192063912749290466e-01
-1.171162081882357597e-01
-1.297091023996472248e-01
-1.366484642960131279e-01
-1.474743493832647856e-01
-1.583627992309629973e-01
-1.608504495583474581e-01
-1.462304524146020301e-01
-1.372609551064670197e-01
-1.340857510454952772e-01
-1.375098831020295509e-01
-1.394191465340554603e-01
-1.303751102648675331e-01
-1.233903369866311550e-01
-1.238242342136800234e-01
-1.364657971076667364e-01
-1.421683541499078329e-01
-1.202642797492444460e-01
-1.275182104669511374e-01
-1.449897062964737304e-01
-1.349153586663305870e-01
-1.146411337889730875e-01
-9.494393700733780306e-02
-8.011230947449803075e-02
-5.540828267112374306e-02
-5.151568213477730751e-02
-6.657598251476884443e-02
-4.922253647819161554e-02
-4.916729880496859689e-02
-7.775074942037463188e-02
-5.200824970379471640e-02
-8.296696031466126164e-02
-5.197916412726044655e-02
-4.826540583744644980e-02
-9.473414355888962191e-02
-9.981795763596892912e-02
-7.623588209971784990e-02
-7.973582809790968895e-02
-7.543928055092692653e-02
-6.838157502934336107e-02
-6.855641352012753487e-02
-6.834815805777907927e-02
-4.166046073660254617e-02
-8.234768090769647997e-02
-8.798172306269406995e-02
-7.054421138018369952e-02
-6.727128159254788797e-02
-6.691026370972394388e-02
-4.106585215777158737e-02
-2.033549156039953301e-02
-3.833636101335287372e-02
-4.596667736768722534e-02
-4.933562465012073656e-02
-6.285960432142019549e-02
-4.306128341704607010e-02
-8.907893691211939136e-02
-8.659646976739168722e-02
-4.403464961796998978e-02
-1.614794749766588350e-02
-4.847025144845247546e-02
-2.655244711786508560e-02
-2.540929634124040534e-02
-4.637131094932556152e-02
-3.854621723294258256e-02
-7.690987512469291132e-02
-5.947475153952837268e-02
-4.636227469891309599e-02
-4.773311410099267960e-02
-4.652642104774713794e-02
-4.670078633353114128e-02
-2.898412598297000001e-02
-3.256488321349024911e-02
-4.824302745983004292e-02
-4.312936356291174889e-02
-3.423104332759976248e-02
-5.150193618610501151e-02
-6.428656717762351591e-02
-4.737752666696905951e-02
-3.663213094696402689e-02
-5.357558196410536905e-02
-7.840222259983420372e-02
-7.134147556498646181e-02
-6.821538778021932203e-02
-7.764150397852062624e-02
-9.372673081234098036e-02
-9.750948948785662096e-02
-8.640269106253981035e-02
-8.446585787460207662e-02
-7.996488092467188280e-02
-8.389426898211241324e-02
-6.891258191317320425e-02
-6.666311677545308512e-02
-7.933517079800367355e-02
-9.675250779837370196e-02
-1.037229342386126463e-01
-9.792156442999840060e-02
-9.178330935537815094e-02
-8.909928537905216495e-02
-6.488122157752514163e-02
-4.852305464446544925e-02
-6.774662025272845667e-02
-9.329341985285281857e-02
-9.912780467420816144e-02
-9.858058597892523089e-02
-1.204040860757231712e-01
-1.306801145896315519e-01
-8.021412398666143140e-02
-9.064523782581090927e-02
-9.050470199435949048e-02
-6.930699329823256094e-02
-1.001396277919411604e-01
-7.014883030205965042e-02
-1.211627842858433723e-01
-1.304526982828974613e-01
-7.928834091871976575e-02
-7.450273726135492325e-02
-9.475292246788739881e-02
-8.396716546267271597e-02
-8.372123409062623423e-02
-9.423501584678888043e-02
-1.008811444044113159e-01
-1.007929533720016424e-01
-1.283022452145815007e-01
-8.642515130341052454e-02
-7.860958259552716654e-02
-1.047423521056771306e-01
-9.232539255172014792e-02
-8.098106421530246180e-02
-9.142027609050273895e-02
-1.046713721007108688e-01
-9.442778937518596372e-02
-8.640861995518207828e-02
-9.073528237640857141e-02
-6.597257144749164859e-02
-1.023961830884218271e-01
-8.451738394796848297e-02
-1.104022670537233297e-01
-1.174454260617494583e-01
-1.110765848308801623e-01
-9.366892017424106875e-02
-1.103093300014734296e-01
-7.969279028475284576e-02
-5.921809859573841373e-02
-1.100976075977087021e-01
-6.934478916227818091e-02
-1.094824332743883077e-01
-1.255905665457248688e-01
-9.527101293206215182e-02
-9.846452958881854456e-02
-1.416524148546159378e-01
-1.210286899469792815e-01
-1.009938425384461907e-01
-1.107687889598309994e-01
-1.206464874558150768e-01
-1.060305234976112870e-01
-1.198954221792519065e-01
-1.088044633157551344e-01
-8.927869843319058418e-02
-9.072570325806736391e-02
-9.375617923215032179e-02
-5.016105370596050939e-02
-5.279210777953267236e-02
-4.292291356250643730e-02
-5.539446603506803513e-03
-1.045801369473338058e-02
-3.221630128100514551e-02
-2.975875483825802734e-02
-2.076069647446274896e-02
-5.602053860202431401e-02
-6.747531723231077472e-02
-4.249102454632520953e-02
-2.776303421705961227e-02
-2.335678320378065109e-02
-2.098823767155408998e-02
-2.765831109136342864e-02
-3.103205300867557456e-02
-3.992233462631702284e-02
-5.691140256822109500e-02
-7.126229293644428808e-02
-6.071625314652919631e-02
-4.055968187749385556e-02
-2.192136235535144945e-02
-1.638511735945940087e-02
-3.459699321538210054e-02
-3.955769147723912915e-02
-4.148743022233247757e-02
-7.166213523596524915e-02
-7.898140680044889173e-02
-8.231702279299497882e-02
-7.706440687179565152e-02
-6.568774767220020294e-02
-6.253471840173005503e-02
-5.311374459415674210e-02
-5.961076896637677869e-02
-7.422735672444105703e-02
-6.677400860935449323e-02
-5.802776701748370985e-02
-5.568634197115897994e-02
-6.256282702088356018e-02
-6.399989537894726355e-02
-6.435698047280311029e-02
-7.677853517234325964e-02
-8.929806724190711420e-02
-9.548996314406395236e-02
-9.679434783756732386e-02
-9.368299189954995554e-02
-8.716962411999702731e-02
-8.758500283583998958e-02
-7.990083387121557634e-02
-8.964970996603369158e-02
-9.280295288190246183e-02
-1.157278376631438732e-01
-1.315827800892293564e-01
-1.389676769264042433e-01
-1.199325327761471272e-01
-9.864513566717506010e-02
-9.256193479523062984e-02
-9.912148555740714351e-02
-9.214323898777365685e-02
-6.978683387860655507e-02
-8.365948563441634456e-02
-1.247489242814481258e-01
-1.354911006055772305e-01
-1.031085803173482363e-01
-1.235257259570062133e-01
-1.066349311731755733e-01
-9.253997644409536760e-02
-1.165428414009511415e-01
-1.086302879266440868e-01
-5.370445949956774434e-02
-9.355639992281794548e-02
-1.367394435219466686e-01
-1.282428200356662273e-01
-1.160786960506811766e-01
-1.313050678232684787e-01
-1.068757763365283664e-01
-1.056056324625387760e-01
-1.225104000652208897e-01
-1.087545801186934058e-01
-8.775356898549943607e-02
-1.290115487063303590e-01
-1.360959362471476086e-01
-1.344097973080352060e-01
-1.564314748393371701e-01
-1.487691673683002591e-01
-1.298071558820083626e-01
-1.344403217779472359e-01
-1.295140209840610623e-01
-8.882180929649621803e-02
-8.118287634570151012e-02
-1.259164178045466542e-01
-1.386129354359582067e-01
-1.276374557288363631e-01
-1.165898245992138954e-01
-1.057334986748173777e-01
-9.926756892818958122e-02
-1.037516677053645225e-01
-9.345987711567431411e-02
-9.271544220391661484e-02
-9.472882526461035013e-02
-9.489652293268591166e-02
-1.064159155124798362e-01
-1.185894359136000220e-01
-1.059377882862463649e-01
-1.071064349496737150e-01
-1.029563576215878073e-01
-9.709991032723337689e-02
-9.515132645610720197e-02
-8.918967582285404483e-02
-8.530713263899088183e-02
-8.940699230879545212e-02
-1.094077296555042295e-01
-1.188315719366073581e-01
-1.128499057143926565e-01
-1.044036727398633957e-01
-1.014545474201440783e-01
-1.136529525741934721e-01
-1.176232026889920262e-01
-9.115013983100653250e-02
-6.450250092893838882e-02
-8.990268055349588672e-02
-1.044708641245961217e-01
-6.745699662715196054e-02
-7.774249780923128683e-02
-7.622108198702334803e-02
-6.160822678357362470e-02
-8.489098660647868833e-02
-1.067990790121257361e-01
-8.354207826778292656e-02
-6.901217130944133082e-02
-8.457979215309023580e-02
-1.032155971042811871e-01
-7.952567441388964931e-02
-7.389053003862500191e-02
-9.234088258817792216e-02
-1.031954790465533789e-01
-7.749980790540575426e-02
-7.936212448403238973e-02
-1.116046468727290575e-01
-1.169980754144489821e-01
-7.934256689622998238e-02
-8.196069123223423403e-02
-1.069268067367374897e-01
-9.949268586933612823e-02
-7.628943137824535647e-02
-9.379661716520786008e-02
-1.070681769400834982e-01
-8.604315407574177066e-02
-8.302288688719272614e-02
-9.828891232609748840e-02
-9.502631723880768100e-02
-9.088203161954880316e-02
-8.705727532505988520e-02
-8.560096442233770808e-02
-8.126244980376214067e-02
-7.596923622768372852e-02
-7.711191389244050065e-02
-8.319376490544527769e-02
-8.174049861263484040e-02
-7.734662450384348353e-02
-7.464389137458056489e-02
-8.124532334040850123e-02
-8.106342188548296135e-02
-7.009691211860627491e-02
-5.928736242931335887e-02
-6.336805436294526417e-02
-6.852634425740689039e-02
-7.681099053006619493e-02
-8.761592383962124586e-02
-9.360691651236266453e-02
-9.373428269755094966e-02
-9.307339198421686610e-02
-9.296659452375025112e-02
-9.248533321078866720e-02
-9.352693788241595030e-02
-9.920783180277795155e-02
-1.010389460949227269e-01
-1.065536315320059629e-01
-9.817305204924195450e-02
-1.117775223916396554e-01
-1.316869109636172597e-01
-1.335730284219607822e-01
-1.223812088137492537e-01
-1.197412118082866045e-01
-1.197136625414714217e-01
-1.278588568558916561e-01
-1.329641675343737062e-01
-1.263217029860243257e-01
-1.337644508108496721e-01
-1.537193929776549395e-01
-1.723426895216107479e-01
-1.598842242732644026e-01
-1.423727995716035366e-01
-1.419096044264733791e-01
-1.530648433603346292e-01
-1.680345271714031585e-01
-1.542127960361540373e-01
-1.367507860995829105e-01
-1.588482809718698152e-01
-2.061702249106019680e-01
-1.961317626293748728e-01
-1.803613578435033504e-01
-2.039864075835794155e-01
-1.879971298854798134e-01
-1.891674207057803814e-01
-2.094307170715183075e-01
-1.794069947209209204e-01
-1.453401976730674394e-01
-1.655528911855071728e-01
-1.762702080886811018e-01
-1.630973729770630598e-01
-1.379392105620354525e-01
-1.496335383038967792e-01
-1.595094434451311827e-01
-1.499321875628084055e-01
-1.442959149833768495e-01
-1.620319047477096208e-01
-1.438622431363910381e-01
-1.263940201606601477e-01
-1.228332645725458833e-01
-1.485446817707270495e-01
-1.391222456004470587e-01
-1.035140746738761608e-01
-1.052179478574544191e-01
-1.215658687520772274e-01
-1.039488554466515835e-01
-9.229927291162312586e-02
-1.227142781484872047e-01
-1.265631702262908220e-01
-1.219921622890978996e-01
-1.166651305276900502e-01
-1.198780876118689803e-01
-1.295615908224135582e-01
-1.288862226996570770e-01
-1.231862748507410316e-01
-1.127589473966509048e-01
-1.177071374375373153e-01
-1.250112968031316940e-01
-1.268822143319994211e-01
-1.209896052721887855e-01
-1.110039538238197510e-01
-1.028010603506118031e-01
-1.163042509462684365e-01
-1.360035696532577165e-01
-1.379105244297534338e-01
-1.210343871731311138e-01
-1.144073382485657903e-01
-1.231362032704055309e-01
-1.439266356639564148e-01
-1.362813840620219763e-01
-1.123617696575820446e-01
-1.166259321384131853e-01
-1.337978474795818440e-01
-1.635781679302454050e-01
-1.393258701078593786e-01
-1.293563955463468973e-01
-1.429700472392141930e-01
-1.305913039483130034e-01
-1.162375458516180515e-01
-1.167421386577189024e-01
-1.426374428905546610e-01
-1.188009389676153715e-01
-1.455400974489748367e-01
-1.551435411907732542e-01
-1.311620761640369948e-01
-1.311448997817933615e-01
-1.728100686334073655e-01
-1.591408274136483780e-01
-1.306745550595223848e-01
-1.009270257316529779e-01
-9.364663055166602690e-02
-1.252119398675858863e-01
-1.251928681507706587e-01
-1.160086138173937742e-01
-1.351589020341634750e-01
-1.411916382610797771e-01
-1.297524709254503361e-01
-1.206421788781881360e-01
-1.219820573460310698e-01
-1.131735853385180263e-01
-4.456506888382136961e-02
-4.551262403838336745e-02
-8.414129386655985754e-02
-7.946477173827588836e-02
-7.164608198218047619e-02
-8.884872603230178911e-02
-1.103800545912236031e-01
-1.102236870210617781e-01
-1.265989142935723122e-01
-1.306858906056732050e-01
-1.020382219459861489e-01
-9.089386439882218838e-02
-9.967292151413857659e-02
-1.004264400806278018e-01
-9.745682920329272469e-02
-9.382930803112685125e-02
-1.038419693242758485e-01
-1.376008834224194399e-01
-1.456172346603125389e-01
-1.368717140983790048e-01
-1.101323522161692381e-01
-1.095302912872284651e-01
-1.209095697384327678e-01
-1.426975627895444576e-01
-1.181655270513147088e-01
-1.077412602957338039e-01
-1.366879065986722763e-01
-1.130381790455430718e-01
-9.294568500481545370e-02
-1.051202015485614566e-01
-1.009264586027711630e-01
-7.207314497791231234e-02
-5.547208241187036315e-02
-7.864583185873925963e-02
-9.095816439948975485e-02
-8.661543554626405239e-02
-7.238692841492593011e-02
-6.590110859833657464e-02
-7.314990288577974398e-02
-8.769400394521653652e-02
-8.599809124134480398e-02
-7.357758688740431707e-02
-6.142057455144822598e-02
-6.566040418110788424e-02
-8.146446519531309882e-02
-1.046842793468385907e-01
-1.119261242914944832e-01
-1.067515218630433055e-01
-8.441718574613332748e-02
-9.095604699105024060e-02
-1.097890028730034856e-01
-9.704360272735357285e-02
-7.979110609740018567e-02
-5.740526523441076556e-02
-9.204081352800130844e-02
-1.126112310215830747e-01
-1.016337512060999926e-01
-1.117494773119687979e-01
-1.289601016789674870e-01
-1.193057637661695536e-01
-9.442351795732975561e-02
-1.034373316913843183e-01
-6.424432285130024511e-02
-5.056015399750322242e-02
-8.918993023689836264e-02
-1.073896296089515145e-01
-6.873814610298722982e-02
-8.844703657086938620e-02
-1.078192358603700940e-01
-1.261678447714075502e-01
-1.168001690646633534e-01
-7.591489085461944342e-02
-6.797853910829872170e-02
-8.949047976639121216e-02
-8.206981176044791937e-02
-7.200114910956471881e-02
-8.743744285311549902e-02
-1.075722152134403614e-01
-9.835190640296787024e-02
-7.861413003411144018e-02
-1.149228924652561518e-01
-1.072776371380314286e-01
-6.687803433742374459e-02
-7.636918665375561077e-02
-8.721100406255573312e-02
-6.360371035989373367e-02
-6.279080582316964865e-02
-7.706686311867087802e-02
-6.136182898189872226e-02
-4.127696135547011952e-02
-5.884178802371024808e-02
-6.720556952059268674e-02
-5.425674356520175656e-02
-4.503657333552837233e-02
-4.332297705113887648e-02
-4.494651630520820479e-02
-4.215866178274154524e-02
-3.253944478929042539e-02
-3.667584508657455167e-02
-4.767111486289650479e-02
-8.004146909806877930e-02
-8.147989569697529355e-02
-6.402800439391284626e-02
-4.834154157433658699e-02
-7.460159568581729850e-02
-8.736518828663975000e-02
-5.919123312924057245e-02
-7.661453133914619684e-02
-1.199644321808591430e-01
-1.162366645643487517e-01
-1.089421337703242870e-01
-1.144071450689807534e-01
-1.272682456532493178e-01
-1.043200394371524425e-01
-6.714086963329464475e-02
-1.164456119993701605e-01
-1.321464052656665389e-01
-1.140293112257495522e-01
-1.494834957877174131e-01
-1.201210363069549203e-01
-1.583112953463569339e-01
-1.621245069662108906e-01
-1.318207871401682607e-01
-1.199683051789179472e-01
-1.464186262572184094e-01
-1.234944042051211027e-01
-1.340741357067599948e-01
-1.359699493506923429e-01
-1.363150531658902653e-01
-1.295432711252942626e-01
-1.153752362588420510e-01
-1.142169164726510588e-01
-1.277048500487580895e-01
-1.373257668921724073e-01
-1.319724636385217198e-01
-1.305432508001103942e-01
-1.251363562652841321e-01
-1.298645016038790234e-01
-1.343430299544706996e-01
-1.228760820114985081e-01
-1.216202754760161014e-01
-1.405071955407038442e-01
-1.623402107739821132e-01
-1.637693253811448868e-01
-1.496313789393752813e-01
-1.406430424656718858e-01
-1.433098235633224193e-01
-1.264234268572181352e-01
-1.200449566822499037e-01
-1.097527268808335121e-01
-1.251168630551546812e-01
-1.370223912876099293e-01
-1.451302757952362410e-01
-1.390256254468113239e-01
-1.323941475246101507e-01
-1.428169131744652931e-01
-1.515544141177088133e-01
-1.407615880016237497e-01
-1.484012734610587469e-01
-1.654412288684397880e-01
-1.859722581226378735e-01
-1.857439835090190228e-01
-1.764291894156485851e-01
-1.709989857627078891e-01
-1.740283322287723422e-01
-1.652249573497101554e-01
-1.533382533816620708e-01
-1.535151474876329247e-01
-1.797808610601350776e-01
-2.062987961573526374e-01
-2.043476809281855877e-01
-1.932783753145486116e-01
-2.052497163880616371e-01
-2.116107311565428861e-01
-2.106417760718613807e-01
-2.146040745545178541e-01
-2.151950657833367475e-01
-2.338281162548810355e-01
-2.485794641543179750e-01
-2.508901164168492182e-01
-2.344830885762348716e-01
-2.365506688365712762e-01
-2.436524912947788946e-01
-2.361314550274982993e-01
-2.254393052542582043e-01
-2.293111246312037055e-01
-2.437513441080227383e-01
-2.522748060757294408e-01
-2.344060242408886607e-01
-2.290329355979338344e-01
-2.344646219396963605e-01
-2.469137206906452664e-01
-2.276861563557758816e-01
-2.143514000112190787e-01
-2.484869953477755189e-01
-2.211213361704721936e-01
-2.261332523310556897e-01
-2.469209958100691549e-01
-2.120331024983897750e-01
-2.382313942769542225e-01
-2.079695707419887130e-01
-2.076290054479613956e-01
-2.252767523983493503e-01
-2.150041958549991361e-01
-1.806528559187427219e-01
-1.962855940917506703e-01
-1.836102731758728623e-01
-1.855021948227658923e-01
-1.917115899035707061e-01
-2.020320127019658574e-01
-2.217175113270059283e-01
-2.252379732439294402e-01
-2.001840511569753234e-01
-1.925693413475528248e-01
-1.953257551649585366e-01
-1.847282074159011245e-01
-1.735930017894133925e-01
-1.617800928419455830e-01
-1.665483802324160822e-01
-1.906836248701438419e-01
-1.758126348024234287e-01
-1.510656393831595889e-01
-1.472506657009944320e-01
-1.572136650560423676e-01
-1.661534956423565690e-01
-1.603661386994645055e-01
-1.520284129073843360e-01
-1.665141548728570342e-01
-1.749912054510787129e-01
-1.897383668692782521e-01
-1.846208089264109731e-01
-1.741547716083005071e-01
-1.814032251248136052e-01
-1.928073289105668719e-01
-1.965758720645681135e-01
-1.829831563169136699e-01
-1.652109153801575303e-01
-1.720285341376438792e-01
-1.682411520043388120e-01
-1.529185576597228702e-01
-1.332638455787673593e-01
-1.194833813467994360e-01
-1.666124774375930540e-01
-1.686278026551008280e-01
-1.458536501973867472e-01
-1.899618644267320744e-01
-1.801806170493364390e-01
-1.696750979870557674e-01
-1.967705558985471670e-01
-1.665141057223081533e-01
-1.499504780396819226e-01
-1.593861961737275124e-01
-1.864737207069993019e-01
-1.864758884999901112e-01
-1.810010044369846638e-01
-1.843795603606849798e-01
-1.993294207844883148e-01
-1.815947859082371052e-01
-1.270771174225956146e-01
-1.226477185729891034e-01
-1.403101729694753996e-01
-1.311917169485241064e-01
-1.385747753549367300e-01
-1.712240033317357357e-01
-1.847464588005095776e-01
-1.551782314199954271e-01
-1.540768791455775499e-01
-1.563123930711299292e-01
-1.359771412331610974e-01
-1.222552404273301307e-01
-1.239234216976910774e-01
-1.399108674842864386e-01
-1.612588648218661602e-01
-1.801027317065745648e-01
-1.814930666703730711e-01
-1.820682157296687476e-01
-1.840418521780520789e-01
-1.843829747755080517e-01
-1.661915729288011845e-01
-1.649059864226728733e-01
-1.666569294873624929e-01
-1.907526823226362578e-01
-2.137695083860307876e-01
-2.129981013480573837e-01
-2.013559492770582438e-01
-2.002174357417970951e-01
-2.103476472664624342e-01
-2.119083559606224354e-01
-2.053397140000015608e-01
-1.923883107025176342e-01
-1.867604002822190468e-01
-1.937295403797179572e-01
-2.125387020874768551e-01
-2.115580836776644047e-01
-2.012608344200998434e-01
-2.062568933703005369e-01
-2.144139473326504286e-01
-2.243850550614297501e-01
-2.206093348562717382e-01
-2.128656547516584452e-01
-2.296028215438127573e-01
-2.601326588541269524e-01
-2.603277396410703659e-01
-2.437567539513111059e-01
-2.296540761366486494e-01
-2.294932806864380948e-01
-2.220891485922038555e-01
-2.207222414202988092e-01
-2.288988358806818835e-01
-2.428308479022234789e-01
-2.575830839108675940e-01
-2.726741555612534063e-01
-2.669752138666808827e-01
-2.458284283988177721e-01
-2.266990187577903326e-01
-2.253510222770273574e-01
-2.316054203547537327e-01
-2.230548934079706613e-01
-2.276527036912739388e-01
-2.560998735018074624e-01
-2.850966234691441059e-01
-3.032280263490975125e-01
-2.666576595045626052e-01
-2.741152795962989441e-01
-2.968698075972497352e-01
-2.684985159896314255e-01
-2.693697175942361133e-01
-2.671230620704591052e-01
-2.363141483627259620e-01
-2.691967896185815112e-01
-2.988333902321755886e-01
-2.927701677195727603e-01
-2.537329043261706829e-01
-2.590897182468324678e-01
-2.757315407041460165e-01
-2.674869768787175306e-01
-2.208010502625256666e-01
-2.278899360913783367e-01
-2.796184186358005030e-01
-2.861042930278926977e-01
-2.764755220618099196e-01
-2.817607303615659586e-01
-2.811514524277299865e-01
-2.547027797903865798e-01
-2.558612809982150904e-01
-2.595388965215533750e-01
-2.358546485658735148e-01
-2.272002772893756684e-01
-2.599632950033992640e-01
-2.723157030995935202e-01
-2.711321958806365839e-01
-2.557140543591230886e-01
-2.569154709111899360e-01
-2.614558413159102090e-01
-2.623319474514573812e-01
-2.471583088394254391e-01
-2.264942245092242956e-01
-2.240997628774493988e-01
-2.543245324399322493e-01
-2.701268525328487380e-01
-2.678854066412895696e-01
-2.444014757405966465e-01
-2.263027570676058586e-01
-2.413514449726790190e-01
-2.611896842252462991e-01
-2.521317231934517844e-01
-2.525478627067059278e-01
-2.730504117440432088e-01
-2.984337090980261342e-01
-3.092596487607807143e-01
-2.940387298818677442e-01
-2.842115705367177503e-01
-2.849588835146278365e-01
-2.942774343769997136e-01
-2.987375551369041426e-01
-2.760076434817165247e-01
-2.726871985476463922e-01
-3.120303520467132552e-01
-3.062233109492808469e-01
-3.063062107656150945e-01
-3.331640279386192671e-01
-3.054174123797565588e-01
-2.887358224485069291e-01
-2.981197381857782491e-01
-3.340033784974366649e-01
-3.005515650380402581e-01
-3.123444207478314749e-01
-3.134549379814416392e-01
-3.149610065389424340e-01
-3.082449131179600954e-01
-2.847665699664503336e-01
-2.672800651285797136e-01
-2.725770830176770798e-01
-2.800464688800275437e-01
-2.755727379582822434e-01
-2.668754811398684756e-01
-2.700628229649737477e-01
-2.966512629063799977e-01
-3.069181231083348282e-01
-2.946740255923941953e-01
-2.860196830006316304e-01
-2.913936899276450276e-01
-2.939520051004365087e-01
-2.773073864402249566e-01
-2.596893259556963818e-01
-2.563451112480834015e-01
-2.735938878031447530e-01
-2.916342356475070119e-01
-2.825214684242382535e-01
-2.618513372028246633e-01
-2.639202278340235241e-01
-2.652316466206684487e-01
-2.404256448382511846e-01
-2.155551545554771908e-01
-2.168492712313309367e-01
-2.345223004231229424e-01
-2.597588026197626965e-01
-2.478132580639794413e-01
-2.391042323084548171e-01
-2.465052464278414956e-01
-2.526626063743606099e-01
-2.593841666588559969e-01
-2.577974701533093937e-01
-2.601767463842407091e-01
-2.581752961734309904e-01
-2.714150558458641171e-01
-2.738984416471794137e-01
-2.660386936040595174e-01
-2.409826607676222865e-01
-2.493698981823399552e-01
-2.538625238696113340e-01
-2.514579154783859738e-01
-2.469001487130299266e-01
-2.585637763375416287e-01
-2.608291553566232102e-01
-2.611205497989431135e-01
-2.699361307779327146e-01
-2.837645350256934873e-01
-2.711899251909926645e-01
-2.647668429883197061e-01
-2.673012404935434239e-01
-2.875461328076198697e-01
-3.160238336073234455e-01
-3.221091713057830930e-01
-3.080576156498864293e-01
-3.042319388361647836e-01
-2.855056555243208893e-01
-2.662107170792296640e-01
-2.378176034661009797e-01
-2.196241700323298685e-01
-2.426932812901213821e-01
-2.642802861751988308e-01
-2.695280720712617262e-01
-2.600126913981511967e-01
-2.586425015935674421e-01
-2.805359551915899141e-01
-2.707985151791945100e-01
-2.178281624102965108e-01
-2.134503215784206986e-01
-2.168086877325549611e-01
-1.953070139745250455e-01
-2.167289553442969807e-01
-2.334338370943442043e-01
-2.334875013912096620e-01
-1.946084812516346574e-01
-2.256266728276386802e-01
-2.030750267440453172e-01
-2.007659770781174413e-01
-2.021928616100922282e-01
-1.982478477293625474e-01
-2.001841412158683053e-01
-2.095524882199242822e-01
-2.203906853916123565e-01
-2.319899943890049998e-01
-2.422218538122251630e-01
-2.464217453496530541e-01
-2.428164825774729307e-01
-2.330026329495012705e-01
-2.331551098264753874e-01
-2.308045138604938873e-01
-2.182497275061905384e-01
-2.063336764462292139e-01
-2.037327528931200393e-01
-2.085609809495508615e-01
-2.190175467170774881e-01
-2.085115113295614719e-01
-2.025059820152819157e-01
-2.022029818035662174e-01
-2.140671232715249117e-01
-2.197579494677484035e-01
-2.076122673228383009e-01
-2.020068394020199665e-01
-2.328301796689629666e-01
-2.689696798101067765e-01
-2.526503572240471618e-01
-2.329636570066213608e-01
-2.427344766445457824e-01
-2.739471499808132648e-01
-2.817191765643656254e-01
-2.571176008321344741e-01
-2.448603526689112075e-01
-2.263711743988096603e-01
-2.306993954814970382e-01
-2.285504941828548908e-01
-1.760359165258705560e-01
-2.191273652017116658e-01
-2.332790400832891464e-01
-2.282735334709286579e-01
-2.384752012789249365e-01
-2.579368591308593972e-01
-2.393882471136748735e-01
-2.309336910955607780e-01
-2.436156298033892997e-01
-1.889973620884120575e-01
-1.909371784888208023e-01
-2.198237723670899979e-01
-2.212796623818576447e-01
-2.089741718955338001e-01
-2.252585368230938800e-01
-2.245946431532502285e-01
-2.092436464503407423e-01
-1.972339989617467038e-01
-1.786457298323512188e-01
-1.445570303127169665e-01
-1.431332707405090221e-01
-1.646222107112407795e-01
-1.882512919604778234e-01
-1.952540218830108587e-01
-2.052443446591496468e-01
-2.146084962412714847e-01
-2.090499227866530474e-01
-1.936327617615461461e-01
-1.800884898751974050e-01
-1.748142184689641110e-01
-1.752310701645910795e-01
-1.923379682935774382e-01
-2.155300871469080504e-01
-2.310884364880621544e-01
-2.450862423516809996e-01
-2.455639098770916462e-01
-2.461050053127110115e-01
-2.443761189468204864e-01
-2.295850246213376467e-01
-2.100569120608270224e-01
-2.153941833414137474e-01
-2.253464945591986124e-01
-2.573984497226774470e-01
-2.593878201209008916e-01
-2.451977486722171362e-01
-2.350255324505269583e-01
-2.452566172927617971e-01
-2.544295225292444451e-01
-2.450892906635999680e-01
-2.288010045886039734e-01
-2.321644993498921394e-01
-2.573423469439148903e-01
-2.665732959285378456e-01
-2.652421137318015099e-01
-2.553834884427487739e-01
-2.464564043097197954e-01
-2.530089280568063037e-01
-2.592316380701958911e-01
-2.492589692585170380e-01
-2.407684194855392035e-01
-2.367550211958587281e-01
-2.566710370592772961e-01
-2.720895442180335522e-01
-2.668299253098666557e-01
-2.506933181546628364e-01
-2.508614091202616692e-01
-2.634606721810996421e-01
-2.720390017144381778e-01
-2.580199467949569336e-01
-2.339434246532618999e-01
-2.508834335021674633e-01
-2.669857488013803737e-01
-2.628431946970522515e-01
-2.422739434055984076e-01
-2.311645834706723690e-01
-2.396103302948176805e-01
-2.459072417579591385e-01
-2.504657658748328797e-01
-2.306934828869998400e-01
-2.145281299017369747e-01
-2.600662081502377876e-01
-2.331581785343587454e-01
-2.352275527082383633e-01
-2.477116393856704235e-01
-2.534732398577034251e-01
-2.284001142717898003e-01
-2.501134281046688557e-01
-2.674915839917957894e-01
-2.427610595710575636e-01
-2.667925630696117989e-01
-2.621521831490099541e-01
-2.489730664528906345e-01
-2.604364951141178719e-01
-2.603445212356746419e-01
-2.470860621891915743e-01
-2.570720105431973934e-01
-2.782294920645654313e-01
-2.780167478136718051e-01
-2.611221185885369556e-01
-2.661906904540956020e-01
-2.757223594002425893e-01
-2.710810023359954135e-01
-2.578227772377431615e-01
-2.552923607639968617e-01
-2.638655603863299115e-01
-2.827372592873871326e-01
-2.737471043132245763e-01
-2.683927656151354202e-01
-2.556037866510451062e-01
-2.532605660147965176e-01
-2.731275391764939053e-01
-2.632554617710411438e-01
-2.479855507612228338e-01
-2.434268986806273349e-01
-2.427657403051853291e-01
-2.488568365573883001e-01
-2.411120839416980854e-01
-2.341234488412737846e-01
-2.442411242052912601e-01
-2.592175781726837047e-01
-2.621183155104517826e-01
-2.667481822893023602e-01
-2.655815197154879348e-01
-2.645188651978969685e-01
-2.645954774692654832e-01
-2.645400361157953517e-01
-2.637981222011148708e-01
-2.664438203908502945e-01
-2.671144493855536206e-01
-2.733874694444239362e-01
-2.775346246547997220e-01
-2.808180731721222623e-01
-2.997679744847118744e-01
-2.947617761790752300e-01
-2.729687458835542424e-01
-2.683056469075381645e-01
-3.096408053301274999e-01
-2.995170156471431144e-01
-2.716114955954253563e-01
-2.561162280850112216e-01
-2.948512236587703117e-01
-3.197549755685031303e-01
-3.042552954517304675e-01
-2.837963557802140602e-01
-3.339722546748816745e-01
-3.446466120891272800e-01
-3.188707123510539643e-01
-2.987337763421237247e-01
-3.180847759358584881e-01
-3.641731831245124118e-01
-3.329424659721553215e-01
-2.903825636021792889e-01
-2.997645194642245547e-01
-3.299901180900633446e-01
-3.398679886944592221e-01
-3.458008027635514625e-01
-3.673178817145526520e-01
-3.961395329795777687e-01
-4.125979757867753728e-01
-4.163637517951429001e-01
-3.991600318811833747e-01
-3.903848513029515854e-01
-3.939475118182599322e-01
-3.861006385646760242e-01
-3.501555657945573108e-01
-3.470990223810076492e-01
-3.688766116276383511e-01
-4.003441395238042100e-01
-4.180988149717450031e-01
-4.146381558850407711e-01
-4.200626505538821442e-01
-4.377331605181097873e-01
-4.274337267503142135e-01
-4.278720984235405700e-01
-4.174830248579383118e-01
-4.103696921840310208e-01
-4.104803385213017242e-01
-4.185150077566504589e-01
-4.380696004256606213e-01
-4.510520434007048718e-01
-4.432059766724705807e-01
-4.480326177552342304e-01
-4.534595442935824283e-01
-4.453690173104405403e-01
-4.130525307729840390e-01
-3.970324100926518329e-01
-4.080326907336712106e-01
-4.249188438057899253e-01
-4.425440961495041847e-01
-4.504190033301710971e-01
-4.402952736243605503e-01
-4.439622333273291477e-01
-4.461628719232976215e-01
-4.404640004970133416e-01
-4.342150325886905415e-01
-4.270228191278874763e-01
-4.274097911082208046e-01
-4.341802746988833173e-01
-4.414902695454657189e-01
-4.386502451263368241e-01
-4.277092288248240948e-01
-4.145062257535755412e-01
-4.075873603112995514e-01
-3.985995960421860329e-01
-4.070194165222346672e-01
-4.280206821858882904e-01
-4.313950203359127045e-01
-4.199528679251670615e-01
-4.147401992231607437e-01
-4.245005108416080586e-01
-4.319815866649150959e-01
-4.105576995760202297e-01
-3.789809796959161536e-01
-3.834593956358730571e-01
-4.302222792990505473e-01
-4.605074998922645824e-01
-4.238581863231957181e-01
-4.266072143800556660e-01
-4.570534364320337772e-01
-4.784259551204740890e-01
-4.526034818030894025e-01
-4.120791891589760669e-01
-4.063622333109379037e-01
-4.431771464645862801e-01
-4.142022185027599557e-01
-4.161383107304573170e-01
-4.341031666845083237e-01
-4.573403064161539189e-01
-4.443778960034251435e-01
-4.110042454674839862e-01
-4.211754383519291656e-01
-4.483851615339517482e-01
-4.481570411473512761e-01
-4.312081921845674626e-01
-4.255686815828084724e-01
-4.287869198247790115e-01
-4.048762523569166549e-01
-3.786478844471276028e-01
-3.623897631652653328e-01
-3.661416311748325603e-01
-3.934186820872128121e-01
-4.006285418756306282e-01
-3.885956143029034027e-01
-3.955268342979252338e-01
-4.389253904111683480e-01
-4.559479782357812039e-01
-4.431591155007481575e-01
-4.099815728142857663e-01
-3.832157524302601814e-01
-4.079241277649998665e-01
-4.112627657130360492e-01
-3.850763862952589767e-01
-3.741516234353184922e-01
-3.660944620147347228e-01
-3.882787408307194488e-01
-3.894424634054303169e-01
-3.748467357829213253e-01
-3.498755471780896076e-01
-3.448603631928562896e-01
-3.689500929787755124e-01
-3.812896577641368134e-01
-3.488558379933238141e-01
-3.383728677406906971e-01
-3.809057543054222839e-01
-3.964296178892254829e-01
-3.855943055823445320e-01
-3.805468926206231339e-01
-4.072351703420281632e-01
-4.015480946749448998e-01
-3.969687644392251857e-01
-4.059166554361581802e-01
-3.904402500018477329e-01
-3.617106223478913085e-01
-3.871306383982300869e-01
-3.779393082484602817e-01
-3.608610482886433490e-01
-4.030450867488980515e-01
-3.934631686657666938e-01
-3.808710347861051781e-01
-4.114679422229528538e-01
-4.001993808895349392e-01
-4.030946036800742149e-01
-4.278768649324774520e-01
-4.072151711210608704e-01
-3.782740624621510617e-01
-3.823623107746243477e-01
-4.118623794987797959e-01
-3.984818371012807114e-01
-4.085480986163020356e-01
-4.190492345020174758e-01
-4.029993688687681930e-01
-3.906682366505265236e-01
-4.152299666777253262e-01
-4.196643868461251148e-01
-3.611134359613060729e-01
-3.745740795508026855e-01
-3.779076272621750832e-01
-3.830226188525557296e-01
-4.062616163864731789e-01
-4.223043980076909287e-01
-4.201251694932580105e-01
-4.295483038760721795e-01
-4.306547828018665314e-01
-4.005318716168403403e-01
-3.858084619045257790e-01
-3.814636684954166301e-01
-3.905148122459650151e-01
-3.897856462746858708e-01
-3.953890101984143257e-01
-3.942602606490254180e-01
-4.162415230646729358e-01
-4.262267567217349895e-01
-4.270983479917049297e-01
-4.138409558683633915e-01
-4.143066149204969184e-01
-4.077423315495252720e-01
-4.030493293888867123e-01
-4.183260799385607465e-01
-4.523379311896860711e-01
-4.714606360532343499e-01
-4.678997316397726647e-01
-4.568751380778849347e-01
-4.514206713065505028e-01
-4.598362917080521806e-01
-4.742675507441163063e-01
-4.715884545817971008e-01
-4.609713187441230042e-01
-4.568320030346512683e-01
-4.692190312780439854e-01
-4.575080781243741623e-01
-4.508108227513730748e-01
-4.617268200032412784e-01
-4.854576676152646542e-01
-5.094797174446284993e-01
-5.085457558743655682e-01
-5.082964967004954815e-01
-5.155496519990265814e-01
-5.349423625506460889e-01
-5.428941094316541705e-01
-5.238840862177311930e-01
-5.071292872540652530e-01
-5.165235924534499201e-01
-5.272355108521878941e-01
-4.990414834581315406e-01
-5.253811656497419103e-01
-5.501286654733121839e-01
-5.548669903539120707e-01
-5.178797691129147784e-01
-5.234577094204724279e-01
-5.306373954750597255e-01
-5.204130844213068485e-01
-5.284415504895150217e-01
-5.569540809839963469e-01
-5.470374766737222672e-01
-5.687652494758367316e-01
-5.979311000555753708e-01
-5.737184714525938034e-01
-5.961789624765515549e-01
-6.260032648220658080e-01
-6.124426821246743424e-01
-6.412351751700043900e-01
-6.420630337670445442e-01
-6.119883595965802670e-01
-6.452333784662187544e-01
-6.810741103254258633e-01
-6.621084324084222095e-01
-6.157275601290166378e-01
-6.165181240998208745e-01
-6.035747849382460117e-01
-5.745896377600729910e-01
-5.751780488528310809e-01
-6.131994583643972652e-01
-6.187245973385870901e-01
-6.358908125199377315e-01
-6.882961460389196429e-01
-6.681358912028372288e-01
-6.667401515878736973e-01
-6.698597104288637194e-01
-6.650138066150248495e-01
-6.660070628859102726e-01
-6.711419717408716457e-01
-6.625496508553624375e-01
-6.628734747879206912e-01
-6.671101610176265462e-01
-6.585599354468285593e-01
-6.554841919802129047e-01
-6.554807155393064244e-01
-6.708216941915452480e-01
-6.804133965633809566e-01
-6.865643727593123691e-01
-6.835813651792704837e-01
-6.763100939802825229e-01
-6.726513418368995634e-01
-6.685972334817051888e-01
-6.715721743181347625e-01
-6.652077885344624963e-01
-6.631509443745017274e-01
-6.447694366797804832e-01
-6.369833907112478766e-01
-6.387897735461592896e-01
-6.405712848529219183e-01
-6.426350222900509834e-01
-6.500336241908371004e-01
-6.545885962434112582e-01
-6.441297781653702037e-01
-6.391431954689323902e-01
-6.417730783112347570e-01
-6.387873451225459798e-01
-6.292862955480813536e-01
-6.271897826343775240e-01
-6.322872739285230193e-01
-6.378600548952817473e-01
-6.323107149451970832e-01
-6.177788984030485597e-01
-6.047079211100936380e-01
-6.046907791867852655e-01
-6.185332886874675973e-01
-6.260525066405534522e-01
-6.294084090739489046e-01
-6.315714316442608833e-01
-6.374542178586125596e-01
-6.394774572923779266e-01
-6.427949132397771104e-01
-6.451380038633942604e-01
-6.419980997219681962e-01
-6.372515456750988960e-01
-6.284008168615400347e-01
-6.270146154798567073e-01
-6.354154734872281551e-01
-6.482552859000861867e-01
-6.500848862342536449e-01
-6.530535358004272428e-01
-6.531378747895359993e-01
-6.535820150747895241e-01
-6.724365087226032989e-01
-6.859903039410710779e-01
-6.582763051614165528e-01
-6.202355226501822250e-01
-6.303819676861166510e-01
-6.442623889073729737e-01
-6.059490254148840460e-01
-5.893280612304806487e-01
-6.087632794864475949e-01
-6.267069724388421026e-01
-6.083294239826499972e-01
-6.252591607160866705e-01
-6.839711938984691653e-01
-6.915264156064949708e-01
-6.838766815490089357e-01
-6.940497661358676629e-01
-7.060214424855075777e-01
-7.147535587078891473e-01
-7.195233339793049021e-01
-6.694346586591564119e-01
-6.288200045353733447e-01
-6.496700222021900561e-01
-6.566784153110347688e-01
-6.541167097515426798e-01
-6.418529454967938364e-01
-6.717427227995358407e-01
-6.897307534120045158e-01
-6.763449835940263943e-01
-6.678917014389298412e-01
-7.067581163137219846e-01
-7.420489793061278982e-01
-7.326444560079835577e-01
-6.984365173964761642e-01
-6.733584796427749541e-01
-6.648666588007472456e-01
-6.503799626021645741e-01
-6.563572266488335583e-01
-6.779939369647763892e-01
-6.920229749171994404e-01
-7.213717853999697116e-01
-7.314503303146920876e-01
-7.581575429416261835e-01
-7.814541666186414215e-01
-8.068941934383474512e-01
-8.145604728139005379e-01
-8.148652075207791778e-01
-8.012982273823581192e-01
-7.935211683041416553e-01
-7.973115938133560343e-01
-7.927628310746512863e-01
-7.962612273520790485e-01
-8.128318222588859499e-01
-8.252583286142908259e-01
-8.367804702720604837e-01
-8.621254403493366913e-01
-8.813915370381437686e-01
-8.869817642844282091e-01
-8.865497110760770516e-01
-8.853627724922261688e-01
-8.783904454088770075e-01
-8.806382850161753595e-01
-8.800953444442711771e-01
-8.820252549252473040e-01
-8.839027691981755641e-01
-8.906817395589314845e-01
-9.025288090459071544e-01
-9.070738505921326356e-01
-9.233602825901471300e-01
-9.204555999836884217e-01
-9.231709700427017662e-01
-9.397093963227234337e-01
-9.444070060155353996e-01
-9.668567111133598013e-01
-9.629099025740288642e-01
-9.523978940560482442e-01
-9.471827364875935462e-01
-9.528797648265026066e-01
-9.540315493359230459e-01
-9.679182942374608967e-01
-9.693678479059599784e-01
-9.494317676289938390e-01
-9.196670259698294103e-01
-9.292356579913757519e-01
-9.612873821868561652e-01
-9.490587010397575352e-01
-9.166612136526964827e-01
-9.483087315573357490e-01
-9.859543874277733044e-01
-9.854360207333229260e-01
-9.698531083180569334e-01
-9.769264356582425535e-01
-9.670249552815221028e-01
-9.180194997577928451e-01
-9.288887942209840265e-01
-9.395139126107097116e-01
-9.600647529587149620e-01
-9.736944420263171640e-01
-9.608064545318484306e-01
-9.429440042003989220e-01
-9.750732174143195152e-01
-9.969205742701887640e-01
-9.770700728520751444e-01
-9.649272659793496354e-01
-9.483207592740654501e-01
-9.490972479805350748e-01
-9.285131832584738731e-01
-9.261286070570349249e-01
-9.545545479282736556e-01
-9.737405722960830179e-01
-9.557231014594436136e-01
-9.317496979609132257e-01
-9.393571155145764573e-01
-9.563902197405695915e-01
-9.557465593796223846e-01
-9.706476751249283330e-01
-9.939834966789931059e-01
-9.924862816464156134e-01
-9.749783589970320019e-01
-9.656605913769453764e-01
-9.521672248374670744e-01
-9.381605516653508392e-01
-9.026605169754475799e-01
-8.887253079097717778e-01
-8.935360986273735984e-01
-8.833931806962936895e-01
-8.755410488229244947e-01
-8.918922550510615110e-01
-9.258403110783547385e-01
-9.281502943020314422e-01
-9.168852427508682457e-01
-9.066348859574645536e-01
-8.867297933902591467e-01
-8.872981057967990193e-01
-8.970945195760577917e-01
-8.895275743212550656e-01
-8.822603413369506375e-01
-8.845771545078605635e-01
-8.897859835531563011e-01
-8.821126548107713905e-01
-8.947094155009835958e-01
-9.082281300332397667e-01
-9.247332600411027892e-01
-9.252243874128908141e-01
-9.219987092074006796e-01
-9.154930201824754699e-01
-9.139720065053552611e-01
-9.282367085572331700e-01
-9.263895933981984854e-01
-9.261358988936990722e-01
-9.312495527323335631e-01
-9.204097790177911964e-01
-9.242307854350656493e-01
-9.012367564719170332e-01
-9.081638535019009861e-01
-9.213504811283200757e-01
-9.282093947287648472e-01
-9.139351812656968388e-01
-8.960554634686559439e-01
-9.159543474670499563e-01
-9.541401316877454741e-01
-9.417417848017066717e-01
-9.638395705725997242e-01
-9.831154079642147048e-01
-9.679732251446694358e-01
-9.622002768795937522e-01
-1.000115190399810672e+00
-9.695222842972726074e-01
-9.582584309857338223e-01
-9.910044628661125454e-01
-9.813441307749599662e-01
-1.004498507780954286e+00
-1.020395895047113255e+00
-1.000140812946483493e+00
-1.013518928689882248e+00
-1.030830023763701364e+00
-9.926406543236225843e-01
-9.816753964405506849e-01
-9.977788101416080746e-01
-1.003244352666661232e+00
-1.016702106921002269e+00
-1.033051707176491529e+00
-1.034914809791371182e+00
-1.052308408869430334e+00
-1.071839615656063005e+00
-1.065577244153246284e+00
-1.050464695086702704e+00
-1.052797546377405524e+00
-1.061492837360128672e+00
-1.066932111373171121e+00
-1.069671978941187263e+00
-1.078737795865163163e+00
-1.089416522672399967e+00
-1.108155996864661486e+00
-1.116804529353976339e+00
-1.102817205712199211e+00
-1.095137236639857292e+00
-1.106682780012488321e+00
-1.121569397673010782e+00
-1.112301680073142007e+00
-1.118031574413180351e+00
-1.144816535711288497e+00
-1.184616969525813968e+00
-1.194694087654352144e+00
-1.176974637061357409e+00
-1.187434636801481203e+00
-1.200741314888000399e+00
-1.217191962897777646e+00
-1.206284572184085802e+00
-1.207823117077350572e+00
-1.215489459969103292e+00
-1.214449224807321981e+00
-1.230316761322319596e+00
-1.222674673981964499e+00
-1.206330734305083752e+00
-1.203542216308414847e+00
-1.217468320764601319e+00
-1.222044056095182851e+00
-1.217409140802919953e+00
-1.224838831834495156e+00
-1.235881048999726728e+00
-1.251249977014958770e+00
-1.255234696529805571e+00
-1.248042991571128413e+00
-1.250335015170276121e+00
-1.250656114332377999e+00
-1.259335224144160659e+00
-1.266679914109408944e+00
-1.282508377544581801e+00
-1.288433818332850977e+00
-1.281159965507686183e+00
-1.274825154058635279e+00
-1.277378986589610577e+00
-1.294922391325235456e+00
-1.295756496116518885e+00
-1.294319608435034796e+00
-1.295386705920100301e+00
-1.325042109563946635e+00
-1.353592441603541419e+00
-1.343098854646086693e+00
-1.310634740814566657e+00
-1.328956989198923022e+00
-1.317662427574396222e+00
-1.300650034844875291e+00
-1.305714895017445087e+00
-1.300936526991427034e+00
-1.290611458756029561e+00
-1.349083746410906226e+00
-1.364339817501604601e+00
-1.332861610688269138e+00
-1.355496395006775767e+00
-1.355799259617924690e+00
-1.339546913281083107e+00
-1.346863472834229469e+00
-1.315955056622624353e+00
-1.300960103422403424e+00
-1.339901133626699492e+00
-1.351566872745752379e+00
-1.333376731723546982e+00
-1.344853850454092115e+00
-1.354279061406850726e+00
-1.375986386090517044e+00
-1.394860904663801193e+00
-1.400076261907815978e+00
-1.400784489512443498e+00
-1.428659097105264619e+00
-1.459020767360925674e+00
-1.467318425327539533e+00
-1.464165919274091676e+00
-1.464255853742361113e+00
-1.465069899708032697e+00
-1.469181606918573468e+00
-1.475828646868467375e+00
-1.485197917371988252e+00
-1.484358138591051146e+00
-1.496054924279451415e+00
-1.513903342932462648e+00
-1.517302178591489747e+00
-1.527881195396184832e+00
-1.544002414494752840e+00
-1.539437892287969678e+00
-1.525450532883405597e+00
-1.535349271446466490e+00
-1.565219561010599225e+00
-1.577935177832841873e+00
-1.568947231024503619e+00
-1.567219520360231488e+00
-1.577312684804201171e+00
-1.590536675602197692e+00
-1.605894955247640699e+00
-1.610173359513282776e+00
-1.618314549326896667e+00
-1.625298202037811279e+00
-1.627803425490856215e+00
-1.639639425650238902e+00
-1.636453240364790007e+00
-1.635382186621427536e+00
-1.671916871517896697e+00
-1.694936845451593399e+00
-1.682975476887077049e+00
-1.721462692227214486e+00
-1.694715161528438374e+00
-1.670352996885776431e+00
-1.712107890099286989e+00
-1.702612471953034445e+00
-1.683027080073952630e+00
-1.708639507368207022e+00
-1.695781308785080821e+00
-1.681522029265761331e+00
-1.740815797075629279e+00
-1.753996447846293494e+00
-1.734773036651313216e+00
-1.752179136686027094e+00
-1.773993885330855891e+00
-1.761063679866492704e+00
-1.792807750217616514e+00
-1.788131393305957273e+00
-1.748185311071574599e+00
-1.761170095019042536e+00
-1.796217141859233424e+00
-1.784378747828304856e+00
-1.791576302237808616e+00
-1.840518121607601643e+00
-1.833752915449440524e+00
-1.857141439430415542e+00
-1.883465862832963467e+00
-1.891450569592416198e+00
-1.886688951216638044e+00
-1.873287937603890896e+00
-1.881663753651082516e+00
-1.894599491916596934e+00
-1.900853860937058881e+00
-1.914939384721219495e+00
-1.951903232000768096e+00
-1.981623751483857721e+00
-2.003841936774551691e+00
-1.997951883263886064e+00
-1.977750765718519599e+00
-1.965761925838887647e+00
-1.962979315780103207e+00
-1.959902497194707438e+00
-1.960045426152646542e+00
-1.944370893202722161e+00
-1.939439856074750335e+00
-1.968407840095460326e+00
-1.975178903900086880e+00
-1.964903885684907481e+00
-1.965241858921945139e+00
-1.969594087265431837e+00
-1.975256905518472106e+00
-1.989719535969197706e+00
-2.001605825684964479e+00
-2.009979573450982659e+00
-2.008856213651597500e+00
-2.023754285089671701e+00
-2.018654919974506079e+00
-2.009604739956557751e+00
-2.003286877088248819e+00
-1.989380353502929299e+00
-1.988748761825263500e+00
-2.000169180147350012e+00
-2.024670328013598919e+00
-2.027388341538608252e+00
-2.015427930466830553e+00
-2.023616803996264757e+00
-2.036212132684886544e+00
-2.040268090181052596e+00
-2.024467377178370775e+00
-2.007895524613559246e+00
-2.000758594088256181e+00
-2.015291942469775499e+00
-2.042477868311107336e+00
-2.054780931584537118e+00
-2.085924503020942122e+00
-2.098590671829879462e+00
-2.127618219517171561e+00
-2.125532678328454494e+00
-2.102419820986688226e+00
-2.077500525675714194e+00
-2.093105130549520076e+00
-2.055000457819551318e+00
-2.086839363630860866e+00
-2.120424086414277376e+00
-2.105993941985070617e+00
-2.135332197882235050e+00
-2.172520890273153871e+00
-2.155865892209112733e+00
-2.165807227231562049e+00
-2.187341636605560691e+00
-2.138175635226070792e+00
-2.139971800334751428e+00
-2.155007943511009216e+00
-2.140361294150352478e+00
-2.135351490974426447e+00
-2.179994171857833951e+00
-2.175418981909751803e+00
-2.199042755365371526e+00
-2.236666491627693265e+00
-2.230797722935676575e+00
-2.206186479330062955e+00
-2.222626298293471248e+00
-2.235015909001231371e+00
-2.195797271654009730e+00
-2.211399510875344365e+00
-2.200657441094517885e+00
-2.200686063244938762e+00
-2.209459258988499819e+00
-2.222187610343098640e+00
-2.241069813445210279e+00
-2.241104998067021459e+00
-2.246670265868305982e+00
-2.252723069861531258e+00
-2.278521149232983767e+00
-2.284916107729077162e+00
-2.292507526651024641e+00
-2.302743292227387606e+00
-2.309287996962666512e+00
-2.323664389178156764e+00
-2.358802264928817838e+00
-2.379418340325355707e+00
-2.390182796120643438e+00
-2.383278098702430903e+00
-2.390972892940044225e+00
-2.397607943415641873e+00
-2.384423142671585172e+00
-2.388177412748336614e+00
-2.395347464084625067e+00
-2.383003745973110377e+00
-2.388576437532901942e+00
-2.398366060853004633e+00
-2.409645426273345770e+00
-2.413505285978317261e+00
-2.427191892266273410e+00
-2.444569045305251986e+00
-2.453525377810001462e+00
-2.468152670562267392e+00
-2.487635755538940341e+00
-2.511621344089507879e+00
-2.537383735179901123e+00
-2.536574265360832303e+00
-2.538926962018012823e+00
-2.539271295070648193e+00
-2.548276421427726923e+00
-2.572718662023544489e+00
-2.584170970320701421e+00
-2.580710181593894870e+00
-2.586335507035255610e+00
-2.597258318960666834e+00
-2.616504721343517303e+00
-2.625854596495628357e+00
-2.629098957777023404e+00
-2.616050869226455688e+00
-2.618073514103889554e+00
-2.637899643182754605e+00
-2.624603645503520877e+00
-2.619401185214519590e+00
-2.656899711489677518e+00
-2.623689614608883947e+00
-2.679613627865910619e+00
-2.685133465006947606e+00
-2.678755054250359535e+00
-2.708429450169205666e+00
-2.710491821542382329e+00
-2.706861451640725225e+00
-2.755557933822274208e+00
-2.746501838043331922e+00
-2.757693897560238749e+00
-2.769450723007321535e+00
-2.767898874357342720e+00
-2.783995384350419044e+00
-2.793481687083840370e+00
-2.790911441668868065e+00
-2.790240895375609487e+00
-2.799033602699637413e+00
-2.808171087130904020e+00
-2.820913299545645625e+00
-2.826035135611891569e+00
-2.838505714759230525e+00
-2.856758996471762568e+00
-2.864944702014327049e+00
-2.880651086196303279e+00
-2.874657019600272090e+00
-2.887784033641219050e+00
-2.916048599407076836e+00
-2.950506609305739492e+00
-2.956880527362227618e+00
-2.955465867742895991e+00
-2.951422923430800260e+00
-2.952228912338614286e+00
-2.972974344715475947e+00
-2.977527707442641169e+00
-2.973954978212714373e+00
-2.951671674475073726e+00
-2.947231635078787715e+00
-2.967730584368109881e+00
-2.979783641919493853e+00
-2.998050915822386919e+00
-3.013497675582766711e+00
-3.008813435956835924e+00
-3.016121135279536070e+00
-3.034706149622798055e+00
-3.053155697509646327e+00
-3.061334813758731066e+00
-3.062732793018221766e+00
-3.076849244162440211e+00
-3.083704785630106748e+00
-3.096228156611323445e+00
-3.108464708551764488e+00
-3.115023320540785789e+00
-3.111767536029219627e+00
-3.107905640825629145e+00
-3.109928455576300710e+00
-3.100728600844740779e+00
-3.093640762194991289e+00
-3.104140117391943843e+00
-3.133269375190138817e+00
-3.141117316111922353e+00
-3.142733853682875722e+00
-3.139215314015745939e+00
-3.153246472403407274e+00
-3.169758496806025505e+00
-3.177212197706103414e+00
-3.170512453839182676e+00
-3.150334293767810045e+00
-3.152397425100207151e+00
-3.182971723005175502e+00
-3.204471547529101461e+00
-3.221955741569400011e+00
-3.235466999933123589e+00
-3.246767018362879842e+00
-3.251613844558596700e+00
-3.259913523122668355e+00
-3.248559687659144490e+00
-3.222407720610499293e+00
-3.239111923798918546e+00
-3.252388164028525264e+00
-3.238427772745489985e+00
-3.286502385884523481e+00
-3.267888391762971967e+00
-3.295175953954458059e+00
-3.330235087126493632e+00
-3.317790900915861041e+00
-3.334579639881849467e+00
-3.352181734889745801e+00
-3.312858416885137380e+00
-3.336611462384462268e+00
-3.339462117105722605e+00
-3.363360247761010946e+00
-3.393733460456132889e+00
-3.411994899064302533e+00
-3.421408275514841169e+00
-3.458977615833282560e+00
-3.485803300142288119e+00
-3.495727527141570867e+00
-3.489195743203163058e+00
-3.457944190502166837e+00
-3.447675287723541260e+00
-3.461500576138496488e+00
-3.469125828146934598e+00
-3.476979908347129999e+00
-3.492489725351333618e+00
-3.514200803637504755e+00
-3.533373811841010959e+00
-3.546827217936515897e+00
-3.540011632442474188e+00
-3.556576836109161199e+00
-3.566776525974273859e+00
-3.566811943054199130e+00
-3.574068138003349215e+00
-3.576964148879051120e+00
-3.591474899649619967e+00
-3.607119786739349188e+00
-3.615847820043563754e+00
-3.631270807981491267e+00
-3.625456720590591431e+00
-3.629024070501327692e+00
-3.631820869445800959e+00
-3.638928714394569219e+00
-3.645826861262321472e+00
-3.653715845942497431e+00
-3.651592084765434176e+00
-3.655700209736823858e+00
-3.669066780805587680e+00
-3.681844279170036316e+00
-3.687975701689720331e+00
-3.703994134068488986e+00
-3.708078593015670776e+00
-3.713554376363754184e+00
-3.714979290962219238e+00
-3.745976445078849970e+00
-3.767636582255363464e+00
-3.794403347373008550e+00
-3.808550879359245300e+00
-3.819288036227226346e+00
-3.828284662961960017e+00
-3.833131688833236517e+00
-3.838122412562370300e+00
-3.825910934805869967e+00
-3.813016325235366821e+00
-3.805541783571243286e+00
-3.814587363600730807e+00
-3.851966333389282404e+00
-3.843599373102188022e+00
-3.893482849001884460e+00
-3.895207849144935786e+00
-3.868162545561790289e+00
-3.911525264382362366e+00
-3.896117511391639532e+00
-3.874390622973442166e+00
-3.902486562728881836e+00
-3.895763677358627497e+00
-3.930028125643730164e+00
-3.970335847139358609e+00
-3.976831281185150058e+00
-4.012820479273796259e+00
-4.035687249898910700e+00
-4.020221084356307983e+00
-4.002323710918426869e+00
-4.013708478212356212e+00
-4.006822383403777721e+00
-3.991961899399757208e+00
-3.996996489167213618e+00
-4.010068312287330627e+00
-4.025704398751258850e+00
-4.039165768027305425e+00
-4.051439920067787526e+00
-4.063309323787689387e+00
-4.071411859989166437e+00
-4.076114028692245483e+00
-4.062299785017967402e+00
-4.046508926153182806e+00
-4.044833886623382391e+00
-4.047459942102432429e+00
-4.054846167564392090e+00
-4.074860322475433172e+00
-4.108729144930839183e+00
-4.128170838952064159e+00
-4.131128749251365306e+00
-4.145666947960853221e+00
-4.151107838749885204e+00
-4.151037892699241283e+00
-4.141206365823745905e+00
-4.144806730747222723e+00
-4.153567588329314830e+00
-4.174006417393684387e+00
-4.169334092736244557e+00
-4.177997234463691534e+00
-4.196727454662322998e+00
-4.219212508201598766e+00
-4.222308754920959473e+00
-4.230120259523391546e+00
-4.240001791715622304e+00
-4.264763778448104503e+00
-4.273352947831154047e+00
-4.284363982081413447e+00
-4.294339326024055659e+00
-4.306911590695380987e+00
-4.318082150816917597e+00
-4.323015388846397578e+00
-4.313892820477486012e+00
-4.322903582453728077e+00
-4.321753469109535395e+00
-4.331722804903984425e+00
-4.328592726588249562e+00
-4.341051885485649464e+00
-4.349787619709968745e+00
-4.364947214722633362e+00
-4.384522420167923151e+00
-4.401962757110595703e+00
-4.395152455568313243e+00
-4.386374384164810181e+00
-4.381609004735946833e+00
-4.398733729124069569e+00
-4.411570712924003601e+00
-4.418948897719383595e+00
-4.398027881979942322e+00
-4.404849466681480585e+00
-4.429956051707267584e+00
-4.469094482064247309e+00
-4.517890310287475231e+00
-4.539879536628722789e+00
-4.530687278509139659e+00
-4.582613861560821178e+00
-4.569596701860428212e+00
-4.584027761220932362e+00
-4.612185829877853749e+00
-4.571341955661774037e+00
-4.587067776918411610e+00
-4.612702870368957875e+00
-4.607447677850723622e+00
-4.620172321796417236e+00
-4.596317231655120850e+00
-4.572057795524597346e+00
-4.598506867885589600e+00
-4.606502038240432917e+00
-4.618565392494201838e+00
-4.661411517858505604e+00
-4.696682977676391424e+00
-4.696310281753540039e+00
-4.716368207335472462e+00
-4.747727730870247242e+00
-4.751312890648842213e+00
-4.742261311411857250e+00
-4.730644580721855341e+00
-4.731553801894188283e+00
-4.718236765265464427e+00
-4.723431584239006220e+00
-4.707832166552543995e+00
-4.706830456852912903e+00
-4.740757429599762318e+00
-4.774657255411147716e+00
-4.792190819978713989e+00
-4.798732274770737050e+00
-4.800027406215667369e+00
-4.804676920175552368e+00
-4.812477713823318126e+00
-4.814964318275452015e+00
-4.820842283964156927e+00
-4.788559070229529979e+00
-4.787783202528953730e+00
-4.799402168393134716e+00
-4.824554210901260021e+00
-4.832322782278060558e+00
-4.832867288589477894e+00
-4.832453548908233643e+00
-4.845128250122070490e+00
-4.850391030311584473e+00
-4.864064186811447144e+00
-4.867760133743286310e+00
-4.869063788652420399e+00
-4.847660648822784246e+00
-4.838072702288627625e+00
-4.839834412932395580e+00
-4.847493693232536316e+00
-4.859896460175514576e+00
-4.868929538130760015e+00
-4.875052240490913569e+00
-4.884646347165107372e+00
-4.896114900708198547e+00
-4.918933579325676320e+00
-4.917194679379463196e+00
-4.938451316952705561e+00
-4.945790395140647888e+00
-4.965358388423919855e+00
-4.966728687286376953e+00
-4.971779018640518188e+00
-4.978786122798919855e+00
-4.987174165248871027e+00
-4.994087272882461903e+00
-5.006319284439086914e+00
-5.014039468765258967e+00
-5.019497841596603394e+00
-5.031681251525879084e+00
-5.042649519443512141e+00
-5.058252042531966808e+00
-5.077078318595885875e+00
-5.089435392618179677e+00
-5.100547039508819935e+00
-5.109540849924087524e+00
-5.107534456253051580e+00
-5.108376896381377819e+00
-5.096279150247573497e+00
-5.080484658479690552e+00
-5.078129684925078990e+00
-5.083682662248611095e+00
-5.089803928136825917e+00
-5.077900025248527349e+00
-5.065791654586791815e+00
-5.071283411979675471e+00
-5.081977003812790272e+00
-5.131209492683410645e+00
-5.146547514200210394e+00
-5.146181190013885853e+00
-5.178863215446471990e+00
-5.150864768028259100e+00
-5.128014302253722789e+00
-5.147541624307632624e+00
-5.160704815387726185e+00
-5.125756278634071350e+00
-5.155441942811012090e+00
-5.138733828067779896e+00
-5.130020147562026622e+00
-5.176551979780197321e+00
-5.181249123811721979e+00
-5.184885472059249878e+00
-5.236074692010879161e+00
-5.210402926802634838e+00
-5.215262869000435231e+00
-5.225769385695457458e+00
-5.190199387073517023e+00
-5.187902128696441295e+00
-5.192265176773071644e+00
-5.187966525554656982e+00
-5.192167663574219105e+00
-5.218759560585022328e+00
-5.245751029253005626e+00
-5.256259167194366810e+00
-5.278311091661453069e+00
-5.313018640875815990e+00
-5.343398210406303583e+00
-5.349107143282890497e+00
-5.345807841420173290e+00
-5.348310300707817433e+00
-5.357934096455574391e+00
-5.371194925904274164e+00
-5.377958235144615351e+00
-5.385317018628120067e+00
-5.398280653357505621e+00
-5.396778979897499440e+00
-5.419994112849235712e+00
-5.452219042181968511e+00
-5.457272452116012751e+00
-5.442183500528335216e+00
-5.436692023277283070e+00
-5.437412118911742809e+00
-5.444827526807785034e+00
-5.443749129772186279e+00
-5.442193830013275502e+00
-5.449325782060623347e+00
-5.459518420696258367e+00
-5.472024041414260687e+00
-5.465898668766021373e+00
-5.470914596319198964e+00
-5.484102404117583873e+00
-5.512404704093933461e+00
-5.506765902042388916e+00
-5.506190299987792969e+00
-5.499258083105087458e+00
-5.496355772018432617e+00
-5.501562261581421254e+00
-5.497152209281921387e+00
-5.495673471689224598e+00
-5.498445892333984730e+00
-5.504732012748718262e+00
-5.505935764312743785e+00
-5.512055540084839222e+00
-5.511049664020537975e+00
-5.516478961706161144e+00
-5.518257743120193126e+00
-5.503713691234588978e+00
-5.498654425144195557e+00
-5.515704244375228882e+00
-5.536313015222549261e+00
-5.544652378559112194e+00
-5.550761914253234508e+00
-5.551304537057876409e+00
-5.576675364375114796e+00
-5.604770195484161555e+00
-5.610500645637512385e+00
-5.581880351901054027e+00
-5.566403958201408209e+00
-5.584546300768852056e+00
-5.624623927474021734e+00
-5.602134719491004944e+00
-5.633325180411338451e+00
-5.659690573811531067e+00
-5.638191357254981995e+00
-5.616947910189628246e+00
-5.644071078300475719e+00
-5.612957459688186823e+00
-5.650618305802344921e+00
-5.683901020884514210e+00
-5.652620753645896556e+00
-5.669674983620643260e+00
-5.680935391783714650e+00
-5.663862726092338207e+00
-5.696061676740646007e+00
-5.695245021581650136e+00
-5.688865143060684026e+00
-5.722316923737525762e+00
-5.740608653426169994e+00
-5.747540399432182312e+00
-5.768951448798179449e+00
-5.779410865902900873e+00
-5.773325088620185674e+00
-5.751862069964408519e+00
-5.751556369662284673e+00
-5.736322918534279225e+00
-5.734347179532051086e+00
-5.738735774159431813e+00
-5.746697244048118769e+00
-5.750603845715522411e+00
-5.771055981516838074e+00
-5.775324615836143316e+00
-5.766711619496345698e+00
-5.763548073172569453e+00
-5.766262617707252680e+00
-5.753235617280006764e+00
-5.767152670025825323e+00
-5.763718190789222540e+00
-5.767211613059044062e+00
-5.782112351059913280e+00
-5.802637669444083990e+00
-5.832589492201805115e+00
-5.843159684538841603e+00
-5.841268643736839294e+00
-5.853756162524223150e+00
-5.887622746825218023e+00
-5.917295870184898554e+00
-5.904770347476005377e+00
-5.901410016417503179e+00
-5.899246284365654347e+00
-5.903383693099021556e+00
-5.905429551005363820e+00
-5.885662516951560619e+00
-5.872732976078987477e+00
-5.909627154469490051e+00
-5.934787246584892095e+00
-5.941848579049110235e+00
-5.985608044266700567e+00
-5.991819903254508972e+00
-5.999995079636573969e+00
-6.034292498230934498e+00
-6.026688674092293141e+00
-6.011973002552986500e+00
-6.052154347300529480e+00
-6.043448457121849415e+00
-6.068511673808098195e+00
-6.094955095648765919e+00
-6.095251086354255499e+00
-6.113557973504066823e+00
-6.123287388682365773e+00
-6.084980362653732655e+00
-6.105849081277847645e+00
-6.103716176748275934e+00
-6.085566082596779225e+00
-6.119021239876746954e+00
-6.115348878502845587e+00
-6.162716588377952220e+00
-6.178398215770721791e+00
-6.173974877595901134e+00
-6.191891860961914240e+00
-6.172371864318847656e+00
-6.153400355577469227e+00
-6.163100397586822154e+00
-6.153790903091430842e+00
-6.188903117179870961e+00
-6.211851274967193248e+00
-6.233629745244980036e+00
-6.250513708591460826e+00
-6.258544081449509022e+00
-6.238733255863190053e+00
-6.240678530931472956e+00
-6.230388581752777100e+00
-6.234886991977691473e+00
-6.244927823543548584e+00
-6.250703185796737671e+00
-6.268570810556411743e+00
-6.289682102203369318e+00
-6.313118213415146229e+00
-6.313050729036331354e+00
-6.320619577169418690e+00
-6.324492299556732533e+00
-6.334896475076675415e+00
-6.342941296100616633e+00
-6.355281943082809804e+00
-6.362338447570801137e+00
-6.362859344482421520e+00
-6.371212363243103027e+00
-6.353130519390106201e+00
-6.338740223646164296e+00
-6.357470208406448720e+00
-6.368035888671874645e+00
-6.370054143667220892e+00
-6.383753478527069092e+00
-6.398384159803390148e+00
-6.419113153219223378e+00
-6.435440272092819214e+00
-6.445110964775085272e+00
-6.440443873405456543e+00
-6.452282226085662487e+00
-6.478925251960754750e+00
-6.497716724872589111e+00
-6.496762740612029852e+00
-6.493602246046066284e+00
-6.497431558370590388e+00
-6.510563987493514837e+00
-6.492575448751449763e+00
-6.476103377342224299e+00
-6.481836485862731756e+00
-6.513921666145324529e+00
-6.552022129297256470e+00
-6.567366433143615900e+00
-6.583003932237625477e+00
-6.610766470432281494e+00
-6.637512689828872325e+00
-6.604838800430298029e+00
-6.586662703752518055e+00
-6.611570125818252208e+00
-6.588346737623214544e+00
-6.637036341428756536e+00
-6.670369613170623602e+00
-6.644603949785232722e+00
-6.670842903852462591e+00
-6.703888010978698908e+00
-6.685229605436324718e+00
-6.716748833656311035e+00
-6.705668085813522694e+00
-6.683119499683380482e+00
-6.701597875356673839e+00
-6.701955312490463612e+00
-6.707043564319610240e+00
-6.754325959086417974e+00
-6.740970763564109625e+00
-6.767202940583229243e+00
-6.814959037303924383e+00
-6.815038788318633856e+00
-6.845352494716644642e+00
-6.822994852066040394e+00
-6.836889892816543579e+00
-6.859874916076660334e+00
-6.838753992319107411e+00
-6.864731925725936712e+00
-6.900029546022414806e+00
-6.910549342632293701e+00
-6.935153734683990656e+00
-6.916297245025634588e+00
-6.925114667415618541e+00
-6.932640737295150402e+00
-6.942795515060424805e+00
-6.926686048507690430e+00
-6.930873203277587713e+00
-6.946923905611038563e+00
-6.976159995794295909e+00
-6.997338157892227350e+00
-7.000062501430511119e+00
-7.023177415132522583e+00
-7.035476756095886408e+00
-7.039018839597702026e+00
-7.052313601970672252e+00
-7.068104046583175482e+00
-7.075204199552535655e+00
-7.092093688249588190e+00
-7.102056908607482733e+00
-7.109766352176666082e+00
-7.128759384155273438e+00
-7.153240263462066650e+00
-7.167324185371398926e+00
-7.184868216514587402e+00
-7.200256764888763428e+00
-7.231168645620345892e+00
-7.221837365627289174e+00
-7.206915956735611140e+00
-7.221571505069732666e+00
-7.266146302223205566e+00
-7.278839498758316040e+00
