4.996209144592286044e+00
4.990774631500245029e+00
4.987627029418946201e+00
4.983832716941834384e+00
4.980003166198731179e+00
4.976400375366211826e+00
4.972966602870397601e+00
4.969624340534211093e+00
4.966249465942383701e+00
4.962851619720459517e+00
4.959448901089755779e+00
4.955987811088562900e+00
4.952472356649546548e+00
4.948935951505389674e+00
4.945474624633789951e+00
4.942086726427079135e+00
4.938724125132842424e+00
4.935370842615764531e+00
4.932035948100844003e+00
4.928699374198914462e+00
4.925276824406215503e+00
4.921848492188887647e+00
4.918453817782195259e+00
4.915068149566651279e+00
4.911662940979004688e+00
4.908269717143133093e+00
4.904904789394803899e+00
4.901533450399127467e+00
4.898121685817324433e+00
4.894713735580444869e+00
4.891337933078889755e+00
4.888020411133767062e+00
4.884742910211737232e+00
4.881481745663812433e+00
4.878257424490793248e+00
4.875099460283916386e+00
4.872005604408883528e+00
4.868942599547537498e+00
4.865879829113301192e+00
4.862864267826081388e+00
4.859893787197950843e+00
4.856966665812901596e+00
4.854070364042770258e+00
4.851213574409485751e+00
4.848383363087972242e+00
4.845573021017987259e+00
4.842789649963379794e+00
4.840030074119568759e+00
4.837283523715273148e+00
4.834561061859131037e+00
4.831839196822222959e+00
4.829115775915292730e+00
4.826416960302389647e+00
4.823740190929838079e+00
4.821069570021196959e+00
4.818416263375964625e+00
4.815782245836761177e+00
4.813172883000867763e+00
4.810593273680090043e+00
4.808042621612549361e+00
4.805515375293669678e+00
4.803002926611132040e+00
4.800488131386893897e+00
4.797977022826672489e+00
4.795487301166241778e+00
4.793023564598778208e+00
4.790577240844271500e+00
4.788136601448059970e+00
4.785711412844451118e+00
4.783301360266549729e+00
4.780903245361758813e+00
4.778516491254171328e+00
4.776143354912327332e+00
4.773775049158045292e+00
4.771389656066895135e+00
4.768997430801392490e+00
4.766604175815335687e+00
4.764223007055430337e+00
4.761842709553393505e+00
4.759462893009186679e+00
4.754103696346283492e+00
4.748831492662430875e+00
4.743557465076447599e+00
4.738348990678788120e+00
4.733188062906266147e+00
4.728049612045288619e+00
4.722919422388077493e+00
4.717798334360123746e+00
4.712694448232651823e+00
4.707626396417618153e+00
4.702604836225510176e+00
4.697638064622879916e+00
4.692725276947022017e+00
4.687857156991959151e+00
4.683005076646805875e+00
4.678162437677384489e+00
4.673342722654343362e+00
4.668547344207764738e+00
4.663749623298645730e+00
4.658950507640839511e+00
4.654181718826294833e+00
4.649444562196732633e+00
4.644716560840607578e+00
4.640003061294556197e+00
4.635309338569642001e+00
4.630633854866028187e+00
4.625969350337983066e+00
4.621325659751892800e+00
4.616709345579147694e+00
4.612099039554596658e+00
4.607491379976273116e+00
4.602884238958359298e+00
4.598279583454132791e+00
4.593676161766053312e+00
4.589065051078796920e+00
4.584436577558518522e+00
4.579793101549149092e+00
4.575146764516831333e+00
4.570508044958115690e+00
4.565850067138672586e+00
4.561175084114075240e+00
4.556487369537354226e+00
4.551792699098587747e+00
4.547078895568848367e+00
4.542347586154938277e+00
4.537603831291199263e+00
4.532850116491318637e+00
4.528083509206772383e+00
4.523294782638550338e+00
4.518482613563538308e+00
4.513678365945816395e+00
4.508886188268662387e+00
4.504089772701264316e+00
4.499252337217331643e+00
4.494409197568893788e+00
4.489581078290940219e+00
4.484735149145127053e+00
4.479850918054581577e+00
4.474957549571991322e+00
4.470054131746293180e+00
4.465105241537094649e+00
4.460154742002488071e+00
4.455220997333527500e+00
4.450257515907288131e+00
4.445262026786805265e+00
4.440255773067475431e+00
4.435230690240860696e+00
4.430171185731888173e+00
4.425083643198013839e+00
4.419998586177826816e+00
4.414904159307480924e+00
4.409791260957718784e+00
4.404671549797058994e+00
4.399559098482132669e+00
4.394456982612610751e+00
4.389343208074570235e+00
4.384224247932435148e+00
4.379085278511047896e+00
4.373929250240326638e+00
4.368751531839371260e+00
4.363552498817444558e+00
4.358342272043229215e+00
4.353130811452865956e+00
4.347908121347428434e+00
4.342680388689041493e+00
4.337455803155899403e+00
4.332240819931031162e+00
4.327031093835831399e+00
4.321818381547928745e+00
4.316576361656189853e+00
4.311301618814469272e+00
4.306003504991531727e+00
4.300682753324509555e+00
4.295339596271515958e+00
4.289983475208282826e+00
4.284621274471283492e+00
4.279249542951584218e+00
4.273866242170334395e+00
4.268492168188095626e+00
4.263128858804703825e+00
4.257772719860077437e+00
4.252408748865128096e+00
4.247048890590668258e+00
4.241683900356293613e+00
4.236314296722412998e+00
4.230947697162628529e+00
4.225591057538986561e+00
4.220245701074601286e+00
4.214901149272919589e+00
4.209559297561646041e+00
4.204214531183243508e+00
4.198871356248856657e+00
4.193523871898651834e+00
4.188182038068772428e+00
4.182836681604386264e+00
4.177486640214921110e+00
4.172129482030869418e+00
4.166768890619279020e+00
4.161406385898590798e+00
4.156038391590119119e+00
4.150674349069595870e+00
4.145314419269562123e+00
4.139956313371659036e+00
4.134595721960068637e+00
4.129239958524705045e+00
4.123892331123352406e+00
4.118557149171829579e+00
4.113230907917023060e+00
4.107914268970490390e+00
4.102615064382553633e+00
4.097311890125275191e+00
4.092008715867996749e+00
4.086713892221451871e+00
4.081455618143082553e+00
4.076216012239457065e+00
4.070950049161911721e+00
4.065679848194123203e+00
4.060430228710175449e+00
4.055170327425003940e+00
4.049881744384766336e+00
4.044606035947800216e+00
4.039317953586579080e+00
4.034010237455368575e+00
4.028717184066772816e+00
4.023424917459488270e+00
4.018102699518204091e+00
4.012761884927749989e+00
4.007427006959916049e+00
4.002079004049301503e+00
3.996688157320023471e+00
3.991280305385590310e+00
3.985869252681732977e+00
3.980430448055268133e+00
3.974961227178574141e+00
3.969478899240494574e+00
3.963994371891022439e+00
3.958469629287720615e+00
3.952925717830658492e+00
3.947380626201630438e+00
3.941839057207108254e+00
3.936282825469971325e+00
3.930711948871613348e+00
3.925117111206055220e+00
3.919498848915100808e+00
3.913852459192276534e+00
3.908179640769959384e+00
3.902494663000107611e+00
3.896802425384522373e+00
3.891104394197464789e+00
3.885401678085327770e+00
3.879689288139343883e+00
3.873964166641235884e+00
3.868217211961746838e+00
3.862450337409973677e+00
3.856659430265427346e+00
3.850859224796296054e+00
3.845045053958893622e+00
3.839215487241745883e+00
3.833362764120102462e+00
3.827505874633789773e+00
3.821640580892563754e+00
3.815752273797989425e+00
3.809844493865967685e+00
3.803937071561814154e+00
3.798026931285858776e+00
3.792075860500336404e+00
3.786087936162949141e+00
3.780079805850983465e+00
3.774062305688858920e+00
3.767995291948319281e+00
3.761951416730881625e+00
3.755885207653046454e+00
3.749798184633255538e+00
3.743711680173874790e+00
3.737611925601959761e+00
3.731500816345215465e+00
3.725387740135193582e+00
3.719228440523148382e+00
3.713066351413727428e+00
3.706926453113556619e+00
3.700755155086517867e+00
3.694568818807602462e+00
3.688390833139420177e+00
3.682170003652573520e+00
3.675923621654511031e+00
3.669673931598663952e+00
3.663375836610794689e+00
3.657058697938919689e+00
3.650767558813095892e+00
3.644445574283600386e+00
3.638093495368958319e+00
3.631750518083573187e+00
3.625374120473862316e+00
3.618956577777863171e+00
3.612505400180817450e+00
3.606055903434754129e+00
3.599589866399765636e+00
3.593107342720032626e+00
3.586602199077606912e+00
3.580078440904618020e+00
3.573578482866287764e+00
3.567045998573303844e+00
3.560481077432632979e+00
3.553931605815888073e+00
3.547385889291764016e+00
3.540831303596497115e+00
3.534283512830735052e+00
3.527736526727677013e+00
3.521194243431092108e+00
3.514680087566376621e+00
3.508147764205933328e+00
3.501602101325989480e+00
3.495054310560226973e+00
3.488500905036926891e+00
3.481935697793961282e+00
3.475362801551819647e+00
3.468813276290894088e+00
3.462269008159638339e+00
3.455709576606751376e+00
3.449145460128784979e+00
3.442597973346710916e+00
3.436041778326035079e+00
3.429467058181763228e+00
3.422890728712082442e+00
3.416320461034775491e+00
3.409739214181900735e+00
3.403143018484116489e+00
3.396540904045105780e+00
3.389952987432480747e+00
3.383381414413452859e+00
3.376804924011231002e+00
3.370219135284424627e+00
3.363642358779908026e+00
3.357073414325714822e+00
3.350506007671357089e+00
3.343926531076431896e+00
3.337353187799454446e+00
3.330797708034515914e+00
3.324257928133011575e+00
3.317713606357575173e+00
3.311162883043289984e+00
3.304613214731217052e+00
3.298057949542999800e+00
3.291480422019959384e+00
3.284894704818726474e+00
3.278338491916657382e+00
3.271790343523026223e+00
3.265224474668503518e+00
3.258659553527832653e+00
3.252144145965576882e+00
3.245577400922775801e+00
3.238998872041702892e+00
3.232429713010788852e+00
3.225860911607743020e+00
3.219300460815430309e+00
3.212742066383362349e+00
3.206185853481293258e+00
3.199670803546905695e+00
3.193138927221298662e+00
3.186568158864975242e+00
3.180012750625610618e+00
3.173460578918457564e+00
3.166892296075821456e+00
3.160363048315048662e+00
3.153852325677871882e+00
3.147340297698975053e+00
3.140860706567764726e+00
3.134376001358032404e+00
3.127853924036026356e+00
3.121346580982208518e+00
3.114861071109772173e+00
3.108353048563003984e+00
3.101841306686401900e+00
3.095348519086837946e+00
3.088867980241775779e+00
3.082385241985321489e+00
3.075915235280990867e+00
3.069455277919769465e+00
3.063014721870422896e+00
3.056622213125229415e+00
3.050232565402985152e+00
3.043867379426956621e+00
3.037514495849609641e+00
3.031152313947678145e+00
3.024816793203354059e+00
3.018485224246979293e+00
3.012131625413895009e+00
3.005815219879150568e+00
2.999512135982513872e+00
2.993184965848922907e+00
2.986917573213577537e+00
2.980646586418152388e+00
2.974365711212158647e+00
2.968120849132538375e+00
2.961905223131179987e+00
2.955678546428680775e+00
2.949457055330277022e+00
2.943274760246277211e+00
2.937113922834396540e+00
2.930960702896118431e+00
2.924841028451919733e+00
2.918714541196823387e+00
2.912606364488602217e+00
2.906539565324783858e+00
2.900463029742241350e+00
2.894381800293922780e+00
2.888328260183334883e+00
2.882269006967544733e+00
2.876199579238892134e+00
2.870154604315758196e+00
2.864131829142571029e+00
2.858106335997582015e+00
2.852090883255005149e+00
2.846110737323761519e+00
2.840144950151443748e+00
2.834177678823471602e+00
2.828223380446434287e+00
2.822266381978988825e+00
2.816326728463173446e+00
2.810403847694397328e+00
2.804492840170860646e+00
2.798598739504814414e+00
2.792731317877769737e+00
2.786896628141403376e+00
2.781072193384170887e+00
2.775236922502517967e+00
2.769410735368729171e+00
2.763611415028572438e+00
2.757830110192299067e+00
2.752049914002419051e+00
2.746294903755188255e+00
2.740567430853844133e+00
2.734855711460113969e+00
2.729146558046341209e+00
2.723440113663673667e+00
2.717741867899895247e+00
2.712045678496361134e+00
2.706356596946716486e+00
2.700691825151444014e+00
2.695050048828125266e+00
2.689410409331322249e+00
2.683762481808662947e+00
2.678114187717437922e+00
2.672469273209572282e+00
2.666824939846992759e+00
2.661177602410316645e+00
2.655539053678512840e+00
2.649923491477966575e+00
2.644312703609466908e+00
2.638699126243591486e+00
2.633087819814682540e+00
2.627479016780853716e+00
2.621880388259888228e+00
2.616285273432731984e+00
2.610690525174141463e+00
2.605103313922882524e+00
2.599533617496490923e+00
2.593966621160507469e+00
2.588394287228584556e+00
2.582797554135322748e+00
2.577183538675308583e+00
2.571565356850624262e+00
2.565955454111099598e+00
2.560339543223381309e+00
2.554704356193542747e+00
2.549097895622253862e+00
2.543525695800781694e+00
2.537936222553253351e+00
2.532347410917282549e+00
2.526770669221878318e+00
2.521156278252601801e+00
2.515563425421714960e+00
2.509997162222862510e+00
2.504403442144394365e+00
2.498801076412201283e+00
2.493232104182243614e+00
2.487681809067726402e+00
2.482103019952774492e+00
2.476533547043800798e+00
2.470967140793800532e+00
2.465372106432915267e+00
2.459790170192718950e+00
2.454202297329902915e+00
2.448577436804771690e+00
2.442972576618195113e+00
2.437396281957626698e+00
2.431805700063705888e+00
2.426221930980682728e+00
2.420645779371262130e+00
2.415053516626358476e+00
2.409458330273628768e+00
2.403886872529983787e+00
2.398303765058517723e+00
2.392695096135139643e+00
2.387103128433227806e+00
2.381553208827972945e+00
2.376008698344231007e+00
2.370480012893676935e+00
2.364959383010864613e+00
2.359453397989273338e+00
2.353968146443367271e+00
2.348490217328071950e+00
2.343007746338844566e+00
2.337521618604660567e+00
2.332034167647361933e+00
2.326564732193947105e+00
2.321111479401588795e+00
2.315666210651397883e+00
2.310217356681824263e+00
2.304766669869423357e+00
2.299316054582596358e+00
2.293867129087448387e+00
2.288428387045860823e+00
2.282985246181488570e+00
2.277547532320022938e+00
2.272115227580070673e+00
2.266696628928184687e+00
2.261284619569778886e+00
2.255851581692696062e+00
2.250412178039550959e+00
2.244982001185417353e+00
2.239567792415619429e+00
2.234157830476761308e+00
2.228721421957016169e+00
2.223291540145874379e+00
2.217893880605697809e+00
2.212476596236229387e+00
2.207050013542175559e+00
2.201665470004082081e+00
2.196268838644027888e+00
2.190861728787422358e+00
2.185485017299652277e+00
2.180107796192169545e+00
2.174714168906212386e+00
2.169326397776603965e+00
2.163963830471039351e+00
2.158617070317268904e+00
2.153266286849976119e+00
2.147921511530876515e+00
2.142597755789757308e+00
2.137267482280731379e+00
2.131928348541260121e+00
2.126591557264328358e+00
2.121266183257103144e+00
2.115920817852020797e+00
2.110562926530838546e+00
2.105216389894486007e+00
2.099877399206161677e+00
2.094518193602562306e+00
2.089168071746826616e+00
2.083838021755219039e+00
2.078499478101730524e+00
2.073141810297966181e+00
2.067791545391083119e+00
2.062440690398216425e+00
2.057088664174080428e+00
2.051734000444412676e+00
2.046376779675484148e+00
2.041008418798447188e+00
2.035644894838333663e+00
2.030284366011620101e+00
2.024938786029816029e+00
2.019593715667725053e+00
2.014249897003174361e+00
2.008901393413544234e+00
2.003564816713333308e+00
1.998236742615700168e+00
1.992899441719055531e+00
1.987555980682373491e+00
1.982211786508560447e+00
1.976876899600029436e+00
1.971534466743469549e+00
1.966196280717850131e+00
1.960859265923500461e+00
1.955518299341202137e+00
1.950161579251289634e+00
1.944794103503227678e+00
1.939409926533699480e+00
1.934007358551025790e+00
1.928588464856148210e+00
1.923150965571403859e+00
1.917701011896133734e+00
1.912241098284721774e+00
1.906775543093681691e+00
1.901330059766769720e+00
1.895886704325676408e+00
1.890428480505943698e+00
1.884953331947327060e+00
1.879473865032196489e+00
1.874005609750748036e+00
1.868540644645691362e+00
1.863064914941788164e+00
1.857576659321785284e+00
1.852101144194603366e+00
1.846638959646225375e+00
1.841185492277145785e+00
1.835716199874878329e+00
1.830235633254051475e+00
1.824771991372108770e+00
1.819320651888847618e+00
1.813870188593864841e+00
1.808401566743851108e+00
1.802930450439453436e+00
1.797497278451919867e+00
1.792084759473800970e+00
1.786655315756798146e+00
1.781254795193672580e+00
1.775860139727592824e+00
1.770433914661407870e+00
1.765027475357056064e+00
1.759632453322411028e+00
1.754210627079010321e+00
1.748794075846672458e+00
1.743400377035141391e+00
1.738008287549019260e+00
1.732601472735405324e+00
1.727185073494911460e+00
1.721774011850357500e+00
1.716355404257774664e+00
1.710923331975937156e+00
1.705498430132866172e+00
1.700082460045814869e+00
1.694654625654220981e+00
1.689215883612633196e+00
1.683799627423286704e+00
1.678400510549545643e+00
1.672986230254173590e+00
1.667552396655083147e+00
1.662144124507904497e+00
1.656734752655029563e+00
1.651323181390762729e+00
1.645939290523529497e+00
1.640580818057060686e+00
1.635220950841903997e+00
1.629875075817108554e+00
1.624546116590500189e+00
1.619230344891548601e+00
1.613932436704635931e+00
1.608642154932022450e+00
1.603349673748016624e+00
1.598061957955360546e+00
1.592782074213028087e+00
1.587513840198516935e+00
1.582247653603553905e+00
1.576973259449005349e+00
1.571687081456184520e+00
1.566397380828857600e+00
1.561137488484382718e+00
1.555890274047851740e+00
1.550635665655136330e+00
1.545379000902176170e+00
1.540124312043190224e+00
1.534883248806000022e+00
1.529647022485733254e+00
1.524403974413871987e+00
1.519149437546730264e+00
1.513898333907127469e+00
1.508664593100548013e+00
1.503443816304206981e+00
1.498179310560226574e+00
1.492933124303817971e+00
1.487703639268875389e+00
1.482456201314926281e+00
1.477190014719963251e+00
1.471931731700897306e+00
1.466674333810806363e+00
1.461394673585891812e+00
1.456158885359764232e+00
1.450904053449630915e+00
1.445631420612335294e+00
1.440381130576133817e+00
1.435156831145286693e+00
1.429924118518829612e+00
1.424670457839966042e+00
1.419408294558525352e+00
1.414157852530479653e+00
1.408921554684639199e+00
1.403674992918968467e+00
1.398424327373504861e+00
1.393199232220649897e+00
1.387976479530334650e+00
1.382759216427803306e+00
1.377542766928673057e+00
1.372341471910476951e+00
1.367094177007675437e+00
1.361827847361564814e+00
1.356571111083030967e+00
1.351334071159362882e+00
1.346078577637672691e+00
1.340841537714004605e+00
1.335626697540283292e+00
1.330414199829101696e+00
1.325189828872680886e+00
1.319977107644081382e+00
1.314745789766311734e+00
1.309490814805031045e+00
1.304238101840019315e+00
1.298985755443573087e+00
1.293740516901016324e+00
1.288491389155387967e+00
1.283241027593612804e+00
1.278003334999084695e+00
1.272790175676346003e+00
1.267581415176391779e+00
1.262347602844238414e+00
1.257094594836235313e+00
1.251846137642860679e+00
1.246616867184639155e+00
1.241392791271209939e+00
1.236134079098701655e+00
1.230876171588897838e+00
1.225612989068031400e+00
1.220335528254509194e+00
1.215078720450401439e+00
1.209835967421531766e+00
1.204560482501983776e+00
1.199262583255767955e+00
1.193964979052543729e+00
1.188699007034301980e+00
1.183424246311187922e+00
1.178144943714142023e+00
1.172855466604233010e+00
1.167569869756698742e+00
1.162288081645965754e+00
1.157010254263878046e+00
1.151743334531784235e+00
1.146496343612671165e+00
1.141259089112282021e+00
1.136040288209915428e+00
1.130851662158966153e+00
1.125680175423622309e+00
1.120505756139755338e+00
1.115320572257042064e+00
1.110144400596618786e+00
1.104975998401642068e+00
1.099814543128013744e+00
1.094659686088562234e+00
1.089493912458419977e+00
1.084330338239670066e+00
1.079223233461380271e+00
1.074104040861129983e+00
1.068975254893303140e+00
1.063868302106857566e+00
1.058773651719093545e+00
1.053670945763588218e+00
1.048554390668869241e+00
1.043444210290908947e+00
1.038284373283386408e+00
1.033146798610687478e+00
1.028026434779167442e+00
1.022892740368843256e+00
1.017723971605301037e+00
1.012550285458564847e+00
1.007378727197647317e+00
1.002197799086570917e+00
9.969808310270311669e-01
9.917366117239000411e-01
9.864992052316667870e-01
9.812675923109056564e-01
9.760047763586046088e-01
9.707347005605699852e-01
9.654644817113877675e-01
9.601832032203676537e-01
9.548716783523560903e-01
9.495631575584413397e-01
9.442478954792024037e-01
9.389031916856767079e-01
9.335313171148301725e-01
9.281700640916825673e-01
9.227870583534242277e-01
9.173754155635835961e-01
9.119573175907136342e-01
9.065502882003786400e-01
9.011189401149751754e-01
8.956877350807191940e-01
8.902571916580201972e-01
8.848070234060289030e-01
8.793452143669130416e-01
8.738642096519472213e-01
8.683842331171037765e-01
8.628923833370210073e-01
8.573808372020723656e-01
8.518447488546373458e-01
8.462962061166765526e-01
8.407703727483750722e-01
8.352419823408128163e-01
8.296943962574007125e-01
8.241238862276079047e-01
8.185338944196702826e-01
8.129680693149567983e-01
8.073739737272264128e-01
8.017517596483232367e-01
7.961355447769166149e-01
7.904991149902345082e-01
7.848258495330810991e-01
7.791438668966294001e-01
7.734510481357574907e-01
7.677365481853486440e-01
7.619598656892777599e-01
7.561523467302323498e-01
7.503684848546983144e-01
7.445610374212265903e-01
7.387523472309113215e-01
7.329302549362183283e-01
7.270793020725251354e-01
7.212424844503403376e-01
7.153421610593796443e-01
7.093891859054566318e-01
7.034123301506043369e-01
6.973971009254456010e-01
6.913402616977692983e-01
6.852813750505448720e-01
6.792091578245164074e-01
6.731049329042436691e-01
6.669739037752153710e-01
6.608144611120225775e-01
6.546213209629060392e-01
6.484178543090821645e-01
6.421995192766191130e-01
6.359624356031419179e-01
6.297177344560624945e-01
6.234647542238237472e-01
6.172141879796984032e-01
6.109527856111528488e-01
6.046702116727831200e-01
5.983932077884676071e-01
5.921424984931947799e-01
5.859028488397599599e-01
5.796484827995301847e-01
5.733918458223344894e-01
5.671305239200593595e-01
5.608793765306474555e-01
5.546255201101304433e-01
5.483572334051134423e-01
5.420898228883744840e-01
5.358392655849458786e-01
5.295994013547898893e-01
5.233493536710740468e-01
5.170919030904771452e-01
5.108529865741731069e-01
5.046198636293413031e-01
4.983885645866396041e-01
4.921606361865998869e-01
4.859354168176652777e-01
4.797359824180604804e-01
4.735484838485719550e-01
4.673553436994554167e-01
4.611460924148561569e-01
4.549324512481691118e-01
4.487210720777513595e-01
4.425010472536088924e-01
4.362693101167680609e-01
4.300353020429613093e-01
4.238231182098390337e-01
4.176215559244157438e-01
4.114118576049806686e-01
4.051894187927247981e-01
3.989697605371477218e-01
3.927604377269746649e-01
3.865420311689378718e-01
3.803258955478669989e-01
3.741320222616197344e-01
3.679638624191285956e-01
3.618065387010576117e-01
3.556317090988160845e-01
3.494520425796510676e-01
3.432785362005235652e-01
3.371071487665178168e-01
3.309252917766573043e-01
3.247354507446290617e-01
3.185603260993959407e-01
3.123972088098527777e-01
3.062313914299013007e-01
3.000589847564699153e-01
2.938922196626664873e-01
2.877374529838563899e-01
2.815824002027513262e-01
2.754216343164446190e-01
2.692748516798021408e-01
2.631704121828081222e-01
2.570431202650072522e-01
2.509313583374025436e-01
2.448096990585329480e-01
2.387032747268678923e-01
2.326313436031343662e-01
2.265290945768358433e-01
2.204515308141710705e-01
2.143951296806337614e-01
2.083387374877931908e-01
2.022937625646593907e-01
1.962641030550005827e-01
1.902360528707506826e-01
1.842213332653048208e-01
1.782368600368502420e-01
1.722772866487505827e-01
1.663389563560488393e-01
1.604095667600634323e-01
1.544821441173556686e-01
1.485618293285372871e-01
1.426545590162280330e-01
1.367427378892901724e-01
1.308270364999774282e-01
1.249117821455004995e-01
1.190201848745349594e-01
1.131348818540576645e-01
1.072378665208820053e-01
1.013237029314045107e-01
9.541173875331922238e-02
8.952079415321398392e-02
8.363189697265682732e-02
7.773787677288122866e-02
7.185784876346675010e-02
6.598990857601254312e-02
6.015111505985348828e-02
5.431899130344479409e-02
4.847558438778012263e-02
4.263546764850704995e-02
3.682150244712918685e-02
3.102556169033139286e-02
2.521511018276303279e-02
1.938971877098172314e-02
1.356198489666073960e-02
7.745453715325289687e-03
1.932883262635165609e-03
-3.897488117217129400e-03
-9.738186001776760400e-03
-1.556862890720278614e-02
-2.135029137134463254e-02
-2.714741230010897510e-02
-3.293918669223696444e-02
-3.870356678962618563e-02
-4.448683857917697104e-02
-5.024089217185885581e-02
-5.600856244563967579e-02
-6.179249584674746665e-02
-6.757020652294069840e-02
-7.330748736858279380e-02
-7.902609109878451499e-02
-8.474792242050081803e-02
-9.046360254287630354e-02
-9.615525901317507895e-02
-1.018525481224051149e-01
-1.075760602951040951e-01
-1.133128225803366751e-01
-1.190291553735724622e-01
-1.247367709875098346e-01
-1.304454863071433657e-01
-1.361315011978141420e-01
-1.417780339717857052e-01
-1.474262565374366840e-01
-1.530783504247657800e-01
-1.587116241455070464e-01
-1.643394798040382354e-01
-1.699784755706779948e-01
-1.756155669689171417e-01
-1.812409281730644750e-01
-1.868502587079995114e-01
-1.924420118331902629e-01
-1.980209350585930839e-01
-2.036044806241982530e-01
-2.092014282941812020e-01
-2.147895872592919808e-01
-2.203732758760446053e-01
-2.259680241346352925e-01
-2.315654814243310877e-01
-2.371610343456262426e-01
-2.427305161952966750e-01
-2.482934802770608851e-01
-2.538694798946375397e-01
-2.594467222690576835e-01
-2.650202363729471378e-01
-2.705801248550409599e-01
-2.761446267366404195e-01
-2.817226022481913450e-01
-2.873038768768305662e-01
-2.928758531808848264e-01
-2.984321564435953866e-01
-3.039868414402003838e-01
-3.095513433217997878e-01
-3.151337981224055507e-01
-3.207054704427714786e-01
-3.262612551450724818e-01
-3.318156540393825127e-01
-3.373803079128261384e-01
-3.429404109716411297e-01
-3.484767228364940572e-01
-3.539963245391841706e-01
-3.595249384641643342e-01
-3.650671780109401299e-01
-3.706142455339427877e-01
-3.761539191007610694e-01
-3.817079514265057094e-01
-3.872777283191677355e-01
-3.928521901369091407e-01
-3.984086364507671840e-01
-4.039428204298015634e-01
-4.094772905111309091e-01
-4.150270670652386196e-01
-4.205945730209347255e-01
-4.261626690626140745e-01
-4.317229241132732875e-01
-4.372917443513866798e-01
-4.428779989480968737e-01
-4.484660863876339110e-01
-4.540276557207104102e-01
-4.595730423927303354e-01
-4.651212811470027964e-01
-4.707025557756420175e-01
-4.762549787759778330e-01
-4.818156719207761229e-01
-4.873920381069180574e-01
-4.929472416639325560e-01
-4.985397905111310091e-01
-5.041244357824322675e-01
-5.096794873476026000e-01
-5.152317583560941383e-01
-5.208096623420712667e-01
-5.264020681381222921e-01
-5.319872945547101661e-01
-5.375660032033917624e-01
-5.431732773780819645e-01
-5.487953484058377684e-01
-5.543945670127865544e-01
-5.599832445383069457e-01
-5.655781358480450605e-01
-5.711788922548290959e-01
-5.767658799886701271e-01
-5.823588669300077125e-01
-5.879725873470303954e-01
-5.935833036899563764e-01
-5.991966575384137794e-01
-6.048290550708768087e-01
-6.104592531919477150e-01
-6.160666704177854003e-01
-6.216781914234158490e-01
-6.272996813058850929e-01
-6.329226285219189396e-01
-6.385428667068479003e-01
-6.441536635160443058e-01
-6.497711211442945833e-01
-6.553864508867262018e-01
-6.610000282526014015e-01
-6.666079640388486993e-01
-6.722001552581785555e-01
-6.777906566858289406e-01
-6.833872377872465265e-01
-6.889893800020215897e-01
-6.945826619863508800e-01
-7.001604944467543223e-01
-7.057438254356382945e-01
-7.113363742828366920e-01
-7.169244617223737848e-01
-7.224908679723738292e-01
-7.280462861061094415e-01
-7.336063891649244884e-01
-7.391746282577512650e-01
-7.447512894868848488e-01
-7.503141820430754283e-01
-7.558666676282881358e-01
-7.614227384328839943e-01
-7.669958859682081131e-01
-7.725436866283414972e-01
-7.780906111001966163e-01
-7.836429536342619517e-01
-7.891770571470259066e-01
-7.947036862373350052e-01
-8.002522200345991710e-01
-8.057968735694883700e-01
-8.113066583871839654e-01
-8.168092012405393509e-01
-8.223509222269056451e-01
-8.278614401817320223e-01
-8.333684533834455621e-01
-8.388682067394255260e-01
-8.443769007921216874e-01
-8.499025106430051490e-01
-8.554277539253233309e-01
-8.609512448310849830e-01
-8.664772212505338356e-01
-8.720236986875532503e-01
-8.775802165269850352e-01
-8.831256031990049049e-01
-8.886467427015303233e-01
-8.941662728786466952e-01
-8.996967196464537020e-01
-9.052348554134367342e-01
-9.107763618230817482e-01
-9.163210868835447442e-01
-9.218864649534224132e-01
-9.274573326110837623e-01
-9.330308377742765336e-01
-9.385946780443189530e-01
-9.441585987806317970e-01
-9.497319608926770851e-01
-9.553146302700040726e-01
-9.608908444643018409e-01
-9.664846450090406327e-01
-9.720960229635237093e-01
-9.777191936969755748e-01
-9.833381086587904552e-01
-9.889426738023756602e-01
-9.945495098829267855e-01
-1.000158250331878440e+00
-1.005760106444358648e+00
-1.011363500356674106e+00
-1.016963666677474842e+00
-1.022571897506713734e+00
-1.028201809525489674e+00
-1.033828350901603521e+00
-1.039453640580177085e+00
-1.045082086324691684e+00
-1.050716021656989962e+00
-1.056361168622970359e+00
-1.062011215090751470e+00
-1.067657524347305209e+00
-1.073314526677131564e+00
-1.078986692428588690e+00
-1.084656077623367132e+00
-1.090329557657241599e+00
-1.096015644073486062e+00
-1.101701954007148654e+00
-1.107397776842117043e+00
-1.113094475865363808e+00
-1.118797773122787387e+00
-1.124513006210327015e+00
-1.130217474699020119e+00
-1.135917767882346885e+00
-1.141618427634238930e+00
-1.147324290871619912e+00
-1.153040328621864230e+00
-1.158771020174026223e+00
-1.164523017406463357e+00
-1.170303285121917503e+00
-1.176117545366287098e+00
-1.181932976841926441e+00
-1.187737786769866855e+00
-1.193539512157439919e+00
-1.199363437294959756e+00
-1.205196669697761402e+00
-1.211021256446838112e+00
-1.216845914721488731e+00
-1.222710931301116855e+00
-1.228598505258559959e+00
-1.234483513236045660e+00
-1.240389031171798440e+00
-1.246306708455085621e+00
-1.252214130759238930e+00
-1.258130851387977422e+00
-1.264082583785056890e+00
-1.270043104887008445e+00
-1.275988543033599765e+00
-1.281981152296066018e+00
-1.287958812713622780e+00
-1.293944019079208196e+00
-1.299942556023597540e+00
-1.305945482850074502e+00
-1.311949580907821433e+00
-1.317942252755164967e+00
-1.323925259709358038e+00
-1.329900211095809803e+00
-1.335867330431937949e+00
-1.341828361153602378e+00
-1.347797751426696555e+00
-1.353762966394424172e+00
-1.359734332561492787e+00
-1.365705332159995899e+00
-1.371678155660629006e+00
-1.377640661597251626e+00
-1.383592465519905002e+00
-1.389537170529365318e+00
-1.395485094189643727e+00
-1.401439321041106911e+00
-1.407376408576965110e+00
-1.413306906819343345e+00
-1.419244799017906011e+00
-1.425195512175559731e+00
-1.431127539277076588e+00
-1.437035328149795399e+00
-1.442937770485877902e+00
-1.448853766918182240e+00
-1.454766312241554171e+00
-1.460654038190841497e+00
-1.466531795263290139e+00
-1.472420388460159213e+00
-1.478324663639068337e+00
-1.484224182367324563e+00
-1.490118345618247853e+00
-1.495991998910903842e+00
-1.501893261075019748e+00
-1.507793217897414939e+00
-1.513647022843360723e+00
-1.519510135054588096e+00
-1.525367534160613880e+00
-1.531219291687011541e+00
-1.537058237195014776e+00
-1.542911970615386874e+00
-1.548736262321471990e+00
-1.554557326436042608e+00
-1.560424837470054449e+00
-1.566246420145034568e+00
-1.572057381272315757e+00
-1.577873036265373008e+00
-1.583685177564620794e+00
-1.589488664269447238e+00
-1.595283514261245594e+00
-1.601094546914100247e+00
-1.606914377212524059e+00
-1.612747019529342296e+00
-1.618593868613242837e+00
-1.624425196647643732e+00
-1.630216604471206310e+00
-1.635991901159286055e+00
-1.641752919554710033e+00
-1.647489100694655928e+00
-1.653203386068343717e+00
-1.658908873796462569e+00
-1.664606243371963057e+00
-1.670302209258079262e+00
-1.676001617312431025e+00
-1.681683599948882613e+00
-1.687337088584899503e+00
-1.692971971631049843e+00
-1.698585763573646101e+00
-1.704192090034484464e+00
-1.709795045852660733e+00
-1.715400853753089594e+00
-1.721005052328109297e+00
-1.726604199409484508e+00
-1.732210892438888150e+00
-1.737816995382308605e+00
-1.743391823768615456e+00
-1.748940652608871105e+00
-1.754495194554328563e+00
-1.760056325793265986e+00
-1.765610867738723444e+00
-1.771139481663703608e+00
-1.776664286851882490e+00
-1.782205793261527615e+00
-1.787750446796416925e+00
-1.793281769752502086e+00
-1.798802247643470409e+00
-1.804319953918456676e+00
-1.809828639030456099e+00
-1.815339380502700495e+00
-1.820832616090774181e+00
-1.826319333910941811e+00
-1.831801590323447915e+00
-1.837293940782546597e+00
-1.842782634496688443e+00
-1.848264372348785045e+00
-1.853726923465728316e+00
-1.859179067611693936e+00
-1.864642414450645047e+00
-1.870112287998199063e+00
-1.875576448440551491e+00
-1.881030130386352139e+00
-1.886493119597434598e+00
-1.891962993144988614e+00
-1.897425830364226851e+00
-1.902864572405814858e+00
-1.908303904533385831e+00
-1.913749530911445174e+00
-1.919203659892081859e+00
-1.924653685092925670e+00
-1.930088627338409024e+00
-1.935526636242866250e+00
-1.940961864590644570e+00
-1.946415850520133661e+00
-1.951840975880622553e+00
-1.957246977090835172e+00
-1.962676644325255904e+00
-1.968084844946860867e+00
-1.973495164513587641e+00
-1.978912010788917097e+00
-1.984341016411780956e+00
-1.989735966920852306e+00
-1.995148423314094144e+00
-2.000578019022941412e+00
-2.005968418717384072e+00
-2.011372658610343755e+00
-2.016777998208999279e+00
-2.022167012095450911e+00
-2.027563714981078569e+00
-2.032970896363258007e+00
-2.038369655609130415e+00
-2.043754574656486245e+00
-2.049150034785270247e+00
-2.054548275470733376e+00
-2.059932452440261574e+00
-2.065311792492866338e+00
-2.070712304115295055e+00
-2.076127317547797890e+00
-2.081539621949195507e+00
-2.086947312951087596e+00
-2.092362764477729620e+00
-2.097780486941337230e+00
-2.103208902478217901e+00
-2.108638498187064947e+00
-2.114058053493499401e+00
-2.119480246305465165e+00
-2.124918559193610612e+00
-2.130372759699821206e+00
-2.135831207036971602e+00
-2.141287159919738503e+00
-2.146732205152511064e+00
-2.152180039882659379e+00
-2.157634750008582625e+00
-2.163086456060409279e+00
-2.168518099188804449e+00
-2.173935088515281500e+00
-2.179344540834426525e+00
-2.184742709994315746e+00
-2.190133476257323686e+00
-2.195524179935454789e+00
-2.200914874672889265e+00
-2.206315681338309798e+00
-2.211715102195739302e+00
-2.217115390300750555e+00
-2.222517439723014299e+00
-2.227907776832580122e+00
-2.233285292983054671e+00
-2.238645303249358953e+00
-2.244030803442000899e+00
-2.249420398473739091e+00
-2.254802528023719610e+00
-2.260161805152892889e+00
-2.265534260869025651e+00
-2.270900422334670488e+00
-2.276255819201469244e+00
-2.281581112742423478e+00
-2.286886343359946672e+00
-2.292196696996688488e+00
-2.297491377592086437e+00
-2.302742400765418473e+00
-2.307985877990722301e+00
-2.313219475746154608e+00
-2.318434539437293829e+00
-2.323613786697387162e+00
-2.328763082623481306e+00
-2.333956912159919295e+00
-2.339150294661521468e+00
-2.344315773248672130e+00
-2.349460080265998396e+00
-2.354597145318984452e+00
-2.359718894958495738e+00
-2.364808127284049544e+00
-2.369877368211745772e+00
-2.374922066926955733e+00
-2.379964646697044106e+00
-2.385018214583396468e+00
-2.390058666467666182e+00
-2.395099118351935896e+00
-2.400154733657836381e+00
-2.405204421281814220e+00
-2.410231176018714727e+00
-2.415234568715095342e+00
-2.420204710960387917e+00
-2.425174701213836492e+00
-2.430150708556174877e+00
-2.435119751095771612e+00
-2.440086746215819780e+00
-2.445072481036185685e+00
-2.450053387880324784e+00
-2.455035689473151983e+00
-2.460020333528518233e+00
-2.464999479055404397e+00
-2.469967493414878312e+00
-2.474928480386733742e+00
-2.479891076683997664e+00
-2.484856900572776528e+00
-2.489820301532744917e+00
-2.494780483841895879e+00
-2.499756696820258917e+00
-2.504747420549392256e+00
-2.509739172458648415e+00
-2.514730414748191478e+00
-2.519710078835486922e+00
-2.524682778120040716e+00
-2.529660689830779852e+00
-2.534639987349510015e+00
-2.539614152908324929e+00
-2.544582390785216752e+00
-2.549550995230674300e+00
-2.554519751667975846e+00
-2.559496554732322515e+00
-2.564469325542449774e+00
-2.569429436326026384e+00
-2.574385666847228471e+00
-2.579357051849364701e+00
-2.584347704052924577e+00
-2.589357024431228282e+00
-2.594394177198409590e+00
-2.599444741010665361e+00
-2.604490467905997697e+00
-2.609534513950347634e+00
-2.614586320519447060e+00
-2.619652190804480973e+00
-2.624720036983489546e+00
-2.629776903986930314e+00
-2.634847682714462014e+00
-2.639949807524680558e+00
-2.645078003406524214e+00
-2.650192287564277382e+00
-2.655294564366340371e+00
-2.660413971543311717e+00
-2.665563330054282698e+00
-2.670705080032348189e+00
-2.675848224759101335e+00
-2.680999496579169694e+00
-2.686196911334991277e+00
-2.691448596119880410e+00
-2.696704965829848977e+00
-2.701963239908217851e+00
-2.707258573174476268e+00
-2.712579548358916792e+00
-2.717919853329658242e+00
-2.723278620839118425e+00
-2.728686454892158331e+00
-2.734134870767593206e+00
-2.739576831459998640e+00
-2.745025685429572704e+00
-2.750505742430686684e+00
-2.756013926863670083e+00
-2.761533161997794750e+00
-2.767072030901908342e+00
-2.772649425268173040e+00
-2.778269663453101668e+00
-2.783926522731780651e+00
-2.789602568745612743e+00
-2.795275396108626964e+00
-2.800985354185104192e+00
-2.806709161400794628e+00
-2.812422937154769542e+00
-2.818143293261527571e+00
-2.823881745338439497e+00
-2.829649201035499217e+00
-2.835464480519294561e+00
-2.841284230351447615e+00
-2.847092553973197493e+00
-2.852925491333007546e+00
-2.858778277039527360e+00
-2.864637652039527360e+00
-2.870507496595382513e+00
-2.876375946402549566e+00
-2.882261168956756325e+00
-2.888165587186812822e+00
-2.894077113270759227e+00
-2.899986806511878790e+00
-2.905889177322387162e+00
-2.911806121468543562e+00
-2.917743575572967263e+00
-2.923678821325301769e+00
-2.929574969410896124e+00
-2.935487371683120461e+00
-2.941423431038856062e+00
-2.947340589761733742e+00
-2.953266617655753823e+00
-2.959195792675017866e+00
-2.965133970975875499e+00
-2.971077576279639754e+00
-2.977059412002563299e+00
-2.983052968978881392e+00
-2.989034652709960493e+00
-2.995054647326468977e+00
-3.001078379154205056e+00
-3.007072159647941056e+00
-3.013093987107276384e+00
-3.019105774164199563e+00
-3.025099840760230752e+00
-3.031112432479857954e+00
-3.037105041742324651e+00
-3.043076550960540416e+00
-3.049076992273330511e+00
-3.055080509185790660e+00
-3.061053922772407176e+00
-3.067028802633285256e+00
-3.073004406690597268e+00
-3.078953215479850236e+00
-3.084912413358687822e+00
-3.090892264246940080e+00
-3.096856889128684731e+00
-3.102799028158187422e+00
-3.108776250481604997e+00
-3.114760576188563945e+00
-3.120722930133342565e+00
-3.126701109111308607e+00
-3.132663610577583135e+00
-3.138621641695499065e+00
-3.144576673209666939e+00
-3.150511999428271981e+00
-3.156422859430312755e+00
-3.162331967055797222e+00
-3.168257190287112834e+00
-3.174163293838500710e+00
-3.180033290386199418e+00
-3.185877797007560464e+00
-3.191700917482375832e+00
-3.197493863105773659e+00
-3.203264465928076898e+00
-3.208992153406142300e+00
-3.214695084095000599e+00
-3.220386365056037370e+00
-3.226075522601603573e+00
-3.231749668717383450e+00
-3.237415754795073930e+00
-3.243054741621016923e+00
-3.248652569949626034e+00
-3.254203450679778342e+00
-3.259715881943701987e+00
-3.265202523767947618e+00
-3.270656433701514487e+00
-3.276097299158572618e+00
-3.281507623195647483e+00
-3.286895908415316647e+00
-3.292266540229319638e+00
-3.297606116533278620e+00
-3.302915813028811876e+00
-3.308192621171473835e+00
-3.313447524607180839e+00
-3.318671010434626645e+00
-3.323853404819964830e+00
-3.328990174829959070e+00
-3.334095084667205278e+00
-3.339177142083644245e+00
-3.344232247769832078e+00
-3.349266333878039514e+00
-3.354295359551906053e+00
-3.359326879680156086e+00
-3.364364331960677301e+00
-3.369377903640269345e+00
-3.374358591437339072e+00
-3.379318702220916126e+00
-3.384293824434279507e+00
-3.389221780002116269e+00
-3.394100365042685752e+00
-3.398995727300643033e+00
-3.403884495794772480e+00
-3.408755543828009937e+00
-3.413586819171904985e+00
-3.418391652405261105e+00
-3.423146314918994015e+00
-3.427875487506388819e+00
-3.432602174580096310e+00
-3.437266379594801968e+00
-3.441904294490813587e+00
-3.446544918417929981e+00
-3.451135300099848813e+00
-3.455710008740424222e+00
-3.460270653665065144e+00
-3.464793068170546775e+00
-3.469323900341986899e+00
-3.473843748867511128e+00
-3.478294235467910056e+00
-3.482718718051909690e+00
-3.487149132788180506e+00
-3.491553476452826654e+00
-3.495924936234950486e+00
-3.500291121006011252e+00
-3.504634681344031666e+00
-3.508932684361933951e+00
-3.513206292688845878e+00
-3.517469498515128468e+00
-3.521667227149008816e+00
-3.525835143029689256e+00
-3.530005624890326654e+00
-3.534133920073508683e+00
-3.538255035877226895e+00
-3.542360921204089408e+00
-3.546444244682787961e+00
-3.550500907003878659e+00
-3.554530765116214130e+00
-3.558541069924830769e+00
-3.562538848817347947e+00
-3.566550472378730241e+00
-3.570563410222529654e+00
-3.574572248756884729e+00
-3.578566071391104941e+00
-3.582559308409690058e+00
-3.586540019512175714e+00
-3.590517878532408780e+00
-3.594505473971365994e+00
-3.598490217328071061e+00
-3.602461773157119129e+00
-3.606435747444629136e+00
-3.610407231748103296e+00
-3.614372859895228718e+00
-3.618342292308806663e+00
-3.622314947843551014e+00
-3.626293464004992639e+00
-3.630292852222918754e+00
-3.634304109215735767e+00
-3.638310238718985623e+00
-3.642314168810843800e+00
-3.646321174502372031e+00
-3.650336897373198664e+00
-3.654367193579672879e+00
-3.658395880460738603e+00
-3.662441121041774217e+00
-3.666502548754214441e+00
-3.670566613972186421e+00
-3.674644300341605607e+00
-3.678734879195689533e+00
-3.682829119265078610e+00
-3.686930757761000876e+00
-3.691047188639640098e+00
-3.695157173275946949e+00
-3.699245405197142844e+00
-3.703334003686904019e+00
-3.707422383129595822e+00
-3.711514128744601404e+00
-3.715606169402598802e+00
-3.719696453213690912e+00
-3.723790469765662525e+00
-3.727888076007365381e+00
-3.732005825638770258e+00
-3.736138005554675345e+00
-3.740268129110335682e+00
-3.744403089582919453e+00
-3.748542520403861378e+00
-3.752711173892020469e+00
-3.756894038617610398e+00
-3.761077779531478260e+00
-3.765251122415064877e+00
-3.769430249929427212e+00
-3.773611719906329487e+00
-3.777853834629058216e+00
-3.782115283608435963e+00
-3.786386916041373674e+00
-3.790694141387938920e+00
-3.795033007860182828e+00
-3.799365575611590717e+00
-3.803693825006484452e+00
-3.808046898245810663e+00
-3.812423923611640397e+00
-3.816777953505515519e+00
-3.821141724288462882e+00
-3.825516045093535489e+00
-3.829899440705775593e+00
-3.834288111329077875e+00
-3.838670849800108975e+00
-3.843039819598197404e+00
-3.847432008385657465e+00
-3.851860523223876065e+00
-3.856290723383426045e+00
-3.860717409849166337e+00
-3.865153104066847867e+00
-3.869596634805201774e+00
-3.874028006196021501e+00
-3.878435868024825428e+00
-3.882880203425883359e+00
-3.887347538769244437e+00
-3.891798758506774369e+00
-3.896220313012599412e+00
-3.900630664825438743e+00
-3.905061084032058094e+00
-3.909498387575149003e+00
-3.913944922387599057e+00
-3.918395189940928613e+00
-3.922855783998965506e+00
-3.927315425872802024e+00
-3.931760932505130146e+00
-3.936194355785846088e+00
-3.940612763166426724e+00
-3.945013150572775906e+00
-3.949402040243148004e+00
-3.953788658976554071e+00
-3.958168983459471768e+00
-3.962550255656241749e+00
-3.966936436295508628e+00
-3.971321669220923667e+00
-3.975712534785269980e+00
-3.980094102025031333e+00
-3.984471569955348347e+00
-3.988841420412062799e+00
-3.993200063705443448e+00
-3.997552698850630915e+00
-4.001908338069915416e+00
-4.006251674890517478e+00
-4.010590541362761385e+00
-4.014934097230433707e+00
-4.019284023344516399e+00
-4.023638124763964541e+00
-4.027999843657015688e+00
-4.032363685965536959e+00
-4.036708194017409213e+00
-4.041050940752028531e+00
-4.045390906929968722e+00
-4.049703407287596590e+00
-4.053999277949332125e+00
-4.058287754654883450e+00
-4.062573374807834092e+00
-4.066862875223159257e+00
-4.071135312318800992e+00
-4.075399765372275773e+00
-4.079656529426573641e+00
-4.083900544047354586e+00
-4.088136436045169297e+00
-4.092355479300021415e+00
-4.096570713818072917e+00
-4.100768370926379802e+00
-4.104952107369898684e+00
-4.109123031795023806e+00
-4.113288533687590842e+00
-4.117465242743491238e+00
-4.121665975451469066e+00
-4.125830449163912839e+00
-4.129995732009410503e+00
-4.134181082248686856e+00
-4.138357719779014232e+00
-4.142523007094859544e+00
-4.146703305840491183e+00
-4.150918316841124778e+00
-4.155141754448413494e+00
-4.159383431077002591e+00
-4.163680110871791129e+00
-4.167997148633002524e+00
-4.172343266010283713e+00
-4.176706232130526608e+00
-4.181081281602382127e+00
-4.185484820604323808e+00
-4.189930988848209026e+00
-4.194395686686037905e+00
-4.198865731060504203e+00
-4.203370273113249844e+00
-4.207903742790221280e+00
-4.212467610836028165e+00
-4.217049127817153575e+00
-4.221652764081953890e+00
-4.226291483640670421e+00
-4.230925737321376445e+00
-4.235571707785128481e+00
-4.240258474647998099e+00
-4.244984357059001567e+00
-4.249731549620627824e+00
-4.254492291808127824e+00
-4.259279766678809587e+00
-4.264087894558906022e+00
-4.268899026513098605e+00
-4.273728983104228440e+00
-4.278593584895133084e+00
-4.283499859273432797e+00
-4.288436089456080680e+00
-4.293400228023528165e+00
-4.298401206731795376e+00
-4.303428041934965975e+00
-4.308471792936324540e+00
-4.313534949719905143e+00
-4.318634146451949540e+00
-4.323757581412791318e+00
-4.328898593783377713e+00
-4.334041148424147671e+00
-4.339207874238490525e+00
-4.344414658844470090e+00
-4.349664729833602195e+00
-4.354935896396636252e+00
-4.360222592949866360e+00
-4.365528842806815746e+00
-4.370868048071860912e+00
-4.376232890784740093e+00
-4.381620728969573442e+00
-4.387020216882228318e+00
-4.392448998987673825e+00
-4.397897629439830425e+00
-4.403363984823226218e+00
-4.408849750459193473e+00
-4.414355954527854564e+00
-4.419895480573176272e+00
-4.425469285249709728e+00
-4.431062205135821941e+00
-4.436674463748930819e+00
-4.442311546206473949e+00
-4.447972656786441270e+00
-4.453653101623057609e+00
-4.459358079731464031e+00
-4.465085400640964153e+00
-4.470836673676966910e+00
-4.476611451804637376e+00
-4.482411424815653689e+00
-4.488249485194682364e+00
-4.494128265976905290e+00
-4.500038325786589688e+00
-4.505942744016646628e+00
-4.511875213682650987e+00
-4.517831487953662517e+00
-4.523763081431388500e+00
-4.529724559187888744e+00
-4.535711084306239371e+00
-4.541668386757373277e+00
-4.547640553116798046e+00
-4.553630591928958360e+00
-4.559596092998980943e+00
-4.565549291670321530e+00
-4.571504394710062869e+00
-4.577412402629851940e+00
-4.583334107697009330e+00
-4.589277346432208304e+00
-4.595199708640574698e+00
-4.601140457391737826e+00
-4.607107643783091788e+00
-4.613068388402461473e+00
-4.619018216431140189e+00
-4.624961817264556352e+00
-4.630897143483161393e+00
-4.636833059787749178e+00
-4.642762015759943850e+00
-4.648671704530714877e+00
-4.654585134983062034e+00
-4.660521927475928194e+00
-4.666477397084235257e+00
-4.672426053881644670e+00
-4.678365626931189958e+00
-4.684296268224715121e+00
-4.690227271616458360e+00
-4.696155565977095492e+00
-4.702069582045077745e+00
-4.707984036207198741e+00
-4.713910283148288194e+00
-4.719857844710348971e+00
-4.725801964104174857e+00
-4.731733481585978396e+00
-4.737652625143526919e+00
-4.743566784262656100e+00
-4.749466589093207958e+00
-4.755340979993342820e+00
-4.761196617782115226e+00
-4.767055335640906222e+00
-4.772923427820204623e+00
-4.778765368461607821e+00
-4.784591788053512040e+00
-4.790402311086653597e+00
-4.796218328177928036e+00
-4.802031412720679349e+00
-4.807837541401385195e+00
-4.813623379170893557e+00
-4.819408926367758639e+00
-4.825200772285461071e+00
-4.830989100039004391e+00
-4.836759412288665239e+00
-4.842506362497806194e+00
-4.848241153359412081e+00
-4.853974920511245017e+00
-4.859692205488681083e+00
-4.865399749577044908e+00
-4.871094915270804293e+00
-4.876789566874503379e+00
-4.882486636936663515e+00
-4.888174480199813488e+00
-4.893848259747027640e+00
-4.899510541558265153e+00
-4.905161468684672954e+00
-4.910800021886824851e+00
-4.916435275971888785e+00
-4.922078071534633281e+00
-4.927720871567725425e+00
-4.933357587456702831e+00
-4.938991303741930849e+00
-4.944624358415603105e+00
-4.950253023207187297e+00
-4.955860078334807461e+00
-4.961435787379740781e+00
-4.967000070214270480e+00
-4.972590938210486478e+00
-4.978177778422831601e+00
-4.983751069009302981e+00
-4.989349702000617448e+00
-4.994928486645220822e+00
-5.000491960346698406e+00
-5.006079533696174089e+00
-5.011640155315398637e+00
-5.017159537971019212e+00
-5.022703677415846890e+00
-5.028247964382170920e+00
-5.033787199854850236e+00
-5.039349506795405276e+00
-5.044893208146094210e+00
-5.050422479212283378e+00
-5.055960029363631314e+00
-5.061468423902987901e+00
-5.066946648061274594e+00
-5.072431461513041917e+00
-5.077918326854705455e+00
-5.083392228186129458e+00
-5.088857926428317136e+00
-5.094310146570204978e+00
-5.099766398966311343e+00
-5.105227921903132682e+00
-5.110679851472377244e+00
-5.116115008294581656e+00
-5.121532730758189267e+00
-5.126947525143622286e+00
-5.132362176477908378e+00
-5.137779974937438432e+00
-5.143191255629061764e+00
-5.148592719435691301e+00
-5.153983999788760428e+00
-5.159374479949473624e+00
-5.164753310382365292e+00
-5.170113977789878135e+00
-5.175465928018092576e+00
-5.180807185173033957e+00
-5.186131817102431540e+00
-5.191446270048617251e+00
-5.196754643321036760e+00
-5.202063821256159848e+00
-5.207373218238353196e+00
-5.212682691216468100e+00
-5.217987403273581570e+00
-5.223302151262759097e+00
-5.228616090118884507e+00
-5.233924977481364316e+00
-5.239221557974814480e+00
-5.244509059190749056e+00
-5.249798464775084383e+00
-5.255086332559584683e+00
-5.260368849337099917e+00
-5.265647047758101884e+00
-5.270932206511496965e+00
-5.276230695843695528e+00
-5.281532846391200131e+00
-5.286810387670993094e+00
-5.292093347012995608e+00
-5.297369422018527452e+00
-5.302626891434192302e+00
-5.307909122109412792e+00
-5.313179336488246030e+00
-5.318407216668128434e+00
-5.323659853637217942e+00
-5.328917028009890977e+00
-5.334168784320353573e+00
-5.339440022408961539e+00
-5.344705766439437511e+00
-5.349930351972579601e+00
-5.355165706574916307e+00
-5.360403327643870952e+00
-5.365611068904398984e+00
-5.370814630389213029e+00
-5.376034678518771592e+00
-5.381225499510764010e+00
-5.386450085043906100e+00
-5.391698913276194993e+00
-5.396915367245673778e+00
-5.402120251953601127e+00
-5.407341542840002901e+00
-5.412534853816032054e+00
-5.417711539566516521e+00
-5.422892543673514254e+00
-5.428049014508723680e+00
-5.433192959427833202e+00
-5.438350158929823763e+00
-5.443520545959471768e+00
-5.448680458962916973e+00
-5.453834734857081479e+00
-5.458981683850288036e+00
-5.464128628373145169e+00
-5.469268469512462261e+00
-5.474391980469226482e+00
-5.479497180879115525e+00
-5.484606266021727627e+00
-5.489722745120524827e+00
-5.494848527014254636e+00
-5.499972547590731509e+00
-5.505095401406287614e+00
-5.510211294889449718e+00
-5.515324331820010251e+00
-5.520441982150076754e+00
-5.525554800033568803e+00
-5.530644470453261796e+00
-5.535717515647410991e+00
-5.540792027115821305e+00
-5.545858778059481686e+00
-5.550914026796816891e+00
-5.555958434939383572e+00
-5.561004014313220445e+00
-5.566049084067343777e+00
-5.571094591915606742e+00
-5.576128306984900362e+00
-5.581164002418517178e+00
-5.586204825341701152e+00
-5.591247695684431918e+00
-5.596292912960051602e+00
-5.601347504556178691e+00
-5.606404657661913760e+00
-5.611473751068114524e+00
-5.616536469757556382e+00
-5.621597507596015397e+00
-5.626663082838057939e+00
-5.631727853417396013e+00
-5.636789619922637051e+00
-5.641851752996443814e+00
-5.646922674775122886e+00
-5.652006489038466697e+00
-5.657099530100821561e+00
-5.662174627184866971e+00
-5.667243058979510195e+00
-5.672300140559672244e+00
-5.677345867455004580e+00
-5.682378701865672177e+00
-5.687401576340198162e+00
-5.692433387041091031e+00
-5.697504965960979106e+00
-5.702572003006934231e+00
-5.707653398811816103e+00
-5.712754938006399996e+00
-5.717826369404791720e+00
-5.722898466885089519e+00
-5.727993850409983878e+00
-5.733051513135432486e+00
-5.738101272284984233e+00
-5.743162676692008084e+00
-5.748198077082633084e+00
-5.753222636878489560e+00
-5.758275319635867362e+00
-5.763313357532023673e+00
-5.768332646787166063e+00
-5.773367461562155967e+00
-5.778372982144355241e+00
-5.783333674073218411e+00
-5.788305278122424014e+00
-5.793244288861751023e+00
-5.798158109188078946e+00
-5.803092435002326077e+00
-5.808029179275035148e+00
-5.812934501469134929e+00
-5.817849783599376323e+00
-5.822769826650619152e+00
-5.827676686644553072e+00
-5.832590506970881883e+00
-5.837500075995921023e+00
-5.842389796674250846e+00
-5.847258788347243552e+00
-5.852136130630968935e+00
-5.857017210125922801e+00
-5.861885325610637132e+00
-5.866732640564441326e+00
-5.871560621261595614e+00
-5.876370143890380149e+00
-5.881174315512179618e+00
-5.885965013504027787e+00
-5.890734910964964932e+00
-5.895480489730834606e+00
-5.900208567082881217e+00
-5.904920676350593034e+00
-5.909619235992431108e+00
-5.914319480955599673e+00
-5.919001048803329113e+00
-5.923670823872088320e+00
-5.928359937667845969e+00
-5.933060035109519070e+00
-5.937750467658042375e+00
-5.942437967658042552e+00
-5.947133009135722403e+00
-5.951834349334239604e+00
-5.956516431272029344e+00
-5.961200708150863115e+00
-5.965877443552016324e+00
-5.970544509589671200e+00
-5.975190627574919588e+00
-5.979831761121749523e+00
-5.984471656382083005e+00
-5.989113451540469590e+00
-5.993750561773776298e+00
-5.998398874700068717e+00
-6.003044769167899197e+00
-6.007689277827738650e+00
-6.012331439554690959e+00
-6.016954486072062736e+00
-6.021574971079825644e+00
-6.026199850440024264e+00
-6.030833075940607912e+00
-6.035464911162852886e+00
-6.040102387964724429e+00
-6.044744844734667666e+00
-6.049400851130484646e+00
-6.054061470925807598e+00
-6.058725166320799715e+00
-6.063382562994956260e+00
-6.068059808015823009e+00
-6.072715081274508542e+00
-6.077370864152907615e+00
-6.082033026218413241e+00
-6.086660324037074687e+00
-6.091301023960112637e+00
-6.095949122309684221e+00
-6.100576344132422335e+00
-6.105226489901541598e+00
-6.109859648346899874e+00
-6.114478814601897128e+00
-6.119111159443854753e+00
-6.123732006549834850e+00
-6.128352491557597759e+00
-6.132977956533431474e+00
-6.137600419670342866e+00
-6.142227198928593701e+00
-6.146875733137130204e+00
-6.151539647579192582e+00
-6.156224215030669633e+00
-6.160916547477244265e+00
-6.165615914016961518e+00
-6.170315720885991340e+00
-6.175021383911370343e+00
-6.179727708548306886e+00
-6.184443331509827502e+00
-6.189176386594771984e+00
-6.193931856006383185e+00
-6.198703657835721081e+00
-6.203482784330843991e+00
-6.208267255127429607e+00
-6.213053265959024074e+00
-6.217847922444343034e+00
-6.222666233777998990e+00
-6.227480372041463319e+00
-6.232290844619273074e+00
-6.237121018022298458e+00
-6.241979613900183743e+00
-6.246869627386330670e+00
-6.251781248301266913e+00
-6.256704223901032869e+00
-6.261632543802260642e+00
-6.266571702063083116e+00
-6.271527268737553840e+00
-6.276496313512324399e+00
-6.281470995396374768e+00
-6.286472338438032992e+00
-6.291477121412753171e+00
-6.296497286856173936e+00
-6.301531077921390001e+00
-6.306558565795421067e+00
-6.311591549962757952e+00
-6.316636177152394893e+00
-6.321703583002089566e+00
-6.326781612634658103e+00
-6.331863743811845247e+00
-6.336959496140479153e+00
-6.342052172869443005e+00
-6.347160960733889468e+00
-6.352275021374224728e+00
-6.357383882999419811e+00
-6.362474950402974727e+00
-6.367562133073805697e+00
-6.372652831673621066e+00
-6.377753635495900575e+00
-6.382845581322907691e+00
-6.387938550859688647e+00
-6.393042284995316571e+00
-6.398161327838897350e+00
-6.403300952166317117e+00
-6.408438303321598362e+00
-6.413547531515358280e+00
-6.418637206405399809e+00
-6.423719411343334684e+00
-6.428785279393194330e+00
-6.433845141530035505e+00
-6.438907860219477364e+00
-6.443971899896858702e+00
-6.449051026999948810e+00
-6.454158424586056597e+00
-6.459254910051821064e+00
-6.464366556704042921e+00
-6.469463482499120843e+00
-6.474532352387903700e+00
-6.479625100642441460e+00
-6.484687964618204958e+00
-6.489733910560606667e+00
-6.494807031750677417e+00
-6.499860961735246967e+00
-6.504941769689319919e+00
-6.510049974173305998e+00
-6.515151001513002527e+00
-6.520260817557572253e+00
-6.525373709201811145e+00
-6.530490116775034437e+00
-6.535609085857866596e+00
-6.540719925612210162e+00
-6.545818679779766391e+00
-6.550914065539835462e+00
-6.556012600660322320e+00
-6.561128494143484424e+00
-6.566263283789156802e+00
-6.571395876258610436e+00
-6.576519680023191761e+00
-6.581640115380285927e+00
-6.586753371357916720e+00
-6.591848245263098427e+00
-6.596913382411001336e+00
-6.601960720866917320e+00
-6.606994216889141569e+00
-6.612027931958435190e+00
-6.617074025422333250e+00
-6.622126855701206516e+00
-6.627182837575672281e+00
-6.632238379120825478e+00
-6.637292016297577035e+00
-6.642338183522222828e+00
-6.647383910417555164e+00
-6.652423119544981667e+00
-6.657461816817520806e+00
-6.662497436255215177e+00
-6.667532470077274454e+00
-6.672578125447033770e+00
-6.677624440193175026e+00
-6.682673023641108045e+00
-6.687729150801895450e+00
-6.692780445516108401e+00
-6.697830347716807076e+00
-6.702875343710182676e+00
-6.707914626598356911e+00
-6.712952664494513222e+00
-6.717992606759070284e+00
-6.723036505281923425e+00
-6.728075566887854464e+00
-6.733106646686790597e+00
-6.738120879977939737e+00
-6.743128374218938959e+00
-6.748132573813198753e+00
-6.753128058463333971e+00
-6.758121638745068438e+00
-6.763133089244364626e+00
-6.768149005621670433e+00
-6.773166240751741896e+00
-6.778193585574625146e+00
-6.783219245076177906e+00
-6.788248053938149340e+00
-6.793260018527506716e+00
-6.798261947184800036e+00
-6.803278013318776019e+00
-6.808255332708357699e+00
-6.813258508592842766e+00
-6.818281456828115594e+00
-6.823283971101044010e+00
-6.828317319601772795e+00
-6.833354405313729174e+00
-6.838378598541019926e+00
-6.843417003005741961e+00
-6.848420250415800936e+00
-6.853422031551597904e+00
-6.858406968414781701e+00
-6.863365246355532356e+00
-6.868326526135204446e+00
-6.873313733935354719e+00
-6.878311194479463708e+00
-6.883306898176668298e+00
-6.888339663296936699e+00
-6.893381069600581057e+00
-6.898420500010250755e+00
-6.903446526080368351e+00
-6.908461344987152586e+00
-6.913466861099003324e+00
-6.918467982858418353e+00
-6.923467640578745197e+00
-6.928466712683437834e+00
-6.933471424132584104e+00
-6.938493860512970457e+00
-6.943529041856526085e+00
-6.948564368486403353e+00
-6.953596912324426782e+00
-6.958619862794874322e+00
-6.963633584231136986e+00
-6.968635805696247409e+00
-6.973644911497830279e+00
-6.978655628859995019e+00
-6.983664953708647261e+00
-6.988688563555477629e+00
-6.993732314556835306e+00
-6.998802210390566714e+00
-7.003877747803924692e+00
-7.008953578025101550e+00
-7.014028310775755060e+00
-7.019107875972984800e+00
-7.024186343699692081e+00
-7.029256974905727873e+00
-7.034326358884571917e+00
-7.039397940039632928e+00
-7.044479483366011152e+00
-7.049560952931640756e+00
-7.054632169753311643e+00
-7.059688442200420688e+00
-7.064738344401119363e+00
-7.069781507551669009e+00
-7.074812658876179050e+00
-7.079831505566834160e+00
-7.084842515736816893e+00
-7.089856896549461496e+00
-7.094860143959520471e+00
-7.099851160496472247e+00
-7.104828844219444939e+00
-7.109804990142582604e+00
-7.114778134226797945e+00
-7.119732529669998478e+00
-7.124675058573482822e+00
-7.129600376635788272e+00
-7.134522616863248956e+00
-7.139445809274910459e+00
-7.144354207068680296e+00
-7.149240119010208616e+00
-7.154100983589886553e+00
-7.158948077261446663e+00
-7.163779205083845802e+00
-7.168604400753973316e+00
-7.173409526795147428e+00
-7.178182647377250980e+00
-7.182928373664616117e+00
-7.187638871371744287e+00
-7.192345341295002470e+00
-7.197030791640280256e+00
-7.201664971560238548e+00
-7.206327421963213631e+00
-7.210962773114441227e+00
-7.215575712174175926e+00
-7.220202348381279833e+00
-7.224779839813708193e+00
-7.229336383193730065e+00
-7.233888239413498233e+00
-7.238408454507587741e+00
-7.242961993813513466e+00
-7.247514580935238371e+00
-7.252060138434170078e+00
-7.256606426835058521e+00
-7.261127227544783125e+00
-7.265608695894478331e+00
-7.270063579082487237e+00
-7.274504031985996377e+00
-7.278893947601316583e+00
-7.283264307677744576e+00
-7.287628516554830682e+00
-7.291992506384848305e+00
-7.296352028101681597e+00
-7.300711549818514001e+00
-7.305068362504242074e+00
-7.309419240802524698e+00
-7.313759571313856789e+00
-7.318077784776686023e+00
-7.322360695898531446e+00
-7.326617605239151843e+00
-7.330859500914810312e+00
-7.335086087882517702e+00
-7.339301760494707949e+00
-7.343503738194702812e+00
-7.347688064724205326e+00
-7.351852909475563358e+00
-7.356015995144842279e+00
-7.360183403640983890e+00
-7.364330228418110025e+00
-7.368451053649185845e+00
-7.372545512765644737e+00
-7.376639824360607278e+00
-7.380730034410952101e+00
-7.384812115132807442e+00
-7.388880791515110680e+00
-7.392936870455740106e+00
-7.396976762264965366e+00
-7.401016215980051882e+00
-7.405062042176721704e+00
-7.409101860225199232e+00
-7.413126590847967989e+00
-7.417143558710812101e+00
-7.421163675934074888e+00
-7.425185771286486158e+00
-7.429202593863008630e+00
-7.433218097686766335e+00
-7.437234039604662783e+00
-7.441252471506594190e+00
-7.445253692567346704e+00
-7.449250078946350939e+00
-7.453257817775009286e+00
-7.457268267869947564e+00
-7.461286187916992496e+00
-7.465305060148237359e+00
-7.469330302625893481e+00
-7.473360453546045612e+00
-7.477398076653479109e+00
-7.481420024484394915e+00
-7.485436918586491295e+00
-7.489473515748976240e+00
-7.493529375642536294e+00
-7.497594755142925393e+00
-7.501670025289056909e+00
-7.505748075991867552e+00
-7.509839385747907770e+00
-7.513938679546116717e+00
-7.518039361387489627e+00
-7.522141290456055174e+00
-7.526263653486966021e+00
-7.530401982367036950e+00
-7.534570562094448753e+00
-7.538766826689242251e+00
-7.542959575355051349e+00
-7.547155180573462019e+00
-7.551364044845103152e+00
-7.555591217428444750e+00
-7.559849664568899286e+00
-7.564125908166168699e+00
-7.568394681811331459e+00
-7.572642069309948099e+00
-7.576902128010987170e+00
-7.581143438071011431e+00
-7.585371562838552961e+00
-7.589633452147244164e+00
-7.593909110128878481e+00
-7.598172172904012811e+00
-7.602472735196350584e+00
-7.606809185445307264e+00
-7.611140215396879682e+00
-7.615501789003609190e+00
-7.619840802997349449e+00
-7.624172418564556963e+00
-7.628532525897024463e+00
-7.632875055819748233e+00
-7.637206671386955747e+00
-7.641578059643505227e+00
-7.645935676991937768e+00
-7.650324714183805774e+00
-7.654755719006059778e+00
-7.659193755686281690e+00
-7.663625566288827073e+00
-7.668087188526986786e+00
-7.672551374509929190e+00
-7.676996589452026676e+00
-7.681454181671140802e+00
-7.685933893173931608e+00
-7.690417633578180201e+00
-7.694910309091208767e+00
-7.699410822242496621e+00
-7.703944220393895037e+00
-7.708508600294588398e+00
-7.713080010935662756e+00
-7.717658453434704136e+00
-7.722238652780650803e+00
-7.726813140138982128e+00
-7.731398101523517141e+00
-7.735989654436705720e+00
-7.740583771094678767e+00
-7.745169170573352524e+00
-7.749764898791907441e+00
-7.754382307082413384e+00
-7.759020148217676827e+00
-7.763671687617896389e+00
-7.768329084292052933e+00
-7.773024128004907496e+00
-7.777737628668544900e+00
-7.782471198961137482e+00
-7.787211141735314257e+00
-7.791965511441229175e+00
-7.796749031171200883e+00
-7.801545662432907591e+00
-7.806359139084814380e+00
-7.811179208382962535e+00
-7.816006160899995336e+00
-7.820851645246146511e+00
-7.825712875276802372e+00
-7.830597908794878492e+00
-7.835507552698253164e+00
-7.840437778085468601e+00
-7.845381918549536593e+00
-7.850352059677241812e+00
-7.855341977626084216e+00
-7.860342074558137604e+00
-7.865355502068995364e+00
-7.870381966233251703e+00
-7.875417292863130747e+00
-7.880473494902252796e+00
-7.885554086044431088e+00
-7.890667196735739353e+00
-7.895800668746232986e+00
-7.900943221151829121e+00
-7.906102766469120802e+00
-7.911278938129544080e+00
-7.916459357738494518e+00
-7.921662994101643207e+00
-7.926880840584635379e+00
-7.932097001746297060e+00
-7.937334917858242633e+00
-7.942613629251718876e+00
-7.947920244559645297e+00
-7.953220343217253685e+00
-7.958537065982818959e+00
-7.963877886161208508e+00
-7.969203911721706390e+00
-7.974548028782010078e+00
-7.979941289499402401e+00
-7.985329496487975298e+00
-7.990721294283867238e+00
-7.996150372549891472e+00
-8.001568242534995434e+00
-8.007012553513050079e+00
-8.012484550476074219e+00
-8.017945342510937934e+00
-8.023432647064328904e+00
-8.028951885551213863e+00
-8.034455376118421199e+00
-8.040016216784716008e+00
-8.045581378042697906e+00
-8.051130938902497647e+00
-8.056695953756570105e+00
-8.062296711280941608e+00
-8.067892853170633316e+00
-8.073512359336017852e+00
-8.079169732704759355e+00
-8.084844391793012619e+00
-8.090528278797865624e+00
-8.096225202456116321e+00
-8.101932746544481034e+00
-8.107646809518337605e+00
-8.113357062637806649e+00
-8.119077569618820434e+00
-8.124795806780458207e+00
-8.130513751134277101e+00
-8.136246710270643945e+00
-8.142004425078630092e+00
-8.147777740284800174e+00
-8.153567900881171227e+00
-8.159371464699507470e+00
-8.165192095190286992e+00
-8.171007158979772811e+00
-8.176816728711127524e+00
-8.182621025666595216e+00
-8.188412944227456691e+00
-8.194210136681794765e+00
-8.200001836195587757e+00
-8.205789214000105858e+00
-8.211558134853840230e+00
-8.217324345558882470e+00
-8.223102568089961650e+00
-8.228889653086662648e+00
-8.234681572765111923e+00
-8.240466021373867633e+00
-8.246252959966659191e+00
-8.252063482999801636e+00
-8.257876861467957852e+00
-8.263653179630637169e+00
-8.269434038549661636e+00
-8.275199443474411609e+00
-8.280954008921980858e+00
-8.286719413846730831e+00
-8.292476835846901650e+00
-8.298213676363229041e+00
-8.303978423029183986e+00
-8.309756645560264943e+00
-8.315506596490740421e+00
-8.321289726346730475e+00
-8.327041948214173317e+00
-8.332791459932924027e+00
-8.338530790433287265e+00
-8.344236722961067443e+00
-8.349944194406271336e+00
-8.355660453997552750e+00
-8.361347930133343098e+00
-8.367063091136515141e+00
-8.372770342417060974e+00
-8.378453204035759327e+00
-8.384164190851151943e+00
-8.389838262647391076e+00
-8.395523248240351677e+00
-8.401208087429404614e+00
-8.406886920146643405e+00
-8.412588311918080208e+00
-8.418299810588360188e+00
-8.424012408405541663e+00
-8.429736871086060290e+00
-8.435445586964487319e+00
-8.441156207770109887e+00
-8.446862359903752449e+00
-8.452562945894896984e+00
-8.458265363052486663e+00
-8.463986163400113227e+00
-8.469725421257317421e+00
-8.475484820269048925e+00
-8.481250371597706561e+00
-8.487012334913014655e+00
-8.492765288800001144e+00
-8.498515752144157887e+00
-8.504258965142071247e+00
-8.510001445561647060e+00
-8.515749419480561855e+00
-8.521498784236609225e+00
-8.527243828400969505e+00
-8.532973638176917675e+00
-8.538697954453528638e+00
-8.544423002749681473e+00
-8.550139555148779991e+00
-8.555868998356164212e+00
-8.561595511808992143e+00
-8.567342020571231842e+00
-8.573101566545664909e+00
-8.578849833831190708e+00
-8.584601469524205442e+00
-8.590368339605628734e+00
-8.596139238029717689e+00
-8.601904057897627354e+00
-8.607663164101541753e+00
-8.613422344066202996e+00
-8.619184234179556370e+00
-8.624950518086553330e+00
-8.630719512142240646e+00
-8.636482866853475215e+00
-8.642250249907373671e+00
-8.648031915165484307e+00
-8.653825225681066158e+00
-8.659616338461637142e+00
-8.665411626547575352e+00
-8.671236650273204560e+00
-8.677084965631365776e+00
-8.682933354750275612e+00
-8.688758305832744000e+00
-8.694565751589834690e+00
-8.700378910452126746e+00
-8.706188699789345620e+00
-8.711983914673329110e+00
-8.717781400494278188e+00
-8.723623417410999892e+00
-8.729477153066545370e+00
-8.735342900548129563e+00
-8.741195830423384550e+00
-8.747009136527776008e+00
-8.752802227716893313e+00
-8.758600958250463364e+00
-8.764349224418401363e+00
-8.770078082289547439e+00
-8.775814923085272667e+00
-8.781516094692051411e+00
-8.787250884436071274e+00
-8.792997247073799372e+00
-8.798741412255912664e+00
-8.804502423107624764e+00
-8.810250616073608043e+00
-8.815968194138259051e+00
-8.821696758363396285e+00
-8.827389360871165991e+00
-8.833070610929279809e+00
-8.838749517407268996e+00
-8.844379790686071274e+00
-8.850024566333740239e+00
-8.855637847259639983e+00
-8.861246587429196353e+00
-8.866855180915445445e+00
-8.872431401815266128e+00
-8.877987627405673265e+00
-8.883532793354243395e+00
-8.889059721957892179e+00
-8.894591997656970506e+00
-8.900113872531800752e+00
-8.905608940683304553e+00
-8.911090605612844939e+00
-8.916575273778288846e+00
-8.922050420381129499e+00
-8.927497515268623118e+00
-8.932917583826929686e+00
-8.938320513628422503e+00
-8.943706597480922227e+00
-8.949081621691584942e+00
-8.954434820264577155e+00
-8.959778570337221026e+00
-8.965111334249376895e+00
-8.970421173097566481e+00
-8.975721930013969896e+00
-8.981021881289780850e+00
-8.986321100126952288e+00
-8.991619805991650338e+00
-8.996902984939515235e+00
-9.002180231176316383e+00
-9.007449420727789757e+00
-9.012711725523695705e+00
-9.017954328097403049e+00
-9.023181916167960281e+00
-9.028405329072848318e+00
-9.033634674968197942e+00
-9.038851789082400501e+00
-9.044029352418146317e+00
-9.049206403130664711e+00
