2.622604370117187500e-06
6.703138351440429688e-03
1.325583457946777344e-02
2.002620697021484375e-02
2.643728256225585938e-02
3.239417076110839844e-02
3.862452507019042969e-02
4.559803009033203125e-02
5.221700668334960938e-02
5.838990211486816406e-02
6.466197967529296875e-02
7.108902931213378906e-02
7.731723785400390625e-02
8.364820480346679688e-02
8.994698524475097656e-02
9.596204757690429688e-02
1.019892692565917969e-01
1.083083152770996094e-01
1.147272586822509766e-01
1.210603713989257812e-01
1.280488967895507812e-01
1.341190338134765625e-01
1.403734683990478516e-01
1.466827392578125000e-01
1.532087326049804688e-01
1.592454910278320312e-01
1.653053760528564453e-01
1.713905334472656250e-01
1.775937080383300781e-01
1.836302280426025391e-01
1.893782615661621094e-01
1.940042972564697266e-01
1.989641189575195312e-01
2.038664817810058594e-01
2.089698314666748047e-01
2.133123874664306641e-01
2.175371646881103516e-01
2.219622135162353516e-01
2.265701293945312500e-01
2.308330535888671875e-01
2.345719337463378906e-01
2.390720844268798828e-01
2.428970336914062500e-01
2.467784881591796875e-01
2.505424022674560547e-01
2.545340061187744141e-01
2.584006786346435547e-01
2.629282474517822266e-01
2.673387527465820312e-01
2.711274623870849609e-01
2.759578227996826172e-01
2.808580398559570312e-01
2.849593162536621094e-01
2.899188995361328125e-01
2.944369316101074219e-01
2.978265285491943359e-01
3.014266490936279297e-01
3.049402236938476562e-01
3.084404468536376953e-01
3.118023872375488281e-01
3.150432109832763672e-01
3.188233375549316406e-01
3.230528831481933594e-01
3.272967338562011719e-01
3.311722278594970703e-01
3.348872661590576172e-01
3.390810489654541016e-01
3.433430194854736328e-01
3.468050956726074219e-01
3.500502109527587891e-01
3.534216880798339844e-01
3.567922115325927734e-01
3.604438304901123047e-01
3.649494647979736328e-01
3.695375919342041016e-01
3.735237121582031250e-01
3.778166770935058594e-01
3.819370269775390625e-01
3.869395256042480469e-01
3.915791511535644531e-01
3.950603008270263672e-01
3.987801074981689453e-01
4.024446010589599609e-01
4.057636260986328125e-01
4.095420837402343750e-01
4.139499664306640625e-01
4.181241989135742188e-01
4.229490756988525391e-01
4.273061752319335938e-01
4.307987689971923828e-01
4.340579509735107422e-01
4.374244213104248047e-01
4.408082962036132812e-01
4.444277286529541016e-01
4.485635757446289062e-01
4.530978202819824219e-01
4.574303627014160156e-01
4.620277881622314453e-01
4.669551849365234375e-01
4.722218513488769531e-01
4.775314331054687500e-01
4.819388389587402344e-01
4.870734214782714844e-01
4.920890331268310547e-01
4.971175193786621094e-01
5.018203258514404297e-01
5.073361396789550781e-01
5.120935440063476562e-01
5.169212818145751953e-01
5.218703746795654297e-01
5.269746780395507812e-01
5.319755077362060547e-01
5.371191501617431641e-01
5.420641899108886719e-01
5.469777584075927734e-01
5.519378185272216797e-01
5.570347309112548828e-01
5.613651275634765625e-01
5.663161277770996094e-01
5.709514617919921875e-01
5.758631229400634766e-01
5.809247493743896484e-01
5.859529972076416016e-01
5.909433364868164062e-01
5.960893630981445312e-01
6.009349822998046875e-01
6.062896251678466797e-01
6.114380359649658203e-01
6.171028614044189453e-01
6.220691204071044922e-01
6.269497871398925781e-01
6.319048404693603516e-01
6.368670463562011719e-01
6.419377326965332031e-01
6.466038227081298828e-01
6.505441665649414062e-01
6.550843715667724609e-01
6.595938205718994141e-01
6.641335487365722656e-01
6.689448356628417969e-01
6.738715171813964844e-01
6.789274215698242188e-01
6.838910579681396484e-01
6.889791488647460938e-01
6.939003467559814453e-01
6.989119052886962891e-01
7.039189338684082031e-01
7.089805603027343750e-01
7.138359546661376953e-01
7.179703712463378906e-01
7.228796482086181641e-01
7.273592948913574219e-01
7.313022613525390625e-01
7.358825206756591797e-01
7.409801483154296875e-01
7.453289031982421875e-01
7.502570152282714844e-01
7.548992633819580078e-01
7.599327564239501953e-01
7.648856639862060547e-01
7.699084281921386719e-01
7.750453948974609375e-01
7.791228294372558594e-01
7.834062576293945312e-01
7.872841358184814453e-01
7.914121150970458984e-01
7.959628105163574219e-01
8.009517192840576172e-01
8.058438301086425781e-01
8.108100891113281250e-01
8.159420490264892578e-01
8.209297657012939453e-01
8.259377479553222656e-01
8.309812545776367188e-01
8.358740806579589844e-01
8.408708572387695312e-01
8.461189270019531250e-01
8.510787487030029297e-01
8.554744720458984375e-01
8.601949214935302734e-01
8.650333881378173828e-01
8.699624538421630859e-01
8.749699592590332031e-01
8.798508644104003906e-01
8.848049640655517578e-01
8.889086246490478516e-01
8.933525085449218750e-01
8.981826305389404297e-01
9.031484127044677734e-01
9.079484939575195312e-01
9.129652976989746094e-01
9.179027080535888672e-01
9.230427742004394531e-01
9.279491901397705078e-01
9.333088397979736328e-01
9.380834102630615234e-01
9.430775642395019531e-01
9.480257034301757812e-01
9.529671669006347656e-01
9.578750133514404297e-01
9.628839492797851562e-01
9.679388999938964844e-01
9.727256298065185547e-01
9.773857593536376953e-01
9.821054935455322266e-01
9.866006374359130859e-01
9.908096790313720703e-01
9.949564933776855469e-01
9.996588230133056641e-01
1.003925085067749023e+00
1.008946657180786133e+00
1.013339996337890625e+00
1.017475128173828125e+00
1.021549701690673828e+00
1.025168657302856445e+00
1.029898643493652344e+00
1.035018205642700195e+00
1.039329767227172852e+00
1.044001817703247070e+00
1.048917770385742188e+00
1.053959131240844727e+00
1.059107303619384766e+00
1.064735412597656250e+00
1.070687532424926758e+00
1.076214790344238281e+00
1.082199573516845703e+00
1.087942361831665039e+00
1.093619108200073242e+00
1.099478483200073242e+00
1.105346679687500000e+00
1.111297369003295898e+00
1.117000579833984375e+00
1.122637510299682617e+00
1.128017187118530273e+00
1.133633613586425781e+00
1.139611482620239258e+00
1.145958423614501953e+00
1.151556491851806641e+00
1.157273054122924805e+00
1.163233280181884766e+00
1.169123172760009766e+00
1.174612283706665039e+00
1.181024789810180664e+00
1.186578512191772461e+00
1.191911458969116211e+00
1.196896791458129883e+00
1.202020406723022461e+00
1.207611322402954102e+00
1.213371753692626953e+00
1.219236135482788086e+00
1.224602699279785156e+00
1.230495691299438477e+00
1.236227035522460938e+00
1.242392539978027344e+00
1.248571157455444336e+00
1.254511833190917969e+00
1.260646581649780273e+00
1.266453504562377930e+00
1.272589206695556641e+00
1.278548955917358398e+00
1.284410715103149414e+00
1.290099859237670898e+00
1.296048164367675781e+00
1.302217960357666016e+00
1.308462142944335938e+00
1.314381837844848633e+00
1.320204973220825195e+00
1.326375722885131836e+00
1.332217693328857422e+00
1.338316917419433594e+00
1.343757867813110352e+00
1.349777221679687500e+00
1.355659723281860352e+00
1.361633300781250000e+00
1.367520093917846680e+00
1.373286962509155273e+00
1.379325389862060547e+00
1.385351657867431641e+00
1.391376018524169922e+00
1.397356033325195312e+00
1.403009414672851562e+00
1.408140182495117188e+00
1.414116382598876953e+00
1.420371532440185547e+00
1.426378011703491211e+00
1.431622743606567383e+00
1.437401771545410156e+00
1.443167448043823242e+00
1.448503732681274414e+00
1.454528570175170898e+00
1.460226058959960938e+00
1.465964078903198242e+00
1.471384525299072266e+00
1.477014541625976562e+00
1.482751131057739258e+00
1.488238811492919922e+00
1.494389533996582031e+00
1.500619649887084961e+00
1.507237911224365234e+00
1.513116598129272461e+00
1.518985748291015625e+00
1.524492740631103516e+00
1.529880762100219727e+00
1.535123109817504883e+00
1.540997982025146484e+00
1.546773195266723633e+00
1.552981615066528320e+00
1.558363437652587891e+00
1.564621925354003906e+00
1.570088386535644531e+00
1.575641632080078125e+00
1.582426786422729492e+00
1.588472127914428711e+00
1.594535112380981445e+00
1.600440502166748047e+00
1.606366872787475586e+00
1.612067461013793945e+00
1.618219614028930664e+00
1.624068021774291992e+00
1.630153894424438477e+00
1.636051177978515625e+00
1.642217636108398438e+00
1.648262739181518555e+00
1.654377937316894531e+00
1.660336971282958984e+00
1.666178703308105469e+00
1.672046661376953125e+00
1.677630901336669922e+00
1.683060169219970703e+00
1.689042091369628906e+00
1.694738149642944336e+00
1.700487375259399414e+00
1.705984354019165039e+00
1.711564302444458008e+00
1.717374086380004883e+00
1.723195075988769531e+00
1.729051828384399414e+00
1.734709739685058594e+00
1.740745544433593750e+00
1.746573925018310547e+00
1.752484560012817383e+00
1.758346080780029297e+00
1.764218807220458984e+00
1.770288467407226562e+00
1.776414871215820312e+00
1.782413005828857422e+00
1.788613557815551758e+00
1.795006752014160156e+00
1.800245523452758789e+00
1.806016206741333008e+00
1.811631441116333008e+00
1.817654848098754883e+00
1.823388099670410156e+00
1.828621864318847656e+00
1.834631681442260742e+00
1.840248584747314453e+00
1.845641613006591797e+00
1.851651430130004883e+00
1.857632637023925781e+00
1.863642692565917969e+00
1.869387865066528320e+00
1.875093936920166016e+00
1.879972934722900391e+00
1.885238170623779297e+00
1.890459537506103516e+00
1.895359277725219727e+00
1.900544643402099609e+00
1.906030178070068359e+00
1.911414623260498047e+00
1.917055130004882812e+00
1.922374248504638672e+00
1.927726030349731445e+00
1.933354854583740234e+00
1.938712120056152344e+00
1.944038867950439453e+00
1.949354171752929688e+00
1.954496383666992188e+00
1.959398031234741211e+00
1.963871002197265625e+00
1.968359231948852539e+00
1.973391294479370117e+00
1.978153228759765625e+00
1.983285427093505859e+00
1.987848281860351562e+00
1.992944002151489258e+00
1.997953653335571289e+00
2.002972841262817383e+00
2.008091211318969727e+00
2.013327360153198242e+00
2.018460750579833984e+00
2.023411512374877930e+00
2.028676271438598633e+00
2.034040927886962891e+00
2.039039850234985352e+00
2.044047832489013672e+00
2.049138307571411133e+00
2.053904056549072266e+00
2.058852434158325195e+00
2.063346862792968750e+00
2.068459987640380859e+00
2.073418617248535156e+00
2.078229427337646484e+00
2.082854509353637695e+00
2.087911128997802734e+00
2.093097925186157227e+00
2.098089933395385742e+00
2.103009700775146484e+00
2.108030319213867188e+00
2.112952947616577148e+00
2.118065595626831055e+00
2.123052597045898438e+00
2.128054380416870117e+00
2.133038997650146484e+00
2.138027906417846680e+00
2.143023490905761719e+00
2.148051023483276367e+00
2.153126478195190430e+00
2.158045053482055664e+00
2.162953615188598633e+00
2.167901754379272461e+00
2.172942161560058594e+00
2.177486419677734375e+00
2.182373046875000000e+00
2.186856746673583984e+00
2.191941499710083008e+00
2.196922302246093750e+00
2.201856374740600586e+00
2.207025766372680664e+00
2.212062835693359375e+00
2.216852426528930664e+00
2.222052812576293945e+00
2.226858854293823242e+00
2.232027530670166016e+00
2.237002134323120117e+00
2.242285728454589844e+00
2.247281789779663086e+00
2.252371549606323242e+00
2.257481336593627930e+00
2.262321472167968750e+00
2.267391204833984375e+00
2.272516012191772461e+00
2.278021574020385742e+00
2.283008813858032227e+00
2.287845611572265625e+00
2.293047904968261719e+00
2.298024654388427734e+00
2.303000450134277344e+00
2.308117628097534180e+00
2.313412427902221680e+00
2.318661212921142578e+00
2.323912143707275391e+00
2.328896045684814453e+00
2.333901166915893555e+00
2.338854074478149414e+00
2.344024658203125000e+00
2.349278926849365234e+00
2.354087114334106445e+00
2.359370708465576172e+00
2.364160537719726562e+00
2.369322538375854492e+00
2.374509572982788086e+00
2.379674434661865234e+00
2.384495496749877930e+00
2.389197826385498047e+00
2.393823146820068359e+00
2.399116039276123047e+00
2.404076337814331055e+00
2.409199953079223633e+00
2.413887500762939453e+00
2.418965339660644531e+00
2.423903465270996094e+00
2.428363800048828125e+00
2.433001995086669922e+00
2.437955141067504883e+00
2.442967891693115234e+00
2.447883367538452148e+00
2.452892065048217773e+00
2.457562685012817383e+00
2.462062358856201172e+00
2.467235803604125977e+00
2.471944093704223633e+00
2.477108716964721680e+00
2.482080459594726562e+00
2.487061023712158203e+00
2.491937637329101562e+00
2.497072696685791016e+00
2.501941919326782227e+00
2.506943702697753906e+00
2.511809110641479492e+00
2.516900777816772461e+00
2.521844863891601562e+00
2.525855541229248047e+00
2.530921936035156250e+00
2.535884618759155273e+00
2.540618419647216797e+00
2.544540882110595703e+00
2.548441648483276367e+00
2.551803350448608398e+00
2.555578708648681641e+00
2.559069395065307617e+00
2.563147544860839844e+00
2.567957878112792969e+00
2.572081565856933594e+00
2.576596498489379883e+00
2.581387519836425781e+00
2.585994720458984375e+00
2.590606689453125000e+00
2.595105409622192383e+00
2.599970340728759766e+00
2.605070590972900391e+00
2.609868764877319336e+00
2.614835739135742188e+00
2.619174718856811523e+00
2.623947858810424805e+00
2.628917217254638672e+00
2.633887529373168945e+00
2.638887882232666016e+00
2.643901824951171875e+00
2.649013280868530273e+00
2.653961420059204102e+00
2.659062862396240234e+00
2.663895606994628906e+00
2.668984413146972656e+00
2.673945903778076172e+00
2.679012775421142578e+00
2.683880805969238281e+00
2.688558816909790039e+00
2.692903757095336914e+00
2.697888851165771484e+00
2.702918767929077148e+00
2.707543373107910156e+00
2.712163209915161133e+00
2.717021465301513672e+00
2.721961259841918945e+00
2.726463079452514648e+00
2.730610370635986328e+00
2.734616518020629883e+00
2.738916635513305664e+00
2.743942737579345703e+00
2.749109983444213867e+00
2.753954648971557617e+00
2.758807182312011719e+00
2.764209508895874023e+00
2.768983840942382812e+00
2.773965835571289062e+00
2.778849363327026367e+00
2.783885955810546875e+00
2.789057254791259766e+00
2.793828248977661133e+00
2.799104690551757812e+00
2.803983449935913086e+00
2.808954715728759766e+00
2.813941717147827148e+00
2.818987369537353516e+00
2.824135065078735352e+00
2.829067230224609375e+00
2.834079265594482422e+00
2.839081287384033203e+00
2.844219207763671875e+00
2.848944902420043945e+00
2.853547096252441406e+00
2.857998609542846680e+00
2.862681865692138672e+00
2.867743015289306641e+00
2.872635602951049805e+00
2.877199411392211914e+00
2.881835222244262695e+00
2.887467384338378906e+00
2.892433881759643555e+00
2.897497177124023438e+00
2.902194738388061523e+00
2.907078504562377930e+00
2.912019014358520508e+00
2.916880130767822266e+00
2.921906948089599609e+00
2.927028894424438477e+00
2.931609630584716797e+00
2.936582326889038086e+00
2.941166400909423828e+00
2.945823192596435547e+00
2.951112747192382812e+00
2.956045389175415039e+00
2.960944175720214844e+00
2.966082334518432617e+00
2.970951557159423828e+00
2.975945472717285156e+00
2.980901002883911133e+00
2.985946655273437500e+00
2.990949153900146484e+00
2.995876550674438477e+00
3.000890016555786133e+00
3.005341291427612305e+00
3.010272979736328125e+00
3.014978647232055664e+00
3.019911527633666992e+00
3.024940252304077148e+00
3.030080795288085938e+00
3.034607410430908203e+00
3.039296388626098633e+00
3.044087171554565430e+00
3.048938035964965820e+00
3.053561925888061523e+00
3.058022022247314453e+00
3.062585115432739258e+00
3.066931486129760742e+00
3.071141242980957031e+00
3.074927568435668945e+00
3.079882383346557617e+00
3.085069894790649414e+00
3.089890003204345703e+00
3.094365358352661133e+00
3.098822832107543945e+00
3.103311538696289062e+00
3.107892274856567383e+00
3.112396478652954102e+00
3.116574287414550781e+00
3.121016025543212891e+00
3.125891208648681641e+00
3.130881309509277344e+00
3.135884523391723633e+00
3.140874385833740234e+00
3.145853519439697266e+00
3.150913238525390625e+00
3.155896902084350586e+00
3.160611867904663086e+00
3.164941787719726562e+00
3.169913768768310547e+00
3.174870252609252930e+00
3.180058240890502930e+00
3.184887647628784180e+00
3.188455343246459961e+00
3.191812753677368164e+00
3.196024656295776367e+00
3.200201272964477539e+00
3.203830957412719727e+00
3.207859516143798828e+00
3.211866855621337891e+00
3.215805768966674805e+00
3.220295190811157227e+00
3.224593639373779297e+00
3.228579998016357422e+00
3.233113527297973633e+00
3.237939834594726562e+00
3.242908477783203125e+00
3.247566938400268555e+00
3.252590179443359375e+00
3.257501363754272461e+00
3.261553764343261719e+00
3.266449689865112305e+00
3.270539522171020508e+00
3.274591922760009766e+00
3.279584884643554688e+00
3.284613609313964844e+00
3.289246559143066406e+00
3.294093608856201172e+00
3.299112319946289062e+00
3.304112434387207031e+00
3.309496879577636719e+00
3.314086675643920898e+00
3.319197654724121094e+00
3.324190855026245117e+00
3.328810453414916992e+00
3.334434509277343750e+00
3.339192867279052734e+00
3.343920946121215820e+00
3.348985671997070312e+00
3.353882312774658203e+00
3.358883857727050781e+00
3.363893985748291016e+00
3.368909120559692383e+00
3.373541831970214844e+00
3.377557992935180664e+00
3.381698608398437500e+00
3.386306524276733398e+00
3.390915393829345703e+00
3.395875930786132812e+00
3.400923967361450195e+00
3.405880928039550781e+00
3.411059617996215820e+00
3.415315151214599609e+00
3.419284105300903320e+00
3.423872232437133789e+00
3.428147077560424805e+00
3.432889938354492188e+00
3.437535285949707031e+00
3.441703796386718750e+00
3.446224212646484375e+00
3.451020956039428711e+00
3.455373525619506836e+00
3.460041522979736328e+00
3.464848756790161133e+00
3.469347715377807617e+00
3.473937988281250000e+00
3.478946924209594727e+00
3.483630418777465820e+00
3.488129377365112305e+00
3.492836475372314453e+00
3.498022556304931641e+00
3.502992868423461914e+00
3.507906675338745117e+00
3.512870073318481445e+00
3.517700910568237305e+00
3.522392272949218750e+00
3.527064085006713867e+00
3.532204866409301758e+00
3.537065029144287109e+00
3.541959524154663086e+00
3.546912670135498047e+00
3.551908493041992188e+00
3.556922435760498047e+00
3.561961889266967773e+00
3.566878795623779297e+00
3.570521831512451172e+00
3.574659347534179688e+00
3.578888416290283203e+00
3.583512783050537109e+00
3.587877511978149414e+00
3.591914176940917969e+00
3.596181392669677734e+00
3.600543975830078125e+00
3.604514598846435547e+00
3.608878612518310547e+00
3.613877296447753906e+00
3.618955135345458984e+00
3.623611450195312500e+00
3.627294778823852539e+00
3.630560874938964844e+00
3.633859395980834961e+00
3.637134313583374023e+00
3.640380859375000000e+00
3.643905162811279297e+00
3.648886680603027344e+00
3.653400182723999023e+00
3.657930135726928711e+00
3.662942886352539062e+00
3.667167186737060547e+00
3.671041965484619141e+00
3.675375938415527344e+00
3.679922580718994141e+00
3.684975147247314453e+00
3.689962625503540039e+00
3.695074796676635742e+00
3.699874877929687500e+00
3.704589366912841797e+00
3.709066629409790039e+00
3.714372396469116211e+00
3.719651222229003906e+00
3.724630594253540039e+00
3.730071306228637695e+00
3.735117435455322266e+00
3.740399837493896484e+00
3.746410131454467773e+00
3.752053022384643555e+00
3.757426500320434570e+00
3.762636423110961914e+00
3.768254756927490234e+00
3.773624181747436523e+00
3.779195070266723633e+00
3.784666061401367188e+00
3.790005922317504883e+00
3.795362472534179688e+00
3.801021337509155273e+00
3.806289196014404297e+00
3.811450481414794922e+00
3.816505193710327148e+00
3.822113513946533203e+00
3.827364683151245117e+00
3.832716703414916992e+00
3.838224411010742188e+00
3.843579769134521484e+00
3.849267482757568359e+00
3.854383945465087891e+00
3.859450817108154297e+00
3.864676952362060547e+00
3.870204210281372070e+00
3.876007318496704102e+00
3.881282567977905273e+00
3.886543989181518555e+00
3.892149925231933594e+00
3.897584438323974609e+00
3.903555631637573242e+00
3.909262657165527344e+00
3.915159225463867188e+00
3.920691728591918945e+00
3.925611019134521484e+00
3.931478977203369141e+00
3.937024354934692383e+00
3.942501068115234375e+00
3.948345184326171875e+00
3.954133272171020508e+00
3.959619045257568359e+00
3.965087175369262695e+00
3.971052169799804688e+00
3.977057933807373047e+00
3.982149839401245117e+00
3.987702369689941406e+00
3.993283271789550781e+00
3.999321699142456055e+00
4.005325317382812500e+00
4.011204004287719727e+00
4.016931533813476562e+00
4.021922826766967773e+00
4.027704954147338867e+00
4.033819675445556641e+00
4.039604425430297852e+00
4.045295000076293945e+00
4.051213264465332031e+00
4.057158231735229492e+00
4.063295602798461914e+00
4.069568157196044922e+00
4.075206279754638672e+00
4.081075429916381836e+00
4.086748123168945312e+00
4.092699527740478516e+00
4.098715782165527344e+00
4.105058908462524414e+00
4.111217260360717773e+00
4.117065906524658203e+00
4.122696161270141602e+00
4.128182888031005859e+00
4.133556365966796875e+00
4.139117479324340820e+00
4.144474983215332031e+00
4.149945974349975586e+00
4.155116081237792969e+00
4.160278081893920898e+00
4.165081977844238281e+00
4.170412063598632812e+00
4.176058530807495117e+00
4.180878877639770508e+00
4.185882806777954102e+00
4.191369771957397461e+00
4.196739435195922852e+00
4.202405214309692383e+00
4.208043336868286133e+00
4.213381767272949219e+00
4.219010114669799805e+00
4.224383115768432617e+00
4.229493141174316406e+00
4.234331846237182617e+00
4.239565849304199219e+00
4.244504451751708984e+00
4.249728441238403320e+00
4.255025386810302734e+00
4.260096549987792969e+00
4.265430450439453125e+00
4.270811557769775391e+00
4.276550054550170898e+00
4.282200574874877930e+00
4.287480115890502930e+00
4.293021202087402344e+00
4.298455238342285156e+00
4.304050922393798828e+00
4.309066057205200195e+00
4.314316987991333008e+00
4.319675445556640625e+00
4.325563192367553711e+00
4.331226587295532227e+00
4.336474180221557617e+00
4.342007160186767578e+00
4.347407341003417969e+00
4.353021144866943359e+00
4.358273744583129883e+00
4.363587141036987305e+00
4.369214296340942383e+00
4.374536275863647461e+00
4.380049943923950195e+00
4.385361433029174805e+00
4.390644550323486328e+00
4.396340370178222656e+00
4.401755332946777344e+00
4.407306671142578125e+00
4.412652492523193359e+00
4.418130874633789062e+00
4.423413038253784180e+00
4.428716182708740234e+00
4.434309720993041992e+00
4.439629793167114258e+00
4.445064306259155273e+00
4.449881553649902344e+00
4.454953908920288086e+00
4.460361480712890625e+00
4.465496540069580078e+00
4.470426797866821289e+00
4.475383758544921875e+00
4.480267286300659180e+00
4.484894514083862305e+00
4.489925146102905273e+00
4.494876623153686523e+00
4.500023841857910156e+00
4.504886388778686523e+00
4.509871006011962891e+00
4.515064239501953125e+00
4.519915342330932617e+00
4.524915456771850586e+00
4.530002355575561523e+00
4.535145282745361328e+00
4.540192842483520508e+00
4.544975280761718750e+00
4.549963712692260742e+00
4.554922103881835938e+00
4.560143470764160156e+00
4.565226316452026367e+00
4.569838047027587891e+00
4.574829339981079102e+00
4.580396652221679688e+00
4.585541248321533203e+00
4.590437412261962891e+00
4.595137596130371094e+00
4.600279808044433594e+00
4.604829072952270508e+00
4.609101533889770508e+00
4.614125013351440430e+00
4.618830204010009766e+00
4.623841285705566406e+00
4.629356384277343750e+00
4.634221315383911133e+00
4.639107227325439453e+00
4.643975496292114258e+00
4.648844003677368164e+00
4.654345512390136719e+00
4.659440040588378906e+00
4.664429903030395508e+00
4.669410467147827148e+00
4.674309253692626953e+00
4.679319858551025391e+00
4.684399843215942383e+00
4.689774990081787109e+00
4.695151805877685547e+00
4.700178861618041992e+00
4.705307006835937500e+00
4.710258483886718750e+00
4.715298652648925781e+00
4.720304012298583984e+00
4.725108146667480469e+00
4.730094194412231445e+00
4.735054016113281250e+00
4.739955902099609375e+00
4.745124816894531250e+00
4.749982595443725586e+00
4.754882335662841797e+00
4.759976863861083984e+00
4.765417337417602539e+00
4.770215749740600586e+00
4.775089502334594727e+00
4.779977321624755859e+00
4.784888744354248047e+00
4.789837598800659180e+00
4.795044898986816406e+00
4.800164461135864258e+00
4.805141448974609375e+00
4.810156822204589844e+00
4.815012454986572266e+00
4.820025682449340820e+00
4.824848413467407227e+00
4.829901933670043945e+00
4.835075855255126953e+00
4.840040922164916992e+00
4.845112800598144531e+00
4.849991798400878906e+00
4.855345249176025391e+00
4.860237121582031250e+00
4.864945411682128906e+00
4.869843482971191406e+00
4.874912738800048828e+00
4.880139827728271484e+00
4.885158777236938477e+00
4.890286445617675781e+00
4.895207643508911133e+00
4.899830818176269531e+00
4.905082702636718750e+00
4.910107612609863281e+00
4.915011882781982422e+00
4.919882774353027344e+00
4.925146818161010742e+00
4.930100917816162109e+00
4.935269355773925781e+00
4.940395832061767578e+00
4.945413589477539062e+00
4.950609207153320312e+00
4.955309152603149414e+00
4.959584951400756836e+00
4.964383363723754883e+00
4.969507694244384766e+00
4.974212169647216797e+00
4.979100465774536133e+00
4.984244108200073242e+00
4.988844394683837891e+00
4.993839740753173828e+00
4.999234437942504883e+00
5.004019260406494141e+00
5.009245395660400391e+00
5.014612674713134766e+00
5.019478797912597656e+00
5.023986816406250000e+00
5.028838634490966797e+00
5.033852577209472656e+00
5.039112806320190430e+00
5.043965816497802734e+00
5.049112319946289062e+00
5.054373979568481445e+00
5.059509038925170898e+00
5.064640522003173828e+00
5.069983005523681641e+00
5.074847698211669922e+00
5.079983472824096680e+00
5.084848642349243164e+00
5.089986562728881836e+00
5.094838380813598633e+00
5.099976301193237305e+00
5.104889631271362305e+00
5.110144853591918945e+00
5.115378141403198242e+00
5.120331048965454102e+00
5.125247955322265625e+00
5.130234718322753906e+00
5.135492563247680664e+00
5.140374183654785156e+00
5.145194768905639648e+00
5.150095462799072266e+00
5.155092239379882812e+00
5.160336017608642578e+00
5.165453672409057617e+00
5.171087741851806641e+00
5.175828695297241211e+00
5.181196689605712891e+00
5.186087846755981445e+00
5.191085100173950195e+00
5.196232795715332031e+00
5.201354265213012695e+00
5.206095457077026367e+00
5.210898876190185547e+00
5.215901374816894531e+00
5.220895051956176758e+00
5.226025342941284180e+00
5.230975866317749023e+00
5.236080408096313477e+00
5.240415334701538086e+00
5.244977712631225586e+00
5.249693393707275391e+00
5.254318475723266602e+00
5.259016752243041992e+00
5.263883113861083984e+00
5.268882036209106445e+00
5.273957252502441406e+00
5.278832674026489258e+00
5.283143758773803711e+00
5.287971735000610352e+00
5.292894840240478516e+00
5.297901630401611328e+00
5.302609920501708984e+00
5.307025671005249023e+00
5.311987876892089844e+00
5.316909790039062500e+00
5.322068452835083008e+00
5.326641082763671875e+00
5.331450223922729492e+00
5.336014747619628906e+00
5.340881109237670898e+00
5.345433950424194336e+00
5.350168704986572266e+00
5.354930877685546875e+00
5.359980344772338867e+00
5.364915370941162109e+00
5.369844198226928711e+00
5.373579263687133789e+00
5.378264904022216797e+00
5.382543802261352539e+00
5.387006282806396484e+00
5.391977548599243164e+00
5.396982192993164062e+00
5.401982545852661133e+00
5.406813144683837891e+00
5.411660671234130859e+00
5.416298866271972656e+00
5.420993566513061523e+00
5.425928831100463867e+00
5.430842161178588867e+00
5.436382293701171875e+00
5.441619157791137695e+00
5.447288513183593750e+00
5.452536344528198242e+00
5.457623243331909180e+00
5.462656736373901367e+00
5.467548847198486328e+00
5.473031997680664062e+00
5.478457450866699219e+00
5.483699798583984375e+00
5.489242792129516602e+00
5.494606018066406250e+00
5.500304937362670898e+00
5.505621910095214844e+00
5.511252880096435547e+00
5.516256093978881836e+00
5.521191596984863281e+00
5.526485443115234375e+00
5.532182931900024414e+00
5.537468194961547852e+00
5.543050527572631836e+00
5.548366785049438477e+00
5.553754329681396484e+00
5.559133768081665039e+00
5.563951492309570312e+00
5.568881750106811523e+00
5.574442863464355469e+00
5.579537630081176758e+00
5.584700822830200195e+00
5.590215682983398438e+00
5.595640420913696289e+00
5.601520299911499023e+00
5.606638193130493164e+00
5.611647129058837891e+00
5.616619348526000977e+00
5.621547460556030273e+00
5.626644849777221680e+00
5.632380008697509766e+00
5.637975692749023438e+00
5.643032550811767578e+00
5.648315191268920898e+00
5.654277563095092773e+00
5.659120321273803711e+00
5.664650201797485352e+00
5.669536590576171875e+00
5.674405574798583984e+00
5.679594039916992188e+00
5.684657335281372070e+00
5.689622163772583008e+00
5.694660186767578125e+00
5.700157642364501953e+00
5.705532312393188477e+00
5.711448192596435547e+00
5.717021703720092773e+00
5.722400188446044922e+00
5.728075981140136719e+00
5.733384370803833008e+00
5.739009380340576172e+00
5.744585037231445312e+00
5.750130653381347656e+00
5.755437612533569336e+00
5.761055946350097656e+00
5.766469240188598633e+00
5.771617889404296875e+00
5.777207612991333008e+00
5.782380342483520508e+00
5.788076162338256836e+00
5.793328523635864258e+00
5.798566341400146484e+00
5.804104089736938477e+00
5.809422969818115234e+00
5.815001487731933594e+00
5.820134162902832031e+00
5.825429439544677734e+00
5.830543756484985352e+00
5.835664987564086914e+00
5.841167449951171875e+00
5.846648693084716797e+00
5.851652383804321289e+00
5.856647014617919922e+00
5.861758470535278320e+00
5.866990804672241211e+00
5.872204303741455078e+00
5.876886606216430664e+00
5.882154464721679688e+00
5.887222290039062500e+00
5.892078161239624023e+00
5.896852493286132812e+00
5.902139663696289062e+00
5.907309532165527344e+00
5.912647962570190430e+00
5.917280912399291992e+00
5.922532320022583008e+00
5.927904844284057617e+00
5.932858467102050781e+00
5.938165426254272461e+00
5.943154096603393555e+00
5.948285818099975586e+00
5.953450679779052734e+00
5.958701610565185547e+00
5.964147329330444336e+00
5.969142675399780273e+00
5.974250316619873047e+00
5.979405879974365234e+00
5.984320878982543945e+00
5.989310503005981445e+00
5.994363784790039062e+00
5.999129533767700195e+00
6.004210710525512695e+00
6.009380102157592773e+00
6.014207839965820312e+00
6.019216537475585938e+00
6.023845195770263672e+00
6.028974056243896484e+00
6.033823966979980469e+00
6.039222478866577148e+00
6.043836832046508789e+00
6.049129247665405273e+00
6.053862571716308594e+00
6.058936595916748047e+00
6.064145088195800781e+00
6.068859577178955078e+00
6.074183464050292969e+00
6.079077243804931641e+00
6.084144353866577148e+00
6.089228630065917969e+00
6.094139814376831055e+00
6.099098205566406250e+00
6.104132413864135742e+00
6.108852863311767578e+00
6.114132881164550781e+00
6.118655443191528320e+00
6.122917413711547852e+00
6.127916812896728516e+00
6.132885456085205078e+00
6.137834072113037109e+00
6.141819715499877930e+00
6.146315574645996094e+00
6.150910139083862305e+00
6.156003952026367188e+00
6.160862922668457031e+00
6.164861202239990234e+00
6.169440746307373047e+00
6.174207925796508789e+00
6.178966283798217773e+00
6.184143543243408203e+00
6.188946962356567383e+00
6.193881273269653320e+00
6.199154615402221680e+00
6.204016685485839844e+00
6.208858728408813477e+00
6.214066028594970703e+00
6.218958616256713867e+00
6.223591089248657227e+00
6.228646993637084961e+00
6.233517646789550781e+00
6.238603830337524414e+00
6.243393659591674805e+00
6.248308658599853516e+00
6.253324985504150391e+00
6.258352041244506836e+00
6.263299703598022461e+00
6.268410444259643555e+00
6.272826671600341797e+00
6.276963233947753906e+00
6.281355619430541992e+00
6.285393476486206055e+00
6.290064096450805664e+00
6.294855117797851562e+00
6.299826622009277344e+00
6.304870367050170898e+00
6.309883594512939453e+00
6.314873695373535156e+00
6.319869995117187500e+00
6.325004339218139648e+00
6.330153942108154297e+00
6.335134744644165039e+00
6.340147733688354492e+00
6.345193862915039062e+00
6.350100755691528320e+00
6.354956865310668945e+00
6.360221147537231445e+00
6.365490913391113281e+00
6.370209932327270508e+00
6.374986648559570312e+00
6.379903793334960938e+00
6.384916782379150391e+00
6.389867544174194336e+00
6.393994331359863281e+00
6.398924827575683594e+00
6.403869867324829102e+00
6.408382654190063477e+00
6.412983655929565430e+00
6.417917251586914062e+00
6.422903060913085938e+00
6.427918434143066406e+00
6.432837486267089844e+00
6.437489986419677734e+00
6.442255973815917969e+00
6.446887731552124023e+00
6.451481103897094727e+00
6.456239461898803711e+00
6.460860013961791992e+00
6.465903282165527344e+00
6.470914363861083984e+00
6.475940465927124023e+00
6.481003522872924805e+00
6.485428094863891602e+00
6.490362167358398438e+00
6.495085477828979492e+00
6.500127792358398438e+00
6.504975557327270508e+00
6.510100841522216797e+00
6.515074968338012695e+00
6.520010709762573242e+00
6.524900913238525391e+00
6.529851436614990234e+00
6.533988237380981445e+00
6.538974046707153320e+00
6.543885469436645508e+00
6.548974037170410156e+00
6.553893566131591797e+00
6.558930635452270508e+00
6.563983201980590820e+00
6.568911790847778320e+00
6.573877334594726562e+00
6.577930927276611328e+00
6.582997322082519531e+00
6.588029146194458008e+00
6.592874765396118164e+00
6.597014665603637695e+00
6.601362705230712891e+00
6.605642795562744141e+00
6.609793663024902344e+00
6.613962888717651367e+00
6.618898868560791016e+00
6.623899221420288086e+00
6.628914356231689453e+00
6.633906841278076172e+00
6.639044046401977539e+00
6.643887042999267578e+00
6.648946523666381836e+00
6.653182983398437500e+00
6.657662868499755859e+00
6.661977529525756836e+00
6.666133403778076172e+00
6.670782804489135742e+00
6.674994945526123047e+00
6.679049730300903320e+00
6.683051347732543945e+00
6.687874078750610352e+00
6.691549539566040039e+00
6.695084810256958008e+00
6.698951482772827148e+00
6.703877449035644531e+00
6.707542896270751953e+00
6.710836172103881836e+00
6.714044332504272461e+00
6.718449354171752930e+00
6.722293853759765625e+00
6.725935697555541992e+00
6.730987071990966797e+00
6.735555648803710938e+00
6.739220857620239258e+00
6.742983818054199219e+00
6.747632741928100586e+00
6.751977443695068359e+00
6.755571842193603516e+00
6.759086370468139648e+00
6.762578248977661133e+00
6.767004728317260742e+00
6.771340131759643555e+00
6.775086641311645508e+00
6.779987812042236328e+00
6.784333944320678711e+00
6.787812709808349609e+00
6.792093515396118164e+00
6.796480178833007812e+00
6.800432443618774414e+00
6.805042982101440430e+00
6.810014486312866211e+00
6.814614057540893555e+00
6.819537639617919922e+00
6.824352025985717773e+00
6.829082250595092773e+00
6.834136724472045898e+00
6.839082717895507812e+00
6.843828439712524414e+00
6.849090099334716797e+00
6.854090929031372070e+00
6.858955144882202148e+00
6.864050865173339844e+00
6.868939876556396484e+00
6.873918771743774414e+00
6.878986597061157227e+00
6.883899450302124023e+00
6.889117479324340820e+00
6.893367052078247070e+00
6.898086786270141602e+00
6.903198480606079102e+00
6.908127307891845703e+00
6.912989854812622070e+00
6.917981863021850586e+00
6.922900676727294922e+00
6.927840471267700195e+00
6.932574272155761719e+00
6.937356233596801758e+00
6.942502737045288086e+00
6.947135686874389648e+00
6.951910257339477539e+00
6.956881999969482422e+00
6.962366580963134766e+00
6.967694044113159180e+00
6.973057031631469727e+00
6.978366613388061523e+00
6.983493566513061523e+00
6.988920927047729492e+00
6.994347810745239258e+00
6.999610424041748047e+00
7.005017518997192383e+00
7.010103464126586914e+00
7.015253305435180664e+00
7.020638942718505859e+00
7.025633096694946289e+00
7.031235933303833008e+00
7.036663055419921875e+00
7.041651487350463867e+00
7.046636343002319336e+00
7.051668167114257812e+00
7.056346654891967773e+00
7.061635255813598633e+00
7.067274332046508789e+00
7.073007822036743164e+00
7.078095912933349609e+00
7.083169698715209961e+00
7.089582681655883789e+00
7.095439195632934570e+00
7.101043462753295898e+00
7.106499195098876953e+00
7.112181425094604492e+00
7.117505550384521484e+00
7.123260021209716797e+00
7.128737688064575195e+00
7.134382247924804688e+00
7.140077352523803711e+00
7.145467758178710938e+00
7.151070117950439453e+00
7.156389713287353516e+00
7.162130355834960938e+00
7.167698621749877930e+00
7.173091888427734375e+00
7.178425788879394531e+00
7.184092998504638672e+00
7.189418554306030273e+00
7.195229530334472656e+00
7.200555324554443359e+00
7.205601692199707031e+00
7.210657835006713867e+00
7.215967416763305664e+00
7.221370458602905273e+00
7.226502418518066406e+00
7.232247829437255859e+00
7.237794637680053711e+00
7.243119478225708008e+00
7.249067306518554688e+00
7.254664659500122070e+00
7.259964942932128906e+00
7.265063762664794922e+00
7.270165443420410156e+00
7.275485038757324219e+00
7.280983209609985352e+00
7.286230087280273438e+00
7.291392087936401367e+00
7.296519041061401367e+00
7.301388978958129883e+00
7.306645870208740234e+00
7.311600208282470703e+00
7.316643714904785156e+00
7.321684598922729492e+00
7.326507329940795898e+00
7.332414150238037109e+00
7.338302850723266602e+00
7.343664646148681641e+00
7.349273681640625000e+00
7.354676485061645508e+00
7.360013008117675781e+00
7.365409135818481445e+00
7.370367050170898438e+00
7.375388383865356445e+00
7.380289077758789062e+00
7.385105133056640625e+00
7.390033960342407227e+00
7.394983768463134766e+00
7.400153875350952148e+00
7.405108690261840820e+00
7.409984588623046875e+00
7.415021181106567383e+00
7.419851303100585938e+00
7.424970388412475586e+00
7.430283784866333008e+00
7.435349464416503906e+00
7.440362691879272461e+00
7.445151805877685547e+00
7.450218677520751953e+00
7.455117464065551758e+00
7.460051774978637695e+00
7.465218305587768555e+00
7.470308542251586914e+00
7.475398778915405273e+00
7.480453729629516602e+00
7.485371112823486328e+00
7.490355253219604492e+00
7.495281696319580078e+00
7.499970436096191406e+00
7.504810810089111328e+00
7.508538961410522461e+00
7.512793540954589844e+00
7.516667604446411133e+00
7.520919561386108398e+00
7.524668931961059570e+00
7.528820514678955078e+00
7.532362937927246094e+00
7.536588668823242188e+00
7.540957927703857422e+00
7.545477151870727539e+00
7.549395322799682617e+00
7.553879261016845703e+00
7.557341814041137695e+00
7.561126470565795898e+00
7.564851045608520508e+00
7.568011999130249023e+00
7.570749282836914062e+00
7.574319362640380859e+00
7.578604698181152344e+00
7.582349061965942383e+00
7.586562633514404297e+00
7.589974880218505859e+00
7.593109130859375000e+00
7.596569299697875977e+00
7.599600791931152344e+00
7.602938652038574219e+00
7.606055736541748047e+00
7.609161853790283203e+00
7.612177610397338867e+00
7.615984439849853516e+00
7.619555473327636719e+00
7.623949527740478516e+00
7.628011465072631836e+00
7.633023977279663086e+00
7.638010978698730469e+00
7.642607688903808594e+00
7.646337509155273438e+00
7.650148868560791016e+00
7.654102563858032227e+00
7.658862113952636719e+00
7.662275552749633789e+00
7.665242195129394531e+00
7.669234037399291992e+00
7.673704624176025391e+00
7.677528619766235352e+00
7.680799722671508789e+00
7.683862924575805664e+00
7.687627792358398438e+00
7.691419601440429688e+00
7.694938182830810547e+00
7.698057174682617188e+00
7.701256275177001953e+00
7.704979896545410156e+00
7.708881378173828125e+00
7.712056875228881836e+00
7.715597152709960938e+00
7.719575643539428711e+00
7.723599672317504883e+00
7.726515531539916992e+00
7.729448318481445312e+00
7.732543706893920898e+00
7.735561370849609375e+00
7.738673925399780273e+00
7.741566181182861328e+00
7.744755029678344727e+00
7.748292922973632812e+00
7.751905441284179688e+00
7.755611181259155273e+00
7.759058237075805664e+00
7.762041568756103516e+00
7.764799594879150391e+00
7.768590211868286133e+00
7.771815061569213867e+00
7.775483369827270508e+00
7.779237270355224609e+00
7.782261371612548828e+00
7.784754276275634766e+00
7.787874937057495117e+00
7.791312217712402344e+00
7.795910120010375977e+00
7.800011157989501953e+00
7.804168224334716797e+00
7.807969570159912109e+00
7.811340332031250000e+00
7.815582752227783203e+00
7.819003820419311523e+00
7.822188615798950195e+00
7.826313018798828125e+00
7.830357789993286133e+00
7.834619998931884766e+00
7.838795423507690430e+00
7.842175245285034180e+00
7.845165729522705078e+00
7.849143505096435547e+00
7.852966547012329102e+00
7.857018232345581055e+00
7.861886024475097656e+00
7.865827083587646484e+00
7.869792938232421875e+00
7.873305559158325195e+00
7.877368211746215820e+00
7.881681919097900391e+00
7.885467529296875000e+00
7.888931274414062500e+00
7.893316268920898438e+00
7.897381305694580078e+00
7.901512861251831055e+00
7.905476570129394531e+00
7.909153461456298828e+00
7.912829875946044922e+00
7.917012929916381836e+00
7.922034978866577148e+00
7.925894498825073242e+00
7.930034637451171875e+00
7.934962272644042969e+00
7.938935518264770508e+00
7.943045377731323242e+00
7.946824073791503906e+00
7.950953245162963867e+00
7.955596208572387695e+00
7.959837198257446289e+00
7.964067935943603516e+00
7.968331813812255859e+00
7.972904682159423828e+00
7.977832078933715820e+00
7.982108354568481445e+00
7.986456394195556641e+00
7.990602731704711914e+00
7.994611501693725586e+00
7.999037027359008789e+00
8.003935813903808594e+00
8.008315324783325195e+00
8.013098716735839844e+00
8.018520832061767578e+00
8.022925376892089844e+00
8.028074979782104492e+00
8.032434225082397461e+00
8.037091493606567383e+00
8.041412830352783203e+00
8.045197486877441406e+00
8.049263000488281250e+00
8.053379297256469727e+00
8.057133436203002930e+00
8.060643911361694336e+00
8.064530372619628906e+00
8.068586349487304688e+00
8.072251081466674805e+00
8.075835943222045898e+00
8.079611301422119141e+00
8.083201885223388672e+00
8.086853504180908203e+00
8.090613365173339844e+00
8.094224214553833008e+00
8.097938060760498047e+00
8.101592779159545898e+00
8.106044292449951172e+00
8.110112667083740234e+00
8.113298177719116211e+00
8.116497278213500977e+00
8.120569944381713867e+00
8.124381065368652344e+00
8.127946376800537109e+00
8.132075309753417969e+00
8.136103391647338867e+00
8.139535188674926758e+00
8.143244504928588867e+00
8.146821498870849609e+00
8.150560140609741211e+00
8.154569387435913086e+00
8.157837152481079102e+00
8.161836862564086914e+00
8.165470838546752930e+00
8.168824911117553711e+00
8.172461271286010742e+00
8.176447868347167969e+00
8.180682897567749023e+00
8.184534549713134766e+00
8.188484191894531250e+00
8.192226886749267578e+00
8.195500135421752930e+00
8.199209928512573242e+00
8.202811717987060547e+00
8.206881046295166016e+00
8.210869550704956055e+00
8.214673519134521484e+00
8.218886613845825195e+00
8.223009824752807617e+00
8.227363348007202148e+00
8.231382608413696289e+00
8.235064983367919922e+00
8.238819599151611328e+00
8.243063449859619141e+00
8.246862888336181641e+00
8.250499248504638672e+00
8.253955841064453125e+00
8.257618665695190430e+00
8.261268377304077148e+00
8.265049934387207031e+00
8.268566370010375977e+00
8.272257328033447266e+00
8.276184320449829102e+00
8.279909610748291016e+00
8.283573865890502930e+00
8.287216901779174805e+00
8.290488004684448242e+00
8.294051170349121094e+00
8.297933578491210938e+00
8.301471710205078125e+00
8.304543972015380859e+00
8.307870864868164062e+00
8.312357902526855469e+00
8.316875696182250977e+00
8.321097612380981445e+00
8.326035976409912109e+00
8.331040382385253906e+00
8.335614442825317383e+00
8.341273784637451172e+00
8.346788883209228516e+00
8.352589130401611328e+00
8.357656002044677734e+00
8.363621234893798828e+00
8.369431257247924805e+00
8.374709367752075195e+00
8.380212068557739258e+00
8.385597467422485352e+00
8.391114473342895508e+00
8.396746397018432617e+00
8.402357339859008789e+00
8.407983064651489258e+00
8.413379192352294922e+00
8.418526172637939453e+00
8.423371076583862305e+00
8.428628921508789062e+00
8.433552503585815430e+00
8.438347339630126953e+00
8.443325519561767578e+00
8.448991537094116211e+00
8.454433679580688477e+00
8.460098505020141602e+00
8.465162277221679688e+00
8.470434904098510742e+00
8.476024150848388672e+00
8.481189489364624023e+00
8.486291408538818359e+00
8.491508007049560547e+00
8.497608423233032227e+00
8.503521919250488281e+00
8.509234905242919922e+00
8.514704227447509766e+00
8.519703388214111328e+00
8.524623155593872070e+00
8.529548406600952148e+00
8.534133195877075195e+00
8.539507150650024414e+00
8.545623302459716797e+00
8.551777601242065430e+00
8.557379484176635742e+00
8.562789678573608398e+00
8.568259000778198242e+00
8.573585987091064453e+00
8.579032182693481445e+00
8.584400653839111328e+00
8.589812278747558594e+00
8.595386266708374023e+00
8.601176023483276367e+00
8.606760978698730469e+00
8.612437725067138672e+00
8.617763757705688477e+00
8.623300790786743164e+00
8.629027366638183594e+00
8.634412765502929688e+00
8.640098094940185547e+00
8.645494461059570312e+00
8.651067495346069336e+00
8.656548261642456055e+00
8.662103414535522461e+00
8.667490720748901367e+00
8.672587633132934570e+00
8.678126096725463867e+00
8.683630228042602539e+00
8.689309835433959961e+00
8.694338083267211914e+00
8.699635982513427734e+00
8.704888343811035156e+00
8.710447549819946289e+00
8.716042518615722656e+00
8.721394538879394531e+00
8.726943016052246094e+00
8.731894969940185547e+00
8.736951112747192383e+00
8.742192268371582031e+00
8.747364521026611328e+00
8.753121852874755859e+00
8.758408069610595703e+00
8.763239622116088867e+00
8.768489122390747070e+00
8.774004936218261719e+00
8.778921365737915039e+00
8.783596992492675781e+00
8.788305044174194336e+00
8.793509960174560547e+00
8.799281358718872070e+00
8.805078744888305664e+00
8.811476230621337891e+00
8.816592931747436523e+00
8.822252511978149414e+00
8.827135801315307617e+00
8.833176374435424805e+00
8.838292121887207031e+00
8.843947172164916992e+00
8.849432706832885742e+00
8.854591846466064453e+00
8.859633445739746094e+00
8.865023851394653320e+00
8.870526790618896484e+00
8.875888347625732422e+00
8.881091117858886719e+00
8.886301517486572266e+00
8.891304969787597656e+00
8.897037744522094727e+00
8.902318954467773438e+00
8.907655477523803711e+00
8.913253545761108398e+00
8.918617486953735352e+00
8.924219608306884766e+00
8.930098533630371094e+00
8.935273170471191406e+00
8.940431833267211914e+00
8.945178747177124023e+00
8.949979305267333984e+00
8.954652070999145508e+00
8.959222078323364258e+00
8.963919401168823242e+00
8.968570947647094727e+00
8.973226308822631836e+00
8.978294372558593750e+00
8.983325242996215820e+00
8.988347768783569336e+00
8.993421316146850586e+00
8.998229503631591797e+00
9.003139019012451172e+00
9.008177042007446289e+00
9.013416767120361328e+00
9.018442630767822266e+00
9.023329734802246094e+00
9.028172731399536133e+00
9.033324956893920898e+00
9.038318395614624023e+00
9.043313741683959961e+00
9.048400163650512695e+00
9.053415775299072266e+00
9.058692932128906250e+00
9.063711643218994141e+00
9.068715095520019531e+00
9.074083089828491211e+00
9.079031229019165039e+00
9.084078788757324219e+00
9.088930606842041016e+00
9.093880414962768555e+00
9.098916769027709961e+00
9.104041099548339844e+00
9.108939647674560547e+00
9.114027976989746094e+00
9.119174957275390625e+00
9.124312877655029297e+00
9.129381418228149414e+00
9.134703159332275391e+00
9.139945268630981445e+00
9.144982337951660156e+00
9.149928569793701172e+00
9.155024051666259766e+00
9.160085916519165039e+00
9.164926290512084961e+00
9.169944524765014648e+00
9.175044536590576172e+00
9.179979085922241211e+00
9.184944868087768555e+00
9.189906120300292969e+00
9.194995641708374023e+00
9.199995994567871094e+00
9.205081939697265625e+00
9.210033416748046875e+00
9.214992284774780273e+00
9.219908475875854492e+00
9.225049734115600586e+00
9.230061531066894531e+00
9.235214471817016602e+00
9.239942073822021484e+00
9.245130062103271484e+00
9.250335454940795898e+00
9.255409717559814453e+00
9.260302782058715820e+00
9.265114545822143555e+00
9.269872426986694336e+00
9.275383949279785156e+00
9.280110597610473633e+00
9.284987211227416992e+00
9.290035009384155273e+00
9.295011520385742188e+00
9.300015926361083984e+00
9.304936408996582031e+00
9.310174942016601562e+00
9.315283536911010742e+00
9.320436000823974609e+00
9.325459003448486328e+00
9.330148220062255859e+00
9.334905624389648438e+00
9.339297294616699219e+00
9.343323230743408203e+00
9.347083806991577148e+00
9.351977348327636719e+00
9.357005596160888672e+00
9.361964464187622070e+00
9.366849660873413086e+00
9.371932268142700195e+00
9.376937150955200195e+00
9.381931066513061523e+00
9.386841058731079102e+00
9.391451358795166016e+00
9.396456241607666016e+00
9.400985479354858398e+00
9.406141996383666992e+00
9.411196708679199219e+00
9.416249275207519531e+00
9.421381235122680664e+00
9.426409959793090820e+00
9.431222200393676758e+00
9.435938119888305664e+00
9.440954446792602539e+00
9.445912122726440430e+00
9.450971364974975586e+00
9.455875635147094727e+00
9.459933996200561523e+00
9.464913368225097656e+00
9.469913244247436523e+00
9.474958419799804688e+00
9.479916572570800781e+00
9.484951734542846680e+00
9.489701271057128906e+00
9.494442462921142578e+00
9.499151706695556641e+00
9.503955364227294922e+00
9.508905887603759766e+00
9.513994932174682617e+00
9.518900156021118164e+00
9.523933410644531250e+00
9.528915882110595703e+00
9.533906221389770508e+00
9.538880109786987305e+00
9.543216228485107422e+00
9.548091411590576172e+00
9.552923679351806641e+00
9.557533740997314453e+00
9.561702251434326172e+00
9.566045761108398438e+00
9.570867538452148438e+00
9.575273752212524414e+00
9.579934597015380859e+00
9.584883689880371094e+00
9.589994192123413086e+00
9.594593763351440430e+00
9.599232196807861328e+00
9.604363203048706055e+00
9.609140872955322266e+00
9.613973379135131836e+00
9.618987083435058594e+00
9.623874187469482422e+00
9.628521680831909180e+00
9.633278369903564453e+00
9.638026952743530273e+00
9.642929315567016602e+00
9.648000955581665039e+00
9.652640104293823242e+00
9.656578779220581055e+00
9.661236763000488281e+00
9.665592670440673828e+00
9.669366836547851562e+00
9.673566102981567383e+00
9.678405523300170898e+00
9.683218240737915039e+00
9.688179492950439453e+00
9.692998170852661133e+00
9.698012351989746094e+00
9.703011035919189453e+00
9.707911968231201172e+00
9.712873220443725586e+00
9.717185258865356445e+00
9.721881151199340820e+00
9.726404428482055664e+00
9.731292963027954102e+00
9.735974788665771484e+00
9.740997552871704102e+00
9.745993375778198242e+00
9.750947952270507812e+00
9.756113529205322266e+00
9.760924816131591797e+00
9.765915155410766602e+00
9.770960330963134766e+00
9.775923728942871094e+00
9.780702829360961914e+00
9.785497188568115234e+00
9.790086746215820312e+00
9.794909238815307617e+00
9.799924373626708984e+00
9.804931879043579102e+00
9.810312509536743164e+00
9.815978050231933594e+00
9.820994615554809570e+00
9.825937032699584961e+00
9.830901384353637695e+00
9.835876703262329102e+00
9.840957164764404297e+00
9.845866203308105469e+00
9.850116491317749023e+00
9.855004549026489258e+00
9.859898328781127930e+00
9.863600254058837891e+00
9.867337703704833984e+00
9.871871948242187500e+00
9.875954389572143555e+00
9.879828691482543945e+00
9.883524179458618164e+00
9.887332916259765625e+00
9.891608476638793945e+00
9.896001815795898438e+00
9.900855779647827148e+00
9.905133485794067383e+00
9.909959077835083008e+00
9.914011716842651367e+00
9.917745590209960938e+00
9.921512842178344727e+00
9.925215959548950195e+00
9.929318666458129883e+00
9.933366537094116211e+00
9.938039779663085938e+00
9.941948175430297852e+00
9.945965528488159180e+00
9.951140403747558594e+00
9.955921411514282227e+00
9.959561109542846680e+00
9.963216543197631836e+00
9.966890573501586914e+00
9.970576524734497070e+00
9.974596977233886719e+00
9.978229045867919922e+00
9.981843233108520508e+00
9.985905408859252930e+00
9.989641427993774414e+00
9.993191719055175781e+00
9.996880054473876953e+00
1.000126481056213379e+01
1.000539064407348633e+01
1.000995039939880371e+01
1.001497220993041992e+01
1.001992082595825195e+01
1.002358889579772949e+01
1.002734375000000000e+01
1.003197145462036133e+01
1.003660917282104492e+01
1.004113698005676270e+01
1.004596757888793945e+01
1.005067229270935059e+01
1.005511617660522461e+01
1.005892968177795410e+01
1.006389760971069336e+01
1.006885719299316406e+01
1.007394862174987793e+01
1.007901954650878906e+01
1.008407950401306152e+01
1.008834195137023926e+01
1.009306192398071289e+01
1.009793472290039062e+01
1.010195994377136230e+01
1.010689759254455566e+01
1.011214280128479004e+01
1.011748743057250977e+01
1.012275362014770508e+01
1.012829351425170898e+01
1.013334846496582031e+01
1.013830494880676270e+01
1.014329934120178223e+01
1.014904236793518066e+01
1.015405821800231934e+01
1.015894460678100586e+01
1.016411447525024414e+01
1.016909503936767578e+01
1.017407250404357910e+01
1.017924594879150391e+01
1.018428349494934082e+01
1.018930935859680176e+01
1.019430899620056152e+01
1.019916391372680664e+01
1.020403909683227539e+01
1.020892024040222168e+01
1.021356487274169922e+01
1.021781873703002930e+01
1.022184491157531738e+01
1.022587156295776367e+01
1.023066067695617676e+01
1.023513054847717285e+01
1.024000954627990723e+01
1.024486351013183594e+01
1.025012302398681641e+01
1.025506711006164551e+01
1.026007485389709473e+01
1.026504397392272949e+01
1.027017998695373535e+01
1.027543163299560547e+01
1.028070926666259766e+01
1.028606057167053223e+01
1.029142498970031738e+01
1.029664301872253418e+01
1.030208063125610352e+01
1.030685663223266602e+01
1.031128025054931641e+01
1.031603765487670898e+01
1.032085800170898438e+01
1.032594609260559082e+01
1.033120417594909668e+01
1.033616471290588379e+01
1.034107661247253418e+01
1.034607958793640137e+01
1.035106825828552246e+01
1.035622096061706543e+01
1.036117029190063477e+01
1.036619925498962402e+01
1.037105798721313477e+01
1.037552189826965332e+01
1.038072943687438965e+01
1.038602805137634277e+01
1.039102196693420410e+01
1.039593315124511719e+01
1.040116238594055176e+01
1.040621042251586914e+01
1.041131401062011719e+01
1.041654849052429199e+01
1.042174315452575684e+01
1.042704367637634277e+01
1.043220615386962891e+01
1.043737912178039551e+01
1.044199943542480469e+01
1.044699215888977051e+01
1.045157384872436523e+01
1.045534491539001465e+01
1.045999193191528320e+01
1.046510910987854004e+01
1.046987605094909668e+01
1.047501969337463379e+01
1.047995281219482422e+01
1.048494911193847656e+01
1.048989534378051758e+01
1.049491715431213379e+01
1.049995112419128418e+01
1.050463867187500000e+01
1.050892448425292969e+01
1.051394701004028320e+01
1.051908159255981445e+01
1.052405881881713867e+01
1.052930235862731934e+01
1.053443717956542969e+01
1.053946471214294434e+01
1.054474234580993652e+01
1.055006384849548340e+01
1.055511808395385742e+01
1.056009554862976074e+01
1.056507396697998047e+01
1.057006549835205078e+01
1.057511138916015625e+01
1.058003687858581543e+01
1.058494019508361816e+01
1.059020209312438965e+01
1.059518241882324219e+01
1.060021328926086426e+01
1.060524129867553711e+01
1.061019659042358398e+01
1.061506366729736328e+01
1.062008738517761230e+01
1.062511730194091797e+01
1.063001012802124023e+01
1.063513469696044922e+01
1.064007091522216797e+01
1.064542889595031738e+01
1.065046548843383789e+01
1.065568590164184570e+01
1.066044688224792480e+01
1.066493725776672363e+01
1.066996717453002930e+01
1.067497348785400391e+01
1.067988419532775879e+01
1.068389153480529785e+01
1.068761682510375977e+01
1.069243812561035156e+01
1.069774723052978516e+01
1.070312643051147461e+01
1.070797610282897949e+01
1.071289181709289551e+01
1.071811628341674805e+01
1.072308301925659180e+01
1.072815942764282227e+01
1.073317408561706543e+01
1.073844742774963379e+01
1.074374008178710938e+01
1.074899268150329590e+01
1.075409364700317383e+01
1.075887632369995117e+01
1.076404523849487305e+01
1.076909875869750977e+01
1.077407693862915039e+01
1.077907872200012207e+01
1.078427362442016602e+01
1.078932142257690430e+01
1.079415130615234375e+01
1.079886651039123535e+01
1.080358195304870605e+01
1.080926704406738281e+01
1.081447124481201172e+01
1.081913495063781738e+01
1.082448720932006836e+01
1.082942271232604980e+01
1.083472800254821777e+01
1.083914756774902344e+01
1.084366536140441895e+01
1.084863734245300293e+01
1.085343408584594727e+01
1.085789155960083008e+01
1.086257767677307129e+01
1.086746454238891602e+01
1.087188100814819336e+01
1.087692523002624512e+01
1.088193845748901367e+01
1.088689208030700684e+01
1.089190983772277832e+01
1.089701390266418457e+01
1.090193057060241699e+01
1.090658164024353027e+01
1.091131520271301270e+01
1.091642045974731445e+01
1.092139959335327148e+01
1.092646598815917969e+01
1.093130970001220703e+01
1.093629312515258789e+01
1.094137549400329590e+01
1.094631028175354004e+01
1.095128750801086426e+01
1.095625567436218262e+01
1.096124386787414551e+01
1.096651554107666016e+01
1.097175145149230957e+01
1.097717046737670898e+01
1.098216605186462402e+01
1.098702907562255859e+01
1.099209761619567871e+01
1.099705147743225098e+01
1.100216364860534668e+01
1.100742268562316895e+01
1.101245975494384766e+01
1.101741838455200195e+01
1.102273297309875488e+01
1.102805852890014648e+01
1.103312110900878906e+01
1.103804731369018555e+01
1.104321837425231934e+01
1.104819154739379883e+01
1.105312633514404297e+01
1.105807971954345703e+01
1.106304025650024414e+01
1.106811857223510742e+01
1.107273125648498535e+01
1.107803273200988770e+01
1.108293843269348145e+01
1.108804368972778320e+01
1.109306287765502930e+01
1.109808111190795898e+01
1.110299682617187500e+01
1.110834240913391113e+01
1.111352109909057617e+01
1.111873507499694824e+01
1.112411379814147949e+01
1.112906289100646973e+01
1.113418292999267578e+01
1.113917422294616699e+01
1.114360141754150391e+01
1.114787650108337402e+01
1.115269470214843750e+01
1.115689659118652344e+01
1.116144824028015137e+01
1.116592431068420410e+01
1.116990447044372559e+01
1.117485499382019043e+01
1.117891573905944824e+01
1.118261885643005371e+01
1.118654894828796387e+01
1.119084858894348145e+01
1.119526743888854980e+01
1.119996452331542969e+01
1.120416760444641113e+01
1.120816135406494141e+01
1.121301627159118652e+01
1.121660232543945312e+01
1.121981716156005859e+01
1.122277927398681641e+01
1.122561502456665039e+01
1.122931528091430664e+01
1.123340702056884766e+01
1.123626995086669922e+01
1.123943662643432617e+01
1.124303579330444336e+01
1.124629354476928711e+01
1.124954032897949219e+01
1.125303292274475098e+01
1.125616621971130371e+01
1.126001572608947754e+01
1.126503920555114746e+01
1.126903367042541504e+01
1.127223992347717285e+01
1.127527642250061035e+01
1.127859234809875488e+01
1.128209161758422852e+01
1.128606843948364258e+01
1.129009246826171875e+01
1.129404187202453613e+01
1.129893279075622559e+01
1.130406713485717773e+01
1.130796718597412109e+01
1.131160545349121094e+01
1.131532263755798340e+01
1.131852674484252930e+01
1.132222676277160645e+01
1.132600688934326172e+01
1.133012366294860840e+01
1.133487176895141602e+01
1.133851432800292969e+01
1.134240341186523438e+01
1.134667277336120605e+01
1.135085988044738770e+01
1.135496377944946289e+01
1.135852265357971191e+01
1.136224269866943359e+01
1.136599850654602051e+01
1.136997270584106445e+01
1.137365436553955078e+01
1.137734532356262207e+01
1.138117790222167969e+01
1.138510227203369141e+01
1.138854861259460449e+01
1.139238047599792480e+01
1.139616775512695312e+01
1.140006732940673828e+01
1.140367531776428223e+01
1.140730690956115723e+01
1.141203975677490234e+01
1.141702842712402344e+01
1.142120885848999023e+01
1.142557859420776367e+01
1.142983770370483398e+01
1.143446707725524902e+01
1.143890833854675293e+01
1.144397878646850586e+01
1.144889664649963379e+01
1.145288181304931641e+01
1.145689892768859863e+01
1.146090459823608398e+01
1.146610522270202637e+01
1.147036147117614746e+01
1.147469472885131836e+01
1.147899746894836426e+01
1.148335433006286621e+01
1.148786258697509766e+01
1.149187517166137695e+01
1.149596738815307617e+01
1.150060582160949707e+01
1.150489187240600586e+01
1.150970339775085449e+01
1.151437211036682129e+01
1.151897788047790527e+01
1.152397108078002930e+01
1.152813124656677246e+01
1.153189134597778320e+01
1.153606081008911133e+01
1.154053282737731934e+01
1.154491305351257324e+01
1.154902005195617676e+01
1.155364680290222168e+01
1.155768394470214844e+01
1.156228995323181152e+01
1.156642389297485352e+01
1.157011342048645020e+01
1.157440829277038574e+01
1.157894062995910645e+01
1.158369064331054688e+01
1.158869576454162598e+01
1.159326910972595215e+01
1.159796810150146484e+01
1.160237717628479004e+01
1.160640192031860352e+01
1.161111092567443848e+01
1.161546134948730469e+01
1.162006330490112305e+01
1.162469840049743652e+01
1.162902259826660156e+01
1.163341522216796875e+01
1.163801193237304688e+01
1.164272642135620117e+01
1.164743471145629883e+01
1.165172076225280762e+01
1.165607738494873047e+01
1.166097259521484375e+01
1.166611742973327637e+01
1.167106628417968750e+01
1.167492365837097168e+01
1.167944192886352539e+01
1.168393850326538086e+01
1.168889904022216797e+01
1.169340658187866211e+01
1.169794416427612305e+01
1.170265245437622070e+01
1.170717048645019531e+01
1.171235418319702148e+01
1.171693539619445801e+01
1.172142958641052246e+01
1.172600340843200684e+01
1.173085308074951172e+01
1.173487424850463867e+01
1.173909640312194824e+01
1.174391818046569824e+01
1.174950051307678223e+01
1.175511622428894043e+01
1.176039123535156250e+01
1.176530742645263672e+01
1.177103233337402344e+01
1.177589058876037598e+01
1.178106617927551270e+01
1.178609251976013184e+01
1.179040861129760742e+01
1.179468154907226562e+01
1.179955935478210449e+01
1.180400037765502930e+01
1.180908608436584473e+01
1.181446337699890137e+01
1.181992483139038086e+01
1.182524442672729492e+01
1.183004403114318848e+01
1.183517742156982422e+01
1.184077334403991699e+01
1.184753012657165527e+01
1.185332655906677246e+01
1.185827827453613281e+01
1.186352682113647461e+01
1.186915826797485352e+01
1.187440943717956543e+01
1.187981629371643066e+01
1.188555169105529785e+01
1.189130568504333496e+01
1.189678239822387695e+01
1.190252590179443359e+01
1.190841197967529297e+01
1.191361975669860840e+01
1.191918444633483887e+01
1.192429041862487793e+01
1.192962622642517090e+01
1.193525624275207520e+01
1.194065618515014648e+01
1.194602131843566895e+01
1.195140480995178223e+01
1.195649766921997070e+01
1.196114778518676758e+01
1.196642041206359863e+01
1.197178077697753906e+01
1.197756791114807129e+01
1.198351645469665527e+01
1.199039840698242188e+01
1.199641227722167969e+01
1.200219440460205078e+01
1.200728654861450195e+01
1.201259064674377441e+01
1.201816320419311523e+01
1.202326941490173340e+01
1.202921533584594727e+01
1.203442668914794922e+01
1.203978538513183594e+01
1.204606032371520996e+01
1.205141592025756836e+01
1.205708885192871094e+01
1.206250381469726562e+01
1.206812071800231934e+01
1.207349348068237305e+01
1.207875394821166992e+01
1.208413982391357422e+01
1.208977031707763672e+01
1.209539246559143066e+01
1.210064578056335449e+01
1.210631084442138672e+01
1.211131715774536133e+01
1.211678934097290039e+01
1.212314796447753906e+01
1.212903165817260742e+01
1.213428473472595215e+01
1.214033222198486328e+01
1.214602422714233398e+01
1.215142393112182617e+01
1.215730452537536621e+01
1.216278624534606934e+01
1.216881179809570312e+01
1.217454290390014648e+01
1.218007540702819824e+01
1.218526291847229004e+01
1.219074988365173340e+01
1.219728589057922363e+01
1.220327305793762207e+01
1.220879149436950684e+01
1.221478700637817383e+01
1.222046446800231934e+01
1.222515487670898438e+01
1.223016738891601562e+01
1.223530197143554688e+01
1.224130415916442871e+01
1.224654746055603027e+01
1.225253415107727051e+01
1.225819087028503418e+01
1.226373910903930664e+01
1.226919579505920410e+01
1.227387189865112305e+01
1.227929139137268066e+01
1.228469109535217285e+01
1.229066705703735352e+01
1.229696917533874512e+01
1.230229520797729492e+01
1.230740046501159668e+01
1.231305027008056641e+01
1.231855320930480957e+01
1.232444810867309570e+01
1.232941603660583496e+01
1.233455753326416016e+01
1.234031701087951660e+01
1.234567260742187500e+01
1.235151886940002441e+01
1.235702276229858398e+01
1.236240124702453613e+01
1.236804366111755371e+01
1.237332487106323242e+01
1.237915992736816406e+01
1.238442087173461914e+01
1.238962411880493164e+01
1.239452552795410156e+01
1.240001654624938965e+01
1.240543675422668457e+01
1.240984225273132324e+01
1.241491436958312988e+01
1.241986966133117676e+01
1.242499542236328125e+01
1.242986845970153809e+01
1.243486666679382324e+01
1.243997192382812500e+01
1.244491791725158691e+01
1.245017600059509277e+01
1.245598363876342773e+01
1.246151757240295410e+01
1.246768736839294434e+01
1.247385740280151367e+01
1.247960400581359863e+01
1.248537611961364746e+01
1.249058318138122559e+01
1.249569249153137207e+01
1.250185441970825195e+01
1.250762820243835449e+01
1.251332163810729980e+01
1.251911020278930664e+01
1.252528429031372070e+01
1.253131771087646484e+01
1.253729629516601562e+01
1.254331350326538086e+01
1.254919838905334473e+01
1.255536413192749023e+01
1.256131029129028320e+01
1.256737875938415527e+01
1.257330727577209473e+01
1.257936811447143555e+01
1.258530998229980469e+01
1.259131240844726562e+01
1.259731054306030273e+01
1.260326147079467773e+01
1.260858225822448730e+01
1.261371922492980957e+01
1.261942076683044434e+01
1.262508010864257812e+01
1.263029623031616211e+01
1.263637232780456543e+01
1.264228343963623047e+01
1.264863681793212891e+01
1.265508389472961426e+01
1.266110110282897949e+01
1.266719961166381836e+01
1.267336630821228027e+01
1.267932653427124023e+01
1.268518924713134766e+01
1.269131684303283691e+01
1.269731211662292480e+01
1.270338153839111328e+01
1.270932030677795410e+01
1.271538114547729492e+01
1.272120356559753418e+01
1.272719907760620117e+01
1.273253679275512695e+01
1.273838043212890625e+01
1.274438929557800293e+01
1.275028753280639648e+01
1.275651240348815918e+01
1.276253294944763184e+01
1.276861119270324707e+01
1.277442812919616699e+01
1.278023076057434082e+01
1.278636264801025391e+01
1.279237270355224609e+01
1.279824590682983398e+01
1.280416607856750488e+01
1.281050300598144531e+01
1.281719994544982910e+01
1.282214069366455078e+01
1.282627058029174805e+01
1.283097100257873535e+01
1.283582568168640137e+01
1.283964514732360840e+01
1.284400057792663574e+01
1.284864854812622070e+01
1.285318708419799805e+01
1.285796666145324707e+01
1.286311459541320801e+01
1.286795496940612793e+01
1.287299990653991699e+01
1.287801241874694824e+01
1.288300037384033203e+01
1.288783407211303711e+01
1.289215683937072754e+01
1.289704465866088867e+01
1.290192675590515137e+01
1.290643882751464844e+01
1.291096568107604980e+01
1.291611170768737793e+01
1.292038369178771973e+01
1.292516613006591797e+01
1.293000173568725586e+01
1.293497490882873535e+01
1.293994235992431641e+01
1.294507908821105957e+01
1.294995188713073730e+01
1.295507669448852539e+01
1.295961999893188477e+01
1.296392822265625000e+01
1.296900010108947754e+01
1.297401332855224609e+01
1.297897028923034668e+01
1.298395705223083496e+01
1.298900794982910156e+01
1.299395346641540527e+01
1.299909377098083496e+01
1.300408744812011719e+01
1.300897932052612305e+01
1.301399564743041992e+01
1.301890039443969727e+01
1.302404475212097168e+01
1.302945089340209961e+01
1.303448843955993652e+01
1.303964138031005859e+01
1.304543113708496094e+01
1.305050182342529297e+01
1.305607366561889648e+01
1.306146216392517090e+01
1.306711888313293457e+01
1.307251024246215820e+01
1.307813000679016113e+01
1.308315491676330566e+01
1.308852458000183105e+01
1.309413099288940430e+01
1.309947848320007324e+01
1.310478186607360840e+01
