-8.397740364074707031e+00
-8.331152915954589844e+00
-5.159568627675374053e+00
-3.683458030223846436e+00
-2.932169727981090546e+00
-2.536226077626148712e+00
-2.199595294892787933e+00
-1.860352766700088978e+00
-1.505250756111409904e+00
-1.289732537418603942e+00
-1.406817618418823690e+00
-1.212700683002670532e+00
-1.058855871168466800e+00
-9.993253121418612661e-01
-8.764832759896914460e-01
-7.617539376951754093e-01
-8.184864578001639357e-01
-7.324820214675532570e-01
-6.959956586360931396e-01
-6.626261519268155098e-01
-6.362022149066129950e-01
-6.033098821274258672e-01
-5.860421063135499153e-01
-5.942408642731606960e-01
-5.392887236177921206e-01
-4.913327855846056358e-01
-5.280989387796984902e-01
-4.995244987575070961e-01
-4.370333769455038153e-01
-4.403282693276802662e-01
-4.381442388459559356e-01
-4.006767059909179807e-01
-3.687063917291886761e-01
-3.779360486523193341e-01
-3.687343496297086909e-01
-3.655998815471927510e-01
-3.749621906191916154e-01
-3.481110876524134423e-01
-3.119954979763581160e-01
-3.460628160275519005e-01
-3.146788384311082765e-01
-2.786567162367559747e-01
-2.670235042135382653e-01
-2.594276533716104449e-01
-2.441893321772416470e-01
-2.249922502138044511e-01
-1.000883892337058462e-01
-3.898602809446553158e-02
-2.064097132913920302e-02
3.602798022329807559e-02
1.071256800171206947e-01
1.180567148929605181e-01
1.319891330346746328e-01
2.024664175869138050e-01
2.165310689671472999e-01
2.555971063806542487e-01
2.922452294120663208e-01
3.073218817469374753e-01
3.018117029283006181e-01
3.021412131687005176e-01
3.250012668918390579e-01
3.306833051385418276e-01
3.322214004066255111e-01
3.396763086784631014e-01
3.553139624687341458e-01
3.715119373166199668e-01
3.477442613733348620e-01
3.284086157732150069e-01
3.561093558867772235e-01
3.954970659954207268e-01
3.803188912045787906e-01
3.663273306770457038e-01
3.872737151710954340e-01
4.081667325383908085e-01
3.993817005554834987e-01
3.956456116743777840e-01
4.406274381976623133e-01
4.487860335562473546e-01
4.323550073217742318e-01
4.524832534603774326e-01
5.868670928291976896e-01
6.749858680181205495e-01
6.461829948239028454e-01
6.605067121796309726e-01
6.735312243923544662e-01
6.415197333320975526e-01
6.572425127029418723e-01
6.646834686398506165e-01
6.287070557475089583e-01
6.021855965256690535e-01
6.511812061071395874e-01
6.403295943513512833e-01
6.048705304041505082e-01
6.234475897625089136e-01
5.779356839135288970e-01
5.795054951682686584e-01
5.623246619477868524e-01
5.677193010225891623e-01
5.365316391922533290e-01
5.515921959187835011e-01
5.374010184314101934e-01
5.286565960850566626e-01
5.368690186645835860e-01
5.394953207578510046e-01
5.306454186793416739e-01
5.130269309040158543e-01
5.376339183654635923e-01
5.155262505169957432e-01
5.127726709004492012e-01
4.855078918393701537e-01
5.110125479754060729e-01
4.756983754690736754e-01
4.821724032517522573e-01
4.728378904517739900e-01
4.691433405037969129e-01
4.771927663590759261e-01
4.628992499317973741e-01
4.698235028889030107e-01
4.164970332290977018e-01
4.559109398629516141e-01
4.052806326653808355e-01
4.035690972115844599e-01
3.828168078791350237e-01
3.903882263693958521e-01
3.768881286028772370e-01
3.577138582710176484e-01
3.004152114037424437e-01
2.298057729844003860e-01
2.418387027923017685e-01
1.644395264331251494e-01
1.325672584120184128e-01
9.671669178642332276e-02
8.356128339655696791e-02
7.029506610706448555e-03
8.183638798072934151e-03
-5.686795259825885157e-02
-7.105942363850772936e-02
-9.692817474715412218e-02
-1.050218286924064215e-01
-1.108265998773276806e-01
-1.512039366178214439e-01
-1.625646485947072617e-01
-1.816771264187991564e-01
-1.924679241608828195e-01
-2.368225253652781193e-01
-2.461873717140406481e-01
-2.614405951928347460e-01
-2.356810651253908873e-01
-2.948789022397250159e-01
-3.244670465122908576e-01
-3.353134110104292742e-01
-3.277217207010835187e-01
-3.629927796777338012e-01
-4.065297139342874400e-01
-3.972210807260125875e-01
-4.221494658384472021e-01
-4.649181379470974096e-01
-5.134005604777485132e-01
-4.877667015884071811e-01
-5.541263407561928256e-01
-5.698314106557518244e-01
-5.826664349529891984e-01
-5.631336236838251352e-01
-6.146931732539087090e-01
-6.312480422202497721e-01
-5.996005984488874674e-01
-6.327392789069563594e-01
-6.408395356032997592e-01
-6.401313191745430231e-01
-6.198641179595142381e-01
-6.593475519213825020e-01
-6.583461909089237674e-01
-6.520363493356853279e-01
-6.697224798146634850e-01
-6.593479605857283099e-01
-6.664477529469877704e-01
-6.591016354504972696e-01
-6.693792408797889504e-01
-6.691248929593711647e-01
-6.773592887911945581e-01
-6.906179158482700364e-01
-6.765617764089256747e-01
-7.043889591936022265e-01
-7.053818101529032436e-01
-7.178277714643627183e-01
-7.113673413638025300e-01
-7.582543617580086437e-01
-7.286809942219406588e-01
-7.829008883330971225e-01
-7.686286559794097695e-01
-7.744453346822410822e-01
-7.758525347802788241e-01
-8.181491604540497287e-01
-7.968311967793851869e-01
-7.989377638790756686e-01
-8.397719016764313427e-01
-8.182692338246851937e-01
-8.397480261046439409e-01
-8.364728879649192539e-01
-8.411859166342765537e-01
-8.117469419259577545e-01
-8.597155679482966217e-01
-8.520623419899493456e-01
-8.517004143912345615e-01
-8.706133384723215851e-01
-8.864742938894778490e-01
-8.856879089493304713e-01
-8.646374870557338443e-01
-9.070008997339755741e-01
-8.560552854556590097e-01
-9.104579005856067164e-01
-8.867744021583348069e-01
-8.878657648805529101e-01
-8.891331891063600779e-01
-8.941979626659304348e-01
-8.999051878694445117e-01
-9.086716572288423555e-01
-9.136214340571313652e-01
-9.256545769516378863e-01
-9.156338373664766328e-01
-9.384402523282915354e-01
-9.308313185814768298e-01
-9.304193029645830837e-01
-9.638781717047095743e-01
-9.321406589820980804e-01
-9.470705548301339149e-01
-9.436687687411904335e-01
-9.438221314921975136e-01
-9.598494092002510802e-01
-9.793026434257626756e-01
-9.555813414976001008e-01
-9.918964602053165214e-01
-9.885586485266685264e-01
-9.627183176577090995e-01
-9.974725440144538435e-01
-9.759393176063895226e-01
-9.771276773884892686e-01
-9.791652860119939294e-01
-9.972909385338425414e-01
-9.477708416059613672e-01
-9.984395967796444449e-01
-9.902017252519726975e-01
-9.909259391948580520e-01
-9.911183370277285576e-01
-1.005874696932733015e+00
-9.938327560201287714e-01
-1.018724212981760413e+00
-1.018922704644501298e+00
-1.004324495978653475e+00
-1.046127522923052222e+00
-1.008494896627962545e+00
-1.046255126968026250e+00
-1.020950937271118075e+00
-1.038564192876219705e+00
-1.041626107320189565e+00
-1.043203566968440965e+00
-1.022881259024143175e+00
-1.064345056936144784e+00
-1.019419002160429910e+00
-1.045924833789467767e+00
-1.046396375074982732e+00
-1.044054000452160791e+00
-1.030682984367012889e+00
-1.058666880801319987e+00
-1.032354248687624931e+00
-1.050295524299144745e+00
-1.030629046261310577e+00
-1.035114064812660217e+00
-1.010654371976852373e+00
-1.026044999063014940e+00
-1.035147425159812062e+00
-1.022898289188742593e+00
-1.020434754714369729e+00
-1.014506178349256604e+00
-1.025671836733818010e+00
-1.022306180000305265e+00
-1.007176055200397879e+00
-1.012983025796711400e+00
-1.013208116777241319e+00
-1.020983762480318635e+00
-1.015502830035984516e+00
-1.018006073124706701e+00
-1.003010688908398063e+00
-1.020458211190998554e+00
-1.034378929622471244e+00
-1.011621245555579751e+00
-1.016226313076913357e+00
-1.043591107986867383e+00
-1.026723269000649363e+00
-1.042799892649054483e+00
-1.027796810492873192e+00
-1.019257523864507631e+00
-1.052307822182774633e+00
-1.027154112234711647e+00
-1.031345206871628672e+00
-1.027531049028038934e+00
-1.029625407606363341e+00
-1.019224207475781352e+00
-1.026799166575074196e+00
-1.026361697539687201e+00
-1.013221513852477162e+00
-1.029955471307039350e+00
-1.014915871620178267e+00
-1.018053755164146423e+00
-1.026408446580171496e+00
-1.018256358429789454e+00
-1.029521588608622640e+00
-1.033197277411818549e+00
-1.015770679339766502e+00
-1.013770283386111304e+00
-1.013498570397496135e+00
-1.012397663667798042e+00
-1.000144232064485550e+00
-1.010124844312667802e+00
-1.014709189534187317e+00
-9.987833747640252335e-01
-1.037354603223502592e+00
-9.949940653517842515e-01
-9.891079680994152579e-01
-1.031708508171141236e+00
-9.841891938820481744e-01
-9.765026057139039040e-01
-1.009937448240816549e+00
-9.708885775879025903e-01
-9.913114832714200464e-01
-1.000051759369671389e+00
-9.584091590717435105e-01
-9.860738625749945196e-01
-9.715373983606696573e-01
-9.690228631719947083e-01
-9.684160580858588441e-01
-9.646188607439398766e-01
-9.659782389178872553e-01
-9.580790499225259049e-01
-9.510567629709839599e-01
-9.514446666464209112e-01
-9.696739545091986878e-01
-9.271300734952092615e-01
-9.480493390932679398e-01
-9.541923636570572853e-01
-9.160947145894169363e-01
-9.624851385131478754e-01
-9.406336003914474997e-01
-9.163118796423077583e-01
-9.407030435279011282e-01
-9.156769817695021851e-01
-9.310380434617400169e-01
-9.262651076540351358e-01
-9.394030591472983804e-01
-8.995724918320775476e-01
-9.166014892980456352e-01
-9.228512896224856377e-01
-8.823061836883425713e-01
-9.271402841433882269e-01
-8.959945192560553329e-01
-8.759772991761565208e-01
-8.961182719096540961e-01
-8.778058527037501113e-01
-8.530205970630049261e-01
-8.528587697073817253e-01
-8.853745652362704499e-01
-8.340528232976793799e-01
-8.598878471180796401e-01
-8.592168582603335603e-01
-8.116733020171522650e-01
-8.436721915379166159e-01
-8.384203465655446497e-01
-8.090604709461330923e-01
-8.141684655100107637e-01
-8.008983869105577025e-01
-8.091027576476335081e-01
-7.984591294080018997e-01
-7.775432799011469109e-01
-7.921014834195375665e-01
-7.853818539530038612e-01
-7.780832324177027193e-01
-7.735519006848334822e-01
-7.810302842408418655e-01
-7.656584609299897926e-01
-7.620612744241952452e-01
-7.722848627716303316e-01
-7.448568407446145567e-01
-7.494099346920848337e-01
-7.389712957665324211e-01
-7.194749960675835831e-01
-7.502198291942476782e-01
-7.064817791804671732e-01
-7.162134370766579661e-01
-7.148565969429909739e-01
-6.990808933041989803e-01
-7.343762944452464358e-01
-6.879807855002582073e-01
-6.977208307944238186e-01
-7.015377744100987911e-01
-6.571420728228986041e-01
-7.066555156372487101e-01
-6.612038156948983891e-01
-6.742887566797435284e-01
-6.973622339777648671e-01
-6.470327052287757619e-01
-6.940892222337424755e-01
-6.562547060661018117e-01
-6.631205949001014455e-01
-6.727502102032303366e-01
-6.255566136911511199e-01
-6.479758752509952036e-01
-6.403670148923993333e-01
-6.152554189786314520e-01
-6.534164136275648627e-01
-6.045569537207484689e-01
-6.380052177235484567e-01
-6.061470052227377892e-01
-6.042993126437068430e-01
-6.197813970968126807e-01
-5.890846541151404381e-01
-5.940087914001196401e-01
-5.902174144517630117e-01
-5.802698928397148626e-01
-5.992230455856770721e-01
-5.723659341223538144e-01
-5.746783261187374814e-01
-5.649232034571468608e-01
-5.679501061327755229e-01
-5.686044004745781644e-01
-5.783207041211426702e-01
-5.670028456486762014e-01
-5.612958707846701367e-01
-5.624981434084475040e-01
-5.317782664671539816e-01
-5.663085205480455908e-01
-5.307100405916571617e-01
-5.315936421975493431e-01
-5.597411146387457626e-01
-5.094010313972830994e-01
-5.561659594997763190e-01
-5.359650043770670669e-01
-5.245400423184036764e-01
-5.550658443942666498e-01
-5.282321991398930550e-01
-5.692700373008847681e-01
-5.241991298273205313e-01
-5.423027807846665382e-01
-5.321056576445698516e-01
-5.106398748233914597e-01
-5.531568640843034235e-01
-5.109032096341252771e-01
-5.289955286309122595e-01
-5.388362152501940949e-01
-5.155494285747408423e-01
-5.500663837417960611e-01
-5.180380266159773095e-01
-5.279973208904266135e-01
-5.456332996487617271e-01
-5.096735492348670737e-01
-5.507210806012153848e-01
-5.299281798303127067e-01
-5.247722290456294791e-01
-5.355354733765125275e-01
-5.263595379889011161e-01
-5.240792296826839447e-01
-5.146017543971538322e-01
-5.223680742084979567e-01
-5.171563357114792314e-01
-5.118928372859954390e-01
-5.127531513571739197e-01
-4.953621596097946278e-01
-5.217256434261798859e-01
-5.107069051824509875e-01
-4.994437537156045659e-01
-5.156043275259435399e-01
-4.644935592077672482e-01
-4.934275074861943500e-01
-5.172951913438736948e-01
-4.939976303838193306e-01
-5.189888848923146503e-01
-5.120754762552678363e-01
-5.178965332917868647e-01
-4.955054755322635396e-01
-4.991918574087321758e-01
-5.291663895361125025e-01
-4.786255638115107791e-01
-5.305063019506632838e-01
-5.106478150002657923e-01
-4.984813328832388146e-01
-5.409599546343087928e-01
-5.235045555979013221e-01
-5.130971327424049822e-01
-5.483166139572859255e-01
-5.246589690446853416e-01
-5.203534267842769845e-01
-5.323606558144092782e-01
-5.492073029279709306e-01
-5.399371437728405221e-01
-5.333223365247249381e-01
-5.551042802631854789e-01
-5.446754960808902757e-01
-5.295214897487312555e-01
-5.740529334638267978e-01
-5.318654558155685441e-01
-5.364592787809669971e-01
-5.807842691428959370e-01
-5.393172984011471716e-01
-5.486032924614846484e-01
-5.726035810075700283e-01
-5.472319333814084086e-01
-5.585167131386696848e-01
-5.619274727068841457e-01
-5.751827108673751576e-01
-5.701249899342656358e-01
-5.614451246336102930e-01
-6.031003462150692496e-01
-5.674969853833318201e-01
-5.621208937838673148e-01
-6.089563461020588431e-01
-5.738076174631714377e-01
-5.945963250473141892e-01
-6.210551640018820985e-01
-5.819334750995039940e-01
-6.138704931363463402e-01
-5.999926647171378580e-01
-5.928221588954329935e-01
-6.074973566457628760e-01
-6.205094149336218834e-01
-6.232974587008357492e-01
-5.946702277287840843e-01
-6.291249928995966689e-01
-6.126722889021039009e-01
-5.945071155205369218e-01
-6.429959530010819213e-01
-5.974842021241784096e-01
-6.164975021034478919e-01
-6.417301297187805176e-01
-5.983699478209019151e-01
-6.288698904216289964e-01
-6.184581734240055528e-01
-6.008036136627197266e-01
-6.082395225763320701e-01
-6.097507297992705855e-01
-6.402188360691070113e-01
-6.711399435997009721e-01
-6.396645355969667879e-01
-6.366391044110060182e-01
-6.324741395190358606e-01
-6.194289589300752130e-01
-6.633267724886536820e-01
-6.847324261441827264e-01
-6.754957349970936997e-01
-6.772515686228871568e-01
-6.386354671791195647e-01
-6.231627346947788970e-01
-6.588921995833516565e-01
-6.706819700077175650e-01
-6.704458730295300706e-01
-6.929333629086613655e-01
-6.646427335217595100e-01
-6.160805480554699676e-01
-6.243140326812863794e-01
-6.697681518271565437e-01
-6.837568553164601326e-01
-6.882351564243436304e-01
-6.924084151163697465e-01
-6.522927889600396156e-01
-6.292401427403092606e-01
-6.647189328446984069e-01
-6.648488173261284384e-01
-6.769536593928933144e-01
-6.908757769502699153e-01
-6.488304154016077963e-01
-6.355720643885434118e-01
-6.518089632038026604e-01
-6.425572762731462939e-01
-6.573567534331232753e-01
-7.008158082608133554e-01
-6.923424648586660179e-01
-6.741417030338198169e-01
-6.702581147197633760e-01
-6.512334602419287410e-01
-6.344662683550268412e-01
-6.869632276240735802e-01
-7.110578062478453143e-01
-6.738585811574011597e-01
-6.816082265693694797e-01
-6.777518364135175499e-01
-6.439609539229422808e-01
-6.615160424727946076e-01
-6.912352320272475703e-01
-6.835055467206985202e-01
-6.798926959279925075e-01
-6.730981113854795916e-01
-6.400275657419115527e-01
-6.320900859776884539e-01
-6.748687806073576656e-01
-6.973133551422506793e-01
-6.680850038770586030e-01
-6.606611254159361346e-01
-6.365508283022791591e-01
-6.177977389190345558e-01
-6.627837038133292946e-01
-6.817808812949806008e-01
-6.779126113746315463e-01
-6.878900835756212029e-01
-6.606448399368674007e-01
-6.262107300106436458e-01
-6.481782267335802761e-01
-6.695502760354429261e-01
-6.743913086596876605e-01
-6.987181189004332271e-01
-6.851311611477285402e-01
-6.434927212540060282e-01
-6.599529462400823832e-01
-6.726958783809096065e-01
-6.825073691550642696e-01
-7.130397225264459848e-01
-6.936021240893751605e-01
-6.587026747409254757e-01
-6.722405659500509945e-01
-7.065611588303000179e-01
-7.124455856624990480e-01
-6.945384504739194886e-01
-6.719685798976570146e-01
-6.634950282517820819e-01
-6.696401289198548046e-01
-6.974286100361496432e-01
-7.230500160250812325e-01
-7.180358870420604500e-01
-6.847643445711583121e-01
-6.580239045899360928e-01
-6.607456389348953518e-01
-6.972990963142364773e-01
-7.418911549728364196e-01
-7.481025147717446089e-01
-7.121417898219079001e-01
-6.697559598367661682e-01
-6.680410984437912258e-01
-7.119454655330628157e-01
-7.659840542357414517e-01
-7.639798243995755689e-01
-7.203989600297063811e-01
-6.680566479917615652e-01
-6.566906896885484901e-01
-6.983408292289823294e-01
-7.400523637887090889e-01
-7.515274302568286657e-01
-7.156582997646182553e-01
-6.761260346975177526e-01
-6.825256185140460286e-01
-7.215700136963277833e-01
-7.521464089397340569e-01
-7.619417269248515145e-01
-7.453420161269604938e-01
-7.113287418149412122e-01
-6.850707869045435938e-01
-6.894697378389537112e-01
-7.103009718470275624e-01
-7.288536372594535129e-01
-7.271508338861167875e-01
-7.190587270073592885e-01
-7.154931548051536305e-01
-7.132246109656990019e-01
-7.144789758138359037e-01
-7.258261636830866115e-01
-7.172517777420580609e-01
-7.061144166626036611e-01
-7.017729529179632664e-01
-7.189252504147589651e-01
-7.303485655225813167e-01
-7.173909821547568288e-01
-7.090632452629506144e-01
-7.119202836416661517e-01
-7.175872496329247507e-01
-7.279527752660215345e-01
-7.353807567618787511e-01
-7.319652347825467142e-01
-7.332644435577094777e-01
-7.338559824042022450e-01
-7.293331230990588443e-01
-7.263618498109281063e-01
-7.177658840082585812e-01
-7.170036836527288182e-01
-7.249903320334851742e-01
-7.348962849937379360e-01
-7.337380944751202838e-01
-7.309533818624913692e-01
-7.233687798492610677e-01
-7.158048431389033572e-01
-7.158291499130428059e-01
-7.413177515380084959e-01
-7.448024856857955456e-01
-7.390590059570968373e-01
-7.257310855202376842e-01
-7.089425074867904408e-01
-7.157920110039412975e-01
-7.237260418944060358e-01
-7.398601028136908564e-01
-7.470901439897715823e-01
-7.301972287707030329e-01
-6.985244314186275227e-01
-6.870088662020862325e-01
-7.092037479393183963e-01
-7.328773400746285693e-01
-7.369822612963616848e-01
-7.320981721393764463e-01
-7.045747908763587697e-01
-6.922121199779212031e-01
-7.020148175768554655e-01
-7.226267969235777855e-01
-7.405372340232133643e-01
-7.338854987174272537e-01
-7.101709019392729028e-01
-6.812642943114042282e-01
-6.941762443631886992e-01
-7.279148545116186364e-01
-7.436428023502230644e-01
-7.222183568403124365e-01
-6.859704984351993051e-01
-6.676674319431186166e-01
-6.984510436654091103e-01
-7.386969059705734697e-01
-7.466887407004832999e-01
-7.261249825358391252e-01
-6.868353590369224992e-01
-6.719218313693999800e-01
-6.977386105805635230e-01
-7.417638126760721651e-01
-7.526587419211864249e-01
-7.112942509353160636e-01
-6.642733775079250336e-01
-6.389669351279735343e-01
-6.626477768644690736e-01
-7.249554833397269249e-01
-7.632816260680556075e-01
-7.511347914114594460e-01
-7.143497059121728388e-01
-6.751755425706505997e-01
-6.662265447899698989e-01
-7.066437182947993279e-01
-7.608337638899683730e-01
-7.714486612007022126e-01
-7.319890236482023971e-01
-6.922976082190871461e-01
-6.730297511443495972e-01
-6.955874620005488840e-01
-7.399890748783946037e-01
-7.738024149090051429e-01
-7.486726738512515800e-01
-6.979816235601902230e-01
-6.748647987842559814e-01
-6.917095340788363966e-01
-7.311520077288150565e-01
-7.704360581934451835e-01
-7.549923777580260786e-01
-7.034754693508148415e-01
-6.604869380593300088e-01
-6.701471511274575965e-01
-7.156693313270807710e-01
-7.587716925889254060e-01
-7.620361074805259705e-01
-7.270620405673980935e-01
-6.761948734521865401e-01
-6.693366870284080949e-01
-7.020631957799196021e-01
-7.421127203851938248e-01
-7.583325877785682678e-01
-7.408391524106263670e-01
-7.169437043368815932e-01
-7.038481347262859344e-01
-7.011704258620738983e-01
-7.101637553423643112e-01
-7.159348148852586746e-01
-7.242815669625997099e-01
-7.203793074935674889e-01
-7.210565622895955817e-01
-7.111941527575253996e-01
-6.956574354320764764e-01
-6.891295488923787627e-01
-7.008445893879979849e-01
-7.321706337388604879e-01
-7.408328590448945983e-01
-7.009560636710375769e-01
-6.701363451313226971e-01
-6.777088306378573623e-01
-7.122743553947656903e-01
-7.502341836225241423e-01
-7.325134034734219757e-01
-6.840269412379711422e-01
-6.481136064510792938e-01
-6.577173901256173627e-01
-7.090718505438416974e-01
-7.349835982080549224e-01
-7.216559556778520124e-01
-6.729200778063386679e-01
-6.424904038663953321e-01
-6.610218572895973921e-01
-7.115411582868546025e-01
-7.368953395169228759e-01
-7.159989386331290229e-01
-6.716131522785871999e-01
-6.303686722647399154e-01
-6.474164880346506834e-01
-6.954356587957590818e-01
-7.370363838504999654e-01
-7.355055883061141220e-01
-6.812916367780417204e-01
-6.356712489854544623e-01
-6.411169152241200653e-01
-6.883643876295536534e-01
-7.351003150921314733e-01
-7.525385360699147208e-01
-7.222084111999720335e-01
-6.617213256191462056e-01
-6.327960960101336463e-01
-6.588343284558504376e-01
-6.953510678838938919e-01
-7.275062627624719891e-01
-7.209672502707690223e-01
-6.818426765035837667e-01
-6.504538278561085018e-01
-6.602207403164357391e-01
-6.951529312413186057e-01
-7.076314065139740483e-01
-7.009237151127308829e-01
-6.877166661899536404e-01
-6.749316650908440129e-01
-6.706304776947945578e-01
-6.973475589882582870e-01
-7.215303122531622204e-01
-7.224161117803304943e-01
-7.004056140314787182e-01
-6.653152424376458374e-01
-6.572529095690697876e-01
-6.854061018209904876e-01
-7.183243121486156957e-01
-7.204447458963840756e-01
-6.923508386593312247e-01
-6.669316630344838126e-01
-6.771933059673755917e-01
-6.979636817704886198e-01
-7.107340257149189489e-01
-7.093144427519291195e-01
-6.760354246478528228e-01
-6.546363289933652130e-01
-6.605607535224408133e-01
-6.766603648196906073e-01
-6.846294957678764614e-01
-6.729312255512922558e-01
-6.429716847371309552e-01
-6.296121529769151959e-01
-6.646912890952080266e-01
-6.798935267608612332e-01
-6.710525359492749420e-01
-6.486868705134838375e-01
-6.229160133283585532e-01
-6.364860970061272383e-01
-6.669854390900582519e-01
-6.749218631070107444e-01
-6.610819773748517481e-01
-6.343511350452899489e-01
-6.424992658197880013e-01
-6.718591256067156792e-01
-6.814121799543499947e-01
-6.646096648648380789e-01
-6.322290034964680450e-01
-6.261907579377293809e-01
-6.668768232688307984e-01
-7.009295439347624779e-01
-7.083993060514330864e-01
-6.816134883090854135e-01
-6.591098127886653169e-01
-6.865723682567477226e-01
-7.047951092943549600e-01
-7.042924499139189276e-01
-6.923253161832689795e-01
-6.893703905865550263e-01
-6.865353016182780266e-01
-6.892923964187502861e-01
-6.840375611558556779e-01
-6.824473524466156960e-01
-7.033712754026055780e-01
-7.248769322410225646e-01
-7.263398060575128046e-01
-6.963709210976958275e-01
-6.732033638283609900e-01
-7.012383425608277321e-01
-7.419005597010255304e-01
-7.613589996472001076e-01
-7.230746695771813615e-01
-6.665582993999124017e-01
-6.584078887477516906e-01
-7.104669211432337317e-01
-7.418947635218501313e-01
-7.245891598984599558e-01
-6.991070376709103140e-01
-7.005036817863583565e-01
-7.032745854929089990e-01
-7.026618452742695586e-01
-7.020801918581127676e-01
-6.943864345550536665e-01
-7.006000846624373946e-01
-6.923994570970535278e-01
-6.862387981265782866e-01
-6.906112480908632723e-01
-6.988052919507026228e-01
-7.149774342775344627e-01
-7.026022955775260703e-01
-6.706330768764019457e-01
-6.545216992497444597e-01
-6.721290841698646101e-01
-7.233580201864242554e-01
-7.335498414933681044e-01
-6.976949624717235787e-01
-6.672057261690497176e-01
-6.785572117194533792e-01
-7.194387411698699442e-01
-7.367877231910824332e-01
-7.168191628530621307e-01
-6.743592562153934988e-01
-6.703103246167302354e-01
-7.047566851601004823e-01
-7.395944988355040994e-01
-7.465207649394869360e-01
-7.155586970970034821e-01
-6.859792871400713921e-01
-7.049430457875132117e-01
-7.396571854129433410e-01
-7.560997154563665612e-01
-7.519713867455720679e-01
-7.174579266458749327e-01
-6.886126060038805230e-01
-7.119784232228993925e-01
-7.541560392826796022e-01
-7.701527763158082518e-01
-7.479401160031556861e-01
-7.095751639455556425e-01
-6.872383860871196237e-01
-7.230157388374209848e-01
-7.653290493413805740e-01
-7.735139831900597063e-01
-7.337502710521220939e-01
-6.906412132084369659e-01
-7.025572326034307258e-01
-7.475624810904264450e-01
-7.868939023464918137e-01
-7.703057322651147842e-01
-7.099885124713182227e-01
-6.748746398836373839e-01
-6.956218581646680388e-01
-7.522139366716146247e-01
-7.547404523938894272e-01
-7.023015256971121278e-01
-6.731862079352139983e-01
-6.943865451961755975e-01
-7.470469299703836885e-01
-7.604477453976870027e-01
-7.279161348007618937e-01
-6.928839399479329586e-01
-7.016443035565316233e-01
-7.367393276654183865e-01
-7.640304065309464487e-01
-7.357992774806916270e-01
-6.805044180713594182e-01
-6.887500706128776296e-01
-7.309703695587813632e-01
-7.636901563964784145e-01
-7.505895099602639675e-01
-7.138321249745785968e-01
-7.040086372755467448e-01
-7.157987370155751705e-01
-7.248183085583150831e-01
-7.169456972740591016e-01
-7.293780549429357274e-01
-7.527970801107585208e-01
-7.443695387803017649e-01
-6.964651710353791936e-01
-6.853284350596368091e-01
-7.265812861733138561e-01
-7.703572827391326205e-01
-7.753804591484367847e-01
-7.267782819457352383e-01
-6.910479453392326388e-01
-6.913919591344892535e-01
-7.277946175076067670e-01
-7.565970455296338049e-01
-7.467007895000279394e-01
-7.311892592348158137e-01
-7.233792410232127157e-01
-7.236396596767008527e-01
-7.145986271090805086e-01
-6.991485071368515047e-01
-7.292977557517588139e-01
-7.646097333170474020e-01
-7.624598492868244204e-01
-7.269048688001931158e-01
-6.910153609700501187e-01
-6.879612524760887471e-01
-7.139532361878082600e-01
-7.480281282914802432e-01
-7.400867697549984303e-01
-7.015262347413226962e-01
-6.658224952174350841e-01
-6.736716679763048443e-01
-7.187278173398226055e-01
-7.484931967686861976e-01
-7.217865146230906248e-01
-6.843889444600790295e-01
-6.703430396970361249e-01
-6.791520127560943809e-01
-7.227145427372306807e-01
-7.512708881404250860e-01
-7.378727742936461720e-01
-7.059936301317065732e-01
-6.841210225131362233e-01
-6.842257285024970770e-01
-7.017994181718677504e-01
-7.292624786030501571e-01
-7.362844034563750251e-01
-7.172908089589327130e-01
-7.003087996970862594e-01
-6.924812264274805562e-01
-7.001199341844767110e-01
-7.010433069895952718e-01
-7.035278014373034239e-01
-7.025328836869448867e-01
-7.116669177543372138e-01
-7.186453088652342558e-01
-7.175942882429808822e-01
-6.957194104325026274e-01
-6.716475411783904281e-01
-6.903578280936926159e-01
-7.267488508950918913e-01
-7.378610629122703823e-01
-7.137086834292858395e-01
-6.674184064846485631e-01
-6.540448899846523778e-01
-6.812023163307457940e-01
-7.202948302496224864e-01
-7.365339458454400745e-01
-7.233908847440033707e-01
-6.803964160848409159e-01
-6.679613858927041514e-01
-6.837642990518361108e-01
-6.975674629677086624e-01
-7.047683865297585948e-01
-6.871776685584336519e-01
-6.609361559618264215e-01
-6.470266916323452744e-01
-6.665374219883233309e-01
-6.959049791563302056e-01
-7.143731549847871509e-01
-6.981530458200723155e-01
-6.670235185418278423e-01
-6.530096197966486216e-01
-6.600149596575647370e-01
-6.918156037572771311e-01
-7.038293773774058071e-01
-6.847888330463319795e-01
-6.473468045238405244e-01
-6.302589802537112984e-01
-6.542291997466236353e-01
-7.004601641092449427e-01
-7.341071820352226274e-01
-7.071071275044232829e-01
-6.616820134688168320e-01
-6.344576284755021334e-01
-6.669113960582763179e-01
-7.082161721307784763e-01
-7.140170636121183634e-01
-6.952643169555813296e-01
-6.688221285585314035e-01
-6.519208575133234040e-01
-6.615754465106874482e-01
-6.806456380058080180e-01
-6.783129066694527642e-01
-6.688113674987107293e-01
-6.706681315554305911e-01
-6.744465459836647137e-01
-6.808064271463081241e-01
-6.883192610694095492e-01
-6.888913222355768085e-01
-6.875079625053330812e-01
-6.874091229401528835e-01
-6.855298212729394880e-01
-6.839313141070306745e-01
-6.845364495180547015e-01
-6.834339237771928088e-01
-6.858137278817594273e-01
-6.862839932553470579e-01
-6.760555545799433741e-01
-6.725198010914027469e-01
-6.854814450256526692e-01
-6.960844445042312367e-01
-6.972195210866629633e-01
-6.942979718558490720e-01
-6.850108045153320280e-01
-6.822646248154342619e-01
-6.837838578037918058e-01
-6.906727428548038450e-01
-6.878646130673586878e-01
-6.867524798028170618e-01
-6.985902502201497555e-01
-7.160178861580789311e-01
-7.139191410504281965e-01
-7.107910684309899363e-01
-6.879868420772254911e-01
-6.730097937397658825e-01
-6.985817166976631132e-01
-7.394794243387877719e-01
-7.454533877782523188e-01
-7.094031170010566267e-01
-6.617797464132308960e-01
-6.616315580904483795e-01
-7.001795060932636261e-01
-7.426708988845348580e-01
-7.447927139699459520e-01
-7.139812644571066347e-01
-6.697348099201917426e-01
-6.534715626388788445e-01
-6.733345229178666624e-01
-7.151125829666853395e-01
-7.184383165091275947e-01
-7.033689472824334876e-01
-6.774355223402380721e-01
-6.610413884744048563e-01
-6.746898522600531800e-01
-7.102569809183478799e-01
-7.350565547123550925e-01
-7.135121660307049973e-01
-6.815492684021592362e-01
-6.641902754083275351e-01
-6.803400600329041481e-01
-6.999353837221861108e-01
-6.973269734531640784e-01
-6.886028502136468665e-01
-6.709879422560334206e-01
-6.711512381210923417e-01
-6.817039379850029501e-01
-6.967140870168805344e-01
-6.980927588418126550e-01
-6.719108672812581506e-01
-6.462256023660302162e-01
-6.463820943608880043e-01
-6.843621976673602836e-01
-6.997201604768633620e-01
-6.903672730550169945e-01
-6.445849349722265753e-01
-6.249228065833449808e-01
-6.594331078231334686e-01
-7.146456189453601615e-01
-7.144318781793117523e-01
-6.826299317181110382e-01
-6.492458120919764042e-01
-6.592802719213068929e-01
-7.016607345081865565e-01
-7.412806273438036220e-01
-7.275404871441424337e-01
-6.817904279567301717e-01
-6.419258971698582616e-01
-6.516860221512615903e-01
-6.980292313732207043e-01
-7.210595947690308094e-01
-6.977641727775335534e-01
-6.545751567929982695e-01
-6.331549223512411562e-01
-6.618564207106828468e-01
-6.925830442458391634e-01
-7.005229536443948746e-01
-6.964178074151277098e-01
-6.672121096402406915e-01
-6.259492505341768265e-01
-6.159625817090272903e-01
-6.433173213154077530e-01
-6.848552960902452025e-01
-6.946945060044527054e-01
-6.803153205662966219e-01
-6.416259583085774931e-01
-6.073357526212930235e-01
-6.187067676335573641e-01
-6.638540077954531160e-01
-6.890909377485513465e-01
-6.799987949430942313e-01
-6.390547610819339308e-01
-6.027444340288639069e-01
-5.904939644038676994e-01
-6.274484913796186669e-01
-6.795973446220159309e-01
-6.816136706620454788e-01
-6.410092618316411972e-01
-6.016724463552236557e-01
-5.968600756488740000e-01
-6.315094879828393459e-01
-6.664057995192707029e-01
-6.742199580185115337e-01
-6.379700235091150251e-01
-6.041399902664125188e-01
-6.028603735379874928e-01
-6.338378402404487577e-01
-6.666573728434741497e-01
-6.628904382698237452e-01
-6.246618139557540417e-01
-6.152602921240031275e-01
-6.349007614888251272e-01
-6.658950111828744189e-01
-6.778832024894654307e-01
-6.476356727071106434e-01
-6.202314035035669804e-01
-6.101630409248173237e-01
-6.264298341237009016e-01
-6.597576289437711017e-01
-6.750093623064458148e-01
-6.491126551292836222e-01
-6.154831050895154254e-01
-6.154933377169072850e-01
-6.336454602889716181e-01
-6.725166392512619273e-01
-6.623288390226662603e-01
-6.302175645716487917e-01
-6.052802172489464283e-01
-6.130002615042030589e-01
-6.580061894841492398e-01
-6.896002774126828161e-01
-6.531724152155220509e-01
-5.987170469947159512e-01
-5.964628015644848347e-01
-6.407680799253284709e-01
-6.838688050396740659e-01
-6.817208153195679632e-01
-6.339665141887962374e-01
-5.818890717811882052e-01
-5.906731666065752062e-01
-6.346916914917528629e-01
-6.640854589641094208e-01
-6.439415156841278298e-01
-5.892459124326705489e-01
-5.544013604521751404e-01
-5.749423645436764208e-01
-6.294813580811023934e-01
-6.633571628481149673e-01
-6.359753161668777466e-01
-5.854929767549037489e-01
-5.757783595472574234e-01
-6.100803006440400633e-01
-6.617445308715105279e-01
-6.659004095941781776e-01
-6.136880833655595779e-01
-5.834018569439649582e-01
-5.865342437289655653e-01
-6.220011047087610212e-01
-6.618519044481218083e-01
-6.820316753350198491e-01
-6.472733846865594831e-01
-5.937911725603044477e-01
-5.840597785077988879e-01
-6.219406894408165964e-01
-6.410161583684385045e-01
-6.337955749593675581e-01
-6.216183601878583209e-01
-6.153744055889547315e-01
-6.152133359573781490e-01
-6.145740075968205707e-01
-6.065862647257744822e-01
-6.022566220723092334e-01
-6.260160586796701399e-01
-6.460369980894029585e-01
-6.261604248546064344e-01
-5.742128594778478368e-01
-5.478937304578721523e-01
-5.686162575148046017e-01
-6.092806099914014339e-01
-6.423218823038041592e-01
-6.302776447497308032e-01
-5.799932620488107426e-01
-5.361689976416528225e-01
-5.617512489669025388e-01
-6.135071362368762493e-01
-6.302962730638682620e-01
-6.006201441399753316e-01
-5.483315597288310750e-01
-5.377581904642283472e-01
-5.851534339599311352e-01
-6.303546073846518771e-01
-6.283803096972405688e-01
-5.841408318839966807e-01
-5.380835092626512495e-01
-5.497327343560755031e-01
-5.893878889270126598e-01
-6.039305430836975352e-01
-5.913809369318187015e-01
-5.571548986248672231e-01
-5.466897624544799772e-01
-5.647503363899886164e-01
-5.976124721579253452e-01
-6.071624792180955188e-01
-5.896519172005355580e-01
-5.395121197216212749e-01
-5.397375653497874515e-01
-5.797175976447761503e-01
-6.111661168746650441e-01
-6.038319545798003229e-01
-5.588207426480948925e-01
-5.140969756059348139e-01
-5.424005712382495847e-01
-5.969761173240840657e-01
-6.144486066885292974e-01
-5.760338147170841472e-01
-5.309310053475201352e-01
-5.171326708979904208e-01
-5.580135819502174410e-01
-6.110680994577706304e-01
-6.101993155665695889e-01
-5.662743684835731539e-01
-5.276574303396046606e-01
-5.127823335118592007e-01
-5.487749692983925343e-01
-5.981958073563873324e-01
-6.103567895479500294e-01
-5.826308379881084409e-01
-5.373663957230746524e-01
-5.220754130743443522e-01
-5.378288379870355129e-01
-5.752265236340463606e-01
-5.990367687307298628e-01
-5.692135854624211788e-01
-5.359798966906964557e-01
-5.318131773732602818e-01
-5.348485576920211093e-01
-5.490843109786510690e-01
-5.588286273181438668e-01
-5.512746416032314745e-01
-5.330589771270751731e-01
-5.330646798014641030e-01
-5.391153931617737038e-01
-5.199319865554571374e-01
-5.144422259181737900e-01
-5.389425303786993249e-01
-5.697324428707360999e-01
-5.614133987575768980e-01
-5.252398420125246048e-01
-4.898670252412557491e-01
-5.034094180911778960e-01
-5.501126717776060326e-01
-5.810637880116701348e-01
-5.549075890332459959e-01
-5.011336375027894974e-01
-4.842867620289325603e-01
-5.260333783924580064e-01
-5.744425825774669425e-01
-5.817753709852695465e-01
-5.509338483214378801e-01
-5.022157117724418418e-01
-4.804183974862098472e-01
-5.151836872100830078e-01
-5.689051270484923872e-01
-5.680819064378738181e-01
-5.290247270837425964e-01
-5.016088718548417091e-01
-5.033724421635270563e-01
-5.266468450427055359e-01
-5.405773997306824175e-01
-5.278959840536117110e-01
-5.053536489605903181e-01
-4.971693200990557893e-01
-4.978050118312239425e-01
-5.042096791788935883e-01
-5.086146725341678110e-01
-5.096731437370181084e-01
-5.183044752106070741e-01
-5.160066148266195807e-01
-5.030848486348986626e-01
-4.843031471595168336e-01
-4.870257979258895142e-01
-5.001788025721907172e-01
-5.105324195697903411e-01
-5.160351412370800528e-01
-5.086852097883820534e-01
-4.791998164728283882e-01
-4.554443346336484177e-01
-4.757831292226910591e-01
-5.115711571648716705e-01
-5.262442148290574773e-01
-5.143253779970109463e-01
-4.878261118195951207e-01
-4.616620196960866673e-01
-4.873355745337903389e-01
-5.156388140283525434e-01
-5.196007183752954228e-01
-5.035002297721803410e-01
-4.589373624883592018e-01
-4.353920868597924709e-01
-4.669208577834069729e-01
-5.081593818031251431e-01
-5.071881554089486821e-01
-4.929832807742059453e-01
-4.618917769752443059e-01
-4.428194216452538967e-01
-4.559170491062104480e-01
-4.698938065208494441e-01
-4.885858849622309319e-01
-4.864024595357477887e-01
-4.579264626838266961e-01
-4.181794122792780177e-01
-4.049706713296473137e-01
-4.295337327755987533e-01
-4.766515263356268517e-01
-4.926553881727159245e-01
-4.791076342575252278e-01
-4.416857625357806794e-01
-3.956108051352202892e-01
-3.890646728686988354e-01
-4.250799517147242912e-01
-4.656169350259006245e-01
-4.822503863833844662e-01
-4.685437518171965965e-01
-4.186970922164618969e-01
-3.707515883259475120e-01
-3.659169065766036399e-01
-4.142852979712188244e-01
-4.616210984997451416e-01
-4.744273829273879528e-01
-4.378577711991965549e-01
-3.827689978294074313e-01
-3.537666256539523379e-01
-3.643891583196818829e-01
-4.046074370853602886e-01
-4.387362956069409958e-01
-4.521998717449605687e-01
-4.190641745924949535e-01
-3.829811006784439309e-01
-3.702926494181156269e-01
-3.801886364817619324e-01
-4.210491552948951721e-01
-4.370571911334991677e-01
-4.143294200301170238e-01
-3.893941264599561913e-01
-3.650149526074528694e-01
-3.653862284496426360e-01
-3.927999133244156615e-01
-4.254960764199495205e-01
-4.198540482670068963e-01
-3.800216067582368740e-01
-3.501664359122514947e-01
-3.474803920835256577e-01
-3.727047402411699517e-01
-4.057974364608526452e-01
-4.077061276882886776e-01
-3.639530722051859124e-01
-3.253363613039255142e-01
-3.304754164069890754e-01
-3.607215169817209466e-01
-3.892813246697187646e-01
-3.758139457553625329e-01
-3.435816146433353646e-01
-3.144675008952617645e-01
-3.079068131744861492e-01
-3.336424358189106210e-01
-3.774497359991073608e-01
-3.852832481265068276e-01
-3.492987027391791233e-01
-3.081032117828726991e-01
-3.444154889322817437e-01
-3.830511168576776759e-01
-3.796994321979582088e-01
-3.460788571275770775e-01
-3.303742402233183495e-01
-3.265420773066580185e-01
-3.358841431327164173e-01
-3.351958346553146617e-01
-3.502933201380074024e-01
-3.738961053080857022e-01
-3.433129911310970894e-01
-2.986008440144359843e-01
-2.884978857822716458e-01
-3.202424501068890095e-01
-3.605869342572987080e-01
-3.519440178759395965e-01
-2.967547704465687275e-01
-2.631714765913784615e-01
-2.716345188207924255e-01
-3.130295527167618053e-01
-3.378945034928619862e-01
-3.310275417752563953e-01
-2.900422898121178261e-01
-2.675109622068703175e-01
-2.577859100885689370e-01
-2.792367278598248959e-01
-2.862557142041623481e-01
-2.918501167558133491e-01
-2.897722757421433704e-01
-2.757684589363634808e-01
-2.753132076002657302e-01
-2.747464315034449100e-01
-2.596007955260574707e-01
-2.528162506408989652e-01
-2.568708983249962108e-01
-2.772907693870365620e-01
-2.997401592321694008e-01
-2.834056627936661354e-01
-2.511180345900356770e-01
-2.225225028581917230e-01
-2.105459508486092202e-01
-2.261176683939993270e-01
-2.635064953006803767e-01
-2.976101228035986646e-01
-2.757445876486599445e-01
-2.253669460304081329e-01
-1.757495348341762964e-01
-1.830753680318593923e-01
-2.293765705078840145e-01
-2.675040375441312679e-01
-2.875324081629514472e-01
-2.471133720129728428e-01
-1.909170459955930599e-01
-1.656122971326112747e-01
-1.876042164862155859e-01
-2.372671656310558208e-01
-2.650506600737571605e-01
-2.311525456607341766e-01
-1.673096112906932720e-01
-1.428058644756674822e-01
-1.777896812185645048e-01
-2.238752266392111667e-01
-2.306526405736804008e-01
-1.944137884303927533e-01
-1.551011426374316327e-01
-1.333118129521608242e-01
-1.607004847377538626e-01
-2.111397471278905758e-01
-2.339016292244195938e-01
-2.116253208369016647e-01
-1.505631666630506404e-01
-1.211911085993051529e-01
-1.402326248586177881e-01
-1.835018299520015661e-01
-2.217318080365657806e-01
-2.101647060364484898e-01
-1.589279409497976192e-01
-1.213343348354101181e-01
-1.163456609472632436e-01
-1.429158603772520963e-01
-1.295131286606192589e-01
-1.241807809099555043e-01
-1.355005407705903164e-01
-1.412736440077423938e-01
-9.686920735985041220e-02
-8.051052838563918512e-02
-9.691610746085643768e-02
-1.377588089555502049e-01
-1.460746679455041941e-01
-1.119876593351364080e-01
-1.014467939734458868e-01
-1.037265405058860751e-01
-1.099373251199722290e-01
-1.045038096606731443e-01
-1.039700336754321996e-01
-1.205379880964756040e-01
-1.401513343676924761e-01
-1.396485796198248808e-01
-1.103680944070219994e-01
-7.521735783666372299e-02
-8.326484467834234515e-02
-1.254553964361548313e-01
-1.645263796672224998e-01
-1.495193546637892668e-01
-1.068977704271674156e-01
-6.687740739434958059e-02
-7.579971645027398786e-02
-1.208700710907578413e-01
-1.561362782493233570e-01
-1.583784054964780807e-01
-1.086829151958227102e-01
-5.748283676803112030e-02
-7.269163094460964758e-02
-1.150174941867589951e-01
-1.618200462311506216e-01
-1.763805706053972189e-01
-1.522441823035478592e-01
-1.142293173819780294e-01
-9.373321793973446447e-02
-9.428921304643153589e-02
-1.252635803073644527e-01
-1.596669927239418030e-01
-1.595876589417457581e-01
-1.201275769621133749e-01
-9.711866155266761502e-02
-9.028966054320335111e-02
-1.132919322699308395e-01
-1.345664519816636984e-01
-1.284483600407838877e-01
-1.157505106180906351e-01
-7.352837957441807348e-02
-8.484137319028377255e-02
-1.375468131154775620e-01
-1.665476579219102859e-01
-1.481208810582756996e-01
-9.630783442407846173e-02
-7.308977935463190079e-02
-1.158643582835793551e-01
-1.730532387271523365e-01
-1.726629901677370071e-01
-1.321283224970102310e-01
-9.216217435896396915e-02
-1.169170621782541220e-01
-1.642657373100519236e-01
-1.815136633813381195e-01
-1.659190611913800295e-01
-1.364635290578007643e-01
-1.153678650036454173e-01
-1.267650092020630725e-01
-1.547735700383782442e-01
-1.885296927765011676e-01
-1.827748188748955782e-01
-1.498257795348763577e-01
-1.330298939719796181e-01
-1.373454296961426624e-01
-1.608484616503119413e-01
-1.707936545833945163e-01
-1.695907792076468412e-01
-1.596867432817816734e-01
-1.529987506568431799e-01
-1.575794823467731587e-01
-1.628523014485835918e-01
-1.481880988925695364e-01
-1.409257348626851980e-01
-1.412201788276434000e-01
-1.514549968764185850e-01
-1.685617653653025683e-01
-1.677277950569987242e-01
-1.455038821324706189e-01
-1.149514356628060369e-01
-1.103314774110913249e-01
-1.455001072958111707e-01
-1.895701350644230787e-01
-1.954636516049504391e-01
-1.555058138445019611e-01
-1.096186088398098946e-01
-1.047590333968400900e-01
-1.507984299212694057e-01
-2.018352750688791331e-01
-2.174065973609685953e-01
-1.878117378801107407e-01
-1.389618556946516092e-01
-1.278881538659334127e-01
-1.662671227008104269e-01
-2.043762225657701492e-01
-2.164239004254341070e-01
-1.965536963194608744e-01
-1.557438913732767105e-01
-1.470439631491899379e-01
-1.721333213150501307e-01
-2.063603170216083416e-01
-2.255393415689468384e-01
-2.005148917436599676e-01
-1.627230003476142772e-01
-1.574816122651100103e-01
-1.740131676197052002e-01
-1.804556854069233052e-01
-1.962949655950069483e-01
-1.957977823913097382e-01
-1.982255764305591583e-01
-2.139430470764636938e-01
-2.142914183437824305e-01
-2.060688868165016230e-01
-1.933593150228261892e-01
-1.971443902701139339e-01
-2.172547627240419277e-01
-2.336981937289238087e-01
-2.366898223757743780e-01
-2.143452808260917775e-01
-1.914476983249187581e-01
-2.081254102289676611e-01
-2.235116526484489385e-01
-2.279079660773277172e-01
-2.341726750135421642e-01
-2.346630467101931683e-01
-2.397871939465403557e-01
-2.425957521423697527e-01
-2.381423434242606052e-01
-2.379310509189963285e-01
-2.565703762695193402e-01
-2.521247161552310212e-01
-2.430785341188311521e-01
-2.206882007420062908e-01
-2.315409936010837666e-01
-2.572702933102846146e-01
-2.681891974061727524e-01
-2.637689124792814144e-01
-2.408106122165918350e-01
-2.106415815651416779e-01
-2.178009219467639812e-01
-2.497134447097778265e-01
-2.667547969147562870e-01
-2.669106451794505119e-01
-2.521990751847624779e-01
-2.453394269570708386e-01
-2.585561593994498142e-01
-2.929994320496916993e-01
-3.140651099383831024e-01
-3.138427339494228585e-01
-3.005553072318434826e-01
-2.736813182011246792e-01
-2.711001733317971452e-01
-3.142280625179409981e-01
-3.615533979609608650e-01
-3.861638458445668109e-01
-3.688273461535572784e-01
-3.197663249447941780e-01
-2.971287408843636402e-01
-3.405303576961159484e-01
-3.990793207660317532e-01
-4.253259250894189103e-01
-3.917062381282448991e-01
-3.459415087476372941e-01
-3.329712346196174733e-01
-3.598017655313014984e-01
-4.084735594689846150e-01
-4.382292233407497628e-01
-4.194080330431461112e-01
-3.696846611797809379e-01
-3.414796054363250510e-01
-3.730750992894172891e-01
-4.261678814888000266e-01
-4.382687456905841605e-01
-4.175005488097667805e-01
-3.876448623836040719e-01
-3.743038099259138329e-01
-3.921926952898502350e-01
-4.383115842938423157e-01
-4.666299924254417308e-01
-4.370278010144829639e-01
-4.027371460571885220e-01
-3.951215775683522002e-01
-4.370418654754757992e-01
-4.904307307675480621e-01
-4.952945800498128048e-01
-4.592880732379853725e-01
-4.306830032728612423e-01
-4.228334515355527401e-01
-4.465945980511605851e-01
-4.884313887916505448e-01
-4.956238917075097561e-01
-4.794724515639245399e-01
-4.569156988523900287e-01
-4.582761480472982152e-01
-4.775035705417394749e-01
-5.125349748879670653e-01
-5.246614385396242142e-01
-5.084959838539362398e-01
-5.017376538366079552e-01
-4.975823175162076839e-01
-5.026163328438997269e-01
-5.206484351307153480e-01
-5.226931456476450188e-01
-5.041025485843420029e-01
-4.920879535377025715e-01
-4.998699210584163777e-01
-5.103052809834480730e-01
-5.213651418685912864e-01
-5.253289580345154031e-01
-5.165240123867989031e-01
-5.216726765036583391e-01
-5.367480039596557173e-01
-5.370744032785296218e-01
-5.212067035958171113e-01
-5.286519048735499604e-01
-5.460274918004870415e-01
-5.442049263045192209e-01
-5.400788290426135063e-01
-5.481187108904123084e-01
-5.585515607148409112e-01
-5.563756752759217994e-01
-5.560863343067466991e-01
-5.598414477892219576e-01
-5.566709716804325581e-01
-5.384152587503194809e-01
-5.337174799293279426e-01
-5.342061664909124596e-01
-5.489542001858354059e-01
-5.592143910005689111e-01
-5.595056960359215958e-01
-5.583222955465316772e-01
-5.502346910536288771e-01
-5.532808072865009752e-01
-5.488815002143383470e-01
-5.354392845183610916e-01
-5.255749579519033432e-01
-5.374123089015483412e-01
-5.549447894096374290e-01
-5.696317642927170022e-01
-5.572337895631790383e-01
-5.353413119912147078e-01
-5.297032594680786133e-01
-5.344657763838768227e-01
-5.465999485924839529e-01
-5.756982574239373207e-01
-5.748744556680321915e-01
-5.471333364024758561e-01
-5.165568405762315241e-01
-5.270076544955373254e-01
-5.728539945557713509e-01
-5.905051471665501150e-01
-5.859263898804784043e-01
-5.654673315584659576e-01
-5.384283147752284560e-01
-5.361540384590626207e-01
-5.592342257499695046e-01
-5.987724635750055757e-01
-6.003410581499337706e-01
-5.626479011029005273e-01
-5.524578416720032914e-01
-5.546608323231339011e-01
-5.637408947572112305e-01
-5.624703174456954224e-01
-5.621592557057738526e-01
-5.560996642336248907e-01
-5.525549308396875414e-01
-5.530966133810579777e-01
-5.540595964528620687e-01
-5.478241139091550860e-01
-5.391982057131826656e-01
-5.435633637942374197e-01
-5.538052269257605076e-01
-5.656876326538622379e-01
-5.700004995800554974e-01
-5.509955231100320816e-01
-5.165683250874281152e-01
-5.026805620640516503e-01
-5.186174120754003525e-01
-5.477036867290735467e-01
-5.635979950428009477e-01
-5.587275587022304535e-01
-5.248588204383850542e-01
-5.097968384623527971e-01
-5.468819104135036469e-01
-5.637031883001327737e-01
-5.673247031867504342e-01
-5.474089726805686507e-01
-5.180112827569246514e-01
-5.126390684396028297e-01
-5.411943901330232842e-01
-5.637215878814458847e-01
-5.569642525166272895e-01
-5.490108106285334078e-01
-5.322005780413746612e-01
-5.180778505280614343e-01
-5.385973567143083063e-01
-5.605004413053393808e-01
-5.641007585451006667e-01
-5.494441036134958267e-01
-5.378345254808664100e-01
-5.413853708654642327e-01
-5.580641371197998524e-01
-5.594058391638100369e-01
-5.617319745011627452e-01
-5.594013182446360144e-01
-5.392258694395423158e-01
-5.408258220180869325e-01
-5.584281375631690025e-01
-5.830147949978708999e-01
-5.861725760623812675e-01
-5.668811101466417757e-01
-5.496249932795762572e-01
-5.244516510516404884e-01
-5.389100406318902969e-01
-5.798909746110438856e-01
-6.046066142618655714e-01
-5.924610581248999086e-01
-5.571987476199865563e-01
-5.133492119610310045e-01
-5.302521236240863578e-01
-5.703210301697254625e-01
-6.097033567726611869e-01
-6.137666143476963043e-01
-5.854549616575240867e-01
-5.298909589648246321e-01
-5.174730032682418601e-01
-5.647081002593040688e-01
-6.178834900259971841e-01
-6.195217438042164293e-01
-5.765202187001705614e-01
-5.368618033826351166e-01
-5.107336545363068137e-01
-5.349045146256685701e-01
-5.854198623448609862e-01
-6.198848325759171995e-01
-6.102696340531110764e-01
-5.600623171776533127e-01
-5.166761349886656030e-01
-5.303478438407183138e-01
-5.710531126707791838e-01
-6.160316746681928635e-01
-6.308116592466831429e-01
-6.015616267919540183e-01
-5.512169688940048440e-01
-5.316012933850288169e-01
-5.762662395834923235e-01
-6.206343457102775352e-01
-6.270999290049076302e-01
-6.133223615586758104e-01
-5.837387397885323015e-01
-5.540514051914214866e-01
-5.556107342243195024e-01
-5.848047308623790519e-01
-6.145426534116268380e-01
-6.230673134326935036e-01
-6.145637832581997140e-01
-5.867850579321384208e-01
-5.591221384704112563e-01
-5.678343497216701286e-01
-5.989740636199712975e-01
-6.126718425191939321e-01
-5.994632453657686710e-01
-5.700002395547926204e-01
-5.363108710385858791e-01
-5.700799682177603023e-01
-5.957112894393503666e-01
-6.036241770721971767e-01
-5.951360982842743841e-01
-5.669141448102891223e-01
-5.605307734571397527e-01
-5.763343303464353307e-01
-5.863646677695214526e-01
-5.767627171240746753e-01
-5.797624808736145940e-01
-5.832790625281631947e-01
-5.726549667306244373e-01
-5.707946187816560490e-01
-5.710604093037545681e-01
-5.737561649642884953e-01
-5.709254703484475391e-01
-5.723509094677865505e-01
-5.632593101821840031e-01
-5.633141092024743779e-01
-5.599729186855256780e-01
-5.664313255809247938e-01
-5.868963218294084294e-01
-5.811748481355607510e-01
-5.369511730037629382e-01
-4.984059310518205166e-01
-5.018651834689080715e-01
-5.517040795646608320e-01
-5.795787616632879224e-01
-5.585717170499264750e-01
-5.066291957162321058e-01
-4.668645116500556580e-01
-4.855839210562408192e-01
-5.232545646838844267e-01
-5.279917809180915134e-01
-5.134401089511811955e-01
-5.010990208946168867e-01
-4.911306432448327430e-01
-4.573267302475869656e-01
-4.437252632342278957e-01
-4.802447295747697131e-01
-5.002863164059817569e-01
-4.619271497242152802e-01
-4.365519593469798787e-01
-4.130713726393878682e-01
-3.924154038541018963e-01
-4.309712792746722698e-01
-4.607975493185222371e-01
-4.404737749136984348e-01
-3.962667667306959407e-01
-3.883783661760389916e-01
-3.731763129122555034e-01
-3.498135392554104217e-01
-3.738832508213817962e-01
-4.055243586190044880e-01
-3.653745074756443723e-01
-3.310149339027702586e-01
-3.265997764654457458e-01
-3.053161052055656799e-01
-2.909566332586109860e-01
-3.237812613137066586e-01
-3.241753880865871906e-01
-2.593834911473095195e-01
-2.459457715041935555e-01
-2.699087900109589100e-01
-2.641312432475387828e-01
-2.666311857290565857e-01
-2.873024237342178822e-01
-2.436908704228699096e-01
-1.984526974149048439e-01
-2.020218652673065607e-01
-2.117434934712946470e-01
-1.999142126180231682e-01
-2.281330437399446964e-01
-2.246738513000309523e-01
-1.687182595022022613e-01
-1.626934518106281646e-01
-1.588384609669447056e-01
-1.562719997018575668e-01
-1.953756708651780971e-01
-1.686363872140645981e-01
-1.206328045576810781e-01
-1.259061034768819698e-01
-1.232770990580320386e-01
-1.153204571455717087e-01
-1.382122399285435621e-01
-1.087622992694377844e-01
-5.986846908926964084e-02
-8.042225688695907315e-02
-9.043086990714073459e-02
-6.250027753412723541e-02
-5.372521467506885529e-02
-4.288009889423847337e-02
-1.594323273748159478e-02
-3.264079820364713946e-02
-6.570647936314344406e-02
-2.821295838803052763e-02
1.479177866131067311e-02
-3.590293787419796077e-03
-4.290877096354961569e-03
5.955738015472888947e-03
-7.063005678355693470e-03
1.138967443257570336e-02
5.638532508164643964e-02
2.634789962321519921e-02
2.101868111640214920e-02
3.864551428705453873e-02
4.399910811334848543e-02
7.370126489549874704e-02
8.619110826402902326e-02
5.175314042717218260e-02
5.673200022429227690e-02
9.892420601099730093e-02
1.010067222639918355e-01
8.691223058849573135e-02
9.669015947729349414e-02
1.053659657016396550e-01
1.204527476802468300e-01
1.277123088017106112e-01
8.943406138569116870e-02
1.012710364535450991e-01
1.298326333984732572e-01
1.065276307985186521e-01
9.317207764834165018e-02
1.257516039535403196e-01
1.052427085116505595e-01
9.804561752825975696e-02
1.393094183877110481e-01
1.286973053589463289e-01
8.352219108492135724e-02
1.281896496191620716e-01
1.425580805167555865e-01
8.652641829103231708e-02
9.734668415039778033e-02
1.430754257366061155e-01
9.963923674076795300e-02
9.060827884823083322e-02
1.413487294688820783e-01
9.727312196046114523e-02
7.795215230435133258e-02
1.139184681698679896e-01
9.978100340813397806e-02
5.783472787588835040e-02
9.588721822947263163e-02
1.118775220587849561e-01
6.394154448062180918e-02
6.942749861627817154e-02
9.678872134536505023e-02
4.603142645210027417e-02
4.623848702758550505e-02
4.717575218528509418e-02
5.877877939492463788e-02
-3.831501118838787079e-03
3.675205428153276166e-02
-7.284725084900856235e-04
-6.797183491289615805e-03
-1.872720811516046663e-02
-5.492108128964901144e-03
-5.689345207065343857e-02
-1.748433541506528785e-02
-5.601483117789030075e-02
-6.384795671328902245e-02
-3.533610319718718390e-02
-7.359032845124602318e-02
-8.408965161070228178e-02
-8.338955482468009273e-02
-7.135040098801255504e-02
-1.289816045202314965e-01
-9.653346175327896794e-02
-1.322974399663507938e-01
-1.409835101105272881e-01
-1.089736879803240299e-01
-1.291226507164537907e-01
-1.494815339334309157e-01
-1.282231745310127846e-01
-1.201338064856827259e-01
-1.752910521812736933e-01
-1.715991628356277887e-01
-1.240803104825317915e-01
-1.681624730117619038e-01
-2.085568462498486042e-01
-1.785673332400619928e-01
-1.590711195953190271e-01
-2.007947792299091816e-01
-2.094248180277645532e-01
-2.138763007707893959e-01
-2.301306103356182686e-01
-2.368153010495007149e-01
-2.539114733226597309e-01
-2.586600904352963082e-01
-2.636727009899914043e-01
-3.067429815419018269e-01
-3.154400345869362576e-01
-2.838682514615357144e-01
-2.979774133302271477e-01
-3.543329224921762943e-01
-3.366247029043734074e-01
-3.068533197976648919e-01
-3.340491083450615184e-01
-3.455829021520912536e-01
-3.334147755987942330e-01
-3.388900493271648773e-01
-3.582605061121285073e-01
-3.494100567884743103e-01
-3.517249208875000699e-01
-3.600669496692717186e-01
-3.679863953031599633e-01
-3.845805999822914378e-01
-3.745496471412479988e-01
-3.493028008379042149e-01
-3.950257652439176925e-01
-4.196722247637808545e-01
-3.769022711552679761e-01
-3.681686238385736831e-01
-4.215767146088182926e-01
-4.082742669619620068e-01
-3.819769409485161415e-01
-3.978925433941185585e-01
-3.967201855964958557e-01
-4.007591009140014648e-01
-4.011171504855156056e-01
-3.969070717692375072e-01
-4.117651522159576638e-01
-4.250897064805030934e-01
-4.057745371013879998e-01
-3.942898187786340602e-01
-4.467502210289239772e-01
-4.407247282564640267e-01
-3.920119486749172322e-01
-4.050990987569093593e-01
-4.263403791934251563e-01
-4.433399561792611965e-01
-3.915430087596177833e-01
-4.061385728418827057e-01
-3.901830159127712139e-01
-4.381357200443744548e-01
-4.052024523727595917e-01
-4.044892827980220429e-01
-3.936537454836070427e-01
-4.293396788649260776e-01
-4.051705270074307808e-01
-3.910646518692374451e-01
-3.978222152218222618e-01
-4.073211809620261303e-01
-4.355012221261859162e-01
-4.047154201194643752e-01
-4.028919098898768314e-01
-3.703528360929340124e-01
-4.225058780517428891e-01
-4.223741339053958543e-01
-4.261677870061248430e-01
-4.181868517305701860e-01
-4.008662649895995966e-01
-4.379904305096715689e-01
-4.701504183467477560e-01
-4.320136291440576093e-01
-3.997297187801450713e-01
-4.436833662446588167e-01
-4.601049733813852294e-01
-4.082205367740243673e-01
-4.239116874989122263e-01
-4.587051575537771098e-01
-4.563993064220994711e-01
-4.329065719153731839e-01
-4.284004488494247420e-01
-4.272407801356166712e-01
-4.321428689174354187e-01
-4.301061901263892873e-01
-4.045440736226737499e-01
-4.411504256539046653e-01
-4.337581473402679078e-01
-3.792952689342200534e-01
-4.152618299238383659e-01
-4.284010292496532313e-01
-3.976509952452033647e-01
-4.005073481705039851e-01
-4.190486007835715898e-01
-4.186550506856292486e-01
-4.226681014057248609e-01
-4.169390996452421172e-01
-4.000035931821912527e-01
-4.326850344892591016e-01
-4.431494077201932891e-01
-4.036943947430700064e-01
-4.190740851219743601e-01
-4.555707966443151014e-01
-4.325252195354550855e-01
-4.155881599988788255e-01
-4.350327291991561429e-01
-4.726517414208501466e-01
-4.526855280157178751e-01
-4.205748622771352530e-01
-4.763846283312886953e-01
-4.802627285476773755e-01
-4.477773649152368418e-01
-4.743255337234586477e-01
-4.670580034609884135e-01
-4.975081627722829358e-01
-4.906553169246762880e-01
-4.818450956139713748e-01
-5.229543833527714458e-01
-4.903358428273350000e-01
-4.907335488591343386e-01
-4.777155591640621646e-01
-5.166851623449474351e-01
-5.143399483058601618e-01
-4.549946537707000860e-01
-4.922049982938915269e-01
-5.026219873223454204e-01
-4.908264386001974233e-01
-4.877026724163442961e-01
-4.653367327991873026e-01
-4.852206061128526704e-01
-5.154511398170142922e-01
-4.704722410533577204e-01
-4.619979834649711736e-01
-4.815741110127419455e-01
-4.781879204791039117e-01
-4.802306446712464316e-01
-4.725653010886162741e-01
-4.564318947028368489e-01
-4.985701284836977498e-01
-4.951340075116604789e-01
-4.497747662942856439e-01
-4.636509138625115045e-01
-4.769789231475442537e-01
-4.937984302174299733e-01
-5.258612092584371567e-01
-4.695867355912923813e-01
-4.615722205489873886e-01
-4.891844633966684341e-01
-4.950027976185083500e-01
-5.153757262974977271e-01
-4.819620359688997491e-01
-4.684542443603277317e-01
-5.279140960425138251e-01
-5.093355078250170198e-01
-4.752181094925617688e-01
-5.163198810856556298e-01
-5.146034714620327799e-01
-4.977294874232029431e-01
-4.937348824780201650e-01
-4.844039005081867688e-01
-5.202771962474799228e-01
-5.017932445596671176e-01
-4.954207659553503396e-01
-5.374670497461920826e-01
-5.080021249450510368e-01
-5.086227031744783300e-01
-5.327733980811899528e-01
-5.102873387135332672e-01
-5.259726321644848657e-01
-5.302006518788402456e-01
-5.117795079800998570e-01
-5.480592205974972320e-01
-5.385128736350452971e-01
-5.014207810017978773e-01
-5.616040333959972930e-01
-5.556090839061653686e-01
-5.169330738339340536e-01
-5.604994587454712462e-01
-5.632785655412589909e-01
-5.147207774076377751e-01
-5.728834621462738363e-01
-5.793486724462126869e-01
-5.176731849875068070e-01
-5.435430179204558954e-01
-5.633484540361678450e-01
-5.495372390229021908e-01
-5.495546048361574787e-01
-5.328828981000697240e-01
-5.360033949691569433e-01
-5.338937809545314384e-01
-5.298206722218310460e-01
-5.303219031397020666e-01
-5.320337902609025837e-01
-5.485599633160745947e-01
-5.370705310109770148e-01
-5.382536653283750416e-01
-5.294675636891043036e-01
-5.093395784351741895e-01
-5.657216265652096343e-01
-5.144297748658572811e-01
-5.457681089494144100e-01
-5.585007265064632076e-01
-5.235905147943412663e-01
-5.790655903372681212e-01
-5.447857625636970402e-01
-5.433586485538398625e-01
-5.934883020672714338e-01
-5.408231176290427822e-01
-5.623672362271463498e-01
-5.908639181259787154e-01
-5.516921762231504767e-01
-5.790540829155361724e-01
-5.882423236820614187e-01
-5.446694224927342010e-01
-6.010944470617687330e-01
-5.895986467454349400e-01
-5.549632340524113250e-01
-5.945108845684444754e-01
-5.972102627012645382e-01
-5.798482399288331646e-01
-6.026065688434755208e-01
-6.050683867040789199e-01
-5.854056732583557965e-01
-6.017747819278156385e-01
-6.032794624421512486e-01
-6.107533395144855159e-01
-5.937657745875185578e-01
-6.096170159376924635e-01
-6.043294715083902258e-01
-5.856555031932657585e-01
-6.096785785950487035e-01
-5.908324258722131850e-01
-5.724498303927247900e-01
-5.937065093166893348e-01
-5.770256300922482762e-01
-5.809652229305356519e-01
-5.965339080896228108e-01
-5.668766395654529777e-01
-5.843297214712948051e-01
-6.233882950153202263e-01
-5.839765646960586309e-01
-6.191205182578414234e-01
-6.254341566469520108e-01
-5.722675488796085119e-01
-6.106543800327927096e-01
-6.411826735828072277e-01
-5.820291227195412143e-01
-6.368569141719490068e-01
-6.414226517546921524e-01
-5.948362559545785633e-01
-6.496807083953172191e-01
-6.298802782315761073e-01
-5.926589329261332528e-01
-6.529267538804560678e-01
-6.251450229901820421e-01
-6.051023874897509813e-01
-6.576555062551051600e-01
-6.320683446247130632e-01
-6.300722551066428867e-01
-6.783028077799826416e-01
-6.202906635124236789e-01
-6.460113809909671101e-01
-6.835289434995501789e-01
-6.262002678122371435e-01
-6.560433088336139473e-01
-6.904611004982144085e-01
-6.376985697541386333e-01
-6.667948110494762437e-01
-6.787490841466933267e-01
-6.265280481893569231e-01
-6.764889639336615357e-01
-6.627778513822704110e-01
-6.380725129041820987e-01
-6.773210822138935328e-01
-6.568435913417488559e-01
-6.318202837137505412e-01
-6.856096341041848508e-01
-6.722343007801100390e-01
-6.245796347735449450e-01
-6.851460943697020856e-01
-6.682961473939940111e-01
-6.427747773705050349e-01
-6.922842639265581743e-01
-6.410884025273844156e-01
-6.397129705874249339e-01
-6.961380800930783153e-01
-6.484202540246769564e-01
-6.551281857071444836e-01
-6.914626477984711084e-01
-6.612074092729016694e-01
-6.597357795340940134e-01
-6.902858515037223475e-01
-6.651783832116052730e-01
-6.739002817077561769e-01
-6.584023424191400853e-01
-6.868266203207895604e-01
-6.889122121734544413e-01
-6.676783933071419597e-01
-6.693612648872658832e-01
-6.792884862748905794e-01
-6.679599428316578269e-01
-6.665443086763843672e-01
-6.764196583768352644e-01
-6.514527262886986581e-01
-6.541655095061287284e-01
-6.508080722531304207e-01
-6.867265521781519277e-01
-6.400701239006594268e-01
-6.762281968491151707e-01
-6.612948083551600797e-01
-6.320173171581700000e-01
-6.545948417158797827e-01
-6.313384552719071285e-01
-6.703609653981402738e-01
-6.706815281184390631e-01
-6.452451550634578092e-01
-6.714776632608845386e-01
-6.676771921338513494e-01
-6.467962113441899641e-01
-6.616128486813976917e-01
-6.455346097471192923e-01
-6.064068491803482619e-01
-6.557864780770614743e-01
-6.524805787252262457e-01
-6.094948604004457593e-01
-6.304963379399850520e-01
-6.325674011604860425e-01
-5.848276726203038844e-01
-6.116446488769724521e-01
-6.072497436078265753e-01
-5.779105262132361309e-01
-6.127523240866139531e-01
-6.098663506330922468e-01
-5.738023736746982184e-01
-6.037433871300891264e-01
-6.039604419143870251e-01
-5.662439097883179562e-01
-6.041659978451207058e-01
-5.745518517913297263e-01
-5.745574665488675237e-01
-5.957391564967110531e-01
-5.597318445565179212e-01
-5.713468154193833692e-01
-5.820769963087514265e-01
-5.383080122293903980e-01
-5.493911934318020940e-01
-5.472673622192815168e-01
-5.226171334506943822e-01
-5.576292312936856899e-01
-5.574242345290258971e-01
-5.143763299332931860e-01
-5.534223373280837688e-01
-5.119448180543259008e-01
-4.953536841319873818e-01
-5.213652524398639798e-01
-4.932238440029322879e-01
-4.729960794560611470e-01
-4.884743212722241767e-01
-4.764670266769826523e-01
-4.302995569072664006e-01
-4.615854240022599919e-01
-4.222421198152005450e-01
-3.852419040165841468e-01
-4.258361971937120183e-01
-4.185878830961883290e-01
-3.451364952139556186e-01
-3.691876965574920066e-01
-3.846016391180455685e-01
-3.091671272180974706e-01
-2.944349658675491921e-01
-3.319275376386940368e-01
-2.844164756126701943e-01
-2.467437067069113144e-01
-2.671299141831696145e-01
-2.667286661453545094e-01
-1.970389899797737598e-01
-2.276931566186249367e-01
-2.146709880791604630e-01
-1.653283736668527126e-01
-2.049033983610570320e-01
-1.782483745366335026e-01
-1.442246477119624726e-01
-1.584860372357070335e-01
-1.475059847347438280e-01
-1.223147946409881143e-01
-1.239240395836532088e-01
-9.276949679479003230e-02
-8.774522310122848112e-02
-7.931867605075240690e-02
-8.124112645164131841e-02
-7.195843877270817479e-02
-6.586835132911801616e-02
-5.435197809711098810e-02
-2.521215388551354547e-02
-1.853371718898415635e-02
-2.533314386382699152e-02
1.765840342268347810e-02
-2.220679977908730438e-02
1.873327782377600531e-02
3.288660636171698848e-02
3.115351637825369835e-02
3.313773917034268379e-02
7.892430545762181560e-02
7.385753514245152473e-02
6.415692837908863744e-02
1.175793272443115683e-01
8.578749569132923525e-02
1.059523587115109022e-01
1.190449823625385761e-01
1.260152806527912728e-01
1.100431111641228255e-01
1.714279589243233315e-01
1.226057452149689198e-01
1.471052148379385360e-01
1.663629450835287515e-01
1.708262928761541954e-01
1.537244816310703865e-01
2.036287997849285658e-01
1.771023002453148421e-01
2.094058834947645775e-01
2.184206844307482187e-01
1.872749389149248600e-01
2.284104228951036875e-01
1.828956895507872216e-01
1.826573082245886437e-01
1.853090801276266464e-01
1.853060432709753569e-01
1.480610267259180601e-01
2.020126388408243767e-01
1.494490236975252739e-01
1.668661673553288038e-01
1.637953688390552942e-01
1.458477613516152016e-01
1.482026723213493713e-01
1.710933660157024916e-01
1.376306020654737838e-01
1.508982076309621223e-01
1.336662377230823096e-01
1.201195369474589852e-01
1.031863006763160256e-01
1.218164308927953271e-01
9.004357466474174898e-02
7.193897524848580360e-02
8.688163915649056712e-02
8.144529992714524824e-02
2.625567251816391875e-02
5.555303776636719842e-02
5.160570302978158275e-02
2.930735209956765105e-02
-1.107679214328527451e-03
3.619074979797005931e-02
4.188834223896265030e-03
-1.946739843115210394e-02
-2.778814239427447250e-02
-2.757252557203173499e-02
-4.160641385242343226e-02
-6.626062495633959493e-02
-6.177521599456668039e-02
-1.146058882586658001e-01
-6.869471771642565727e-02
-1.310738335363566820e-01
-1.035892236977815628e-01
-1.297092255204916056e-01
-1.320068698376417049e-01
-1.488359782844781987e-01
-1.579927492886781804e-01
-1.742336362600326594e-01
-1.821286126971244923e-01
-1.885240450501441956e-01
-1.770314309746026937e-01
-2.073542479425668772e-01
-2.037830114364624079e-01
-2.335769593715667780e-01
-2.189246062189340591e-01
-2.534751456230878719e-01
-2.312020820798352250e-01
-2.476177917094901093e-01
-2.427322970004752167e-01
-2.553193689556792489e-01
-2.470095024676993434e-01
-2.589896598132327421e-01
-2.788779833586886303e-01
-2.710892335744574666e-01
-3.070893571944907086e-01
-2.881610800744965895e-01
-3.430498515488579758e-01
-3.042802800657227746e-01
-3.594223131658509374e-01
-3.216480394126847164e-01
-3.817704488756135106e-01
-3.388266106368973962e-01
-3.937518109800294264e-01
-3.640878507168963663e-01
-3.749517218442633970e-01
-3.868547425838187448e-01
-3.906811819644644967e-01
-4.005193175049498455e-01
-4.140544544206932187e-01
-4.067083339439704903e-01
-4.233431331114843599e-01
-4.230664449976757058e-01
-4.334841716336086392e-01
-4.356607328401878587e-01
-4.060706044780090229e-01
-4.333026851760223286e-01
-3.949781316565349476e-01
-4.382864195154979603e-01
-3.898661556886509061e-01
-4.341003063367679937e-01
-3.949689379194751271e-01
-4.226011967519298085e-01
-4.010779200354591123e-01
-4.138952275970950723e-01
-4.290527967968955636e-01
-4.197320631006732361e-01
-4.496907184133306368e-01
-4.360233351821080072e-01
-4.316082209581509344e-01
-4.614268541568889992e-01
-4.391065992647781857e-01
-4.620100412750616781e-01
-4.697727976599708200e-01
-4.509734785417094938e-01
-4.680912560084834473e-01
-4.718312280485406629e-01
-4.509942488977685682e-01
-4.868843065807595960e-01
-4.621470066020265111e-01
-4.864065813133492955e-01
-4.797247873852029665e-01
-4.813158722827211022e-01
-4.737593146273866296e-01
-5.160292493412270698e-01
-5.031822249526157753e-01
-4.690805450314655678e-01
-5.039816767210141268e-01
-4.942137003177776711e-01
-4.978406980866566522e-01
-4.568222142988815904e-01
-5.027008079225196990e-01
-4.782622114056721552e-01
-4.896079898113384621e-01
-4.676195472711697221e-01
-5.248912662500515580e-01
-4.923103694105520622e-01
-4.764052096987143048e-01
-4.713454548502341024e-01
-5.181749690556898269e-01
-5.001551427179947718e-01
-5.004414029652253237e-01
-4.920046121114864945e-01
-5.314057119423523101e-01
-5.137056391919031517e-01
-4.976693310076371057e-01
-5.271138012642040405e-01
-5.215413390658796278e-01
-5.198644663207232508e-01
-5.407871077768504620e-01
-5.419781814329326375e-01
-5.250734399072826131e-01
-5.702219697646796481e-01
-5.441839604638516459e-01
-5.605396684259176254e-01
-5.706344183534384218e-01
-5.661512028425932375e-01
-5.572885911911725776e-01
-5.872954424470663293e-01
-5.476924031972885132e-01
-5.848542898893356323e-01
-5.454807471483945625e-01
-5.788807224482297453e-01
-5.565689958631991896e-01
-5.446231480687856452e-01
-5.885464254766702430e-01
-5.561610288918018563e-01
-5.803590312600135359e-01
-5.897410199046134727e-01
-5.832330076023936050e-01
-5.685802755877376047e-01
-5.891205919906497002e-01
-5.966067506000399812e-01
-5.503007126972079277e-01
-6.022139629349112511e-01
-5.953994773328303847e-01
-5.758921355009078979e-01
-6.193881548941135851e-01
-5.792486153542995009e-01
-6.357154525816440804e-01
-5.972998358309269396e-01
-6.336956490762531979e-01
-6.138112072832881960e-01
-6.417150211520492586e-01
-6.310145628638565984e-01
-6.282853511162102000e-01
-6.457758064381777796e-01
-6.128812282346188800e-01
-6.377305760048329608e-01
-6.184121242724358591e-01
-6.169362164102494273e-01
-6.119493885897100416e-01
-6.213137491606175455e-01
-5.958222544752060923e-01
-6.432165405713021755e-01
-6.114599860273302045e-01
-6.285586732439696345e-01
-6.315112697891891447e-01
-6.153469580225646718e-01
-6.398460048250853571e-01
-6.227514198981225491e-01
-6.298839486204087512e-01
-6.356215431354940160e-01
-6.594585283659398778e-01
-6.108713521622121112e-01
-6.469038144685328451e-01
-6.481870190240442975e-01
-6.663769350387156454e-01
-6.244118400849402173e-01
-6.673938521184027417e-01
-6.684220523573458639e-01
-6.563023508526384386e-01
-6.478818026371300220e-01
-6.670174264349043591e-01
-6.705882855691015498e-01
-6.185768761672079119e-01
-6.572118674404918703e-01
-6.673859153874218686e-01
-6.904307921417057736e-01
-6.376076956279576047e-01
-6.758595005609094875e-01
-6.689386614598333836e-01
-6.895930618979037030e-01
-6.556293175555765185e-01
-6.694815550930798276e-01
-6.924611155875026736e-01
-6.527493885718286259e-01
-6.717782608233392461e-01
-6.740663635544479337e-01
-6.694233345799147639e-01
-6.725480522029101405e-01
-7.172102699987590313e-01
-6.712457734160125478e-01
-7.104718661867082119e-01
-7.070662992075085196e-01
-6.828227410092949645e-01
-7.277939671650528464e-01
-6.851010555401444435e-01
-6.712459953501820342e-01
-7.081893472000956313e-01
-7.257385803386569023e-01
-7.166186692193150520e-01
-6.870803700760006461e-01
-7.077400555834174600e-01
-7.416607601568102615e-01
-7.029689559713006020e-01
-6.912516085430979729e-01
-7.096804892644286156e-01
-7.040026491507888062e-01
-7.145109847187995911e-01
-7.097289033234119859e-01
-6.823052540421485901e-01
-7.174974966794251952e-01
-7.481801960617303626e-01
-6.949724745005368964e-01
-6.771509001031518205e-01
-6.855271300300955772e-01
-6.786012133583426698e-01
-7.260042404755949752e-01
-7.039903244003653526e-01
-7.127618951722979324e-01
-6.626993177458644357e-01
-6.692824913188815117e-01
-6.555276064202189001e-01
-7.009248120710254160e-01
-7.035168511793017387e-01
-7.073363708332180977e-01
-6.815850181505084260e-01
-6.771057432517408881e-01
-7.143011389300226721e-01
-7.261587409302592278e-01
-7.430607272312045319e-01
-6.916430396959185600e-01
-7.083034431561827660e-01
-6.977404853329062240e-01
-7.333746647462249246e-01
-7.386878257617354171e-01
-7.177950372919440492e-01
-7.006411632522940858e-01
-6.895123166963458283e-01
