3.576278686523437500e-06
9.543895721435546875e-03
1.911520957946777344e-02
2.383613586425781250e-02
2.752590179443359375e-02
3.096961975097656250e-02
3.435277938842773438e-02
3.805351257324218750e-02
4.120755195617675781e-02
4.561543464660644531e-02
4.970455169677734375e-02
5.511093139648437500e-02
5.932903289794921875e-02
6.457304954528808594e-02
7.154512405395507812e-02
7.711100578308105469e-02
8.267521858215332031e-02
8.944725990295410156e-02
9.644508361816406250e-02
1.021234989166259766e-01
1.075234413146972656e-01
1.124660968780517578e-01
1.194968223571777344e-01
1.245005130767822266e-01
1.292834281921386719e-01
1.340672969818115234e-01
1.385502815246582031e-01
1.424736976623535156e-01
1.474113464355468750e-01
1.523015499114990234e-01
1.572623252868652344e-01
1.614530086517333984e-01
1.658844947814941406e-01
1.703777313232421875e-01
1.750919818878173828e-01
1.793859004974365234e-01
1.836166381835937500e-01
1.882581710815429688e-01
1.934463977813720703e-01
1.977231502532958984e-01
2.013292312622070312e-01
2.049551010131835938e-01
2.089912891387939453e-01
2.141432762145996094e-01
2.183530330657958984e-01
2.225823402404785156e-01
2.273356914520263672e-01
2.319180965423583984e-01
2.359716892242431641e-01
2.394495010375976562e-01
2.430036067962646484e-01
2.480337619781494141e-01
2.532870769500732422e-01
2.580926418304443359e-01
2.652904987335205078e-01
2.698814868927001953e-01
2.734541893005371094e-01
2.779455184936523438e-01
2.825686931610107422e-01
2.869629859924316406e-01
2.912135124206542969e-01
2.950789928436279297e-01
2.996892929077148438e-01
3.039271831512451172e-01
3.075604438781738281e-01
3.119037151336669922e-01
3.166460990905761719e-01
3.211457729339599609e-01
3.259561061859130859e-01
3.299884796142578125e-01
3.338763713836669922e-01
3.373041152954101562e-01
3.417153358459472656e-01
3.470320701599121094e-01
3.524558544158935547e-01
3.570017814636230469e-01
3.621718883514404297e-01
3.672955036163330078e-01
3.720026016235351562e-01
3.764972686767578125e-01
3.814058303833007812e-01
3.861811161041259766e-01
3.917090892791748047e-01
3.962304592132568359e-01
4.006276130676269531e-01
4.056584835052490234e-01
4.106514453887939453e-01
4.156756401062011719e-01
4.204063415527343750e-01
4.252338409423828125e-01
4.302871227264404297e-01
4.355959892272949219e-01
4.415452480316162109e-01
4.484040737152099609e-01
4.571623802185058594e-01
4.655630588531494141e-01
4.745602607727050781e-01
4.837043285369873047e-01
4.923057556152343750e-01
5.004096031188964844e-01
5.093579292297363281e-01
5.185747146606445312e-01
5.275590419769287109e-01
5.362393856048583984e-01
5.442326068878173828e-01
5.533254146575927734e-01
5.616703033447265625e-01
5.702812671661376953e-01
5.791592597961425781e-01
5.877516269683837891e-01
5.973105430603027344e-01
6.070301532745361328e-01
6.155257225036621094e-01
6.241524219512939453e-01
6.333582401275634766e-01
6.419997215270996094e-01
6.507589817047119141e-01
6.597549915313720703e-01
6.688778400421142578e-01
6.778700351715087891e-01
6.865878105163574219e-01
6.955568790435791016e-01
7.044742107391357422e-01
7.128670215606689453e-01
7.212710380554199219e-01
7.300977706909179688e-01
7.391736507415771484e-01
7.477502822875976562e-01
7.569501399993896484e-01
7.659108638763427734e-01
7.746174335479736328e-01
7.834672927856445312e-01
7.917289733886718750e-01
7.986485958099365234e-01
8.061773777008056641e-01
8.144145011901855469e-01
8.231728076934814453e-01
8.318576812744140625e-01
8.408222198486328125e-01
8.494617938995361328e-01
8.580141067504882812e-01
8.655872344970703125e-01
8.744392395019531250e-01
8.831484317779541016e-01
8.917179107666015625e-01
9.005544185638427734e-01
9.091403484344482422e-01
9.178831577301025391e-01
9.266571998596191406e-01
9.355876445770263672e-01
9.446156024932861328e-01
9.535803794860839844e-01
9.626808166503906250e-01
9.718809127807617188e-01
9.805359840393066406e-01
9.888112545013427734e-01
9.978859424591064453e-01
1.006684064865112305e+00
1.016174077987670898e+00
1.025212049484252930e+00
1.034109354019165039e+00
1.043074369430541992e+00
1.051568746566772461e+00
1.060585975646972656e+00
1.069590091705322266e+00
1.078572511672973633e+00
1.087633609771728516e+00
1.096300363540649414e+00
1.103633403778076172e+00
1.111857414245605469e+00
1.120036602020263672e+00
1.128390312194824219e+00
1.136694669723510742e+00
1.145127296447753906e+00
1.153586149215698242e+00
1.161537408828735352e+00
1.169172048568725586e+00
1.176524639129638672e+00
1.184498310089111328e+00
1.192059993743896484e+00
1.200763463973999023e+00
1.208734273910522461e+00
1.216053247451782227e+00
1.223239660263061523e+00
1.232031583786010742e+00
1.241570711135864258e+00
1.250972270965576172e+00
1.260093927383422852e+00
1.265253782272338867e+00
1.270140647888183594e+00
1.275396585464477539e+00
1.280383110046386719e+00
1.285499334335327148e+00
1.290213346481323242e+00
1.295134544372558594e+00
1.299966096878051758e+00
1.305026531219482422e+00
1.312041521072387695e+00
1.317724704742431641e+00
1.323038339614868164e+00
1.327601194381713867e+00
1.331864833831787109e+00
1.336246252059936523e+00
1.340969085693359375e+00
1.345857381820678711e+00
1.350217819213867188e+00
1.356086015701293945e+00
1.361597299575805664e+00
1.368970155715942383e+00
1.374343156814575195e+00
1.379691839218139648e+00
1.385623931884765625e+00
1.392441749572753906e+00
1.399156093597412109e+00
1.406413316726684570e+00
1.413469791412353516e+00
1.419110774993896484e+00
1.425739049911499023e+00
1.432210206985473633e+00
1.438709497451782227e+00
1.444957256317138672e+00
1.451453924179077148e+00
1.457451820373535156e+00
1.462272644042968750e+00
1.467726945877075195e+00
1.473523378372192383e+00
1.480462789535522461e+00
1.486047506332397461e+00
1.493277311325073242e+00
1.498425483703613281e+00
1.503867864608764648e+00
1.508635044097900391e+00
1.514306068420410156e+00
1.520437479019165039e+00
1.526035785675048828e+00
1.532663345336914062e+00
1.538146972656250000e+00
1.543280839920043945e+00
1.548334598541259766e+00
1.552942991256713867e+00
1.557501792907714844e+00
1.561459064483642578e+00
1.568939208984375000e+00
1.573868274688720703e+00
1.579489231109619141e+00
1.585282564163208008e+00
1.590989112854003906e+00
1.598593950271606445e+00
1.604023456573486328e+00
1.609201192855834961e+00
1.617258548736572266e+00
1.623205900192260742e+00
1.630887746810913086e+00
1.637531995773315430e+00
1.642950773239135742e+00
1.648666143417358398e+00
1.653893470764160156e+00
1.659415245056152344e+00
1.665018081665039062e+00
1.671045780181884766e+00
1.676930427551269531e+00
1.681975364685058594e+00
1.687404632568359375e+00
1.693032026290893555e+00
1.699016809463500977e+00
1.705111503601074219e+00
1.710158348083496094e+00
1.714889287948608398e+00
1.720401763916015625e+00
1.725270986557006836e+00
1.730684995651245117e+00
1.736520767211914062e+00
1.742285490036010742e+00
1.747593879699707031e+00
1.752976417541503906e+00
1.758624792098999023e+00
1.763993263244628906e+00
1.768993854522705078e+00
1.774019956588745117e+00
1.779294252395629883e+00
1.784363269805908203e+00
1.790382623672485352e+00
1.795647144317626953e+00
1.801082611083984375e+00
1.805859804153442383e+00
1.810146808624267578e+00
1.815075397491455078e+00
1.820487737655639648e+00
1.827271699905395508e+00
1.833287000656127930e+00
1.839612245559692383e+00
1.845944643020629883e+00
1.851920366287231445e+00
1.858060359954833984e+00
1.864026546478271484e+00
1.870682239532470703e+00
1.876491785049438477e+00
1.882964849472045898e+00
1.889708757400512695e+00
1.895667791366577148e+00
1.902021169662475586e+00
1.908241987228393555e+00
1.914413213729858398e+00
1.919950962066650391e+00
1.925448417663574219e+00
1.931081056594848633e+00
1.937716245651245117e+00
1.944004774093627930e+00
1.950778722763061523e+00
1.956977128982543945e+00
1.963342428207397461e+00
1.969761610031127930e+00
1.976088285446166992e+00
1.982619524002075195e+00
1.988933801651000977e+00
1.995586156845092773e+00
2.002038002014160156e+00
2.008725643157958984e+00
2.015043497085571289e+00
2.021722316741943359e+00
2.027535200119018555e+00
2.033028841018676758e+00
2.038999557495117188e+00
2.045205354690551758e+00
2.051630258560180664e+00
2.058000802993774414e+00
2.065129518508911133e+00
2.072179555892944336e+00
2.078994274139404297e+00
2.085996866226196289e+00
2.093110561370849609e+00
2.100199937820434570e+00
2.107303857803344727e+00
2.114533185958862305e+00
2.121159791946411133e+00
2.127117633819580078e+00
2.134199619293212891e+00
2.141018152236938477e+00
2.147626876831054688e+00
2.153740406036376953e+00
2.160039663314819336e+00
2.167008399963378906e+00
2.174146175384521484e+00
2.181436538696289062e+00
2.188131570816040039e+00
2.194363594055175781e+00
2.201215028762817383e+00
2.207618951797485352e+00
2.214455366134643555e+00
2.221140384674072266e+00
2.228150367736816406e+00
2.234307527542114258e+00
2.241279840469360352e+00
2.247628688812255859e+00
2.254112720489501953e+00
2.261028766632080078e+00
2.268021821975708008e+00
2.277148962020874023e+00
2.284008502960205078e+00
2.292137384414672852e+00
2.298735857009887695e+00
2.305016517639160156e+00
2.312150001525878906e+00
2.318627119064331055e+00
2.325740575790405273e+00
2.331659793853759766e+00
2.338764905929565430e+00
2.345136404037475586e+00
2.352180480957031250e+00
2.359210968017578125e+00
2.365559816360473633e+00
2.372022390365600586e+00
2.378614187240600586e+00
2.385280132293701172e+00
2.391763448715209961e+00
2.398733377456665039e+00
2.405906677246093750e+00
2.412401199340820312e+00
2.419142246246337891e+00
2.426757335662841797e+00
2.433027505874633789e+00
2.439735412597656250e+00
2.445493459701538086e+00
2.452003717422485352e+00
2.459001064300537109e+00
2.466161489486694336e+00
2.472629547119140625e+00
2.479767799377441406e+00
2.486129760742187500e+00
2.493162870407104492e+00
2.500256538391113281e+00
2.507438421249389648e+00
2.514755249023437500e+00
2.520973920822143555e+00
2.527779817581176758e+00
2.533954620361328125e+00
2.540416240692138672e+00
2.546480178833007812e+00
2.552798271179199219e+00
2.560143947601318359e+00
2.568060874938964844e+00
2.573949337005615234e+00
2.581549167633056641e+00
2.586900711059570312e+00
2.592395305633544922e+00
2.597992420196533203e+00
2.604866266250610352e+00
2.611154556274414062e+00
2.618434667587280273e+00
2.624648809432983398e+00
2.631123065948486328e+00
2.637755632400512695e+00
2.643900632858276367e+00
2.650535821914672852e+00
2.656510353088378906e+00
2.663001298904418945e+00
2.669229745864868164e+00
2.674974441528320312e+00
2.681709766387939453e+00
2.688011407852172852e+00
2.695259094238281250e+00
2.701140880584716797e+00
2.707015991210937500e+00
2.713725805282592773e+00
2.719519376754760742e+00
2.726063251495361328e+00
2.732414484024047852e+00
2.738950490951538086e+00
2.744986057281494141e+00
2.751754522323608398e+00
2.757393360137939453e+00
2.763769626617431641e+00
2.769958734512329102e+00
2.776691198348999023e+00
2.782964706420898438e+00
2.789975166320800781e+00
2.797014951705932617e+00
2.803789138793945312e+00
2.810705423355102539e+00
2.816949129104614258e+00
2.823941230773925781e+00
2.830773353576660156e+00
2.837546825408935547e+00
2.843943595886230469e+00
2.850413084030151367e+00
2.856613636016845703e+00
2.862963199615478516e+00
2.869529008865356445e+00
2.876259565353393555e+00
2.882592916488647461e+00
2.888941526412963867e+00
2.895686864852905273e+00
2.902029037475585938e+00
2.908600807189941406e+00
2.914596319198608398e+00
2.920189619064331055e+00
2.925990819931030273e+00
2.932134389877319336e+00
2.938063383102416992e+00
2.944670438766479492e+00
2.950440406799316406e+00
2.956954240798950195e+00
2.963774442672729492e+00
2.970349550247192383e+00
2.975926876068115234e+00
2.981427192687988281e+00
2.987160444259643555e+00
2.992480993270874023e+00
2.999034881591796875e+00
3.004901647567749023e+00
3.010415315628051758e+00
3.015074014663696289e+00
3.020203590393066406e+00
3.026124715805053711e+00
3.031310081481933594e+00
3.036241054534912109e+00
3.040850162506103516e+00
3.045120239257812500e+00
3.049849033355712891e+00
3.055110454559326172e+00
3.060634851455688477e+00
3.066160917282104492e+00
3.071985483169555664e+00
3.078539848327636719e+00
3.084424257278442383e+00
3.089997291564941406e+00
3.095922946929931641e+00
3.101333618164062500e+00
3.106126308441162109e+00
3.111656188964843750e+00
3.116620779037475586e+00
3.122074604034423828e+00
3.127319812774658203e+00
3.132212400436401367e+00
3.138349294662475586e+00
3.143093585968017578e+00
3.148126363754272461e+00
3.153318881988525391e+00
3.158623456954956055e+00
3.163923025131225586e+00
3.168919324874877930e+00
3.174123287200927734e+00
3.179452419281005859e+00
3.184138774871826172e+00
3.189145565032958984e+00
3.194172620773315430e+00
3.200159788131713867e+00
3.204995393753051758e+00
3.210918188095092773e+00
3.215906143188476562e+00
3.220489978790283203e+00
3.225133895874023438e+00
3.229856729507446289e+00
3.234265804290771484e+00
3.238984823226928711e+00
3.246530532836914062e+00
3.252421379089355469e+00
3.257921934127807617e+00
3.263967990875244141e+00
3.269445419311523438e+00
3.274702072143554688e+00
3.280312061309814453e+00
3.285271883010864258e+00
3.291420459747314453e+00
3.296605825424194336e+00
3.301957368850708008e+00
3.307921171188354492e+00
3.313468694686889648e+00
3.319416284561157227e+00
3.325447797775268555e+00
3.330864191055297852e+00
3.336317777633666992e+00
3.341987133026123047e+00
3.347638845443725586e+00
3.353005409240722656e+00
3.357601881027221680e+00
3.361315727233886719e+00
3.364760875701904297e+00
3.367374658584594727e+00
3.369852304458618164e+00
3.372267007827758789e+00
3.375269412994384766e+00
3.377743959426879883e+00
3.380228519439697266e+00
3.382709026336669922e+00
3.385165929794311523e+00
3.387721538543701172e+00
3.390366554260253906e+00
3.392723083496093750e+00
3.395163536071777344e+00
3.397728681564331055e+00
3.400361537933349609e+00
3.402754545211791992e+00
3.405268430709838867e+00
3.407853603363037109e+00
3.410366296768188477e+00
3.412828445434570312e+00
3.415363311767578125e+00
3.417737960815429688e+00
3.420352935791015625e+00
3.423140764236450195e+00
3.425714015960693359e+00
3.428244590759277344e+00
3.430732965469360352e+00
3.433352470397949219e+00
3.435871601104736328e+00
3.438267230987548828e+00
3.440833806991577148e+00
3.443359136581420898e+00
3.446163415908813477e+00
3.448709249496459961e+00
3.450875043869018555e+00
3.453293085098266602e+00
3.455780982971191406e+00
3.458397865295410156e+00
3.460714340209960938e+00
3.463164567947387695e+00
3.465698480606079102e+00
3.468017578125000000e+00
3.470755338668823242e+00
3.473263978958129883e+00
3.476138830184936523e+00
3.478824853897094727e+00
3.481713056564331055e+00
3.483873367309570312e+00
3.486379623413085938e+00
3.489154100418090820e+00
3.491708040237426758e+00
3.494072675704956055e+00
3.496545314788818359e+00
3.499255657196044922e+00
3.501740932464599609e+00
3.504370450973510742e+00
3.507229566574096680e+00
3.509756326675415039e+00
3.512528419494628906e+00
3.515382289886474609e+00
3.518166303634643555e+00
3.520350217819213867e+00
3.522757768630981445e+00
3.525245904922485352e+00
3.527706146240234375e+00
3.530138969421386719e+00
3.532728195190429688e+00
3.535164594650268555e+00
3.537482261657714844e+00
3.540201425552368164e+00
3.543271541595458984e+00
3.546169519424438477e+00
3.548707723617553711e+00
3.551267623901367188e+00
3.554163932800292969e+00
3.556472778320312500e+00
3.559267044067382812e+00
3.562165975570678711e+00
3.564731597900390625e+00
3.567443609237670898e+00
3.570164680480957031e+00
3.572734355926513672e+00
3.575438022613525391e+00
3.578140735626220703e+00
3.580706357955932617e+00
3.583627223968505859e+00
3.585985183715820312e+00
3.588553190231323242e+00
3.591203212738037109e+00
3.593867540359497070e+00
3.596345901489257812e+00
3.599492311477661133e+00
3.602381229400634766e+00
3.605156421661376953e+00
3.608524560928344727e+00
3.611874580383300781e+00
3.614977121353149414e+00
3.617761611938476562e+00
3.620791196823120117e+00
3.623482465744018555e+00
3.626138687133789062e+00
3.628344535827636719e+00
3.631163597106933594e+00
3.634266138076782227e+00
3.637215614318847656e+00
3.640908956527709961e+00
3.644384145736694336e+00
3.647258758544921875e+00
3.650372266769409180e+00
3.652896881103515625e+00
3.655359983444213867e+00
3.657716512680053711e+00
3.659830570220947266e+00
3.662508964538574219e+00
3.665397167205810547e+00
3.667831897735595703e+00
3.670498371124267578e+00
3.673147201538085938e+00
3.675743341445922852e+00
3.678407907485961914e+00
3.681168079376220703e+00
3.683394432067871094e+00
3.686073064804077148e+00
3.688728094100952148e+00
3.691709518432617188e+00
3.693859815597534180e+00
3.696241617202758789e+00
3.699145078659057617e+00
3.701543807983398438e+00
3.704273223876953125e+00
3.707230567932128906e+00
3.709718942642211914e+00
3.711856126785278320e+00
3.714334487915039062e+00
3.717140197753906250e+00
3.719830036163330078e+00
3.722434759140014648e+00
3.725286483764648438e+00
3.727859497070312500e+00
3.730436325073242188e+00
3.732752799987792969e+00
3.735242605209350586e+00
3.737708568572998047e+00
3.739825010299682617e+00
3.742435216903686523e+00
3.744768619537353516e+00
3.747242212295532227e+00
3.749712228775024414e+00
3.751820564270019531e+00
3.754503488540649414e+00
3.757141113281250000e+00
3.759737968444824219e+00
3.762559652328491211e+00
3.765140056610107422e+00
3.767706871032714844e+00
3.770372629165649414e+00
3.772845745086669922e+00
3.775521993637084961e+00
3.778141736984252930e+00
3.780357360839843750e+00
3.783449649810791016e+00
3.785783290863037109e+00
3.788742303848266602e+00
3.791415452957153320e+00
3.794168710708618164e+00
3.796320199966430664e+00
3.799155473709106445e+00
3.801715373992919922e+00
3.804146766662597656e+00
3.806345701217651367e+00
3.808814287185668945e+00
3.811419010162353516e+00
3.814491748809814453e+00
3.817214727401733398e+00
3.819860696792602539e+00
3.822508573532104492e+00
3.825313568115234375e+00
3.828267097473144531e+00
3.831204175949096680e+00
3.833904504776000977e+00
3.836422443389892578e+00
3.839352369308471680e+00
3.841709852218627930e+00
3.843827486038208008e+00
3.846506834030151367e+00
3.849184751510620117e+00
3.852159261703491211e+00
3.854780912399291992e+00
3.857753515243530273e+00
3.860216617584228516e+00
3.862359762191772461e+00
3.864707469940185547e+00
3.866981744766235352e+00
3.869346618652343750e+00
3.872390031814575195e+00
3.875240087509155273e+00
3.877997636795043945e+00
3.880361318588256836e+00
3.882719039916992188e+00
3.884858846664428711e+00
3.887769937515258789e+00
3.890434026718139648e+00
3.892750740051269531e+00
3.895485401153564453e+00
3.898431301116943359e+00
3.900747776031494141e+00
3.903727054595947266e+00
3.906347990036010742e+00
3.908707857131958008e+00
3.911741256713867188e+00
3.914350986480712891e+00
3.916856288909912109e+00
3.919733524322509766e+00
3.922759771347045898e+00
3.925729751586914062e+00
3.928719282150268555e+00
3.931512117385864258e+00
3.934163093566894531e+00
3.936883449554443359e+00
3.939755439758300781e+00
3.942354917526245117e+00
3.945162773132324219e+00
3.947870254516601562e+00
3.950741767883300781e+00
3.953356504440307617e+00
3.956578969955444336e+00
3.960047245025634766e+00
3.963261604309082031e+00
3.966556072235107422e+00
3.969869375228881836e+00
3.972896814346313477e+00
3.976037740707397461e+00
3.978882551193237305e+00
3.982055425643920898e+00
3.985062122344970703e+00
3.987994909286499023e+00
3.991060256958007812e+00
3.994180440902709961e+00
3.997337341308593750e+00
4.000743389129638672e+00
4.004023313522338867e+00
4.006925582885742188e+00
4.010046005249023438e+00
4.013263463973999023e+00
4.016555309295654297e+00
4.020054817199707031e+00
4.022747278213500977e+00
4.025376319885253906e+00
4.028152942657470703e+00
4.030879974365234375e+00
4.033757209777832031e+00
4.036390066146850586e+00
4.039165019989013672e+00
4.041748523712158203e+00
4.044736862182617188e+00
4.047739982604980469e+00
4.050725460052490234e+00
4.053349971771240234e+00
4.056164979934692383e+00
4.058726310729980469e+00
4.061377763748168945e+00
4.063870668411254883e+00
4.066372632980346680e+00
4.068872451782226562e+00
4.071485757827758789e+00
4.074230909347534180e+00
4.076870203018188477e+00
4.079360723495483398e+00
4.081858396530151367e+00
4.084362506866455078e+00
4.086873292922973633e+00
4.089361906051635742e+00
4.091866493225097656e+00
4.094360351562500000e+00
4.097153425216674805e+00
4.099730730056762695e+00
4.102230072021484375e+00
4.104868173599243164e+00
4.107731819152832031e+00
4.110721349716186523e+00
4.113734483718872070e+00
4.116727828979492188e+00
4.119739770889282227e+00
4.122497558593750000e+00
4.125242710113525391e+00
4.128153800964355469e+00
4.130764007568359375e+00
4.133362054824829102e+00
4.136154651641845703e+00
4.138875246047973633e+00
4.141726732254028320e+00
4.144371509552001953e+00
4.147168397903442383e+00
4.150166749954223633e+00
4.153166055679321289e+00
4.156167268753051758e+00
4.159170150756835938e+00
4.162166833877563477e+00
4.165166378021240234e+00
4.167870521545410156e+00
4.170372009277343750e+00
4.173165321350097656e+00
4.175900936126708984e+00
4.178857326507568359e+00
4.181750774383544922e+00
4.184741258621215820e+00
4.187738895416259766e+00
4.190360784530639648e+00
4.193190574645996094e+00
4.196169614791870117e+00
4.199753284454345703e+00
4.202751398086547852e+00
4.205555915832519531e+00
4.208243370056152344e+00
4.211450338363647461e+00
4.214752912521362305e+00
4.217565536499023438e+00
4.220537185668945312e+00
4.223372936248779297e+00
4.226459264755249023e+00
4.229368209838867188e+00
4.232752799987792969e+00
4.236228466033935547e+00
4.239375829696655273e+00
4.242375850677490234e+00
4.245155096054077148e+00
4.247879028320312500e+00
4.250372409820556641e+00
4.253158092498779297e+00
4.256776809692382812e+00
4.259741306304931641e+00
4.262762784957885742e+00
4.266291856765747070e+00
4.269232511520385742e+00
4.272153615951538086e+00
4.275443077087402344e+00
4.278873920440673828e+00
4.281575202941894531e+00
4.285005807876586914e+00
4.287916660308837891e+00
4.291039466857910156e+00
4.294153928756713867e+00
4.296731233596801758e+00
4.299745082855224609e+00
4.304074764251708984e+00
4.307912349700927734e+00
4.311496734619140625e+00
4.315093994140625000e+00
4.318840026855468750e+00
4.322458982467651367e+00
4.325913667678833008e+00
4.329292058944702148e+00
4.333428144454956055e+00
4.337502479553222656e+00
4.340784788131713867e+00
4.344927072525024414e+00
4.348293066024780273e+00
4.351541519165039062e+00
4.354801416397094727e+00
4.358316183090209961e+00
4.361787796020507812e+00
4.365131616592407227e+00
4.368782997131347656e+00
4.373001575469970703e+00
4.376425981521606445e+00
4.379548788070678711e+00
4.383603096008300781e+00
4.386963367462158203e+00
4.390772819519042969e+00
4.394101142883300781e+00
4.397948026657104492e+00
4.402318716049194336e+00
4.405840873718261719e+00
4.409305334091186523e+00
4.412752151489257812e+00
4.415726661682128906e+00
4.418846130371093750e+00
4.421814918518066406e+00
4.424737930297851562e+00
4.428013563156127930e+00
4.430366992950439453e+00
4.433209657669067383e+00
4.436203002929687500e+00
4.439405441284179688e+00
4.442809820175170898e+00
4.445982694625854492e+00
4.448349952697753906e+00
4.450837373733520508e+00
4.453220605850219727e+00
4.456245422363281250e+00
4.459166049957275391e+00
4.461742401123046875e+00
4.464475154876708984e+00
4.467372894287109375e+00
4.470154285430908203e+00
4.472726106643676758e+00
4.475219726562500000e+00
4.478379726409912109e+00
4.481153488159179688e+00
4.483865499496459961e+00
4.486738920211791992e+00
4.489709854125976562e+00
4.492732048034667969e+00
4.495755672454833984e+00
4.498347282409667969e+00
4.500857353210449219e+00
4.503727436065673828e+00
4.506733179092407227e+00
4.509345054626464844e+00
4.512153625488281250e+00
4.515918254852294922e+00
4.519294738769531250e+00
4.522305488586425781e+00
4.525359153747558594e+00
4.528156042098999023e+00
4.530980110168457031e+00
4.533915042877197266e+00
4.536978721618652344e+00
4.540377378463745117e+00
4.543233633041381836e+00
4.546833038330078125e+00
4.550048112869262695e+00
4.553560972213745117e+00
4.556863546371459961e+00
4.559720754623413086e+00
4.562364101409912109e+00
4.564877271652221680e+00
4.567219018936157227e+00
4.569703578948974609e+00
4.572143793106079102e+00
4.574349164962768555e+00
4.576709508895874023e+00
4.579732656478881836e+00
4.582725524902343750e+00
4.585222005844116211e+00
4.588233232498168945e+00
4.590923309326171875e+00
4.593232154846191406e+00
4.595711946487426758e+00
4.598067283630371094e+00
4.600349187850952148e+00
4.602710485458374023e+00
4.604837179183959961e+00
4.607779741287231445e+00
4.610404014587402344e+00
4.612703084945678711e+00
4.615141868591308594e+00
4.617355108261108398e+00
4.620149135589599609e+00
4.622815847396850586e+00
4.625194549560546875e+00
4.627476692199707031e+00
4.630005121231079102e+00
4.632741928100585938e+00
4.635354280471801758e+00
4.637705087661743164e+00
4.639933347702026367e+00
4.642504692077636719e+00
4.645771980285644531e+00
4.649398565292358398e+00
4.652513027191162109e+00
4.655770778656005859e+00
4.658717393875122070e+00
4.661703109741210938e+00
4.664219856262207031e+00
4.666707038879394531e+00
4.669091463088989258e+00
4.671782493591308594e+00
4.674441337585449219e+00
4.677143096923828125e+00
4.679869413375854492e+00
4.682415246963500977e+00
4.684894561767578125e+00
4.687239408493041992e+00
4.689711332321166992e+00
4.692069292068481445e+00
4.694350481033325195e+00
4.696711301803588867e+00
4.699220657348632812e+00
4.701706409454345703e+00
4.703852176666259766e+00
4.706351995468139648e+00
4.708838701248168945e+00
4.711350679397583008e+00
4.713727235794067383e+00
4.716219663619995117e+00
4.718713045120239258e+00
4.720832347869873047e+00
4.723220586776733398e+00
4.725717544555664062e+00
4.728222370147705078e+00
4.730726242065429688e+00
4.733283758163452148e+00
4.735711097717285156e+00
4.738061904907226562e+00
4.740714311599731445e+00
4.743414878845214844e+00
4.746143817901611328e+00
4.748712778091430664e+00
4.751144409179687500e+00
4.753333806991577148e+00
4.755727529525756836e+00
4.758704185485839844e+00
4.761267423629760742e+00
4.763778448104858398e+00
4.766479253768920898e+00
4.769144058227539062e+00
4.771877288818359375e+00
4.774739027023315430e+00
4.777740716934204102e+00
4.780720233917236328e+00
4.783733367919921875e+00
4.786470413208007812e+00
4.789167165756225586e+00
4.791859626770019531e+00
4.794999837875366211e+00
4.798267602920532227e+00
4.801360845565795898e+00
4.805416822433471680e+00
4.808488845825195312e+00
4.811734676361083984e+00
4.814513683319091797e+00
4.817778825759887695e+00
4.820891380310058594e+00
4.824351310729980469e+00
4.827874183654785156e+00
4.831387281417846680e+00
4.834494829177856445e+00
4.837272644042968750e+00
4.840535640716552734e+00
4.843545913696289062e+00
4.846797227859497070e+00
4.849727392196655273e+00
4.852890253067016602e+00
4.855921983718872070e+00
4.858742237091064453e+00
4.861402750015258789e+00
4.864171028137207031e+00
4.866708755493164062e+00
4.869349479675292969e+00
4.871845245361328125e+00
4.874716281890869141e+00
4.877342700958251953e+00
4.879862785339355469e+00
4.882363796234130859e+00
4.885156154632568359e+00
4.887732267379760742e+00
4.890362977981567383e+00
4.892860174179077148e+00
4.895344018936157227e+00
4.897853612899780273e+00
4.900340557098388672e+00
4.903155088424682617e+00
4.905723333358764648e+00
4.908361434936523438e+00
4.911154747009277344e+00
4.913717269897460938e+00
4.916362524032592773e+00
4.919155120849609375e+00
4.922242641448974609e+00
4.925577640533447266e+00
4.928989648818969727e+00
4.932162284851074219e+00
4.934777975082397461e+00
4.937393665313720703e+00
4.940156698226928711e+00
4.943255901336669922e+00
4.946176767349243164e+00
4.949213504791259766e+00
4.951863527297973633e+00
4.954736471176147461e+00
4.957490205764770508e+00
4.960431098937988281e+00
4.963234901428222656e+00
4.966244935989379883e+00
4.968943595886230469e+00
4.971867561340332031e+00
4.974568843841552734e+00
4.977570772171020508e+00
4.980524539947509766e+00
4.984242439270019531e+00
4.987487792968750000e+00
4.990763425827026367e+00
4.993750333786010742e+00
4.996357440948486328e+00
4.999160051345825195e+00
5.001734972000122070e+00
5.004391908645629883e+00
5.007205009460449219e+00
5.010206937789916992e+00
5.013205051422119141e+00
5.016257524490356445e+00
5.019159793853759766e+00
5.022156715393066406e+00
5.024855613708496094e+00
5.027722358703613281e+00
5.030474185943603516e+00
5.033205509185791016e+00
5.036157131195068359e+00
5.038968086242675781e+00
5.041729688644409180e+00
5.044491052627563477e+00
5.047387361526489258e+00
5.049847126007080078e+00
5.052366256713867188e+00
5.055159330368041992e+00
5.058199644088745117e+00
5.061160564422607422e+00
5.064157724380493164e+00
5.066971540451049805e+00
5.069718599319458008e+00
5.072840213775634766e+00
5.076404333114624023e+00
5.078719139099121094e+00
5.081245660781860352e+00
5.084213018417358398e+00
5.087182998657226562e+00
5.090190410614013672e+00
5.092350721359252930e+00
5.095361709594726562e+00
5.098191499710083008e+00
5.101334810256958008e+00
5.104215621948242188e+00
5.106723785400390625e+00
5.109222173690795898e+00
5.112262248992919922e+00
5.115169048309326172e+00
5.117721319198608398e+00
5.120223045349121094e+00
5.122712373733520508e+00
5.125145673751831055e+00
5.127944231033325195e+00
5.130352497100830078e+00
5.133238077163696289e+00
5.135708332061767578e+00
5.138146400451660156e+00
5.140707969665527344e+00
5.143146038055419922e+00
5.145328044891357422e+00
5.148149967193603516e+00
5.150720119476318359e+00
5.153228759765625000e+00
5.155828714370727539e+00
5.158552408218383789e+00
5.161510944366455078e+00
5.164169073104858398e+00
5.166337013244628906e+00
5.168688297271728516e+00
5.171147108078002930e+00
5.173709154129028320e+00
5.176146507263183594e+00
5.178327798843383789e+00
5.180719375610351562e+00
5.183734655380249023e+00
5.186858415603637695e+00
5.189356565475463867e+00
5.192432165145874023e+00
5.195263624191284180e+00
5.198253393173217773e+00
5.201234817504882812e+00
5.204210281372070312e+00
5.207236051559448242e+00
5.210376739501953125e+00
5.213209867477416992e+00
5.216039419174194336e+00
5.218854665756225586e+00
5.221567392349243164e+00
5.224248170852661133e+00
5.227352857589721680e+00
5.230244874954223633e+00
5.233236789703369141e+00
5.236211061477661133e+00
5.239170312881469727e+00
5.241708040237426758e+00
5.244749307632446289e+00
5.248176813125610352e+00
5.251485347747802734e+00
5.254331350326538086e+00
5.257343053817749023e+00
5.260794878005981445e+00
5.263718605041503906e+00
5.266857385635375977e+00
5.270800113677978516e+00
5.274034976959228516e+00
5.277161121368408203e+00
5.280430555343627930e+00
5.283379793167114258e+00
5.286160945892333984e+00
5.289200305938720703e+00
5.292368412017822266e+00
5.295171499252319336e+00
5.298179864883422852e+00
5.302024602890014648e+00
5.304861068725585938e+00
5.307738780975341797e+00
5.310349225997924805e+00
5.313205242156982422e+00
5.316160202026367188e+00
5.319322586059570312e+00
5.322783708572387695e+00
5.326174736022949219e+00
5.329240560531616211e+00
5.332172632217407227e+00
5.335831165313720703e+00
5.339265108108520508e+00
5.342256546020507812e+00
5.345215320587158203e+00
5.348161458969116211e+00
5.350862503051757812e+00
5.353758573532104492e+00
5.356733560562133789e+00
5.359886884689331055e+00
5.363306760787963867e+00
5.366807699203491211e+00
5.369920015335083008e+00
5.373269796371459961e+00
5.376532554626464844e+00
5.379718780517578125e+00
5.382712125778198242e+00
5.385909557342529297e+00
5.389043331146240234e+00
5.392037391662597656e+00
5.395786762237548828e+00
5.399317979812622070e+00
5.402770042419433594e+00
5.405706644058227539e+00
5.408345222473144531e+00
5.411269187927246094e+00
5.414186716079711914e+00
5.417173385620117188e+00
5.419755697250366211e+00
5.422353982925415039e+00
5.425184726715087891e+00
5.428356409072875977e+00
5.431358337402343750e+00
5.434170246124267578e+00
5.437171697616577148e+00
5.440158843994140625e+00
5.442868232727050781e+00
5.445729970932006836e+00
5.448340177536010742e+00
5.451170921325683594e+00
5.454170465469360352e+00
5.456859111785888672e+00
5.459911584854125977e+00
5.463254690170288086e+00
5.466530084609985352e+00
5.470038890838623047e+00
5.473172903060913086e+00
5.476172447204589844e+00
5.479172229766845703e+00
5.482172489166259766e+00
5.485159635543823242e+00
5.487791061401367188e+00
5.490743160247802734e+00
5.493681907653808594e+00
5.496356010437011719e+00
5.499174356460571289e+00
5.502173423767089844e+00
5.504851818084716797e+00
5.507722616195678711e+00
5.510348558425903320e+00
5.512855529785156250e+00
5.515732765197753906e+00
5.518714666366577148e+00
5.521695852279663086e+00
5.524700880050659180e+00
5.527720212936401367e+00
5.530707836151123047e+00
5.533713579177856445e+00
5.536705017089843750e+00
5.539718627929687500e+00
5.542718887329101562e+00
5.545347690582275391e+00
5.547858715057373047e+00
5.550718545913696289e+00
5.553346157073974609e+00
5.555856704711914062e+00
5.558341264724731445e+00
5.561086416244506836e+00
5.563698768615722656e+00
5.566237926483154297e+00
5.568855047225952148e+00
5.571344614028930664e+00
5.573836803436279297e+00
5.576340913772583008e+00
5.578851699829101562e+00
5.581481218338012695e+00
5.584161043167114258e+00
5.586700916290283203e+00
5.589214324951171875e+00
5.591852903366088867e+00
5.594341516494750977e+00
5.596851825714111328e+00
5.599348783493041992e+00
5.601846933364868164e+00
5.604353427886962891e+00
5.607159852981567383e+00
5.609711170196533203e+00
5.612354516983032227e+00
5.614853382110595703e+00
5.617336750030517578e+00
5.619852542877197266e+00
5.622353315353393555e+00
5.624857664108276367e+00
5.627342939376831055e+00
5.629840612411499023e+00
5.632340908050537109e+00
5.634849548339843750e+00
5.637341022491455078e+00
5.639855146408081055e+00
5.642347335815429688e+00
5.645334959030151367e+00
5.647837400436401367e+00
5.650202512741088867e+00
5.653226613998413086e+00
5.655703544616699219e+00
5.658051490783691406e+00
5.660721540451049805e+00
5.663413047790527344e+00
5.666177511215209961e+00
5.669176340103149414e+00
5.672348737716674805e+00
5.675151586532592773e+00
5.677475929260253906e+00
5.680153608322143555e+00
5.682716369628906250e+00
5.685352325439453125e+00
5.688215494155883789e+00
5.691216945648193359e+00
5.694268465042114258e+00
5.697216510772705078e+00
5.700154066085815430e+00
5.702331542968750000e+00
5.704842805862426758e+00
5.707733869552612305e+00
5.710464715957641602e+00
5.712829351425170898e+00
5.715695858001708984e+00
5.718698024749755859e+00
5.722062110900878906e+00
5.725028514862060547e+00
5.728204488754272461e+00
5.731215476989746094e+00
5.734055280685424805e+00
5.736768007278442383e+00
5.739457368850708008e+00
5.742033958435058594e+00
5.744797468185424805e+00
5.747879743576049805e+00
5.751016139984130859e+00
5.754017591476440430e+00
5.757180690765380859e+00
5.759985685348510742e+00
5.762739419937133789e+00
5.765504360198974609e+00
5.768174409866333008e+00
5.771199941635131836e+00
5.773689746856689453e+00
5.776200056076049805e+00
5.778452396392822266e+00
5.780587434768676758e+00
5.783047914505004883e+00
5.785328865051269531e+00
5.787689208984375000e+00
5.789861917495727539e+00
5.792198896408081055e+00
5.794337749481201172e+00
5.796690225601196289e+00
5.798966646194458008e+00
5.801303863525390625e+00
5.803841352462768555e+00
5.806199312210083008e+00
5.808329105377197266e+00
5.810718297958374023e+00
5.813199758529663086e+00
5.815346002578735352e+00
5.817831277847290039e+00
5.820199251174926758e+00
5.822346210479736328e+00
5.825052022933959961e+00
5.827301502227783203e+00
5.829685211181640625e+00
5.831835985183715820e+00
5.834200143814086914e+00
5.836338281631469727e+00
5.838687658309936523e+00
5.840802669525146484e+00
5.843199491500854492e+00
5.845329284667968750e+00
5.847750902175903320e+00
5.850199699401855469e+00
5.852328777313232422e+00
5.854832649230957031e+00
5.857199668884277344e+00
5.859338998794555664e+00
5.862173080444335938e+00
5.865163326263427734e+00
5.867854595184326172e+00
5.870361804962158203e+00
5.873098134994506836e+00
5.875854969024658203e+00
5.878825187683105469e+00
5.881718635559082031e+00
5.884353876113891602e+00
5.887173891067504883e+00
5.890162467956542969e+00
5.892860889434814453e+00
5.895355463027954102e+00
5.898177385330200195e+00
5.901086091995239258e+00
5.903851985931396484e+00
5.906725168228149414e+00
5.909355163574218750e+00
5.912164449691772461e+00
5.914709568023681641e+00
5.917479038238525391e+00
5.920083999633789062e+00
5.924369812011718750e+00
5.931546926498413086e+00
5.934711456298828125e+00
5.937856912612915039e+00
5.942025899887084961e+00
5.946116209030151367e+00
5.950235128402709961e+00
5.954944133758544922e+00
5.958532094955444336e+00
5.962444782257080078e+00
5.965880393981933594e+00
5.969352245330810547e+00
5.973379135131835938e+00
5.977574110031127930e+00
5.981277942657470703e+00
5.984771966934204102e+00
5.988035678863525391e+00
5.991817951202392578e+00
5.995409727096557617e+00
5.998844385147094727e+00
6.001835584640502930e+00
6.004804611206054688e+00
6.007702112197875977e+00
6.010875701904296875e+00
6.013822555541992188e+00
6.017158746719360352e+00
6.020233869552612305e+00
6.023849248886108398e+00
6.027008533477783203e+00
6.030069828033447266e+00
6.033264398574829102e+00
6.036092519760131836e+00
6.038695573806762695e+00
6.041204214096069336e+00
6.044175863265991211e+00
6.046708583831787109e+00
6.049213409423828125e+00
6.051716089248657227e+00
6.054322004318237305e+00
6.057174921035766602e+00
6.059329271316528320e+00
6.061832427978515625e+00
6.064335584640502930e+00
6.066717147827148438e+00
6.069331884384155273e+00
6.072248220443725586e+00
6.075199127197265625e+00
6.078156232833862305e+00
6.081349372863769531e+00
6.084182024002075195e+00
6.086722850799560547e+00
6.089343786239624023e+00
6.092283248901367188e+00
6.095156192779541016e+00
6.097686290740966797e+00
6.100156068801879883e+00
6.102958679199218750e+00
6.105749130249023438e+00
6.108756303787231445e+00
6.111336469650268555e+00
6.113892316818237305e+00
6.116381645202636719e+00
6.119266510009765625e+00
6.122265100479125977e+00
6.125242948532104492e+00
6.128048419952392578e+00
6.130331754684448242e+00
6.132697820663452148e+00
6.134817361831665039e+00
6.137202978134155273e+00
6.139817953109741211e+00
6.142466068267822266e+00
6.145108461380004883e+00
6.147730350494384766e+00
6.150202512741088867e+00
6.152711391448974609e+00
6.155377149581909180e+00
6.158152818679809570e+00
6.160525560379028320e+00
6.162828207015991211e+00
6.165203094482421875e+00
6.167692661285400391e+00
6.170059442520141602e+00
6.172341823577880859e+00
6.175283432006835938e+00
6.177959918975830078e+00
6.180333137512207031e+00
6.182908535003662109e+00
6.185754060745239258e+00
6.188359260559082031e+00
6.190701961517333984e+00
6.192859888076782227e+00
6.195230245590209961e+00
6.198180437088012695e+00
6.200332164764404297e+00
6.202714681625366211e+00
6.205206394195556641e+00
6.207701206207275391e+00
6.210486650466918945e+00
6.213276147842407227e+00
6.216130971908569336e+00
6.218336582183837891e+00
6.220696210861206055e+00
6.223408222198486328e+00
6.226400375366210938e+00
6.229225635528564453e+00
6.232150554656982422e+00
6.234753131866455078e+00
6.237744808197021484e+00
6.240484476089477539e+00
6.243203163146972656e+00
6.246177434921264648e+00
6.249177217483520508e+00
6.252153158187866211e+00
6.254698753356933594e+00
6.256859779357910156e+00
6.259231805801391602e+00
6.261835098266601562e+00
6.264338016510009766e+00
6.267105579376220703e+00
6.269510984420776367e+00
6.272182226181030273e+00
6.274705171585083008e+00
6.277470588684082031e+00
6.280182361602783203e+00
6.283258676528930664e+00
6.285688161849975586e+00
6.288220643997192383e+00
6.290687799453735352e+00
6.293207168579101562e+00
6.296180009841918945e+00
6.298781156539916992e+00
6.302738189697265625e+00
6.305771350860595703e+00
6.308933734893798828e+00
6.312486886978149414e+00
6.315357923507690430e+00
6.318228960037231445e+00
6.321383953094482422e+00
6.324528455734252930e+00
6.327767610549926758e+00
6.331230163574218750e+00
6.334540605545043945e+00
6.338043212890625000e+00
6.341477870941162109e+00
6.344357728958129883e+00
6.347794294357299805e+00
6.350980758666992188e+00
6.354022979736328125e+00
6.357231855392456055e+00
6.360421180725097656e+00
6.363781690597534180e+00
6.367018222808837891e+00
6.369909524917602539e+00
6.373046636581420898e+00
6.376250982284545898e+00
6.379364728927612305e+00
6.382491827011108398e+00
6.385504722595214844e+00
6.388551235198974609e+00
6.391768455505371094e+00
6.394854307174682617e+00
6.398285865783691406e+00
6.401516199111938477e+00
6.404452085494995117e+00
6.407228708267211914e+00
6.410167932510375977e+00
6.413167715072631836e+00
6.415850400924682617e+00
6.418736457824707031e+00
6.421499013900756836e+00
6.424485206604003906e+00
6.427469968795776367e+00
6.430372953414916992e+00
6.433178901672363281e+00
6.435866117477416992e+00
6.438735485076904297e+00
6.441862344741821289e+00
6.444705247879028320e+00
6.447474479675292969e+00
6.450356245040893555e+00
6.453345298767089844e+00
6.456175565719604492e+00
6.459176063537597656e+00
6.462102890014648438e+00
6.465092182159423828e+00
6.467712163925170898e+00
6.470346450805664062e+00
6.473077535629272461e+00
6.475702047348022461e+00
6.478332519531250000e+00
6.481082439422607422e+00
6.484248876571655273e+00
6.487373828887939453e+00
6.490417957305908203e+00
6.493486881256103516e+00
6.496403694152832031e+00
6.499217748641967773e+00
6.501834630966186523e+00
6.504469633102416992e+00
6.507410526275634766e+00
6.510469675064086914e+00
6.513378858566284180e+00
6.516164779663085938e+00
6.518991231918334961e+00
6.521859407424926758e+00
6.524729490280151367e+00
6.527907371520996094e+00
6.530453681945800781e+00
6.533086299896240234e+00
6.536297321319580078e+00
6.539469957351684570e+00
6.542466402053833008e+00
6.545717000961303711e+00
6.548346757888793945e+00
6.551541090011596680e+00
6.554326057434082031e+00
6.557080984115600586e+00
6.560075283050537109e+00
6.563272714614868164e+00
6.566484689712524414e+00
6.569217920303344727e+00
6.572165727615356445e+00
6.574829578399658203e+00
6.577791690826416016e+00
6.580706357955932617e+00
6.583703279495239258e+00
6.587077379226684570e+00
6.589705705642700195e+00
6.592338085174560547e+00
6.594698190689086914e+00
6.597212314605712891e+00
6.600773811340332031e+00
6.604254961013793945e+00
6.607525348663330078e+00
6.611158847808837891e+00
6.614123582839965820e+00
6.616693019866943359e+00
6.619154214859008789e+00
6.621334791183471680e+00
6.624207496643066406e+00
6.627153635025024414e+00
6.629316806793212891e+00
6.631695270538330078e+00
6.633812427520751953e+00
6.636204004287719727e+00
6.638798236846923828e+00
6.641338348388671875e+00
6.644154071807861328e+00
6.647091627120971680e+00
6.649987220764160156e+00
6.652816295623779297e+00
6.655481338500976562e+00
6.658353328704833984e+00
6.661090135574340820e+00
6.663855075836181641e+00
6.666464090347290039e+00
6.669215202331542969e+00
6.672092914581298828e+00
6.674723148345947266e+00
6.677514791488647461e+00
6.680342912673950195e+00
6.683228492736816406e+00
6.686166524887084961e+00
6.689089775085449219e+00
6.691848516464233398e+00
6.694720029830932617e+00
6.697327375411987305e+00
6.700089693069458008e+00
6.702705144882202148e+00
6.705215692520141602e+00
6.708468198776245117e+00
6.711323499679565430e+00
6.714138507843017578e+00
6.717204809188842773e+00
6.720070362091064453e+00
6.722335577011108398e+00
6.724690914154052734e+00
6.727152109146118164e+00
6.729333877563476562e+00
6.732076168060302734e+00
6.734688997268676758e+00
6.737204790115356445e+00
6.739791631698608398e+00
6.742435455322265625e+00
6.745162725448608398e+00
6.747713565826416016e+00
6.750736474990844727e+00
6.753207921981811523e+00
6.755822181701660156e+00
6.758205413818359375e+00
6.760695934295654297e+00
6.763394355773925781e+00
6.766358613967895508e+00
6.769335031509399414e+00
6.772232055664062500e+00
6.775076150894165039e+00
6.778088092803955078e+00
6.780702829360961914e+00
6.783480405807495117e+00
6.786358118057250977e+00
6.789324283599853516e+00
6.792178630828857422e+00
6.795099735260009766e+00
6.797705888748168945e+00
6.800359010696411133e+00
6.803330659866333008e+00
6.806081533432006836e+00
6.808724641799926758e+00
6.811717748641967773e+00
6.814323425292968750e+00
6.817177772521972656e+00
6.820091247558593750e+00
6.822821617126464844e+00
6.825216531753540039e+00
6.828085899353027344e+00
6.830701351165771484e+00
6.833216428756713867e+00
6.836072444915771484e+00
6.838701486587524414e+00
6.841217279434204102e+00
6.844084262847900391e+00
6.846701145172119141e+00
6.849215507507324219e+00
6.852406024932861328e+00
6.855320215225219727e+00
6.858254909515380859e+00
6.861072540283203125e+00
6.863910198211669922e+00
6.866907358169555664e+00
6.869208812713623047e+00
6.872154235839843750e+00
6.874847888946533203e+00
6.877548933029174805e+00
6.880310297012329102e+00
6.883114099502563477e+00
6.885874271392822266e+00
6.888343334197998047e+00
6.891068220138549805e+00
6.893550157546997070e+00
6.896253824234008789e+00
6.898825883865356445e+00
6.901205301284790039e+00
6.903697729110717773e+00
6.906256675720214844e+00
6.908745765686035156e+00
6.911255598068237305e+00
6.914115428924560547e+00
6.916768550872802734e+00
6.919205188751220703e+00
6.921698331832885742e+00
6.924204826354980469e+00
6.926693677902221680e+00
6.929203987121582031e+00
6.931688547134399414e+00
6.933962583541870117e+00
6.936448574066162109e+00
6.939508199691772461e+00
6.942155122756958008e+00
6.944311618804931641e+00
6.946694135665893555e+00
6.948816537857055664e+00
6.951338529586791992e+00
6.953692674636840820e+00
6.956075668334960938e+00
6.958325862884521484e+00
6.960671901702880859e+00
6.963205575942993164e+00
6.966088771820068359e+00
6.968719720840454102e+00
6.971321105957031250e+00
6.974308967590332031e+00
6.977179288864135742e+00
6.980097532272338867e+00
6.982847690582275391e+00
6.985849380493164062e+00
6.988720178604125977e+00
6.991462945938110352e+00
6.994334459304809570e+00
6.997149467468261719e+00
6.999852418899536133e+00
7.002719640731811523e+00
7.005217552185058594e+00
7.008087873458862305e+00
7.010709285736083984e+00
7.013217687606811523e+00
7.016403913497924805e+00
7.019731521606445312e+00
7.022323846817016602e+00
7.025087833404541016e+00
7.028305530548095703e+00
7.031222581863403320e+00
7.034220695495605469e+00
7.037090539932250977e+00
7.040300846099853516e+00
7.043313503265380859e+00
7.046061515808105469e+00
7.048316478729248047e+00
7.050690412521362305e+00
7.053071498870849609e+00
7.055679798126220703e+00
7.058063507080078125e+00
7.060324192047119141e+00
7.062692165374755859e+00
7.065245866775512695e+00
7.068056106567382812e+00
7.070314884185791016e+00
7.072670698165893555e+00
7.074946641921997070e+00
7.077205419540405273e+00
7.080206632614135742e+00
7.083073377609252930e+00
7.085311651229858398e+00
7.088042020797729492e+00
7.090448141098022461e+00
7.092821598052978516e+00
7.095829486846923828e+00
7.098480701446533203e+00
7.101112127304077148e+00
7.103670597076416016e+00
7.106082201004028320e+00
7.108324766159057617e+00
7.111120939254760742e+00
7.113569021224975586e+00
7.116080045700073242e+00
7.118456840515136719e+00
7.120823860168457031e+00
7.123362064361572266e+00
7.126162052154541016e+00
7.128440380096435547e+00
7.130692720413208008e+00
7.132822990417480469e+00
7.135726451873779297e+00
7.138872861862182617e+00
7.141840934753417969e+00
7.144230604171752930e+00
7.147375345230102539e+00
7.150300025939941406e+00
7.153100490570068359e+00
7.155698537826538086e+00
7.158315181732177734e+00
7.160794734954833984e+00
7.163479089736938477e+00
7.166384935379028320e+00
7.168832540512084961e+00
7.171360492706298828e+00
7.174251794815063477e+00
7.176697492599487305e+00
7.179506540298461914e+00
7.181975603103637695e+00
7.184972047805786133e+00
7.187716007232666016e+00
7.190465927124023438e+00
7.193113088607788086e+00
7.195747613906860352e+00
7.198821067810058594e+00
7.201578140258789062e+00
7.204471588134765625e+00
7.207343578338623047e+00
7.210416793823242188e+00
7.214388132095336914e+00
7.218109607696533203e+00
7.221555233001708984e+00
7.224902153015136719e+00
7.228360414505004883e+00
7.231363058090209961e+00
7.234220504760742188e+00
7.237146615982055664e+00
7.240723609924316406e+00
7.243366003036499023e+00
7.246525764465332031e+00
7.249726057052612305e+00
7.252337932586669922e+00
7.255479335784912109e+00
7.258345365524291992e+00
7.261499166488647461e+00
7.264896631240844727e+00
7.267735242843627930e+00
7.270478487014770508e+00
7.273351430892944336e+00
7.276501893997192383e+00
7.280321598052978516e+00
7.283771753311157227e+00
7.287232875823974609e+00
7.290532827377319336e+00
7.293895006179809570e+00
7.296714305877685547e+00
7.300032615661621094e+00
7.304472684860229492e+00
7.308900833129882812e+00
7.312534570693969727e+00
7.316761493682861328e+00
7.320807695388793945e+00
7.325413703918457031e+00
7.330140113830566406e+00
7.335191726684570312e+00
7.340821743011474609e+00
7.346228361129760742e+00
7.352035284042358398e+00
7.357665538787841797e+00
7.363240480422973633e+00
7.368040561676025391e+00
7.373210906982421875e+00
7.377906084060668945e+00
7.382947444915771484e+00
7.387949228286743164e+00
7.392517805099487305e+00
7.396964073181152344e+00
7.402229070663452148e+00
7.407208442687988281e+00
7.412847757339477539e+00
7.418102741241455078e+00
7.423214673995971680e+00
7.428916454315185547e+00
7.433886766433715820e+00
7.439051389694213867e+00
7.444104194641113281e+00
7.449190616607666016e+00
7.454584598541259766e+00
7.459161043167114258e+00
7.464285850524902344e+00
7.469022750854492188e+00
7.473851442337036133e+00
7.479259729385375977e+00
7.484937429428100586e+00
7.489901304244995117e+00
7.495193481445312500e+00
7.500222921371459961e+00
7.505894422531127930e+00
7.510826349258422852e+00
7.516335725784301758e+00
7.521557569503784180e+00
7.527102947235107422e+00
7.532894611358642578e+00
7.538187980651855469e+00
7.544936418533325195e+00
7.551469802856445312e+00
7.556787967681884766e+00
7.561424493789672852e+00
7.566057682037353516e+00
7.571588754653930664e+00
7.576775312423706055e+00
7.582091093063354492e+00
7.587606906890869141e+00
7.594229221343994141e+00
7.599980354309082031e+00
7.605884552001953125e+00
7.610842466354370117e+00
7.615612268447875977e+00
7.620979785919189453e+00
7.626462459564208984e+00
7.631262302398681641e+00
7.635943412780761719e+00
7.640163660049438477e+00
7.645222902297973633e+00
7.650086402893066406e+00
7.655472517013549805e+00
7.660926342010498047e+00
7.667695045471191406e+00
7.672981739044189453e+00
7.679833650588989258e+00
7.685416221618652344e+00
7.690072059631347656e+00
7.696215867996215820e+00
7.701167106628417969e+00
7.706988811492919922e+00
7.713161230087280273e+00
7.719194889068603516e+00
7.724259853363037109e+00
7.729019880294799805e+00
7.734161138534545898e+00
7.739548206329345703e+00
7.744970321655273438e+00
7.751816987991333008e+00
7.756460189819335938e+00
7.760815143585205078e+00
7.765181541442871094e+00
7.770421504974365234e+00
7.775828361511230469e+00
7.781507015228271484e+00
7.787143707275390625e+00
7.792263746261596680e+00
7.796880006790161133e+00
7.802966594696044922e+00
7.808967828750610352e+00
7.813938856124877930e+00
7.819196224212646484e+00
7.824197530746459961e+00
7.829225540161132812e+00
7.834110975265502930e+00
7.839888095855712891e+00
7.845254898071289062e+00
7.850211381912231445e+00
7.856966495513916016e+00
7.862170219421386719e+00
7.868106126785278320e+00
7.873106241226196289e+00
7.878159523010253906e+00
7.883191823959350586e+00
7.888045787811279297e+00
7.893833875656127930e+00
7.899915933609008789e+00
7.905265569686889648e+00
7.910064220428466797e+00
7.917223930358886719e+00
7.925357103347778320e+00
7.934775352478027344e+00
7.943900823593139648e+00
7.953590631484985352e+00
7.961594581604003906e+00
7.970089673995971680e+00
7.979085683822631836e+00
7.988306045532226562e+00
7.996695756912231445e+00
8.005747556686401367e+00
8.014447927474975586e+00
8.024027824401855469e+00
8.033066511154174805e+00
8.041441202163696289e+00
8.049707651138305664e+00
8.058458089828491211e+00
8.068063974380493164e+00
8.077035665512084961e+00
8.087180376052856445e+00
8.095925331115722656e+00
8.104125022888183594e+00
8.118335723876953125e+00
8.124403476715087891e+00
8.129984378814697266e+00
8.134452104568481445e+00
8.138815879821777344e+00
8.143222332000732422e+00
8.147537469863891602e+00
8.151983261108398438e+00
8.156218528747558594e+00
8.160701990127563477e+00
8.164596796035766602e+00
8.168754339218139648e+00
8.172945499420166016e+00
8.176902294158935547e+00
8.181163549423217773e+00
8.186553955078125000e+00
8.190869092941284180e+00
8.196044683456420898e+00
8.201092720031738281e+00
8.205753803253173828e+00
8.209631443023681641e+00
8.214311838150024414e+00
8.218546152114868164e+00
8.222939968109130859e+00
8.227011919021606445e+00
8.230757713317871094e+00
8.234745979309082031e+00
8.238558769226074219e+00
8.243112564086914062e+00
8.248033523559570312e+00
8.252183437347412109e+00
8.257065534591674805e+00
8.262537956237792969e+00
8.268152475357055664e+00
8.272212743759155273e+00
8.276558876037597656e+00
8.280822038650512695e+00
8.285042524337768555e+00
8.289032220840454102e+00
8.293031215667724609e+00
8.296755552291870117e+00
8.301263093948364258e+00
8.305804252624511719e+00
8.309898376464843750e+00
8.314031362533569336e+00
8.317954063415527344e+00
8.322190999984741211e+00
8.326947450637817383e+00
8.332252979278564453e+00
8.336066246032714844e+00
8.340527534484863281e+00
8.344815254211425781e+00
8.349010229110717773e+00
8.352776765823364258e+00
8.357170581817626953e+00
8.361115455627441406e+00
8.365430831909179688e+00
8.368856906890869141e+00
8.372742891311645508e+00
8.376609563827514648e+00
8.380789518356323242e+00
8.384900569915771484e+00
8.388726949691772461e+00
8.392192840576171875e+00
8.395889282226562500e+00
8.399878263473510742e+00
8.403756618499755859e+00
8.408159017562866211e+00
8.412235498428344727e+00
8.416682004928588867e+00
8.420905590057373047e+00
8.424750566482543945e+00
8.428426265716552734e+00
8.431841135025024414e+00
8.435191869735717773e+00
8.438734054565429688e+00
8.441881179809570312e+00
8.445014476776123047e+00
8.447932958602905273e+00
8.451349496841430664e+00
8.455225944519042969e+00
8.459200143814086914e+00
8.462751865386962891e+00
8.465891122817993164e+00
8.469946384429931641e+00
8.474509716033935547e+00
8.480053424835205078e+00
8.484852313995361328e+00
8.489521265029907227e+00
8.494546890258789062e+00
8.498766422271728516e+00
8.502946853637695312e+00
8.508552312850952148e+00
8.513934850692749023e+00
8.520272016525268555e+00
8.525944471359252930e+00
8.532552480697631836e+00
8.537817716598510742e+00
8.543164014816284180e+00
8.549189805984497070e+00
8.555437088012695312e+00
8.561437129974365234e+00
8.566439151763916016e+00
8.571326732635498047e+00
8.576590299606323242e+00
8.581510543823242188e+00
8.586081266403198242e+00
8.591289043426513672e+00
8.596905708312988281e+00
8.602282047271728516e+00
8.607215881347656250e+00
8.612414836883544922e+00
8.617208242416381836e+00
8.621797323226928711e+00
8.626017808914184570e+00
8.630010128021240234e+00
8.633815526962280273e+00
8.638159513473510742e+00
8.642854452133178711e+00
8.647805929183959961e+00
8.653325080871582031e+00
8.659518718719482422e+00
8.665459871292114258e+00
8.671179771423339844e+00
8.677725553512573242e+00
8.683430671691894531e+00
8.689426183700561523e+00
8.696284294128417969e+00
8.705726385116577148e+00
8.711431026458740234e+00
8.719679117202758789e+00
8.728252649307250977e+00
8.734088420867919922e+00
8.739922761917114258e+00
8.746273994445800781e+00
8.751909971237182617e+00
8.757953166961669922e+00
8.763851165771484375e+00
8.769073724746704102e+00
8.775668144226074219e+00
8.781489610671997070e+00
8.787515401840209961e+00
8.793460607528686523e+00
8.799178838729858398e+00
8.804946899414062500e+00
8.811268806457519531e+00
8.816481590270996094e+00
8.822494745254516602e+00
8.828515052795410156e+00
8.834342479705810547e+00
8.839968204498291016e+00
8.846864938735961914e+00
8.852478504180908203e+00
8.857879638671875000e+00
8.864939928054809570e+00
8.871479034423828125e+00
8.877458095550537109e+00
8.883187294006347656e+00
8.889356136322021484e+00
8.895088911056518555e+00
8.901546716690063477e+00
8.907504558563232422e+00
8.913444995880126953e+00
8.920181512832641602e+00
8.926104068756103516e+00
8.931821584701538086e+00
8.937457561492919922e+00
8.942945480346679688e+00
8.948339462280273438e+00
8.954112291336059570e+00
8.960563182830810547e+00
8.966470003128051758e+00
8.972350358963012695e+00
8.977979898452758789e+00
8.983079910278320312e+00
8.988975763320922852e+00
8.994878292083740234e+00
8.999859333038330078e+00
9.006481409072875977e+00
9.012450695037841797e+00
9.018467903137207031e+00
9.024542808532714844e+00
9.030482769012451172e+00
9.036485195159912109e+00
9.042016267776489258e+00
9.047963142395019531e+00
9.054055929183959961e+00
9.059221029281616211e+00
9.064612865447998047e+00
9.069797277450561523e+00
9.075946331024169922e+00
9.082218885421752930e+00
9.088465690612792969e+00
9.093554973602294922e+00
9.099042415618896484e+00
9.104540824890136719e+00
9.109548807144165039e+00
9.115042686462402344e+00
9.120952367782592773e+00
9.126345872879028320e+00
9.131193161010742188e+00
9.136902809143066406e+00
9.143514394760131836e+00
9.149125099182128906e+00
9.155127525329589844e+00
9.160893440246582031e+00
9.166564702987670898e+00
9.172361612319946289e+00
9.177249193191528320e+00
9.182239294052124023e+00
9.188116550445556641e+00
9.193587064743041992e+00
9.199308395385742188e+00
9.205133914947509766e+00
9.211052894592285156e+00
9.217983007431030273e+00
9.223937749862670898e+00
9.229398250579833984e+00
9.235493421554565430e+00
9.241508483886718750e+00
9.247504234313964844e+00
9.253310441970825195e+00
9.259121417999267578e+00
9.265119314193725586e+00
9.271106004714965820e+00
9.276898860931396484e+00
9.282856702804565430e+00
9.287992715835571289e+00
9.293318033218383789e+00
9.298324823379516602e+00
9.303356170654296875e+00
9.308618307113647461e+00
9.313572168350219727e+00
9.318569421768188477e+00
9.323947429656982422e+00
9.330199003219604492e+00
9.335147619247436523e+00
9.340510606765747070e+00
9.345425605773925781e+00
9.351907968521118164e+00
9.356991529464721680e+00
9.364820718765258789e+00
9.370041608810424805e+00
9.375185251235961914e+00
9.382941961288452148e+00
9.388386249542236328e+00
9.393803834915161133e+00
9.398969650268554688e+00
9.405191659927368164e+00
9.410233974456787109e+00
9.415426254272460938e+00
9.420902967453002930e+00
9.427996873855590820e+00
9.434177160263061523e+00
9.439224720001220703e+00
9.444178819656372070e+00
9.449205875396728516e+00
9.454068422317504883e+00
9.460971117019653320e+00
9.466181039810180664e+00
9.471070766448974609e+00
9.477159500122070312e+00
9.482610225677490234e+00
9.488352298736572266e+00
9.493146181106567383e+00
9.498191356658935547e+00
9.503607511520385742e+00
9.509360074996948242e+00
9.514997720718383789e+00
9.520900964736938477e+00
9.528554201126098633e+00
9.534329414367675781e+00
9.539901733398437500e+00
9.546058416366577148e+00
9.551460981369018555e+00
9.557677030563354492e+00
9.562583446502685547e+00
9.567542314529418945e+00
9.572793722152709961e+00
9.580919981002807617e+00
9.587254047393798828e+00
9.592433214187622070e+00
9.598509788513183594e+00
9.604178428649902344e+00
9.610117912292480469e+00
9.615613222122192383e+00
9.620903491973876953e+00
9.626029968261718750e+00
9.631311893463134766e+00
9.636406421661376953e+00
9.641424417495727539e+00
9.646399259567260742e+00
9.652522087097167969e+00
9.658424139022827148e+00
9.663955211639404297e+00
9.669411182403564453e+00
9.673778772354125977e+00
9.678048610687255859e+00
9.683943271636962891e+00
9.689168930053710938e+00
9.694370985031127930e+00
9.699297189712524414e+00
9.704172372817993164e+00
9.709179162979125977e+00
9.714889764785766602e+00
9.719905614852905273e+00
9.724836826324462891e+00
9.729851722717285156e+00
9.734833717346191406e+00
9.739912986755371094e+00
9.745574951171875000e+00
9.750789403915405273e+00
9.755842924118041992e+00
9.761062860488891602e+00
9.766175508499145508e+00
9.771866798400878906e+00
9.778320550918579102e+00
9.784900426864624023e+00
9.794077396392822266e+00
9.801094055175781250e+00
9.807946205139160156e+00
9.814949274063110352e+00
9.822726011276245117e+00
9.831110477447509766e+00
9.836864709854125977e+00
9.844560623168945312e+00
9.851061105728149414e+00
9.857506990432739258e+00
9.863393306732177734e+00
9.869026422500610352e+00
9.874297142028808594e+00
9.879625797271728516e+00
9.884559392929077148e+00
9.889876365661621094e+00
9.894980669021606445e+00
9.901315927505493164e+00
9.906814336776733398e+00
9.911983013153076172e+00
9.918188095092773438e+00
9.923185825347900391e+00
9.930480718612670898e+00
9.935920000076293945e+00
9.940855026245117188e+00
9.945847749710083008e+00
9.950843811035156250e+00
9.956346273422241211e+00
9.961191654205322266e+00
9.966492176055908203e+00
9.972483873367309570e+00
9.978335857391357422e+00
9.984338760375976562e+00
9.991474866867065430e+00
9.996948003768920898e+00
1.000256037712097168e+01
1.000806999206542969e+01
1.001442050933837891e+01
1.002049064636230469e+01
1.002593636512756348e+01
1.003207111358642578e+01
1.003807425498962402e+01
1.004392170906066895e+01
1.005045652389526367e+01
1.005636596679687500e+01
1.006210613250732422e+01
1.006804919242858887e+01
1.007346677780151367e+01
1.007906222343444824e+01
1.008414196968078613e+01
1.008932709693908691e+01
1.009482526779174805e+01
1.010006761550903320e+01
1.010531353950500488e+01
1.011055278778076172e+01
1.011558008193969727e+01
1.012007665634155273e+01
1.012441325187683105e+01
1.012919712066650391e+01
1.013414669036865234e+01
1.013903594017028809e+01
1.014379215240478516e+01
1.014852690696716309e+01
1.015281748771667480e+01
1.015717077255249023e+01
1.016150999069213867e+01
1.016578197479248047e+01
1.017014336585998535e+01
1.017491555213928223e+01
1.018217754364013672e+01
1.018793320655822754e+01
1.019446587562561035e+01
1.020025181770324707e+01
1.020640206336975098e+01
1.021362662315368652e+01
1.021948671340942383e+01
1.022558474540710449e+01
1.023340964317321777e+01
1.024199175834655762e+01
1.025108695030212402e+01
1.025996017456054688e+01
1.026900339126586914e+01
1.027807426452636719e+01
1.028695201873779297e+01
1.029573225975036621e+01
1.030420899391174316e+01
1.031299614906311035e+01
1.032206487655639648e+01
1.033075380325317383e+01
1.033951401710510254e+01
1.034835958480834961e+01
1.035729241371154785e+01
1.036639523506164551e+01
1.037500548362731934e+01
1.038405632972717285e+01
1.039296579360961914e+01
1.040145158767700195e+01
1.041035842895507812e+01
1.041898369789123535e+01
1.042778611183166504e+01
1.043647837638854980e+01
1.044510793685913086e+01
1.045428967475891113e+01
1.046329450607299805e+01
1.047201323509216309e+01
1.048049736022949219e+01
1.048928618431091309e+01
1.049812650680541992e+01
1.050680017471313477e+01
1.051560854911804199e+01
1.052469801902770996e+01
1.053347277641296387e+01
1.054229545593261719e+01
1.055124115943908691e+01
1.056037783622741699e+01
1.056927299499511719e+01
1.057805728912353516e+01
1.058652567863464355e+01
1.059472250938415527e+01
1.060404801368713379e+01
1.061242818832397461e+01
1.062059354782104492e+01
1.062849617004394531e+01
1.063611030578613281e+01
1.064394426345825195e+01
1.065148258209228516e+01
1.065952157974243164e+01
1.066740798950195312e+01
1.067643523216247559e+01
1.068445730209350586e+01
1.069238138198852539e+01
1.070164418220520020e+01
1.070927619934082031e+01
1.071753048896789551e+01
1.072527837753295898e+01
1.073244833946228027e+01
1.074045801162719727e+01
1.074953627586364746e+01
1.075750446319580078e+01
1.076647496223449707e+01
1.077488279342651367e+01
1.078321743011474609e+01
1.079139828681945801e+01
1.079938840866088867e+01
1.080747604370117188e+01
1.081654524803161621e+01
1.082396125793457031e+01
1.083214116096496582e+01
1.083954000473022461e+01
1.084727048873901367e+01
1.085430479049682617e+01
1.086200761795043945e+01
1.087018561363220215e+01
1.087823295593261719e+01
1.088644194602966309e+01
1.089456701278686523e+01
1.090261483192443848e+01
1.091015028953552246e+01
1.091801476478576660e+01
1.092600798606872559e+01
1.093427896499633789e+01
1.094160866737365723e+01
1.095044851303100586e+01
1.095798158645629883e+01
1.096538710594177246e+01
1.097365093231201172e+01
1.098223972320556641e+01
1.099038743972778320e+01
1.099855971336364746e+01
1.100658130645751953e+01
1.101458954811096191e+01
1.102300882339477539e+01
1.103122282028198242e+01
1.103965783119201660e+01
1.104821348190307617e+01
1.105647778511047363e+01
1.106460475921630859e+01
1.107270669937133789e+01
1.108233332633972168e+01
1.109069204330444336e+01
1.109932541847229004e+01
1.110721015930175781e+01
1.111464643478393555e+01
1.112204885482788086e+01
1.112883329391479492e+01
1.113549208641052246e+01
1.114244580268859863e+01
1.114955735206604004e+01
1.115703630447387695e+01
1.116406321525573730e+01
1.117101716995239258e+01
1.117805051803588867e+01
1.118531274795532227e+01
1.119257450103759766e+01
1.120003247261047363e+01
1.120707249641418457e+01
1.121398615837097168e+01
1.122084712982177734e+01
1.122805404663085938e+01
1.123494267463684082e+01
1.124289226531982422e+01
1.125004982948303223e+01
1.125708436965942383e+01
1.126430654525756836e+01
1.127154660224914551e+01
1.127902889251708984e+01
1.128606796264648438e+01
1.129306507110595703e+01
1.130017399787902832e+01
1.130705714225769043e+01
1.131400775909423828e+01
1.132044196128845215e+01
1.132635116577148438e+01
1.133213806152343750e+01
1.133849978446960449e+01
1.134417867660522461e+01
1.134977746009826660e+01
1.135554909706115723e+01
1.136187386512756348e+01
1.136848616600036621e+01
1.137434172630310059e+01
1.137955498695373535e+01
1.138586854934692383e+01
1.139244031906127930e+01
1.139750051498413086e+01
1.140178275108337402e+01
1.140527272224426270e+01
1.140949654579162598e+01
1.141337561607360840e+01
1.141803598403930664e+01
1.142240142822265625e+01
1.142779064178466797e+01
1.143182992935180664e+01
1.143604373931884766e+01
1.144075608253479004e+01
1.144512128829956055e+01
1.145038104057312012e+01
1.145495533943176270e+01
1.145873165130615234e+01
1.146277356147766113e+01
1.146640872955322266e+01
1.147037839889526367e+01
1.147525572776794434e+01
1.147900223731994629e+01
1.148323488235473633e+01
1.148759198188781738e+01
1.149285316467285156e+01
1.149763917922973633e+01
1.150352048873901367e+01
1.150941443443298340e+01
1.151606941223144531e+01
1.152173399925231934e+01
1.152611565589904785e+01
1.153084039688110352e+01
1.153605747222900391e+01
1.154218602180480957e+01
1.154783940315246582e+01
1.155411601066589355e+01
1.155990719795227051e+01
1.156551098823547363e+01
1.157159733772277832e+01
1.157748532295227051e+01
1.158403849601745605e+01
1.159233927726745605e+01
1.160099554061889648e+01
1.160708618164062500e+01
1.161210083961486816e+01
1.161797142028808594e+01
1.162490916252136230e+01
1.163126969337463379e+01
1.163661098480224609e+01
1.164218425750732422e+01
1.164696931838989258e+01
1.165135717391967773e+01
1.165654158592224121e+01
1.166136193275451660e+01
1.166721940040588379e+01
1.167205905914306641e+01
1.167898488044738770e+01
1.168509054183959961e+01
1.169191431999206543e+01
1.170102834701538086e+01
1.170855021476745605e+01
1.171621060371398926e+01
1.172406530380249023e+01
1.173166632652282715e+01
1.173930406570434570e+01
1.174696254730224609e+01
1.175459957122802734e+01
1.176159572601318359e+01
1.177035665512084961e+01
1.177826404571533203e+01
1.178558850288391113e+01
1.179261231422424316e+01
1.179991745948791504e+01
1.180693006515502930e+01
1.181388831138610840e+01
1.182115292549133301e+01
1.182871341705322266e+01
1.183643746376037598e+01
1.184430742263793945e+01
1.185210275650024414e+01
1.185967183113098145e+01
1.186706924438476562e+01
1.187468791007995605e+01
1.188225769996643066e+01
1.189006161689758301e+01
1.189756631851196289e+01
1.190516138076782227e+01
1.191267848014831543e+01
1.191991376876831055e+01
1.192767906188964844e+01
1.193515706062316895e+01
1.194268941879272461e+01
1.194990301132202148e+01
1.195760107040405273e+01
1.196513867378234863e+01
1.197267889976501465e+01
1.198017740249633789e+01
1.198768830299377441e+01
1.199547171592712402e+01
1.200315332412719727e+01
1.201072216033935547e+01
1.201844334602355957e+01
1.202628493309020996e+01
1.203329706192016602e+01
1.204116988182067871e+01
1.204868936538696289e+01
1.205617022514343262e+01
1.206367230415344238e+01
1.207146120071411133e+01
1.207905721664428711e+01
1.208656787872314453e+01
1.209404897689819336e+01
1.210144591331481934e+01
1.210928988456726074e+01
1.211640596389770508e+01
1.212325072288513184e+01
1.212896060943603516e+01
1.213297843933105469e+01
1.213676238059997559e+01
1.214083290100097656e+01
1.214476776123046875e+01
1.214822578430175781e+01
1.215194416046142578e+01
1.215567469596862793e+01
1.216060543060302734e+01
1.216474318504333496e+01
1.216918253898620605e+01
1.217416787147521973e+01
1.217799258232116699e+01
1.218176794052124023e+01
1.218601608276367188e+01
1.219037222862243652e+01
1.219440698623657227e+01
1.219782876968383789e+01
1.220018625259399414e+01
1.220305514335632324e+01
1.220564126968383789e+01
1.220825862884521484e+01
1.221107435226440430e+01
1.221361970901489258e+01
1.221626281738281250e+01
1.221903681755065918e+01
1.222170186042785645e+01
1.222465777397155762e+01
1.222738981246948242e+01
1.223000955581665039e+01
1.223233675956726074e+01
1.223630785942077637e+01
1.223980569839477539e+01
1.224279808998107910e+01
1.224580693244934082e+01
1.224867367744445801e+01
1.225198984146118164e+01
1.225541806221008301e+01
1.225843834877014160e+01
1.226127552986145020e+01
1.226402854919433594e+01
1.226697611808776855e+01
1.226995801925659180e+01
1.227373957633972168e+01
