3.576278686523437500e-06
9.459495544433593750e-03
1.816797256469726562e-02
2.211499214172363281e-02
2.572226524353027344e-02
2.942037582397460938e-02
3.264951705932617188e-02
3.630423545837402344e-02
4.024863243103027344e-02
4.400610923767089844e-02
4.876303672790527344e-02
5.370855331420898438e-02
5.802536010742187500e-02
6.354093551635742188e-02
7.082891464233398438e-02
7.657074928283691406e-02
8.128690719604492188e-02
8.850193023681640625e-02
9.511232376098632812e-02
1.011688709259033203e-01
1.064653396606445312e-01
1.113898754119873047e-01
1.181557178497314453e-01
1.232714653015136719e-01
1.278440952301025391e-01
1.328299045562744141e-01
1.370480060577392578e-01
1.410844326019287109e-01
1.460809707641601562e-01
1.507916450500488281e-01
1.557936668395996094e-01
1.600420475006103516e-01
1.644301414489746094e-01
1.690592765808105469e-01
1.736097335815429688e-01
1.780235767364501953e-01
1.822490692138671875e-01
1.871531009674072266e-01
1.920347213745117188e-01
1.961441040039062500e-01
1.996710300445556641e-01
2.034444808959960938e-01
2.072904109954833984e-01
2.131135463714599609e-01
2.168145179748535156e-01
2.212533950805664062e-01
2.257723808288574219e-01
2.304618358612060547e-01
2.342660427093505859e-01
2.377448081970214844e-01
2.415993213653564453e-01
2.471706867218017578e-01
2.520380020141601562e-01
2.570509910583496094e-01
2.638580799102783203e-01
2.683546543121337891e-01
2.719810009002685547e-01
2.766621112823486328e-01
2.809681892395019531e-01
2.854366302490234375e-01
2.896299362182617188e-01
2.936458587646484375e-01
2.981762886047363281e-01
3.022294044494628906e-01
3.059802055358886719e-01
3.106718063354492188e-01
3.153104782104492188e-01
3.202476501464843750e-01
3.244357109069824219e-01
3.283915519714355469e-01
3.322360515594482422e-01
3.357861042022705078e-01
3.404409885406494141e-01
3.457133769989013672e-01
3.512279987335205078e-01
3.557300567626953125e-01
3.610556125640869141e-01
3.660993576049804688e-01
3.706459999084472656e-01
3.750770092010498047e-01
3.800842761993408203e-01
3.852903842926025391e-01
3.904380798339843750e-01
3.947162628173828125e-01
3.992710113525390625e-01
4.044454097747802734e-01
4.094419479370117188e-01
4.143304824829101562e-01
4.191548824310302734e-01
4.240524768829345703e-01
4.290699958801269531e-01
4.345178604125976562e-01
4.406602382659912109e-01
4.478106498718261719e-01
4.567971229553222656e-01
4.653410911560058594e-01
4.743342399597167969e-01
4.835960865020751953e-01
4.918231964111328125e-01
5.003576278686523438e-01
5.093483924865722656e-01
5.183477401733398438e-01
5.274546146392822266e-01
5.356521606445312500e-01
5.438208580017089844e-01
5.533082485198974609e-01
5.611732006072998047e-01
5.698025226593017578e-01
5.788018703460693359e-01
5.879011154174804688e-01
5.976288318634033203e-01
6.065621376037597656e-01
6.153144836425781250e-01
6.239464282989501953e-01
6.329379081726074219e-01
6.417837142944335938e-01
6.508300304412841797e-01
6.597247123718261719e-01
6.687033176422119141e-01
6.776618957519531250e-01
6.864171028137207031e-01
6.953544616699218750e-01
7.042291164398193359e-01
7.125799655914306641e-01
7.212724685668945312e-01
7.299449443817138672e-01
7.389855384826660156e-01
7.478218078613281250e-01
7.568547725677490234e-01
7.657101154327392578e-01
7.743668556213378906e-01
7.833361625671386719e-01
7.908987998962402344e-01
7.979204654693603516e-01
8.059444427490234375e-01
8.142623901367187500e-01
8.227398395538330078e-01
8.316116333007812500e-01
8.405752182006835938e-01
8.492419719696044922e-01
8.574261665344238281e-01
8.653616905212402344e-01
8.743453025817871094e-01
8.829665184020996094e-01
8.915669918060302734e-01
9.002733230590820312e-01
9.087889194488525391e-01
9.176125526428222656e-01
9.264614582061767578e-01
9.354076385498046875e-01
9.444665908813476562e-01
9.533710479736328125e-01
9.626910686492919922e-01
9.716274738311767578e-01
9.802782535552978516e-01
9.886953830718994141e-01
9.976940155029296875e-01
1.006723165512084961e+00
1.016017913818359375e+00
1.025047063827514648e+00
1.033952713012695312e+00
1.042999505996704102e+00
1.051395416259765625e+00
1.060537815093994141e+00
1.069418668746948242e+00
1.078379154205322266e+00
1.087565660476684570e+00
1.095527172088623047e+00
1.103302955627441406e+00
1.111553430557250977e+00
1.119678974151611328e+00
1.128148078918457031e+00
1.136343240737915039e+00
1.144817829132080078e+00
1.153225660324096680e+00
1.161007881164550781e+00
1.168500900268554688e+00
1.176240921020507812e+00
1.183970928192138672e+00
1.192005157470703125e+00
1.200278043746948242e+00
1.208266019821166992e+00
1.215489149093627930e+00
1.222513198852539062e+00
1.231402873992919922e+00
1.241143465042114258e+00
1.251841545104980469e+00
1.259471893310546875e+00
1.264046192169189453e+00
1.269149065017700195e+00
1.274056911468505859e+00
1.279094696044921875e+00
1.284189701080322266e+00
1.289190292358398438e+00
1.293800592422485352e+00
1.298652172088623047e+00
1.304264307022094727e+00
1.311443805694580078e+00
1.316450357437133789e+00
1.321655511856079102e+00
1.326182365417480469e+00
1.330579757690429688e+00
1.334784984588623047e+00
1.339691638946533203e+00
1.344614028930664062e+00
1.350473642349243164e+00
1.354521036148071289e+00
1.360259294509887695e+00
1.367707490921020508e+00
1.373019933700561523e+00
1.378829240798950195e+00
1.384820699691772461e+00
1.391900300979614258e+00
1.398597002029418945e+00
1.405844688415527344e+00
1.412517070770263672e+00
1.418279647827148438e+00
1.424911022186279297e+00
1.431396722793579102e+00
1.437901735305786133e+00
1.444195032119750977e+00
1.450228214263916016e+00
1.456204652786254883e+00
1.461084604263305664e+00
1.466863632202148438e+00
1.472463369369506836e+00
1.479351758956909180e+00
1.485198259353637695e+00
1.492077112197875977e+00
1.497375249862670898e+00
1.502580404281616211e+00
1.507475852966308594e+00
1.513264656066894531e+00
1.519445419311523438e+00
1.525155305862426758e+00
1.531776189804077148e+00
1.537117958068847656e+00
1.542147159576416016e+00
1.547184705734252930e+00
1.551494359970092773e+00
1.556035280227661133e+00
1.560585498809814453e+00
1.567777395248413086e+00
1.572562217712402344e+00
1.578294515609741211e+00
1.584065675735473633e+00
1.591155290603637695e+00
1.597396850585937500e+00
1.603028535842895508e+00
1.609220027923583984e+00
1.616140842437744141e+00
1.622188091278076172e+00
1.629662752151489258e+00
1.636469602584838867e+00
1.641818761825561523e+00
1.647665500640869141e+00
1.652843236923217773e+00
1.658385515213012695e+00
1.664295434951782227e+00
1.670106172561645508e+00
1.675777673721313477e+00
1.680915594100952148e+00
1.686354875564575195e+00
1.692127704620361328e+00
1.698268413543701172e+00
1.704132080078125000e+00
1.708818197250366211e+00
1.713845491409301758e+00
1.719210863113403320e+00
1.724112510681152344e+00
1.729633808135986328e+00
1.735530138015747070e+00
1.741297245025634766e+00
1.746298074722290039e+00
1.752290487289428711e+00
1.757300615310668945e+00
1.762766361236572266e+00
1.767786741256713867e+00
1.773130893707275391e+00
1.777773141860961914e+00
1.783323526382446289e+00
1.789317131042480469e+00
1.794309854507446289e+00
1.799794912338256836e+00
1.804359436035156250e+00
1.808741331100463867e+00
1.814021825790405273e+00
1.819692850112915039e+00
1.826316595077514648e+00
1.832555532455444336e+00
1.838826656341552734e+00
1.844888687133789062e+00
1.851239442825317383e+00
1.857097625732421875e+00
1.863191127777099609e+00
1.869605779647827148e+00
1.875639915466308594e+00
1.882256031036376953e+00
1.888631582260131836e+00
1.894819021224975586e+00
1.901247978210449219e+00
1.907393455505371094e+00
1.913394927978515625e+00
1.918831348419189453e+00
1.924231052398681641e+00
1.930253505706787109e+00
1.936808109283447266e+00
1.943268060684204102e+00
1.949884653091430664e+00
1.956260204315185547e+00
1.962557077407836914e+00
1.968968391418457031e+00
1.975172519683837891e+00
1.981721639633178711e+00
1.988381385803222656e+00
1.994581699371337891e+00
2.001371622085571289e+00
2.007836580276489258e+00
2.014257907867431641e+00
2.020798206329345703e+00
2.026294469833374023e+00
2.032109260559082031e+00
2.038254976272583008e+00
2.044207334518432617e+00
2.050680875778198242e+00
2.057453870773315430e+00
2.064194202423095703e+00
2.071191072463989258e+00
2.078331947326660156e+00
2.085406064987182617e+00
2.092192888259887695e+00
2.099823474884033203e+00
2.106715679168701172e+00
2.113540887832641602e+00
2.120339393615722656e+00
2.126199245452880859e+00
2.133741617202758789e+00
2.140367269515991211e+00
2.146685123443603516e+00
2.152795076370239258e+00
2.159178018569946289e+00
2.166337728500366211e+00
2.173454284667968750e+00
2.180606126785278320e+00
2.187197685241699219e+00
2.193654775619506836e+00
2.200543403625488281e+00
2.206679821014404297e+00
2.213604450225830078e+00
2.220704555511474609e+00
2.227325916290283203e+00
2.233603715896606445e+00
2.240566730499267578e+00
2.246569871902465820e+00
2.253175735473632812e+00
2.260213851928710938e+00
2.268358230590820312e+00
2.276613473892211914e+00
2.284359931945800781e+00
2.291432142257690430e+00
2.297821044921875000e+00
2.304195880889892578e+00
2.311323165893554688e+00
2.317677497863769531e+00
2.324808120727539062e+00
2.331211566925048828e+00
2.337799787521362305e+00
2.344449520111083984e+00
2.351706266403198242e+00
2.358471393585205078e+00
2.364602327346801758e+00
2.371215820312500000e+00
2.377493619918823242e+00
2.384435176849365234e+00
2.390832901000976562e+00
2.397804737091064453e+00
2.405313730239868164e+00
2.411421060562133789e+00
2.418192386627197266e+00
2.425790548324584961e+00
2.432210922241210938e+00
2.438808202743530273e+00
2.444650173187255859e+00
2.451584815979003906e+00
2.458621740341186523e+00
2.465450286865234375e+00
2.471703290939331055e+00
2.478806018829345703e+00
2.485179185867309570e+00
2.492414712905883789e+00
2.499430656433105469e+00
2.506579399108886719e+00
2.513743400573730469e+00
2.520257472991943359e+00
2.526850223541259766e+00
2.533256292343139648e+00
2.539382934570312500e+00
2.545449972152709961e+00
2.552208900451660156e+00
2.559233427047729492e+00
2.567106008529663086e+00
2.574249505996704102e+00
2.580465078353881836e+00
2.585799694061279297e+00
2.591316223144531250e+00
2.597406148910522461e+00
2.603915452957153320e+00
2.610456943511962891e+00
2.617692947387695312e+00
2.623603582382202148e+00
2.630221366882324219e+00
2.636754035949707031e+00
2.643394947052001953e+00
2.649448156356811523e+00
2.655623197555541992e+00
2.662180900573730469e+00
2.668301820755004883e+00
2.674166202545166016e+00
2.680852413177490234e+00
2.687221050262451172e+00
2.694264411926269531e+00
2.700092792510986328e+00
2.706246376037597656e+00
2.712716579437255859e+00
2.718512058258056641e+00
2.725164413452148438e+00
2.731492757797241211e+00
2.737862586975097656e+00
2.744246244430541992e+00
2.750811338424682617e+00
2.756451368331909180e+00
2.762899637222290039e+00
2.769232511520385742e+00
2.775743961334228516e+00
2.782359838485717773e+00
2.789235830307006836e+00
2.796242475509643555e+00
2.803204059600830078e+00
2.809879064559936523e+00
2.816143751144409180e+00
2.823362588882446289e+00
2.830146312713623047e+00
2.836675882339477539e+00
2.843284606933593750e+00
2.849372148513793945e+00
2.855730295181274414e+00
2.862386703491210938e+00
2.868478059768676758e+00
2.875382661819458008e+00
2.881612300872802734e+00
2.888263463973999023e+00
2.894777536392211914e+00
2.901262044906616211e+00
2.907768011093139648e+00
2.913435220718383789e+00
2.919163703918457031e+00
2.925263166427612305e+00
2.931149005889892578e+00
2.937350034713745117e+00
2.943825244903564453e+00
2.949657440185546875e+00
2.956248044967651367e+00
2.963225841522216797e+00
2.969363689422607422e+00
2.974888086318969727e+00
2.980381488800048828e+00
2.986112356185913086e+00
2.991622686386108398e+00
2.998239517211914062e+00
3.004116058349609375e+00
3.009185075759887695e+00
3.013793945312500000e+00
3.019258260726928711e+00
3.025163173675537109e+00
3.030073881149291992e+00
3.034833192825317383e+00
3.039393424987792969e+00
3.043798685073852539e+00
3.048502683639526367e+00
3.054123401641845703e+00
3.059611797332763672e+00
3.065090656280517578e+00
3.071191072463989258e+00
3.077466249465942383e+00
3.083341598510742188e+00
3.089239835739135742e+00
3.094649553298950195e+00
3.100078344345092773e+00
3.105233907699584961e+00
3.110326766967773438e+00
3.115288257598876953e+00
3.121086359024047852e+00
3.126032829284667969e+00
3.131285190582275391e+00
3.137088060379028320e+00
3.142185926437377930e+00
3.147027492523193359e+00
3.152245283126831055e+00
3.157289981842041016e+00
3.162654876708984375e+00
3.167690277099609375e+00
3.173141241073608398e+00
3.178167581558227539e+00
3.183070182800292969e+00
3.188037872314453125e+00
3.194143295288085938e+00
3.199026107788085938e+00
3.203691244125366211e+00
3.209657430648803711e+00
3.214581012725830078e+00
3.219163656234741211e+00
3.223789691925048828e+00
3.228423118591308594e+00
3.232772111892700195e+00
3.239202976226806641e+00
3.245455741882324219e+00
3.251347064971923828e+00
3.256830453872680664e+00
3.262842178344726562e+00
3.268335342407226562e+00
3.273813247680664062e+00
3.279204130172729492e+00
3.284161329269409180e+00
3.290334939956665039e+00
3.295258522033691406e+00
3.301236867904663086e+00
3.306835412979125977e+00
3.312514066696166992e+00
3.318424224853515625e+00
3.324330806732177734e+00
3.329828977584838867e+00
3.335211992263793945e+00
3.341126203536987305e+00
3.346550703048706055e+00
3.351688385009765625e+00
3.356047868728637695e+00
3.359743118286132812e+00
3.363048076629638672e+00
3.365465402603149414e+00
3.367902517318725586e+00
3.370413780212402344e+00
3.373404502868652344e+00
3.375905275344848633e+00
3.378405094146728516e+00
3.380673408508300781e+00
3.383275508880615234e+00
3.385899305343627930e+00
3.388410091400146484e+00
3.390673637390136719e+00
3.393168687820434570e+00
3.395931005477905273e+00
3.398403644561767578e+00
3.400904178619384766e+00
3.403414964675903320e+00
3.405903339385986328e+00
3.408415317535400391e+00
3.410931110382080078e+00
3.413408041000366211e+00
3.415904283523559570e+00
3.418522119522094727e+00
3.421171903610229492e+00
3.423806190490722656e+00
3.426295757293701172e+00
3.428911209106445312e+00
3.431423664093017578e+00
3.433898687362670898e+00
3.436419963836669922e+00
3.438930749893188477e+00
3.441428661346435547e+00
3.444170713424682617e+00
3.446650981903076172e+00
3.448903799057006836e+00
3.451408624649047852e+00
3.453910589218139648e+00
3.456400394439697266e+00
3.458660364151000977e+00
3.461161851882934570e+00
3.463650226593017578e+00
3.466047286987304688e+00
3.468895435333251953e+00
3.471423387527465820e+00
3.474170684814453125e+00
3.476914644241333008e+00
3.479650974273681641e+00
3.481903553009033203e+00
3.484425067901611328e+00
3.487152099609375000e+00
3.489648580551147461e+00
3.492030382156372070e+00
3.494651794433593750e+00
3.497407674789428711e+00
3.499961137771606445e+00
3.502418279647827148e+00
3.505297183990478516e+00
3.507899522781372070e+00
3.510725259780883789e+00
3.513550281524658203e+00
3.516152381896972656e+00
3.518408060073852539e+00
3.520891666412353516e+00
3.523405790328979492e+00
3.525649547576904297e+00
3.528165817260742188e+00
3.530671596527099609e+00
3.533159017562866211e+00
3.535667657852172852e+00
3.538534879684448242e+00
3.541412353515625000e+00
3.544162273406982422e+00
3.546845197677612305e+00
3.549418687820434570e+00
3.552158117294311523e+00
3.554650545120239258e+00
3.557498216629028320e+00
3.560169219970703125e+00
3.562904119491577148e+00
3.565412998199462891e+00
3.568170785903930664e+00
3.570910215377807617e+00
3.573527812957763672e+00
3.576256513595581055e+00
3.578947782516479492e+00
3.581657409667968750e+00
3.584034681320190430e+00
3.586549282073974609e+00
3.589609384536743164e+00
3.591901302337646484e+00
3.594462156295776367e+00
3.597680091857910156e+00
3.600573301315307617e+00
3.603288173675537109e+00
3.606683969497680664e+00
3.610074758529663086e+00
3.613174915313720703e+00
3.615932941436767578e+00
3.618944406509399414e+00
3.621544599533081055e+00
3.624160289764404297e+00
3.626415491104125977e+00
3.629317998886108398e+00
3.632447957992553711e+00
3.635719537734985352e+00
3.639381408691406250e+00
3.642554521560668945e+00
3.645663976669311523e+00
3.648417234420776367e+00
3.650914907455444336e+00
3.653403520584106445e+00
3.655649423599243164e+00
3.657899618148803711e+00
3.660548448562622070e+00
3.663411378860473633e+00
3.665904521942138672e+00
3.668547868728637695e+00
3.671158552169799805e+00
3.673892736434936523e+00
3.676550626754760742e+00
3.679151535034179688e+00
3.681419610977172852e+00
3.684164762496948242e+00
3.686968803405761719e+00
3.689656972885131836e+00
3.691904783248901367e+00
3.694415092468261719e+00
3.697170019149780273e+00
3.699900388717651367e+00
3.702404975891113281e+00
3.705408573150634766e+00
3.707661151885986328e+00
3.709897994995117188e+00
3.712481260299682617e+00
3.715320587158203125e+00
3.717904806137084961e+00
3.720654964447021484e+00
3.723414421081542969e+00
3.725904226303100586e+00
3.728406906127929688e+00
3.730815649032592773e+00
3.733289957046508789e+00
3.735659360885620117e+00
3.737901449203491211e+00
3.740406036376953125e+00
3.742848873138427734e+00
3.745290040969848633e+00
3.747653484344482422e+00
3.749900341033935547e+00
3.752548456192016602e+00
3.755293846130371094e+00
3.757805824279785156e+00
3.760654687881469727e+00
3.763362407684326172e+00
3.765655279159545898e+00
3.768560171127319336e+00
3.770947694778442383e+00
3.773549556732177734e+00
3.776162624359130859e+00
3.778524160385131836e+00
3.781399726867675781e+00
3.783983230590820312e+00
3.786973714828491211e+00
3.789654493331909180e+00
3.792149543762207031e+00
3.794420957565307617e+00
3.797153472900390625e+00
3.799651384353637695e+00
3.802146196365356445e+00
3.804417848587036133e+00
3.806967973709106445e+00
3.809656620025634766e+00
3.812570571899414062e+00
3.815422773361206055e+00
3.817905426025390625e+00
3.820550441741943359e+00
3.823562383651733398e+00
3.826419353485107422e+00
3.829414844512939453e+00
3.831916332244873047e+00
3.834662437438964844e+00
3.837401151657104492e+00
3.839653730392456055e+00
3.841903209686279297e+00
3.844654560089111328e+00
3.847569942474365234e+00
3.850152969360351562e+00
3.852889776229858398e+00
3.855889081954956055e+00
3.858161687850952148e+00
3.860409259796142578e+00
3.862656831741333008e+00
3.865035295486450195e+00
3.867691516876220703e+00
3.870417118072509766e+00
3.873410463333129883e+00
3.876046895980834961e+00
3.878404617309570312e+00
3.880661964416503906e+00
3.882937431335449219e+00
3.885906219482421875e+00
3.888404607772827148e+00
3.890892028808593750e+00
3.893664598464965820e+00
3.896401643753051758e+00
3.898882865905761719e+00
3.901920795440673828e+00
3.904402494430541992e+00
3.906971931457519531e+00
3.909913539886474609e+00
3.912418842315673828e+00
3.914948463439941406e+00
3.918041944503784180e+00
3.920928716659545898e+00
3.923924446105957031e+00
3.926904201507568359e+00
3.929611444473266602e+00
3.932279825210571289e+00
3.935042858123779297e+00
3.937923669815063477e+00
3.940428018569946289e+00
3.943291664123535156e+00
3.946025609970092773e+00
3.948922634124755859e+00
3.951723575592041016e+00
3.954913139343261719e+00
3.958301782608032227e+00
3.961591243743896484e+00
3.964973926544189453e+00
3.968070268630981445e+00
3.971068382263183594e+00
3.974047660827636719e+00
3.977054834365844727e+00
3.980322599411010742e+00
3.983288288116455078e+00
3.986197471618652344e+00
3.989362478256225586e+00
3.992551326751708984e+00
3.995606660842895508e+00
3.999048233032226562e+00
4.002191066741943359e+00
4.005085468292236328e+00
4.008298158645629883e+00
4.011548042297363281e+00
4.014980316162109375e+00
4.018303394317626953e+00
4.020896434783935547e+00
4.023545503616333008e+00
4.026309013366699219e+00
4.029061794281005859e+00
4.031931400299072266e+00
4.034417629241943359e+00
4.037293195724487305e+00
4.039925098419189453e+00
4.042926549911499023e+00
4.045931816101074219e+00
4.048941373825073242e+00
4.051541805267333984e+00
4.054294586181640625e+00
4.056922912597656250e+00
4.059408664703369141e+00
4.061922311782836914e+00
4.064424276351928711e+00
4.066917419433593750e+00
4.069663524627685547e+00
4.072410583496093750e+00
4.074913024902343750e+00
4.077408790588378906e+00
4.079917192459106445e+00
4.082411289215087891e+00
4.084929466247558594e+00
4.087414979934692383e+00
4.089916944503784180e+00
4.092411279678344727e+00
4.095178127288818359e+00
4.097893953323364258e+00
4.100429773330688477e+00
4.102936744689941406e+00
4.105941057205200195e+00
4.108941793441772461e+00
4.111941814422607422e+00
4.114931344985961914e+00
4.117933988571166992e+00
4.120665788650512695e+00
4.123549222946166992e+00
4.126161575317382812e+00
4.128932714462280273e+00
4.131441831588745117e+00
4.134274244308471680e+00
4.137063026428222656e+00
4.139921903610229492e+00
4.142418622970581055e+00
4.145430803298950195e+00
4.148427724838256836e+00
4.151296138763427734e+00
4.154428958892822266e+00
4.157422542572021484e+00
4.160427570343017578e+00
4.163304567337036133e+00
4.165908575057983398e+00
4.168536663055419922e+00
4.171317815780639648e+00
4.174020528793334961e+00
4.177065372467041016e+00
4.179924011230468750e+00
4.182920217514038086e+00
4.185934066772460938e+00
4.188420295715332031e+00
4.191557407379150391e+00
4.194409608840942383e+00
4.197926998138427734e+00
4.200952053070068359e+00
4.203691959381103516e+00
4.206450939178466797e+00
4.209693431854248047e+00
4.212939977645874023e+00
4.215919256210327148e+00
4.218654870986938477e+00
4.221418142318725586e+00
4.224776983261108398e+00
4.227999210357666016e+00
4.231075048446655273e+00
4.234548568725585938e+00
4.237548828125000000e+00
4.240548133850097656e+00
4.243310451507568359e+00
4.245907545089721680e+00
4.248548030853271484e+00
4.251426458358764648e+00
4.255057811737060547e+00
4.257921457290649414e+00
4.261070489883422852e+00
4.264551162719726562e+00
4.267549276351928711e+00
4.270173549652099609e+00
4.273772954940795898e+00
4.277013301849365234e+00
4.279967546463012695e+00
4.283204793930053711e+00
4.286045789718627930e+00
4.289353370666503906e+00
4.292162656784057617e+00
4.294930934906005859e+00
4.298199176788330078e+00
4.302566051483154297e+00
4.306092500686645508e+00
4.309718132019042969e+00
4.313307762145996094e+00
4.317218065261840820e+00
4.320745229721069336e+00
4.324269771575927734e+00
4.327885866165161133e+00
4.332010507583618164e+00
4.335785627365112305e+00
4.339405536651611328e+00
4.343188762664794922e+00
4.346568584442138672e+00
4.349733352661132812e+00
4.353075504302978516e+00
4.356804847717285156e+00
4.360057592391967773e+00
4.363550901412963867e+00
4.367221355438232422e+00
4.371268272399902344e+00
4.374710559844970703e+00
4.378000736236572266e+00
4.381983518600463867e+00
4.385196685791015625e+00
4.388995170593261719e+00
4.392451047897338867e+00
4.396366834640502930e+00
4.400799751281738281e+00
4.404127836227416992e+00
4.407716989517211914e+00
4.411086082458496094e+00
4.413905858993530273e+00
4.417105674743652344e+00
4.420046329498291016e+00
4.423028945922851562e+00
4.426023483276367188e+00
4.428531408309936523e+00
4.431417942047119141e+00
4.434442996978759766e+00
4.437724590301513672e+00
4.441111087799072266e+00
4.444041252136230469e+00
4.446531772613525391e+00
4.448882818222045898e+00
4.451545238494873047e+00
4.454547882080078125e+00
4.457296133041381836e+00
4.459932565689086914e+00
4.462675809860229492e+00
4.465546369552612305e+00
4.468280553817749023e+00
4.470890998840332031e+00
4.473406314849853516e+00
4.476551771163940430e+00
4.479309797286987305e+00
4.482055425643920898e+00
4.484933853149414062e+00
4.487925529479980469e+00
4.490991115570068359e+00
4.493923902511596680e+00
4.496406793594360352e+00
4.499043464660644531e+00
4.501922369003295898e+00
4.504930973052978516e+00
4.507416725158691406e+00
4.510397434234619141e+00
4.514223814010620117e+00
4.517551898956298828e+00
4.520610094070434570e+00
4.523551464080810547e+00
4.526172399520874023e+00
4.529164314270019531e+00
4.532174825668334961e+00
4.535355091094970703e+00
4.538551568984985352e+00
4.541733026504516602e+00
4.545075654983520508e+00
4.548353672027587891e+00
4.551917791366577148e+00
4.555034160614013672e+00
4.557964324951171875e+00
4.560427427291870117e+00
4.562909364700317383e+00
4.565400362014770508e+00
4.567662000656127930e+00
4.570138454437255859e+00
4.572400093078613281e+00
4.574954271316528320e+00
4.577906847000122070e+00
4.580888986587524414e+00
4.583631515502929688e+00
4.586431026458740234e+00
4.588894844055175781e+00
4.591303110122680664e+00
4.593654394149780273e+00
4.596014022827148438e+00
4.598398208618164062e+00
4.600654840469360352e+00
4.602987051010131836e+00
4.605977535247802734e+00
4.608396768569946289e+00
4.610654592514038086e+00
4.613137722015380859e+00
4.615553379058837891e+00
4.618342161178588867e+00
4.620882987976074219e+00
4.623158931732177734e+00
4.625526428222656250e+00
4.628126382827758789e+00
4.630919456481933594e+00
4.633399009704589844e+00
4.635655403137207031e+00
4.637908458709716797e+00
4.640956640243530273e+00
4.644102811813354492e+00
4.647678852081298828e+00
4.650673389434814453e+00
4.654089927673339844e+00
4.656930208206176758e+00
4.659875631332397461e+00
4.662398815155029297e+00
4.664654493331909180e+00
4.667290925979614258e+00
4.669916152954101562e+00
4.672688961029052734e+00
4.675391197204589844e+00
4.677911520004272461e+00
4.680531263351440430e+00
4.682888031005859375e+00
4.685389041900634766e+00
4.687654972076416016e+00
4.690027713775634766e+00
4.692388534545898438e+00
4.694653987884521484e+00
4.697387218475341797e+00
4.699656724929809570e+00
4.701906204223632812e+00
4.704399824142456055e+00
4.706914186477661133e+00
4.709397554397583008e+00
4.711908578872680664e+00
4.714395046234130859e+00
4.716655731201171875e+00
4.718908786773681641e+00
4.721397876739501953e+00
4.723900794982910156e+00
4.726393461227416992e+00
4.728884458541870117e+00
4.731386423110961914e+00
4.733654499053955078e+00
4.736160993576049805e+00
4.738953351974487305e+00
4.741660594940185547e+00
4.744162321090698242e+00
4.746656894683837891e+00
4.749141931533813477e+00
4.751394033432006836e+00
4.753912925720214844e+00
4.756896495819091797e+00
4.759391069412231445e+00
4.761892080307006836e+00
4.764528989791870117e+00
4.767304897308349609e+00
4.770041465759277344e+00
4.772926330566406250e+00
4.775935173034667969e+00
4.778944492340087891e+00
4.781933069229125977e+00
4.784665822982788086e+00
4.787292957305908203e+00
4.789922475814819336e+00
4.793424606323242188e+00
4.796720981597900391e+00
4.799959182739257812e+00
4.803687572479248047e+00
4.806685209274291992e+00
4.809917688369750977e+00
4.812837600708007812e+00
4.815939903259277344e+00
4.819391727447509766e+00
4.822562217712402344e+00
4.826370000839233398e+00
4.829720020294189453e+00
4.832681417465209961e+00
4.835562705993652344e+00
4.838687181472778320e+00
4.841954469680786133e+00
4.845060825347900391e+00
4.848102807998657227e+00
4.851063966751098633e+00
4.853933811187744141e+00
4.856919527053833008e+00
4.859424829483032227e+00
4.862170457839965820e+00
4.864917993545532227e+00
4.867400407791137695e+00
4.870040178298950195e+00
4.872895479202270508e+00
4.875408887863159180e+00
4.877918004989624023e+00
4.880408048629760742e+00
4.883249521255493164e+00
4.885895967483520508e+00
4.888408660888671875e+00
4.890917062759399414e+00
4.893536806106567383e+00
4.895915031433105469e+00
4.898411512374877930e+00
4.901155710220336914e+00
4.903920888900756836e+00
4.906404256820678711e+00
4.909148931503295898e+00
4.911917448043823242e+00
4.914404630661010742e+00
4.917258739471435547e+00
4.920450210571289062e+00
4.923918962478637695e+00
4.927174806594848633e+00
4.930166244506835938e+00
4.932898759841918945e+00
4.935416936874389648e+00
4.938158750534057617e+00
4.941573858261108398e+00
4.944550275802612305e+00
4.947421312332153320e+00
4.949904680252075195e+00
4.952918767929077148e+00
4.955659389495849609e+00
4.958672761917114258e+00
4.961414098739624023e+00
4.964421987533569336e+00
4.967052936553955078e+00
4.969986677169799805e+00
4.972759246826171875e+00
4.975907802581787109e+00
4.978914499282836914e+00
4.982458114624023438e+00
4.985699176788330078e+00
4.988914489746093750e+00
4.991904258728027344e+00
4.994419097900390625e+00
4.997271537780761719e+00
4.999901056289672852e+00
5.002413034439086914e+00
5.005415916442871094e+00
5.008542299270629883e+00
5.011539220809936523e+00
5.014467239379882812e+00
5.017540216445922852e+00
5.020282506942749023e+00
5.022913694381713867e+00
5.025955438613891602e+00
5.028715372085571289e+00
5.031408309936523438e+00
5.034323215484619141e+00
5.037073612213134766e+00
5.039948701858520508e+00
5.042666435241699219e+00
5.045406579971313477e+00
5.048005580902099609e+00
5.050542593002319336e+00
5.053162336349487305e+00
5.056404352188110352e+00
5.059473276138305664e+00
5.062156677246093750e+00
5.065047264099121094e+00
5.067902326583862305e+00
5.071347951889038086e+00
5.074391126632690430e+00
5.076892614364624023e+00
5.079396009445190430e+00
5.082417726516723633e+00
5.085400819778442383e+00
5.088144302368164062e+00
5.090436458587646484e+00
5.093402385711669922e+00
5.096484899520874023e+00
5.099551677703857422e+00
5.102388858795166016e+00
5.104886531829833984e+00
5.107550621032714844e+00
5.110500335693359375e+00
5.113151073455810547e+00
5.115893602371215820e+00
5.118398666381835938e+00
5.120656251907348633e+00
5.123341321945190430e+00
5.125897645950317383e+00
5.128412008285522461e+00
5.131390810012817383e+00
5.133656740188598633e+00
5.136198282241821289e+00
5.138656854629516602e+00
5.141138315200805664e+00
5.143591403961181641e+00
5.146247148513793945e+00
5.148893833160400391e+00
5.151398897171020508e+00
5.153882741928100586e+00
5.156940698623657227e+00
5.159663915634155273e+00
5.162139415740966797e+00
5.164386034011840820e+00
5.166656732559204102e+00
5.169154405593872070e+00
5.171724557876586914e+00
5.174141168594360352e+00
5.176402091979980469e+00
5.178960323333740234e+00
5.182055950164794922e+00
5.184907436370849609e+00
5.187536954879760742e+00
5.190534830093383789e+00
5.193400382995605469e+00
5.196409463882446289e+00
5.199410676956176758e+00
5.202542066574096680e+00
5.205388545989990234e+00
5.208406448364257812e+00
5.211391925811767578e+00
5.214190244674682617e+00
5.216907978057861328e+00
5.219686508178710938e+00
5.222403764724731445e+00
5.225398778915405273e+00
5.228396415710449219e+00
5.231409549713134766e+00
5.234403133392333984e+00
5.237243890762329102e+00
5.239881992340087891e+00
5.243249177932739258e+00
5.246555566787719727e+00
5.249684572219848633e+00
5.252559661865234375e+00
5.255417108535766602e+00
5.259050369262695312e+00
5.261921405792236328e+00
5.265382289886474609e+00
5.269060134887695312e+00
5.272335767745971680e+00
5.275617122650146484e+00
5.278660297393798828e+00
5.281415224075317383e+00
5.284432649612426758e+00
5.287616968154907227e+00
5.290542602539062500e+00
5.293433666229248047e+00
5.296735763549804688e+00
5.300183773040771484e+00
5.303044795989990234e+00
5.305904388427734375e+00
5.308399200439453125e+00
5.311555624008178711e+00
5.314286947250366211e+00
5.317702054977416992e+00
5.321100711822509766e+00
5.324602127075195312e+00
5.327398300170898438e+00
5.330552816390991211e+00
5.334262132644653320e+00
5.337592363357543945e+00
5.340558052062988281e+00
5.343557357788085938e+00
5.346252679824829102e+00
5.349046707153320312e+00
5.352112770080566406e+00
5.354913711547851562e+00
5.358065128326416016e+00
5.361731290817260742e+00
5.365037679672241211e+00
5.368162393569946289e+00
5.371705532073974609e+00
5.374863862991333008e+00
5.377913236618041992e+00
5.381030797958374023e+00
5.384203672409057617e+00
5.387287855148315430e+00
5.390341520309448242e+00
5.394038438796997070e+00
5.397557973861694336e+00
5.400930404663085938e+00
5.403945446014404297e+00
5.406391859054565430e+00
5.409572839736938477e+00
5.412430763244628906e+00
5.415316581726074219e+00
5.417940139770507812e+00
5.420427560806274414e+00
5.423444032669067383e+00
5.426551580429077148e+00
5.429540872573852539e+00
5.432409763336181641e+00
5.435405731201171875e+00
5.438170909881591797e+00
5.441028356552124023e+00
5.443899393081665039e+00
5.446423053741455078e+00
5.449435234069824219e+00
5.452395200729370117e+00
5.454897880554199219e+00
5.458251476287841797e+00
5.461546897888183594e+00
5.464955329895019531e+00
5.468320369720458984e+00
5.471400976181030273e+00
5.474431276321411133e+00
5.477400779724121094e+00
5.480406284332275391e+00
5.483156442642211914e+00
5.486041069030761719e+00
5.488911628723144531e+00
5.491661787033081055e+00
5.494406938552856445e+00
5.497554540634155273e+00
5.500295400619506836e+00
5.503018379211425781e+00
5.505902767181396484e+00
5.508405685424804688e+00
5.511045932769775391e+00
5.513898134231567383e+00
5.516911983489990234e+00
5.519913196563720703e+00
5.522913455963134766e+00
5.525912761688232422e+00
5.528908252716064453e+00
5.531920909881591797e+00
5.534915685653686523e+00
5.537912845611572266e+00
5.540904283523559570e+00
5.543399095535278320e+00
5.545922040939331055e+00
5.548912525177001953e+00
5.551408767700195312e+00
5.553903102874755859e+00
5.556503295898437500e+00
5.559154033660888672e+00
5.561885356903076172e+00
5.564414978027343750e+00
5.566894054412841797e+00
5.569399833679199219e+00
5.571896553039550781e+00
5.574409484863281250e+00
5.576899766921997070e+00
5.579541683197021484e+00
5.582156181335449219e+00
5.584885597229003906e+00
5.587416410446166992e+00
5.589900732040405273e+00
5.592399597167968750e+00
5.594895839691162109e+00
5.597399234771728516e+00
5.599899053573608398e+00
5.602403163909912109e+00
5.605153322219848633e+00
5.607901096343994141e+00
5.610410213470458984e+00
5.612895250320434570e+00
5.615404605865478516e+00
5.617899656295776367e+00
5.620402812957763672e+00
5.622895002365112305e+00
5.625394344329833984e+00
5.627899169921875000e+00
5.630411863327026367e+00
5.632904767990112305e+00
5.635408639907836914e+00
5.637898206710815430e+00
5.640398502349853516e+00
5.643405675888061523e+00
5.645892143249511719e+00
5.648614406585693359e+00
5.651386737823486328e+00
5.653635263442993164e+00
5.656168699264526367e+00
5.658981561660766602e+00
5.661402463912963867e+00
5.664392948150634766e+00
5.667612791061401367e+00
5.670395612716674805e+00
5.673143863677978516e+00
5.675661563873291016e+00
5.678178071975708008e+00
5.680905103683471680e+00
5.683538913726806641e+00
5.686556339263916016e+00
5.689541816711425781e+00
5.692540645599365234e+00
5.695405960083007812e+00
5.698133230209350586e+00
5.700388908386230469e+00
5.702974081039428711e+00
5.705920934677124023e+00
5.708535432815551758e+00
5.710978507995605469e+00
5.713931322097778320e+00
5.716900110244750977e+00
5.720045089721679688e+00
5.723340272903442383e+00
5.726400852203369141e+00
5.729537963867187500e+00
5.732025384902954102e+00
5.734995365142822266e+00
5.737530231475830078e+00
5.740164279937744141e+00
5.742967128753662109e+00
5.746061563491821289e+00
5.749195575714111328e+00
5.752312660217285156e+00
5.755304336547851562e+00
5.758177757263183594e+00
5.760917663574218750e+00
5.763531923294067383e+00
5.766556978225708008e+00
5.769387483596801758e+00
5.771634578704833984e+00
5.774146080017089844e+00
5.776389837265014648e+00
5.778632640838623047e+00
5.781013727188110352e+00
5.783382415771484375e+00
5.785633563995361328e+00
5.787887811660766602e+00
5.790143013000488281e+00
5.792387008666992188e+00
5.794632911682128906e+00
5.797017812728881836e+00
5.799400329589843750e+00
5.801882743835449219e+00
5.804145097732543945e+00
5.806376218795776367e+00
5.808873653411865234e+00
5.811129093170166016e+00
5.813390254974365234e+00
5.815862655639648438e+00
5.818140029907226562e+00
5.820400238037109375e+00
5.823122262954711914e+00
5.825388669967651367e+00
5.827633380889892578e+00
5.829882860183715820e+00
5.832140922546386719e+00
5.834385395050048828e+00
5.836632966995239258e+00
5.838893890380859375e+00
5.841145992279052734e+00
5.843382120132446289e+00
5.845888853073120117e+00
5.848142862319946289e+00
5.850398063659667969e+00
5.852882623672485352e+00
5.855139732360839844e+00
5.857457399368286133e+00
5.860555410385131836e+00
5.863285779953002930e+00
5.865913152694702148e+00
5.868556976318359375e+00
5.871295690536499023e+00
5.874048233032226562e+00
5.877019405364990234e+00
5.879880905151367188e+00
5.882408142089843750e+00
5.885556459426879883e+00
5.888291597366333008e+00
5.890964031219482422e+00
5.893410205841064453e+00
5.896555900573730469e+00
5.899289846420288086e+00
5.902043342590332031e+00
5.904914617538452148e+00
5.907406330108642578e+00
5.910142898559570312e+00
5.912903308868408203e+00
5.915542840957641602e+00
5.918293476104736328e+00
5.924919605255126953e+00
5.929657220840454102e+00
5.932929754257202148e+00
5.936346769332885742e+00
5.940590143203735352e+00
5.945147037506103516e+00
5.949215888977050781e+00
5.953218936920166016e+00
5.956938505172729492e+00
5.960733175277709961e+00
5.964137792587280273e+00
5.967913150787353516e+00
5.971959590911865234e+00
5.976241111755371094e+00
5.979589939117431641e+00
5.982975959777832031e+00
5.986333847045898438e+00
5.990404129028320312e+00
5.994053125381469727e+00
5.997022151947021484e+00
6.000018358230590820e+00
6.003081560134887695e+00
6.005909204483032227e+00
6.008900642395019531e+00
6.012369155883789062e+00
6.015578269958496094e+00
6.018617391586303711e+00
6.022054195404052734e+00
6.025201320648193359e+00
6.028220653533935547e+00
6.031570434570312500e+00
6.034150600433349609e+00
6.036897897720336914e+00
6.039408922195434570e+00
6.042263269424438477e+00
6.044869184494018555e+00
6.047266483306884766e+00
6.049900770187377930e+00
6.052397489547729492e+00
6.055139303207397461e+00
6.057401895523071289e+00
6.059897184371948242e+00
6.062379837036132812e+00
6.064896345138549805e+00
6.067558526992797852e+00
6.070409536361694336e+00
6.073399782180786133e+00
6.076655864715576172e+00
6.079538345336914062e+00
6.082148075103759766e+00
6.084932327270507812e+00
6.087395191192626953e+00
6.090381860733032227e+00
6.093134880065917969e+00
6.095638513565063477e+00
6.098150014877319336e+00
6.101147890090942383e+00
6.103928804397583008e+00
6.106917858123779297e+00
6.109385967254638672e+00
6.112053632736206055e+00
6.114538908004760742e+00
6.117539167404174805e+00
6.120546340942382812e+00
6.123538494110107422e+00
6.126020193099975586e+00
6.128385066986083984e+00
6.130639314651489258e+00
6.132870435714721680e+00
6.135376691818237305e+00
6.137861013412475586e+00
6.140547513961791992e+00
6.143133163452148438e+00
6.145903348922729492e+00
6.148376703262329102e+00
6.150933742523193359e+00
6.153540611267089844e+00
6.156145572662353516e+00
6.158556938171386719e+00
6.160889625549316406e+00
6.163383007049560547e+00
6.165635108947753906e+00
6.168005943298339844e+00
6.170393466949462891e+00
6.173395633697509766e+00
6.176011323928833008e+00
6.178384065628051758e+00
6.180890798568725586e+00
6.183903217315673828e+00
6.186382532119750977e+00
6.188643217086791992e+00
6.190907478332519531e+00
6.193426132202148438e+00
6.196128368377685547e+00
6.198384046554565430e+00
6.200860977172851562e+00
6.203384160995483398e+00
6.205773353576660156e+00
6.208536386489868164e+00
6.211391925811767578e+00
6.214130878448486328e+00
6.216383695602416992e+00
6.218897104263305664e+00
6.221539258956909180e+00
6.224701642990112305e+00
6.227406501770019531e+00
6.230174779891967773e+00
6.232902288436889648e+00
6.235918760299682617e+00
6.238642215728759766e+00
6.241425037384033203e+00
6.244396924972534180e+00
6.247401952743530273e+00
6.250150203704833984e+00
6.252636194229125977e+00
6.254904985427856445e+00
6.257407903671264648e+00
6.259897470474243164e+00
6.262382507324218750e+00
6.265130996704101562e+00
6.267533779144287109e+00
6.270143508911132812e+00
6.272890329360961914e+00
6.275536298751831055e+00
6.278396606445312500e+00
6.281377077102661133e+00
6.283891916275024414e+00
6.286390542984008789e+00
6.288890600204467773e+00
6.291414022445678711e+00
6.294377326965332031e+00
6.296895980834960938e+00
6.300889015197753906e+00
6.304150819778442383e+00
6.307319402694702148e+00
6.310661792755126953e+00
6.313546657562255859e+00
6.316406726837158203e+00
6.319559335708618164e+00
6.322667360305786133e+00
6.326096773147583008e+00
6.329559564590454102e+00
6.332944154739379883e+00
6.336337566375732422e+00
6.339663743972778320e+00
6.342639207839965820e+00
6.346110820770263672e+00
6.349171638488769531e+00
6.352303981781005859e+00
6.355566024780273438e+00
6.358674287796020508e+00
6.362029552459716797e+00
6.365160226821899414e+00
6.368170499801635742e+00
6.371296405792236328e+00
6.374609470367431641e+00
6.377618312835693359e+00
6.380714654922485352e+00
6.383666038513183594e+00
6.386934518814086914e+00
6.390070676803588867e+00
6.393095731735229492e+00
6.396563291549682617e+00
6.399669170379638672e+00
6.402652263641357422e+00
6.405560493469238281e+00
6.408550024032592773e+00
6.411292076110839844e+00
6.414041042327880859e+00
6.416899681091308594e+00
6.419664144515991211e+00
6.422665834426879883e+00
6.425674676895141602e+00
6.428572177886962891e+00
6.431284189224243164e+00
6.434021949768066406e+00
6.436901092529296875e+00
6.440013408660888672e+00
6.442927360534667969e+00
6.445661306381225586e+00
6.448645353317260742e+00
6.451394557952880859e+00
6.454422473907470703e+00
6.457557201385498047e+00
6.460371971130371094e+00
6.463246107101440430e+00
6.465903759002685547e+00
6.468385934829711914e+00
6.471249818801879883e+00
6.473883628845214844e+00
6.476403474807739258e+00
6.479474306106567383e+00
6.482475757598876953e+00
6.485660791397094727e+00
6.488632202148437500e+00
6.491737604141235352e+00
6.494652986526489258e+00
6.497394800186157227e+00
6.499902486801147461e+00
6.502545595169067383e+00
6.505658626556396484e+00
6.508677721023559570e+00
6.511401891708374023e+00
6.514139175415039062e+00
6.517023801803588867e+00
6.520042419433593750e+00
6.522990942001342773e+00
6.525937795639038086e+00
6.528547048568725586e+00
6.531319618225097656e+00
6.534387350082397461e+00
6.537666559219360352e+00
6.540653467178344727e+00
6.543883562088012695e+00
6.546394586563110352e+00
6.549885749816894531e+00
6.552401781082153320e+00
6.555492877960205078e+00
6.558334350585937500e+00
6.561552286148071289e+00
6.564634084701538086e+00
6.567393064498901367e+00
6.570141315460205078e+00
6.572888612747192383e+00
6.576074838638305664e+00
6.579115629196166992e+00
6.582081794738769531e+00
6.585254907608032227e+00
6.587898731231689453e+00
6.590369701385498047e+00
6.592641115188598633e+00
6.595752477645874023e+00
6.599039077758789062e+00
6.602554559707641602e+00
6.605963945388793945e+00
6.609385490417480469e+00
6.612142562866210938e+00
6.614628791809082031e+00
6.617120265960693359e+00
6.619622707366943359e+00
6.622386217117309570e+00
6.625123262405395508e+00
6.627372264862060547e+00
6.629638433456420898e+00
6.631886720657348633e+00
6.634379148483276367e+00
6.636889457702636719e+00
6.639657258987426758e+00
6.642225980758666992e+00
6.645276069641113281e+00
6.648156166076660156e+00
6.650901079177856445e+00
6.653675794601440430e+00
6.656561613082885742e+00
6.659277915954589844e+00
6.661883592605590820e+00
6.664649963378906250e+00
6.667559385299682617e+00
6.670167684555053711e+00
6.672911167144775391e+00
6.675662279129028320e+00
6.678546667098999023e+00
6.681557893753051758e+00
6.684384107589721680e+00
6.687270641326904297e+00
6.690023660659790039e+00
6.692918539047241211e+00
6.695396184921264648e+00
6.698137283325195312e+00
6.700882434844970703e+00
6.703556060791015625e+00
6.706655025482177734e+00
6.709390878677368164e+00
6.712603569030761719e+00
6.715391635894775391e+00
6.718127965927124023e+00
6.720372915267944336e+00
6.722637414932250977e+00
6.725123882293701172e+00
6.727630138397216797e+00
6.730162620544433594e+00
6.732852935791015625e+00
6.735387563705444336e+00
6.737864971160888672e+00
6.740538358688354492e+00
6.743200778961181641e+00
6.745864629745483398e+00
6.748873233795166016e+00
6.751395702362060547e+00
6.753891944885253906e+00
6.756384372711181641e+00
6.758640289306640625e+00
6.761703968048095703e+00
6.764561176300048828e+00
6.767395734786987305e+00
6.770563840866088867e+00
6.773150444030761719e+00
6.776135444641113281e+00
6.778919696807861328e+00
6.781668186187744141e+00
6.784557580947875977e+00
6.787390232086181641e+00
6.790559530258178711e+00
6.793268442153930664e+00
6.795864343643188477e+00
6.798558235168457031e+00
6.801562309265136719e+00
6.804244279861450195e+00
6.806906223297119141e+00
6.809879064559936523e+00
6.812399625778198242e+00
6.815562486648559570e+00
6.818151950836181641e+00
6.820888280868530273e+00
6.823391437530517578e+00
6.826139688491821289e+00
6.828884124755859375e+00
6.831389188766479492e+00
6.834143877029418945e+00
6.836879968643188477e+00
6.839395046234130859e+00
6.842133045196533203e+00
6.844874382019042969e+00
6.847572326660156250e+00
6.850552558898925781e+00
6.853393077850341797e+00
6.856555700302124023e+00
6.859253168106079102e+00
6.862154483795166016e+00
6.864879846572875977e+00
6.867618799209594727e+00
6.870272397994995117e+00
6.873037338256835938e+00
6.875896453857421875e+00
6.878388166427612305e+00
6.881146430969238281e+00
6.884015083312988281e+00
6.886549711227416992e+00
6.889139175415039062e+00
6.891895771026611328e+00
6.894382715225219727e+00
6.896869182586669922e+00
6.899373292922973633e+00
6.901852369308471680e+00
6.904371738433837891e+00
6.906876802444458008e+00
6.909389972686767578e+00
6.912145614624023438e+00
6.914902925491333008e+00
6.917376041412353516e+00
6.919851779937744141e+00
6.922377347946166992e+00
6.924853563308715820e+00
6.927377939224243164e+00
6.929638624191284180e+00
6.932004213333129883e+00
6.934535980224609375e+00
6.937645435333251953e+00
6.940123081207275391e+00
6.942384481430053711e+00
6.944637537002563477e+00
6.946877241134643555e+00
6.949380636215209961e+00
6.951638936996459961e+00
6.954129457473754883e+00
6.956370353698730469e+00
6.958639621734619141e+00
6.961430549621582031e+00
6.964256048202514648e+00
6.966907024383544922e+00
6.969561100006103516e+00
6.972563743591308594e+00
6.975391864776611328e+00
6.978275537490844727e+00
6.981020450592041016e+00
6.984024047851562500e+00
6.986896514892578125e+00
6.989667892456054688e+00
6.992559909820556641e+00
6.995268821716308594e+00
6.998018264770507812e+00
7.000787496566772461e+00
7.003390550613403320e+00
7.006130218505859375e+00
7.008879423141479492e+00
7.011577606201171875e+00
7.014657974243164062e+00
7.017904758453369141e+00
7.020394325256347656e+00
7.023458003997802734e+00
7.026622772216796875e+00
7.029551744461059570e+00
7.032385587692260742e+00
7.035423278808593750e+00
7.038607835769653320e+00
7.041373968124389648e+00
7.044006347656250000e+00
7.046366214752197266e+00
7.048639535903930664e+00
7.051154136657714844e+00
7.053638935089111328e+00
7.056008100509643555e+00
7.058374881744384766e+00
7.060640096664428711e+00
7.063409805297851562e+00
7.066005468368530273e+00
7.068376064300537109e+00
7.070639610290527344e+00
7.072997570037841797e+00
7.075610160827636719e+00
7.078386783599853516e+00
7.081122875213623047e+00
7.083551168441772461e+00
7.086010217666625977e+00
7.088536500930786133e+00
7.090966939926147461e+00
7.093879938125610352e+00
7.096544027328491211e+00
7.099234104156494141e+00
7.101641178131103516e+00
7.104124307632446289e+00
7.106390714645385742e+00
7.109121799468994141e+00
7.111633539199829102e+00
7.114136695861816406e+00
7.116538763046264648e+00
7.118876218795776367e+00
7.121385574340820312e+00
7.124132394790649414e+00
7.126367807388305664e+00
7.128614664077758789e+00
7.130967140197753906e+00
7.133969306945800781e+00
7.137059211730957031e+00
7.139924526214599609e+00
7.142550945281982422e+00
7.145544052124023438e+00
7.148389339447021484e+00
7.151144742965698242e+00
7.153890609741210938e+00
7.156389474868774414e+00
7.158955812454223633e+00
7.161602020263671875e+00
7.164545059204101562e+00
7.166875123977661133e+00
7.169562339782714844e+00
7.172374725341796875e+00
7.174941062927246094e+00
7.177622556686401367e+00
7.180271148681640625e+00
7.183018445968627930e+00
7.185869216918945312e+00
7.188540220260620117e+00
7.191138029098510742e+00
7.193876981735229492e+00
7.196880817413330078e+00
7.199885606765747070e+00
7.202630996704101562e+00
7.205411195755004883e+00
7.208890676498413086e+00
7.212955236434936523e+00
7.216308593750000000e+00
7.219879150390625000e+00
7.223195552825927734e+00
7.226591110229492188e+00
7.229552507400512695e+00
7.232403755187988281e+00
7.235626459121704102e+00
7.238951921463012695e+00
7.241621494293212891e+00
7.244934797286987305e+00
7.247871398925781250e+00
7.250612735748291016e+00
7.253699779510498047e+00
7.256575107574462891e+00
7.259705781936645508e+00
7.263154983520507812e+00
7.265909671783447266e+00
7.268646717071533203e+00
7.271653175354003906e+00
7.274981021881103516e+00
7.278658866882324219e+00
7.282077312469482422e+00
7.285579919815063477e+00
7.288891792297363281e+00
7.292030811309814453e+00
7.294972896575927734e+00
7.298962593078613281e+00
7.303049564361572266e+00
7.307218551635742188e+00
7.311004161834716797e+00
7.315360307693481445e+00
7.319505453109741211e+00
7.324126720428466797e+00
7.328972816467285156e+00
7.334158420562744141e+00
7.339691162109375000e+00
7.345168113708496094e+00
7.351101160049438477e+00
7.356538057327270508e+00
7.361985921859741211e+00
7.366723775863647461e+00
7.372042417526245117e+00
7.376667022705078125e+00
7.381670713424682617e+00
7.386765003204345703e+00
7.391112327575683594e+00
7.395712614059448242e+00
7.401086568832397461e+00
7.406230688095092773e+00
7.411601781845092773e+00
7.417010068893432617e+00
7.422227382659912109e+00
7.427537202835083008e+00
7.432703971862792969e+00
7.438144445419311523e+00
7.443016767501831055e+00
7.448229551315307617e+00
7.453110694885253906e+00
7.457973241806030273e+00
7.463029623031616211e+00
7.468164920806884766e+00
7.472692489624023438e+00
7.478064060211181641e+00
7.483711719512939453e+00
7.488713502883911133e+00
7.493821620941162109e+00
7.499174356460571289e+00
7.504714012145996094e+00
7.509782791137695312e+00
7.515291929244995117e+00
7.520624637603759766e+00
7.526155471801757812e+00
7.531800031661987305e+00
7.538133859634399414e+00
7.544060468673706055e+00
7.550394535064697266e+00
7.555356025695800781e+00
7.560088634490966797e+00
7.565056562423706055e+00
7.570510864257812500e+00
7.575598955154418945e+00
7.581030845642089844e+00
7.586422443389892578e+00
7.593155384063720703e+00
7.599226474761962891e+00
7.604682445526123047e+00
7.609391212463378906e+00
7.614221096038818359e+00
7.619513750076293945e+00
7.625170469284057617e+00
7.630011320114135742e+00
7.634461402893066406e+00
7.639034986495971680e+00
7.644002437591552734e+00
7.648979187011718750e+00
7.654468297958374023e+00
7.661062240600585938e+00
7.666505813598632812e+00
7.673235893249511719e+00
7.678802013397216797e+00
7.684133291244506836e+00
7.690037965774536133e+00
7.694990396499633789e+00
7.700188636779785156e+00
7.707015991210937500e+00
7.713117837905883789e+00
7.717976808547973633e+00
7.723044872283935547e+00
7.727984189987182617e+00
7.733095645904541016e+00
7.738103866577148438e+00
7.745217800140380859e+00
7.750498056411743164e+00
7.755140781402587891e+00
7.759392738342285156e+00
7.763957738876342773e+00
7.769348382949829102e+00
7.774783611297607422e+00
7.780316591262817383e+00
7.785988807678222656e+00
7.791041135787963867e+00
7.795752048492431641e+00
7.802052021026611328e+00
7.808031797409057617e+00
7.812661170959472656e+00
7.817965984344482422e+00
7.823070764541625977e+00
7.827998399734497070e+00
7.833089590072631836e+00
7.838708162307739258e+00
7.844016551971435547e+00
7.849165916442871094e+00
7.856057643890380859e+00
7.862112760543823242e+00
7.867023229598999023e+00
7.871981859207153320e+00
7.877082347869873047e+00
7.881985902786254883e+00
7.887751102447509766e+00
7.892493724822998047e+00
7.898725748062133789e+00
7.904027223587036133e+00
7.910017013549804688e+00
7.916748285293579102e+00
7.925280570983886719e+00
7.934733152389526367e+00
7.943930387496948242e+00
7.953105211257934570e+00
7.961090564727783203e+00
7.969862461090087891e+00
7.979150772094726562e+00
7.988096714019775391e+00
7.997116565704345703e+00
8.005478143692016602e+00
8.014265537261962891e+00
8.023869276046752930e+00
8.032596111297607422e+00
8.041235446929931641e+00
8.049937725067138672e+00
8.058233022689819336e+00
8.067930221557617188e+00
8.076876640319824219e+00
8.086832284927368164e+00
8.095437765121459961e+00
8.103960752487182617e+00
8.117753028869628906e+00
8.123030185699462891e+00
8.128652334213256836e+00
8.132970094680786133e+00
8.137343645095825195e+00
8.141839742660522461e+00
8.146002292633056641e+00
8.150483131408691406e+00
8.154981613159179688e+00
8.159119606018066406e+00
8.163102388381958008e+00
8.167173624038696289e+00
8.171361446380615234e+00
8.175533533096313477e+00
8.180293321609497070e+00
8.185287475585937500e+00
8.189332008361816406e+00
8.195016622543334961e+00
8.200115680694580078e+00
8.204204559326171875e+00
8.208418369293212891e+00
8.212991952896118164e+00
8.217032909393310547e+00
8.221459865570068359e+00
8.225454330444335938e+00
8.229220151901245117e+00
8.233212471008300781e+00
8.237113952636718750e+00
8.242132425308227539e+00
8.246494293212890625e+00
8.251038551330566406e+00
8.257078886032104492e+00
8.261260986328125000e+00
8.266670465469360352e+00
8.270739316940307617e+00
8.275235176086425781e+00
8.279365777969360352e+00
8.283526420593261719e+00
8.287358999252319336e+00
8.291316270828247070e+00
8.295271396636962891e+00
8.300057888031005859e+00
8.304484605789184570e+00
8.308345556259155273e+00
8.312442541122436523e+00
8.316372156143188477e+00
8.321098327636718750e+00
8.325707435607910156e+00
8.330722570419311523e+00
8.334984540939331055e+00
8.338959932327270508e+00
8.343359470367431641e+00
8.347471475601196289e+00
8.351386070251464844e+00
8.355736255645751953e+00
8.359951972961425781e+00
8.363684415817260742e+00
8.367408752441406250e+00
8.371043205261230469e+00
8.375063896179199219e+00
8.379421949386596680e+00
8.383510112762451172e+00
8.387085914611816406e+00
8.390631198883056641e+00
8.394158363342285156e+00
8.398327589035034180e+00
8.402354955673217773e+00
8.406681537628173828e+00
8.410754442214965820e+00
8.415333271026611328e+00
8.419336080551147461e+00
8.423368215560913086e+00
8.426987886428833008e+00
8.430238962173461914e+00
8.433495044708251953e+00
8.436892986297607422e+00
8.440160512924194336e+00
8.443293571472167969e+00
8.446210145950317383e+00
8.449620962142944336e+00
8.453726768493652344e+00
8.457580327987670898e+00
8.460999727249145508e+00
8.464365959167480469e+00
8.468527555465698242e+00
8.473273277282714844e+00
8.478998899459838867e+00
8.483396530151367188e+00
8.488315582275390625e+00
8.493125677108764648e+00
8.497221469879150391e+00
8.501687765121459961e+00
8.507565259933471680e+00
8.513213872909545898e+00
8.519181489944458008e+00
8.525139570236206055e+00
8.531570196151733398e+00
8.536532878875732422e+00
8.542166233062744141e+00
8.548140048980712891e+00
8.554296970367431641e+00
8.560294866561889648e+00
8.565091848373413086e+00
8.570254802703857422e+00
8.575430393218994141e+00
8.580235719680786133e+00
8.585057258605957031e+00
8.590155124664306641e+00
8.595780611038208008e+00
8.601008892059326172e+00
8.606066703796386719e+00
8.611151456832885742e+00
8.616182804107666016e+00
8.620287418365478516e+00
8.624488592147827148e+00
8.628452777862548828e+00
8.632386922836303711e+00
8.636737585067749023e+00
8.641625881195068359e+00
8.646671772003173828e+00
8.652343988418579102e+00
8.658568382263183594e+00
8.664507150650024414e+00
8.670093774795532227e+00
8.676470279693603516e+00
8.682349443435668945e+00
8.688336133956909180e+00
8.697529077529907227e+00
8.704729795455932617e+00
8.710341215133666992e+00
8.719105482101440430e+00
8.727186918258666992e+00
8.733069419860839844e+00
8.739114522933959961e+00
8.745314836502075195e+00
8.750710248947143555e+00
8.757077455520629883e+00
8.762715816497802734e+00
8.768048763275146484e+00
8.774731159210205078e+00
8.780411243438720703e+00
8.786414861679077148e+00
8.792394638061523438e+00
8.798270463943481445e+00
8.804152727127075195e+00
8.810022115707397461e+00
8.815418720245361328e+00
8.821520090103149414e+00
8.827456951141357422e+00
8.833303213119506836e+00
8.840059757232666016e+00
8.845830917358398438e+00
8.851428031921386719e+00
8.856830120086669922e+00
8.864182472229003906e+00
8.870409965515136719e+00
8.876514911651611328e+00
8.882266521453857422e+00
8.888284921646118164e+00
8.894040346145629883e+00
8.900685310363769531e+00
8.906420230865478516e+00
8.912393093109130859e+00
8.919385194778442383e+00
8.925062417984008789e+00
8.930765867233276367e+00
8.936285972595214844e+00
8.942043781280517578e+00
8.947109222412109375e+00
8.953139305114746094e+00
8.959584236145019531e+00
8.965499162673950195e+00
8.971073150634765625e+00
8.977000236511230469e+00
8.982073545455932617e+00
8.989083290100097656e+00
8.993606090545654297e+00
8.999093294143676758e+00
9.005485773086547852e+00
9.011391639709472656e+00
9.017388343811035156e+00
9.023514270782470703e+00
9.029422283172607422e+00
9.035405397415161133e+00
9.041180133819580078e+00
9.047189235687255859e+00
9.053012371063232422e+00
9.058088302612304688e+00
9.063364505767822266e+00
9.068821191787719727e+00
9.075292348861694336e+00
9.081246614456176758e+00
9.087321519851684570e+00
9.092278957366943359e+00
9.098143339157104492e+00
9.103301525115966797e+00
9.108253717422485352e+00
9.114066362380981445e+00
9.120012283325195312e+00
9.125097513198852539e+00
9.129899263381958008e+00
9.136382341384887695e+00
9.142308712005615234e+00
9.148044347763061523e+00
9.154022932052612305e+00
9.159752368927001953e+00
9.165609598159790039e+00
9.171149969100952148e+00
9.176120042800903320e+00
9.181152105331420898e+00
9.187041521072387695e+00
9.192533016204833984e+00
9.198269367218017578e+00
9.204190254211425781e+00
9.210083961486816406e+00
9.217070579528808594e+00
9.223067998886108398e+00
9.228366613388061523e+00
9.234429359436035156e+00
9.240418434143066406e+00
9.246457576751708984e+00
9.252294540405273438e+00
9.258036851882934570e+00
9.264181375503540039e+00
9.270048856735229492e+00
9.276068210601806641e+00
9.281759977340698242e+00
9.287009000778198242e+00
9.292052030563354492e+00
9.297006845474243164e+00
9.302148342132568359e+00
9.307386875152587891e+00
9.312296867370605469e+00
9.317440509796142578e+00
9.322773933410644531e+00
9.329020261764526367e+00
9.334106206893920898e+00
9.339258432388305664e+00
9.344151020050048828e+00
9.350761413574218750e+00
9.357059240341186523e+00
9.363557577133178711e+00
9.368991136550903320e+00
9.374043226242065430e+00
9.381768703460693359e+00
9.387269735336303711e+00
9.392544984817504883e+00
9.398800611495971680e+00
9.404016256332397461e+00
9.408999204635620117e+00
9.414162635803222656e+00
9.420446872711181641e+00
9.427820682525634766e+00
9.433003902435302734e+00
9.438020229339599609e+00
9.443009376525878906e+00
9.448050022125244141e+00
9.453007936477661133e+00
9.459978103637695312e+00
9.464980363845825195e+00
9.470230817794799805e+00
9.476067304611206055e+00
9.481603622436523438e+00
9.487097263336181641e+00
9.491973876953125000e+00
9.497045993804931641e+00
9.502516746520996094e+00
9.508373498916625977e+00
9.513959169387817383e+00
9.521126270294189453e+00
9.527556896209716797e+00
9.533286809921264648e+00
9.539548873901367188e+00
9.545066595077514648e+00
9.550168752670288086e+00
9.556402921676635742e+00
9.561366558074951172e+00
9.566229343414306641e+00
9.571550846099853516e+00
9.580826520919799805e+00
9.586010932922363281e+00
9.591182231903076172e+00
9.597268581390380859e+00
9.603358745574951172e+00
9.609038591384887695e+00
9.614358425140380859e+00
9.619712352752685547e+00
9.625090360641479492e+00
9.630101680755615234e+00
9.635131120681762695e+00
9.640198707580566406e+00
9.645321369171142578e+00
9.651405811309814453e+00
9.657485008239746094e+00
9.663140296936035156e+00
9.667978763580322266e+00
9.672350406646728516e+00
9.677128314971923828e+00
9.683053255081176758e+00
9.688068628311157227e+00
9.693120002746582031e+00
9.698004961013793945e+00
9.703039646148681641e+00
9.708005905151367188e+00
9.713725566864013672e+00
9.718742370605468750e+00
9.723461866378784180e+00
9.728696107864379883e+00
9.733344793319702148e+00
9.739093780517578125e+00
9.744487285614013672e+00
9.749529600143432617e+00
9.754812717437744141e+00
9.760070323944091797e+00
9.765148639678955078e+00
9.771963834762573242e+00
9.777286052703857422e+00
9.784243106842041016e+00
9.793126344680786133e+00
9.800096988677978516e+00
9.807592868804931641e+00
9.814497470855712891e+00
9.823124885559082031e+00
9.830040216445922852e+00
9.837180852890014648e+00
9.843538045883178711e+00
9.850142240524291992e+00
9.856564760208129883e+00
9.862112045288085938e+00
9.868017196655273438e+00
9.873074531555175781e+00
9.878391265869140625e+00
9.883402109146118164e+00
9.888632535934448242e+00
9.895057201385498047e+00
9.900262117385864258e+00
9.905544996261596680e+00
9.911807775497436523e+00
9.916981935501098633e+00
9.923067092895507812e+00
9.929259777069091797e+00
9.934755086898803711e+00
9.939623117446899414e+00
9.944650650024414062e+00
9.949862241744995117e+00
9.955065250396728516e+00
9.960024595260620117e+00
9.965382337570190430e+00
9.971333980560302734e+00
9.977362632751464844e+00
9.983377695083618164e+00
9.990400791168212891e+00
9.995712280273437500e+00
1.000155496597290039e+01
1.000711441040039062e+01
1.001345086097717285e+01
1.001940226554870605e+01
1.002552866935729980e+01
1.003111076354980469e+01
1.003705978393554688e+01
1.004322791099548340e+01
1.004946994781494141e+01
1.005527138710021973e+01
1.006106519699096680e+01
1.006706809997558594e+01
1.007241225242614746e+01
1.007807421684265137e+01
1.008307123184204102e+01
1.008813309669494629e+01
1.009381270408630371e+01
1.009905481338500977e+01
1.010424375534057617e+01
1.010940670967102051e+01
1.011410093307495117e+01
1.011870765686035156e+01
1.012295579910278320e+01
1.012795019149780273e+01
1.013313388824462891e+01
1.013774371147155762e+01
1.014238953590393066e+01
1.014710521697998047e+01
1.015135002136230469e+01
1.015595602989196777e+01
1.015998458862304688e+01
1.016435980796813965e+01
1.016874432563781738e+01
1.017512679100036621e+01
1.018112945556640625e+01
1.018710207939147949e+01
1.019345140457153320e+01
1.019945263862609863e+01
1.020533037185668945e+01
1.021267151832580566e+01
1.021839022636413574e+01
1.022484827041625977e+01
1.023319959640502930e+01
1.024194836616516113e+01
1.025089430809020996e+01
1.025979566574096680e+01
1.026894927024841309e+01
1.027790188789367676e+01
1.028671050071716309e+01
1.029555726051330566e+01
1.030427122116088867e+01
1.031298589706420898e+01
1.032185816764831543e+01
1.033056712150573730e+01
1.033934617042541504e+01
1.034820961952209473e+01
1.035716152191162109e+01
1.036619162559509277e+01
1.037497162818908691e+01
1.038391160964965820e+01
1.039279842376708984e+01
1.040140342712402344e+01
1.041018533706665039e+01
1.041879606246948242e+01
1.042759990692138672e+01
1.043618869781494141e+01
1.044527459144592285e+01
1.045426273345947266e+01
1.046308541297912598e+01
1.047179198265075684e+01
1.048024439811706543e+01
1.048911786079406738e+01
1.049791240692138672e+01
1.050657820701599121e+01
1.051567864418029785e+01
1.052463197708129883e+01
1.053325605392456055e+01
1.054226446151733398e+01
1.055122137069702148e+01
1.056023979187011719e+01
1.056910204887390137e+01
1.057784748077392578e+01
1.058616232872009277e+01
1.059466600418090820e+01
1.060389447212219238e+01
1.061222434043884277e+01
1.062011051177978516e+01
1.062806439399719238e+01
1.063566493988037109e+01
1.064342379570007324e+01
1.065119576454162598e+01
1.065909266471862793e+01
1.066689634323120117e+01
1.067590999603271484e+01
1.068419551849365234e+01
1.069193625450134277e+01
1.070118212699890137e+01
1.070919871330261230e+01
1.071732497215270996e+01
1.072454333305358887e+01
1.073221540451049805e+01
1.074125051498413086e+01
1.074932909011840820e+01
1.075823020935058594e+01
1.076625561714172363e+01
1.077442431449890137e+01
1.078309011459350586e+01
1.079097437858581543e+01
1.079882860183715820e+01
1.080743384361267090e+01
1.081614375114440918e+01
1.082374477386474609e+01
1.083165574073791504e+01
1.083920645713806152e+01
1.084660315513610840e+01
1.085356426239013672e+01
1.086161351203918457e+01
1.086969494819641113e+01
1.087778544425964355e+01
1.088618612289428711e+01
1.089412212371826172e+01
1.090218234062194824e+01
1.090982341766357422e+01
1.091732931137084961e+01
1.092555880546569824e+01
1.093352055549621582e+01
1.094117736816406250e+01
1.095006608963012695e+01
1.095717930793762207e+01
1.096521782875061035e+01
1.097349333763122559e+01
1.098180484771728516e+01
1.099006438255310059e+01
1.099814486503601074e+01
1.100617432594299316e+01
1.101417922973632812e+01
1.102261471748352051e+01
1.103084778785705566e+01
1.103953385353088379e+01
1.104785943031311035e+01
1.105610585212707520e+01
1.106415176391601562e+01
1.107254505157470703e+01
1.108220624923706055e+01
1.109053945541381836e+01
1.109854388236999512e+01
1.110672688484191895e+01
1.111410999298095703e+01
1.112137269973754883e+01
1.112816286087036133e+01
1.113465809822082520e+01
1.114176535606384277e+01
1.114917898178100586e+01
1.115635323524475098e+01
1.116339087486267090e+01
1.117005538940429688e+01
1.117745852470397949e+01
1.118470716476440430e+01
1.119217514991760254e+01
1.119938683509826660e+01
1.120637750625610352e+01
1.121304249763488770e+01
1.122034621238708496e+01
1.122740650177001953e+01
1.123432874679565430e+01
1.124220061302185059e+01
1.124939274787902832e+01
1.125645160675048828e+01
1.126367449760437012e+01
1.127116227149963379e+01
1.127836155891418457e+01
1.128538489341735840e+01
1.129240155220031738e+01
1.129951262474060059e+01
1.130636906623840332e+01
1.131329512596130371e+01
1.131951093673706055e+01
1.132511949539184570e+01
1.133123254776000977e+01
1.133761596679687500e+01
1.134312295913696289e+01
1.134852504730224609e+01
1.135465145111083984e+01
1.136117720603942871e+01
1.136768031120300293e+01
1.137311720848083496e+01
1.137858486175537109e+01
1.138517761230468750e+01
1.139118361473083496e+01
1.139613389968872070e+01
1.140003132820129395e+01
1.140398430824279785e+01
1.140792584419250488e+01
1.141211628913879395e+01
1.141686940193176270e+01
1.142205977439880371e+01
1.142629814147949219e+01
1.143032431602478027e+01
1.143500185012817383e+01
1.143945980072021484e+01
1.144506192207336426e+01
1.144890856742858887e+01
1.145341610908508301e+01
1.145718455314636230e+01
1.146106719970703125e+01
1.146491289138793945e+01
1.147005653381347656e+01
1.147357630729675293e+01
1.147741127014160156e+01
1.148177933692932129e+01
1.148609399795532227e+01
1.149140620231628418e+01
1.149728560447692871e+01
1.150317478179931641e+01
1.150846576690673828e+01
1.151492571830749512e+01
1.152017545700073242e+01
1.152508950233459473e+01
1.152930355072021484e+01
1.153494596481323242e+01
1.154129409790039062e+01
1.154686832427978516e+01
1.155363082885742188e+01
1.155866193771362305e+01
1.156426334381103516e+01
1.157050943374633789e+01
1.157647061347961426e+01
1.158306789398193359e+01
1.159117698669433594e+01
1.160034608840942383e+01
1.160609507560729980e+01
1.161067247390747070e+01
1.161729073524475098e+01
1.162343907356262207e+01
1.163001680374145508e+01
1.163558340072631836e+01
1.164098501205444336e+01
1.164541172981262207e+01
1.165018939971923828e+01
1.165524673461914062e+01
1.166016769409179688e+01
1.166601538658142090e+01
1.167269563674926758e+01
1.167802190780639648e+01
1.168399524688720703e+01
1.169315147399902344e+01
1.170050358772277832e+01
1.170817446708679199e+01
1.171574449539184570e+01
1.172353720664978027e+01
1.173121547698974609e+01
1.173877644538879395e+01
1.174648237228393555e+01
1.175404739379882812e+01
1.176091957092285156e+01
1.177006220817565918e+01
1.177762198448181152e+01
1.178511095046997070e+01
1.179215669631958008e+01
1.179916405677795410e+01
1.180615615844726562e+01
1.181318449974060059e+01
1.182063531875610352e+01
1.182830595970153809e+01
1.183627510070800781e+01
1.184379482269287109e+01
1.185154557228088379e+01
1.185904145240783691e+01
1.186660480499267578e+01
1.187414193153381348e+01
1.188170194625854492e+01
1.188954377174377441e+01
1.189719295501708984e+01
1.190463638305664062e+01
1.191211915016174316e+01
1.191955327987670898e+01
1.192703771591186523e+01
1.193460083007812500e+01
1.194218587875366211e+01
1.194945764541625977e+01
1.195707917213439941e+01
1.196457695960998535e+01
1.197208952903747559e+01
1.197965574264526367e+01
1.198747181892395020e+01
1.199517226219177246e+01
1.200259041786193848e+01
1.201040458679199219e+01
1.201818823814392090e+01
1.202568006515502930e+01
1.203321242332458496e+01
1.204066085815429688e+01
1.204809808731079102e+01
1.205561661720275879e+01
1.206341385841369629e+01
1.207114720344543457e+01
1.207847499847412109e+01
1.208608937263488770e+01
1.209347677230834961e+01
1.210118532180786133e+01
1.210869979858398438e+01
1.211581635475158691e+01
1.212223410606384277e+01
1.212749886512756348e+01
1.213131880760192871e+01
1.213548469543457031e+01
1.213936543464660645e+01
1.214314246177673340e+01
1.214692664146423340e+01
1.215049529075622559e+01
1.215411853790283203e+01
1.215935873985290527e+01
1.216349339485168457e+01
1.216793823242187500e+01
1.217264771461486816e+01
1.217629837989807129e+01
1.218037915229797363e+01
1.218497443199157715e+01
1.218889832496643066e+01
1.219292521476745605e+01
1.219595003128051758e+01
1.219835042953491211e+01
1.220108389854431152e+01
1.220383262634277344e+01
1.220633554458618164e+01
1.220909190177917480e+01
1.221182203292846680e+01
1.221432828903198242e+01
1.221707820892333984e+01
1.222005915641784668e+01
1.222286891937255859e+01
1.222546839714050293e+01
1.222795844078063965e+01
1.223097777366638184e+01
1.223477768898010254e+01
1.223796892166137695e+01
1.224098205566406250e+01
1.224397325515747070e+01
1.224692392349243164e+01
1.225025582313537598e+01
1.225360250473022461e+01
1.225666308403015137e+01
1.225934123992919922e+01
1.226209545135498047e+01
1.226523256301879883e+01
1.226836705207824707e+01
1.227217745780944824e+01
