3.814697265625000000e-06
9.604692459106445312e-03
1.898598670959472656e-02
2.935981750488281250e-02
3.817629814147949219e-02
4.716587066650390625e-02
5.620741844177246094e-02
6.457686424255371094e-02
7.236695289611816406e-02
8.137655258178710938e-02
9.038305282592773438e-02
9.907817840576171875e-02
1.080789566040039062e-01
1.169905662536621094e-01
1.260502338409423828e-01
1.346452236175537109e-01
1.434428691864013672e-01
1.526336669921875000e-01
1.616268157958984375e-01
1.710939407348632812e-01
1.793398857116699219e-01
1.883881092071533203e-01
1.973056793212890625e-01
2.063736915588378906e-01
2.150204181671142578e-01
2.240886688232421875e-01
2.330868244171142578e-01
2.420186996459960938e-01
2.510452270507812500e-01
2.600812911987304688e-01
2.687323093414306641e-01
2.774548530578613281e-01
2.865600585937500000e-01
2.955744266510009766e-01
3.044779300689697266e-01
3.136098384857177734e-01
3.224554061889648438e-01
3.315849304199218750e-01
3.403339385986328125e-01
3.491439819335937500e-01
3.558652400970458984e-01
3.615450859069824219e-01
3.665025234222412109e-01
3.711826801300048828e-01
3.755891323089599609e-01
3.802630901336669922e-01
3.843646049499511719e-01
3.883740901947021484e-01
3.930404186248779297e-01
3.977792263031005859e-01
4.027771949768066406e-01
4.078342914581298828e-01
4.138638973236083984e-01
4.197976589202880859e-01
4.248023033142089844e-01
4.300322532653808594e-01
4.344105720520019531e-01
4.385516643524169922e-01
4.424664974212646484e-01
4.468903541564941406e-01
4.519078731536865234e-01
4.568448066711425781e-01
4.619438648223876953e-01
4.668231010437011719e-01
4.714086055755615234e-01
4.760091304779052734e-01
4.811284542083740234e-01
4.861733913421630859e-01
4.928066730499267578e-01
4.988150596618652344e-01
5.049009323120117188e-01
5.112230777740478516e-01
5.162668228149414062e-01
5.218846797943115234e-01
5.287818908691406250e-01
5.339655876159667969e-01
5.408406257629394531e-01
5.472879409790039062e-01
5.533020496368408203e-01
5.605239868164062500e-01
5.670793056488037109e-01
5.739018917083740234e-01
5.811598300933837891e-01
5.868966579437255859e-01
5.940003395080566406e-01
5.991790294647216797e-01
6.034166812896728516e-01
6.081736087799072266e-01
6.138384342193603516e-01
6.200625896453857422e-01
6.255099773406982422e-01
6.307907104492187500e-01
6.358127593994140625e-01
6.407778263092041016e-01
6.460430622100830078e-01
6.519405841827392578e-01
6.585204601287841797e-01
6.649434566497802734e-01
6.719274520874023438e-01
6.790280342102050781e-01
6.865389347076416016e-01
6.950430870056152344e-01
7.035093307495117188e-01
7.121241092681884766e-01
7.206926345825195312e-01
7.291181087493896484e-01
7.383399009704589844e-01
7.474489212036132812e-01
7.563886642456054688e-01
7.652390003204345703e-01
7.740724086761474609e-01
7.830679416656494141e-01
7.916033267974853516e-01
8.005177974700927734e-01
8.095510005950927734e-01
8.185074329376220703e-01
8.267550468444824219e-01
8.354508876800537109e-01
8.441646099090576172e-01
8.525540828704833984e-01
8.605272769927978516e-01
8.692586421966552734e-01
8.775677680969238281e-01
8.864331245422363281e-01
8.945515155792236328e-01
9.034235477447509766e-01
9.120047092437744141e-01
9.206759929656982422e-01
9.293110370635986328e-01
9.376187324523925781e-01
9.465248584747314453e-01
9.554395675659179688e-01
9.642841815948486328e-01
9.730019569396972656e-01
9.820733070373535156e-01
9.909305572509765625e-01
1.000130653381347656e+00
1.008991718292236328e+00
1.017651319503784180e+00
1.026439905166625977e+00
1.035762548446655273e+00
1.044656038284301758e+00
1.053045988082885742e+00
1.061583757400512695e+00
1.070456504821777344e+00
1.079437017440795898e+00
1.088388442993164062e+00
1.097341060638427734e+00
1.106522560119628906e+00
1.114632129669189453e+00
1.122243165969848633e+00
1.129695892333984375e+00
1.137230634689331055e+00
1.144926548004150391e+00
1.152387857437133789e+00
1.159939050674438477e+00
1.167260169982910156e+00
1.174922943115234375e+00
1.182345151901245117e+00
1.189920425415039062e+00
1.198107719421386719e+00
1.205659151077270508e+00
1.213125467300415039e+00
1.220267534255981445e+00
1.227993011474609375e+00
1.236000299453735352e+00
1.243516206741333008e+00
1.251197814941406250e+00
1.259171485900878906e+00
1.266365766525268555e+00
1.273276090621948242e+00
1.281192064285278320e+00
1.289008855819702148e+00
1.296697854995727539e+00
1.304283857345581055e+00
1.311911106109619141e+00
1.319401741027832031e+00
1.327055692672729492e+00
1.334998130798339844e+00
1.342066764831542969e+00
1.350001335144042969e+00
1.357154846191406250e+00
1.364646196365356445e+00
1.372378826141357422e+00
1.380258560180664062e+00
1.388005971908569336e+00
1.395301818847656250e+00
1.402449369430541992e+00
1.410179376602172852e+00
1.417998790740966797e+00
1.425287485122680664e+00
1.432678222656250000e+00
1.440335273742675781e+00
1.448069810867309570e+00
1.455558538436889648e+00
1.463526964187622070e+00
1.471188306808471680e+00
1.478605508804321289e+00
1.485984086990356445e+00
1.493364095687866211e+00
1.501046895980834961e+00
1.508036136627197266e+00
1.515553474426269531e+00
1.523497343063354492e+00
1.531111240386962891e+00
1.538532257080078125e+00
1.545937538146972656e+00
1.553422927856445312e+00
1.561292409896850586e+00
1.569288015365600586e+00
1.576362371444702148e+00
1.584056615829467773e+00
1.591536760330200195e+00
1.599114179611206055e+00
1.606210231781005859e+00
1.613403797149658203e+00
1.620305299758911133e+00
1.627183675765991211e+00
1.633886575698852539e+00
1.640919685363769531e+00
1.647989511489868164e+00
1.655047893524169922e+00
1.662242889404296875e+00
1.669225931167602539e+00
1.676576614379882812e+00
1.683935880661010742e+00
1.690928220748901367e+00
1.698028564453125000e+00
1.704967498779296875e+00
1.711889505386352539e+00
1.719057321548461914e+00
1.726028680801391602e+00
1.733079195022583008e+00
1.740075826644897461e+00
1.747937202453613281e+00
1.755349397659301758e+00
1.763369083404541016e+00
1.770974874496459961e+00
1.777950525283813477e+00
1.785078048706054688e+00
1.791974544525146484e+00
1.799036741256713867e+00
1.806891441345214844e+00
1.813852548599243164e+00
1.820961236953735352e+00
1.827940702438354492e+00
1.834923267364501953e+00
1.842006683349609375e+00
1.849256992340087891e+00
1.856298208236694336e+00
1.862933874130249023e+00
1.870022535324096680e+00
1.877031803131103516e+00
1.884072542190551758e+00
1.891168832778930664e+00
1.898275136947631836e+00
1.905016183853149414e+00
1.912164211273193359e+00
1.918961286544799805e+00
1.926021337509155273e+00
1.933196067810058594e+00
1.940162897109985352e+00
1.947106599807739258e+00
1.954191207885742188e+00
1.961262464523315430e+00
1.968048334121704102e+00
1.974931001663208008e+00
1.981989860534667969e+00
1.989148855209350586e+00
1.996460914611816406e+00
2.004045963287353516e+00
2.011036872863769531e+00
2.017974376678466797e+00
2.025047063827514648e+00
2.032149553298950195e+00
2.039106845855712891e+00
2.046035289764404297e+00
2.053035020828247070e+00
2.060588598251342773e+00
2.067913532257080078e+00
2.074849367141723633e+00
2.081404209136962891e+00
2.087894678115844727e+00
2.094886779785156250e+00
2.101416110992431641e+00
2.107918739318847656e+00
2.113925457000732422e+00
2.119565010070800781e+00
2.125840902328491211e+00
2.131474256515502930e+00
2.137215137481689453e+00
2.147256374359130859e+00
2.153794765472412109e+00
2.160807132720947266e+00
2.167431592941284180e+00
2.174192428588867188e+00
2.180299043655395508e+00
2.187547922134399414e+00
2.194882154464721680e+00
2.201160907745361328e+00
2.207911491394042969e+00
2.214887142181396484e+00
2.221895217895507812e+00
2.228823900222778320e+00
2.235460281372070312e+00
2.241852998733520508e+00
2.247263669967651367e+00
2.253799915313720703e+00
2.259816646575927734e+00
2.265903234481811523e+00
2.271829843521118164e+00
2.278904438018798828e+00
2.284964561462402344e+00
2.290854692459106445e+00
2.296243429183959961e+00
2.301393032073974609e+00
2.307839393615722656e+00
2.314349174499511719e+00
2.321105480194091797e+00
2.327953577041625977e+00
2.333752393722534180e+00
2.340851306915283203e+00
2.347950935363769531e+00
2.354202270507812500e+00
2.360099792480468750e+00
2.366060495376586914e+00
2.372914791107177734e+00
2.379584550857543945e+00
2.386874675750732422e+00
2.394525527954101562e+00
2.401745080947875977e+00
2.407950401306152344e+00
2.414867401123046875e+00
2.421850681304931641e+00
2.427973747253417969e+00
2.434896945953369141e+00
2.441828966140747070e+00
2.448847770690917969e+00
2.455189466476440430e+00
2.461479425430297852e+00
2.467437982559204102e+00
2.473956823348999023e+00
2.480891942977905273e+00
2.487854957580566406e+00
2.494894027709960938e+00
2.501634120941162109e+00
2.508088111877441406e+00
2.514033317565917969e+00
2.520495176315307617e+00
2.526820182800292969e+00
2.533860921859741211e+00
2.540893554687500000e+00
2.547893524169921875e+00
2.553960561752319336e+00
2.559858560562133789e+00
2.566888809204101562e+00
2.573879480361938477e+00
2.580724954605102539e+00
2.587918758392333984e+00
2.594868183135986328e+00
2.601950645446777344e+00
2.608886718750000000e+00
2.615987062454223633e+00
2.622421503067016602e+00
2.628401041030883789e+00
2.634826898574829102e+00
2.641932249069213867e+00
2.648909330368041992e+00
2.656047105789184570e+00
2.662910699844360352e+00
2.670075178146362305e+00
2.677154064178466797e+00
2.683784723281860352e+00
2.691063642501831055e+00
2.697979927062988281e+00
2.704884052276611328e+00
2.711169958114624023e+00
2.716828823089599609e+00
2.723923206329345703e+00
2.730872869491577148e+00
2.737090587615966797e+00
2.743893384933471680e+00
2.750900745391845703e+00
2.757899999618530273e+00
2.764890909194946289e+00
2.772099971771240234e+00
2.778962612152099609e+00
2.785876512527465820e+00
2.792861223220825195e+00
2.799911975860595703e+00
2.806863069534301758e+00
2.813898086547851562e+00
2.824599266052246094e+00
2.830593347549438477e+00
2.838347673416137695e+00
2.842444896697998047e+00
2.846932172775268555e+00
2.851083755493164062e+00
2.854830265045166016e+00
2.860173225402832031e+00
2.866236448287963867e+00
2.871058702468872070e+00
2.876852035522460938e+00
2.883934020996093750e+00
2.888922214508056641e+00
2.893817186355590820e+00
2.898779392242431641e+00
2.904840707778930664e+00
2.912271976470947266e+00
2.917139053344726562e+00
2.922298908233642578e+00
2.926409006118774414e+00
2.931021690368652344e+00
2.936162471771240234e+00
2.941848754882812500e+00
2.947173595428466797e+00
2.953890562057495117e+00
2.961375236511230469e+00
2.968388557434082031e+00
2.974867105484008789e+00
2.981916427612304688e+00
2.988869667053222656e+00
2.995939970016479492e+00
3.002858400344848633e+00
3.009916782379150391e+00
3.016936302185058594e+00
3.023910522460937500e+00
3.030863285064697266e+00
3.037864208221435547e+00
3.044476032257080078e+00
3.049928426742553711e+00
3.056850194931030273e+00
3.062404632568359375e+00
3.067571163177490234e+00
3.072771787643432617e+00
3.079878807067871094e+00
3.085294246673583984e+00
3.090398788452148438e+00
3.096457958221435547e+00
3.101809978485107422e+00
3.108895301818847656e+00
3.115918874740600586e+00
3.122884750366210938e+00
3.129916906356811523e+00
3.136938810348510742e+00
3.143940925598144531e+00
3.150872945785522461e+00
3.157838821411132812e+00
3.164996147155761719e+00
3.172268390655517578e+00
3.179146051406860352e+00
3.186135530471801758e+00
3.192885398864746094e+00
3.199843883514404297e+00
3.206920862197875977e+00
3.214008331298828125e+00
3.221020460128784180e+00
3.228107213973999023e+00
3.235305309295654297e+00
3.242955446243286133e+00
3.250010251998901367e+00
3.257158279418945312e+00
3.264188051223754883e+00
3.271274805068969727e+00
3.278512239456176758e+00
3.285991430282592773e+00
3.293163776397705078e+00
3.300312280654907227e+00
3.307030916213989258e+00
3.313977241516113281e+00
3.320621967315673828e+00
3.326872587203979492e+00
3.333897590637207031e+00
3.340936899185180664e+00
3.348142862319946289e+00
3.355133533477783203e+00
3.362223625183105469e+00
3.369060277938842773e+00
3.376048088073730469e+00
3.382744550704956055e+00
3.390529155731201172e+00
3.398002624511718750e+00
3.405222415924072266e+00
3.412025451660156250e+00
3.419084310531616211e+00
3.426271438598632812e+00
3.433389902114868164e+00
3.440265417098999023e+00
3.447336912155151367e+00
3.454499006271362305e+00
3.461563110351562500e+00
3.468891143798828125e+00
3.476011037826538086e+00
3.483040571212768555e+00
3.490149974822998047e+00
3.497152566909790039e+00
3.504121303558349609e+00
3.511142492294311523e+00
3.518054723739624023e+00
3.524782419204711914e+00
3.532381772994995117e+00
3.539606571197509766e+00
3.546917438507080078e+00
3.553925037384033203e+00
3.561010122299194336e+00
3.568143367767333984e+00
3.574827194213867188e+00
3.581931591033935547e+00
3.589027643203735352e+00
3.595889806747436523e+00
3.602992773056030273e+00
3.609931230545043945e+00
3.617003917694091797e+00
3.623976707458496094e+00
3.630968332290649414e+00
3.637570858001708984e+00
3.644340276718139648e+00
3.650920391082763672e+00
3.658117294311523438e+00
3.664824962615966797e+00
3.670574188232421875e+00
3.675807237625122070e+00
3.682261705398559570e+00
3.688273191452026367e+00
3.693290710449218750e+00
3.699261903762817383e+00
3.704860687255859375e+00
3.711258172988891602e+00
3.717464923858642578e+00
3.724000453948974609e+00
3.731016874313354492e+00
3.738117456436157227e+00
3.744890689849853516e+00
3.752174615859985352e+00
3.759146213531494141e+00
3.766121625900268555e+00
3.772968053817749023e+00
3.779235363006591797e+00
3.785013675689697266e+00
3.790916442871093750e+00
3.796861648559570312e+00
3.803309917449951172e+00
3.810240745544433594e+00
3.817245244979858398e+00
3.824285984039306641e+00
3.831289529800415039e+00
3.837963819503784180e+00
3.845551967620849609e+00
3.852927446365356445e+00
3.859848737716674805e+00
3.867083311080932617e+00
3.873958587646484375e+00
3.880869388580322266e+00
3.887866973876953125e+00
3.894902706146240234e+00
3.902316570281982422e+00
3.908776044845581055e+00
3.916206359863281250e+00
3.923337697982788086e+00
3.930394649505615234e+00
3.937052965164184570e+00
3.944029331207275391e+00
3.951069831848144531e+00
3.958183765411376953e+00
3.965107679367065430e+00
3.972120285034179688e+00
3.979137897491455078e+00
3.986045122146606445e+00
3.993077516555786133e+00
3.999824523925781250e+00
4.006862878799438477e+00
4.013900995254516602e+00
4.021148443222045898e+00
4.028136968612670898e+00
4.035117149353027344e+00
4.042164325714111328e+00
4.049259185791015625e+00
4.055919408798217773e+00
4.063116073608398438e+00
4.070102930068969727e+00
4.077178716659545898e+00
4.083989143371582031e+00
4.091065645217895508e+00
4.098172426223754883e+00
4.105236053466796875e+00
4.111916780471801758e+00
4.118849992752075195e+00
4.126072406768798828e+00
4.132856607437133789e+00
4.139839649200439453e+00
4.146044015884399414e+00
4.152172327041625977e+00
4.158036708831787109e+00
4.164865255355834961e+00
4.171819925308227539e+00
4.178787946701049805e+00
4.185868501663208008e+00
4.191904544830322266e+00
4.198037862777709961e+00
4.204882383346557617e+00
4.211188077926635742e+00
4.217314004898071289e+00
4.223286867141723633e+00
4.229592323303222656e+00
4.236564397811889648e+00
4.242857694625854492e+00
4.249942302703857422e+00
4.256855487823486328e+00
4.264096975326538086e+00
4.270889282226562500e+00
4.277815818786621094e+00
4.284868478775024414e+00
4.291935920715332031e+00
4.298483610153198242e+00
4.304818391799926758e+00
4.310791492462158203e+00
4.318063020706176758e+00
4.323146581649780273e+00
4.327939748764038086e+00
4.333268880844116211e+00
4.338153839111328125e+00
4.344844818115234375e+00
4.351311922073364258e+00
4.357890367507934570e+00
4.364225625991821289e+00
4.370776414871215820e+00
4.378947973251342773e+00
4.385853052139282227e+00
4.392792940139770508e+00
4.399970531463623047e+00
4.406942844390869141e+00
4.413822412490844727e+00
4.420249223709106445e+00
4.426120519638061523e+00
4.431271076202392578e+00
4.437267303466796875e+00
4.442642450332641602e+00
4.448897123336791992e+00
4.455712556838989258e+00
4.462839603424072266e+00
4.469785213470458984e+00
4.476851224899291992e+00
4.483875274658203125e+00
4.490858078002929688e+00
4.497884988784790039e+00
4.504932880401611328e+00
4.511898994445800781e+00
4.518440246582031250e+00
4.524918079376220703e+00
4.531846284866333008e+00
4.537790536880493164e+00
4.544497251510620117e+00
4.550883531570434570e+00
4.557772397994995117e+00
4.564866065979003906e+00
4.571869611740112305e+00
4.578904151916503906e+00
4.585859775543212891e+00
4.593032836914062500e+00
4.599858999252319336e+00
4.606857299804687500e+00
4.613848924636840820e+00
4.620881557464599609e+00
4.627897739410400391e+00
4.634797334671020508e+00
4.641658067703247070e+00
4.647872209548950195e+00
4.654886245727539062e+00
4.661889791488647461e+00
4.668847322463989258e+00
4.675889253616333008e+00
4.682869672775268555e+00
4.689861536026000977e+00
4.696824073791503906e+00
4.703876733779907227e+00
4.710392713546752930e+00
4.717072010040283203e+00
4.723750829696655273e+00
4.730348110198974609e+00
4.736026048660278320e+00
4.741682767868041992e+00
4.747820138931274414e+00
4.753837347030639648e+00
4.759896278381347656e+00
4.766820192337036133e+00
4.773862838745117188e+00
4.780101299285888672e+00
4.785558462142944336e+00
4.791237831115722656e+00
4.796753168106079102e+00
4.803921937942504883e+00
4.810924768447875977e+00
4.816995859146118164e+00
4.823920488357543945e+00
4.830818653106689453e+00
4.837831258773803711e+00
4.844360113143920898e+00
4.850786924362182617e+00
4.857035636901855469e+00
4.863773107528686523e+00
4.870939731597900391e+00
4.877398490905761719e+00
4.884157657623291016e+00
4.890757322311401367e+00
4.898015499114990234e+00
4.904889106750488281e+00
4.911822080612182617e+00
4.918857336044311523e+00
4.925894498825073242e+00
4.932777166366577148e+00
4.939925432205200195e+00
4.946811676025390625e+00
4.952928781509399414e+00
4.960159063339233398e+00
4.966776609420776367e+00
4.974143505096435547e+00
4.980894088745117188e+00
4.988012313842773438e+00
4.994899511337280273e+00
5.001890420913696289e+00
5.008912086486816406e+00
5.015792131423950195e+00
5.023062229156494141e+00
5.029780387878417969e+00
5.036761522293090820e+00
5.043756723403930664e+00
5.050890922546386719e+00
5.057866811752319336e+00
5.064386129379272461e+00
5.070636510848999023e+00
5.077756881713867188e+00
5.085024595260620117e+00
5.091994762420654297e+00
5.099031209945678711e+00
5.105806112289428711e+00
5.111698150634765625e+00
5.118820667266845703e+00
5.125770330429077148e+00
5.132810115814208984e+00
5.139824151992797852e+00
5.146884918212890625e+00
5.153892517089843750e+00
5.160923480987548828e+00
5.167955636978149414e+00
5.174862146377563477e+00
5.181927204132080078e+00
5.188890457153320312e+00
5.196002244949340820e+00
5.203046083450317383e+00
5.209756135940551758e+00
5.216884374618530273e+00
5.223825216293334961e+00
5.230854988098144531e+00
5.237829923629760742e+00
5.244407415390014648e+00
5.250786066055297852e+00
5.257754564285278320e+00
5.264816045761108398e+00
5.271898269653320312e+00
5.278856277465820312e+00
5.285760879516601562e+00
5.292703390121459961e+00
5.299868822097778320e+00
5.306848049163818359e+00
5.313860416412353516e+00
5.320855855941772461e+00
5.327823162078857422e+00
5.334847688674926758e+00
5.341839551925659180e+00
5.348850965499877930e+00
5.355872154235839844e+00
5.362901210784912109e+00
5.369899034500122070e+00
5.376910686492919922e+00
5.383255243301391602e+00
5.389143943786621094e+00
5.395832777023315430e+00
5.402831554412841797e+00
5.409946441650390625e+00
5.416854619979858398e+00
5.423815011978149414e+00
5.430858373641967773e+00
5.437726259231567383e+00
5.444386243820190430e+00
5.450853824615478516e+00
5.457849740982055664e+00
5.464778184890747070e+00
5.471937656402587891e+00
5.478454113006591797e+00
5.484852790832519531e+00
5.491267442703247070e+00
5.497860193252563477e+00
5.503980875015258789e+00
5.508791208267211914e+00
5.514189004898071289e+00
5.519919633865356445e+00
5.526875972747802734e+00
5.532804965972900391e+00
5.538175344467163086e+00
5.543774366378784180e+00
5.549690723419189453e+00
5.556567430496215820e+00
5.561905860900878906e+00
5.568439245223999023e+00
5.574118614196777344e+00
5.580782413482666016e+00
5.587867736816406250e+00
5.594384908676147461e+00
5.599775791168212891e+00
5.608153343200683594e+00
5.620793104171752930e+00
5.627904415130615234e+00
5.633424520492553711e+00
5.637678146362304688e+00
5.641308546066284180e+00
5.646678209304809570e+00
5.650671958923339844e+00
5.655928611755371094e+00
5.660440206527709961e+00
5.665215253829956055e+00
5.670065879821777344e+00
5.675434112548828125e+00
5.681651353836059570e+00
5.687978506088256836e+00
5.693718910217285156e+00
5.698817253112792969e+00
5.704924821853637695e+00
5.710171937942504883e+00
5.715063810348510742e+00
5.720163345336914062e+00
5.724502325057983398e+00
5.728175878524780273e+00
5.731787204742431641e+00
5.735294342041015625e+00
5.739063501358032227e+00
5.742774724960327148e+00
5.748111724853515625e+00
5.753396511077880859e+00
5.757513523101806641e+00
5.761884927749633789e+00
5.766705751419067383e+00
5.770276069641113281e+00
5.774398803710937500e+00
5.778668880462646484e+00
5.782808780670166016e+00
5.786307811737060547e+00
5.789339542388916016e+00
5.792068481445312500e+00
5.795013904571533203e+00
5.797877073287963867e+00
5.800730943679809570e+00
5.803737401962280273e+00
5.807325601577758789e+00
5.810651779174804688e+00
5.814162731170654297e+00
5.817444562911987305e+00
5.820263385772705078e+00
5.823218584060668945e+00
5.826446533203125000e+00
5.829801321029663086e+00
5.832997322082519531e+00
5.836014270782470703e+00
5.838880300521850586e+00
5.841984987258911133e+00
5.844995021820068359e+00
5.847609043121337891e+00
5.850653648376464844e+00
5.853878736495971680e+00
5.856418371200561523e+00
5.858995676040649414e+00
5.861600875854492188e+00
5.864113569259643555e+00
5.866600513458251953e+00
5.869304895401000977e+00
5.872547864913940430e+00
5.875181436538696289e+00
5.878002405166625977e+00
5.881232023239135742e+00
5.884271144866943359e+00
5.887000322341918945e+00
5.889758825302124023e+00
5.893192768096923828e+00
5.896447658538818359e+00
5.899641752243041992e+00
5.902448654174804688e+00
5.905026197433471680e+00
5.907773017883300781e+00
5.910879850387573242e+00
5.913762092590332031e+00
5.916442394256591797e+00
5.918978452682495117e+00
5.922266244888305664e+00
5.925019979476928711e+00
5.928005218505859375e+00
5.931010007858276367e+00
5.933877706527709961e+00
5.936878442764282227e+00
5.939610481262207031e+00
5.942243099212646484e+00
5.945122957229614258e+00
5.947763204574584961e+00
5.950628757476806641e+00
5.953430891036987305e+00
5.956447362899780273e+00
5.959322452545166016e+00
5.962613344192504883e+00
5.965594530105590820e+00
5.969177007675170898e+00
5.972807884216308594e+00
5.975631952285766602e+00
5.978625297546386719e+00
5.981258392333984375e+00
5.984009027481079102e+00
5.987025737762451172e+00
5.990028142929077148e+00
5.993006944656372070e+00
5.995846509933471680e+00
5.998966455459594727e+00
6.002651691436767578e+00
6.005631685256958008e+00
6.008873939514160156e+00
6.012348890304565430e+00
6.015977144241333008e+00
6.018955230712890625e+00
6.022047281265258789e+00
6.025593519210815430e+00
6.028445243835449219e+00
6.031326055526733398e+00
6.034311771392822266e+00
6.037658691406250000e+00
6.040422201156616211e+00
6.043341875076293945e+00
6.046364784240722656e+00
6.049446344375610352e+00
6.052238702774047852e+00
6.054987907409667969e+00
6.057751655578613281e+00
6.060897588729858398e+00
6.063601016998291016e+00
6.066389083862304688e+00
6.068985939025878906e+00
6.071643114089965820e+00
6.074587106704711914e+00
6.077442884445190430e+00
6.079990386962890625e+00
6.083001613616943359e+00
6.086004495620727539e+00
6.089001893997192383e+00
6.091886758804321289e+00
6.094631433486938477e+00
6.097432136535644531e+00
6.100122213363647461e+00
6.102747917175292969e+00
6.105681419372558594e+00
6.108605623245239258e+00
6.111449480056762695e+00
6.114123106002807617e+00
6.117339372634887695e+00
6.121186017990112305e+00
6.124446630477905273e+00
6.127683639526367188e+00
6.131166219711303711e+00
6.134227991104125977e+00
6.137518405914306641e+00
6.141175508499145508e+00
6.144140481948852539e+00
6.146759986877441406e+00
6.149233818054199219e+00
6.151614904403686523e+00
6.154442071914672852e+00
6.157483339309692383e+00
6.160784006118774414e+00
6.164132833480834961e+00
6.166997194290161133e+00
6.170010805130004883e+00
6.173011779785156250e+00
6.176258325576782227e+00
6.178840637207031250e+00
6.181576490402221680e+00
6.183947086334228516e+00
6.186242103576660156e+00
6.188574314117431641e+00
6.190973758697509766e+00
6.194121837615966797e+00
6.196753501892089844e+00
6.199630260467529297e+00
6.202370405197143555e+00
6.204985618591308594e+00
6.207870721817016602e+00
6.210874795913696289e+00
6.213599681854248047e+00
6.216624021530151367e+00
6.219444274902343750e+00
6.222116947174072266e+00
6.225080490112304688e+00
6.227747440338134766e+00
6.230586528778076172e+00
6.233350038528442383e+00
6.235998392105102539e+00
6.238998174667358398e+00
6.242127895355224609e+00
6.245253324508666992e+00
6.248009681701660156e+00
6.250859975814819336e+00
6.253741025924682617e+00
6.256625890731811523e+00
6.259512662887573242e+00
6.262109994888305664e+00
6.265007734298706055e+00
6.268009424209594727e+00
6.271002769470214844e+00
6.273731231689453125e+00
6.276586532592773438e+00
6.279261589050292969e+00
6.282011747360229492e+00
6.284872770309448242e+00
6.287587642669677734e+00
6.289976835250854492e+00
6.292586803436279297e+00
6.294995784759521484e+00
6.297747135162353516e+00
6.300355195999145508e+00
6.303114175796508789e+00
6.305752515792846680e+00
6.308552503585815430e+00
6.311594009399414062e+00
6.314665079116821289e+00
6.317244529724121094e+00
6.320001125335693359e+00
6.322498559951782227e+00
6.324894666671752930e+00
6.328052997589111328e+00
6.330737113952636719e+00
6.333883285522460938e+00
6.337002038955688477e+00
6.340020418167114258e+00
6.343749046325683594e+00
6.346734285354614258e+00
6.349359512329101562e+00
6.351965665817260742e+00
6.354344844818115234e+00
6.357105731964111328e+00
6.360162734985351562e+00
6.362611055374145508e+00
6.364962100982666016e+00
6.367398500442504883e+00
6.370450019836425781e+00
6.373443603515625000e+00
6.376108407974243164e+00
6.378746032714843750e+00
6.381631612777709961e+00
6.384587526321411133e+00
6.386991739273071289e+00
6.389990806579589844e+00
6.392996072769165039e+00
6.395872831344604492e+00
6.398615837097167969e+00
6.401444911956787109e+00
6.403996944427490234e+00
6.407148838043212891e+00
6.409987688064575195e+00
6.412749290466308594e+00
6.415365219116210938e+00
6.418016433715820312e+00
6.420612573623657227e+00
6.423078536987304688e+00
6.425971508026123047e+00
6.428612470626831055e+00
6.430989027023315430e+00
6.433726787567138672e+00
6.436350584030151367e+00
6.438992500305175781e+00
6.441741228103637695e+00
6.444686412811279297e+00
6.447729110717773438e+00
6.450198411941528320e+00
6.452575683593750000e+00
6.454911947250366211e+00
6.457229852676391602e+00
6.459574699401855469e+00
6.461959600448608398e+00
6.464693546295166016e+00
6.467245340347290039e+00
6.469853162765502930e+00
6.472638845443725586e+00
6.475638628005981445e+00
6.478612184524536133e+00
6.481337547302246094e+00
6.484307050704956055e+00
6.486984968185424805e+00
6.489577054977416992e+00
6.492113351821899414e+00
6.494974374771118164e+00
6.497973680496215820e+00
6.501297235488891602e+00
6.504683017730712891e+00
6.507798194885253906e+00
6.511006593704223633e+00
6.514617919921875000e+00
6.517736673355102539e+00
6.520617008209228516e+00
6.523923158645629883e+00
6.526882171630859375e+00
6.529999494552612305e+00
6.532986164093017578e+00
6.535960912704467773e+00
6.539448261260986328e+00
6.542446374893188477e+00
6.545603990554809570e+00
6.548583745956420898e+00
6.551600217819213867e+00
6.553949356079101562e+00
6.556577205657958984e+00
6.559446334838867188e+00
6.562423467636108398e+00
6.565074443817138672e+00
6.567577362060546875e+00
6.570227861404418945e+00
6.572989463806152344e+00
6.575741767883300781e+00
6.578601360321044922e+00
6.582015514373779297e+00
6.584986925125122070e+00
6.587729692459106445e+00
6.590351581573486328e+00
6.593272209167480469e+00
6.596807956695556641e+00
6.600471735000610352e+00
6.603920936584472656e+00
6.607185125350952148e+00
6.610462188720703125e+00
6.613642454147338867e+00
6.616376876831054688e+00
6.619265794754028320e+00
6.622867822647094727e+00
6.625842332839965820e+00
6.628859996795654297e+00
6.631663322448730469e+00
6.634600400924682617e+00
6.637731075286865234e+00
6.640868902206420898e+00
6.643712997436523438e+00
6.646354198455810547e+00
6.649120569229125977e+00
6.651992082595825195e+00
6.654976844787597656e+00
6.657878160476684570e+00
6.660985469818115234e+00
6.663998126983642578e+00
6.666974544525146484e+00
6.670686244964599609e+00
6.674499034881591797e+00
6.677630186080932617e+00
6.680617094039916992e+00
6.683447122573852539e+00
6.686434507369995117e+00
6.689125776290893555e+00
6.691743850708007812e+00
6.694601297378540039e+00
6.697602272033691406e+00
6.700623035430908203e+00
6.703747749328613281e+00
6.706828594207763672e+00
6.710272312164306641e+00
6.713661670684814453e+00
6.717117547988891602e+00
6.720676422119140625e+00
6.724091053009033203e+00
6.726970911026000977e+00
6.729320526123046875e+00
6.731974363327026367e+00
6.734735965728759766e+00
6.737322568893432617e+00
6.739977836608886719e+00
6.742576837539672852e+00
6.745268344879150391e+00
6.747984170913696289e+00
6.751485586166381836e+00
6.753936767578125000e+00
6.756606578826904297e+00
6.759068489074707031e+00
6.761858463287353516e+00
6.764602899551391602e+00
6.766965866088867188e+00
6.769576072692871094e+00
6.771830797195434570e+00
6.774079799652099609e+00
6.776472091674804688e+00
6.778844594955444336e+00
6.781195640563964844e+00
6.783602237701416016e+00
6.785830497741699219e+00
6.788228034973144531e+00
6.790849924087524414e+00
6.793577194213867188e+00
6.796444177627563477e+00
6.799091100692749023e+00
6.801940679550170898e+00
6.804217815399169922e+00
6.806578874588012695e+00
6.809199810028076172e+00
6.811581611633300781e+00
6.814075469970703125e+00
6.816606044769287109e+00
6.818982124328613281e+00
6.821336746215820312e+00
6.823604583740234375e+00
6.826086997985839844e+00
6.829002380371093750e+00
6.831939220428466797e+00
6.834222316741943359e+00
6.837040662765502930e+00
6.839727401733398438e+00
6.842334985733032227e+00
6.844705581665039062e+00
6.847241878509521484e+00
6.849853277206420898e+00
6.852340459823608398e+00
6.854691267013549805e+00
6.857642650604248047e+00
6.860656023025512695e+00
6.863820075988769531e+00
6.866210699081420898e+00
6.869021654129028320e+00
6.872123956680297852e+00
6.874858617782592773e+00
6.877747058868408203e+00
6.880495309829711914e+00
6.883158445358276367e+00
6.885721445083618164e+00
6.888355016708374023e+00
6.890990257263183594e+00
6.894273042678833008e+00
6.897359371185302734e+00
6.899991273880004883e+00
6.902734994888305664e+00
6.905668258666992188e+00
6.908602476119995117e+00
6.911356687545776367e+00
6.914117574691772461e+00
6.916978359222412109e+00
6.919993400573730469e+00
6.922853469848632812e+00
6.925982475280761719e+00
6.928726434707641602e+00
6.931434392929077148e+00
6.934243202209472656e+00
6.936971187591552734e+00
6.939589500427246094e+00
6.942220926284790039e+00
6.944738149642944336e+00
6.948146104812622070e+00
6.951449394226074219e+00
6.954629182815551758e+00
6.957746505737304688e+00
6.960741281509399414e+00
6.963349580764770508e+00
6.965690374374389648e+00
6.968582153320312500e+00
6.971297740936279297e+00
6.973831176757812500e+00
6.976686239242553711e+00
6.979277849197387695e+00
6.981969594955444336e+00
6.984315156936645508e+00
6.986777782440185547e+00
6.989577770233154297e+00
6.991991519927978516e+00
6.994936704635620117e+00
6.997206926345825195e+00
6.999768972396850586e+00
7.002363204956054688e+00
7.004932880401611328e+00
7.007338285446166992e+00
7.009707450866699219e+00
7.012513399124145508e+00
7.014940023422241211e+00
7.017422914505004883e+00
7.019945859909057617e+00
7.022425174713134766e+00
7.025095462799072266e+00
7.027579307556152344e+00
7.029937505722045898e+00
7.032203912734985352e+00
7.034576416015625000e+00
7.037109136581420898e+00
7.039641857147216797e+00
7.042585611343383789e+00
7.044964551925659180e+00
7.047340393066406250e+00
7.049576997756958008e+00
7.051941394805908203e+00
7.054217815399169922e+00
7.057034969329833984e+00
7.059976577758789062e+00
7.062198877334594727e+00
7.064578056335449219e+00
7.066854000091552734e+00
7.069190740585327148e+00
7.071643114089965820e+00
7.074619531631469727e+00
7.077191829681396484e+00
7.079590082168579102e+00
7.081930637359619141e+00
7.084445714950561523e+00
7.087343692779541016e+00
7.089720726013183594e+00
7.092369556427001953e+00
7.095296621322631836e+00
7.097833395004272461e+00
7.100580453872680664e+00
7.103346347808837891e+00
7.105837583541870117e+00
7.108581304550170898e+00
7.111223936080932617e+00
7.113942861557006836e+00
7.116712570190429688e+00
7.119642257690429688e+00
7.122604608535766602e+00
7.125598430633544922e+00
7.128425359725952148e+00
7.130958557128906250e+00
7.133578777313232422e+00
7.136235952377319336e+00
7.139119386672973633e+00
7.142373561859130859e+00
7.145338535308837891e+00
7.147978305816650391e+00
7.150975704193115234e+00
7.153576850891113281e+00
7.155936956405639648e+00
7.158576965332031250e+00
7.160854101181030273e+00
7.163283824920654297e+00
7.165971040725708008e+00
7.168229818344116211e+00
7.170577764511108398e+00
7.173017501831054688e+00
7.175688982009887695e+00
7.177961587905883789e+00
7.180315017700195312e+00
7.182710170745849609e+00
7.185422420501708984e+00
7.187929391860961914e+00
7.190325260162353516e+00
7.192708015441894531e+00
7.195297956466674805e+00
7.197850704193115234e+00
7.200755834579467773e+00
7.203741550445556641e+00
7.206637144088745117e+00
7.209743976593017578e+00
7.212365865707397461e+00
7.215138673782348633e+00
7.217996358871459961e+00
7.220973014831542969e+00
7.223725795745849609e+00
7.226722955703735352e+00
7.229356050491333008e+00
7.232353687286376953e+00
7.235137462615966797e+00
7.237981319427490234e+00
7.241116285324096680e+00
7.243995428085327148e+00
7.246871232986450195e+00
7.249739646911621094e+00
7.252371549606323242e+00
7.254963874816894531e+00
7.258201122283935547e+00
7.261405229568481445e+00
7.264113664627075195e+00
7.267729520797729492e+00
7.270953178405761719e+00
7.273989915847778320e+00
7.277657985687255859e+00
7.281158447265625000e+00
7.283846616744995117e+00
7.286591529846191406e+00
7.289366722106933594e+00
7.292422056198120117e+00
7.296096801757812500e+00
7.298980951309204102e+00
7.302670717239379883e+00
7.305869340896606445e+00
7.308742046356201172e+00
7.311355829238891602e+00
7.314370870590209961e+00
7.317368030548095703e+00
7.319988012313842773e+00
7.322721004486083984e+00
7.325367689132690430e+00
7.328606128692626953e+00
7.331339120864868164e+00
7.333962202072143555e+00
7.336588859558105469e+00
7.339107990264892578e+00
7.341750860214233398e+00
7.344739913940429688e+00
7.347914218902587891e+00
7.350739002227783203e+00
7.353738546371459961e+00
7.356997013092041016e+00
7.360371351242065430e+00
7.363371133804321289e+00
7.365984201431274414e+00
7.368739604949951172e+00
7.371360063552856445e+00
7.373961687088012695e+00
7.376602888107299805e+00
7.379356384277343750e+00
7.382007122039794922e+00
7.384986639022827148e+00
7.387733221054077148e+00
7.390437841415405273e+00
7.393172025680541992e+00
7.396105051040649414e+00
7.399145126342773438e+00
7.401967525482177734e+00
7.404826879501342773e+00
7.407595396041870117e+00
7.410328626632690430e+00
7.412981510162353516e+00
7.415980339050292969e+00
7.419118642807006836e+00
7.422113418579101562e+00
7.424979925155639648e+00
7.428105592727661133e+00
7.431250333786010742e+00
7.433973789215087891e+00
7.436976671218872070e+00
7.439732789993286133e+00
7.442402839660644531e+00
7.444988489151000977e+00
7.447816371917724609e+00
7.450878620147705078e+00
7.453729867935180664e+00
7.456394433975219727e+00
7.459595680236816406e+00
7.462836265563964844e+00
7.465737581253051758e+00
7.468581676483154297e+00
7.471246242523193359e+00
7.473719358444213867e+00
7.476583957672119141e+00
7.479609966278076172e+00
7.482186079025268555e+00
7.484715938568115234e+00
7.487339973449707031e+00
7.489932060241699219e+00
7.492578506469726562e+00
7.494721651077270508e+00
7.497207403182983398e+00
7.499993324279785156e+00
7.502993345260620117e+00
7.505560159683227539e+00
7.507983446121215820e+00
7.510580062866210938e+00
7.513187885284423828e+00
7.516026735305786133e+00
7.518976211547851562e+00
7.521578073501586914e+00
7.523936748504638672e+00
7.526201725006103516e+00
7.528551816940307617e+00
7.530934810638427734e+00
7.533965110778808594e+00
7.536207199096679688e+00
7.538575410842895508e+00
7.541285037994384766e+00
7.544150114059448242e+00
7.546579122543334961e+00
7.549360275268554688e+00
7.552216529846191406e+00
7.554752111434936523e+00
7.557648420333862305e+00
7.561217546463012695e+00
7.564634561538696289e+00
7.568168163299560547e+00
7.571686506271362305e+00
7.575037956237792969e+00
7.578375101089477539e+00
7.581231594085693359e+00
7.584254264831542969e+00
7.587647199630737305e+00
7.590734004974365234e+00
7.593347549438476562e+00
7.596000909805297852e+00
7.598963260650634766e+00
7.601578950881958008e+00
7.604614257812500000e+00
7.607683181762695312e+00
7.610729932785034180e+00
7.613734483718872070e+00
7.616735935211181641e+00
7.619591712951660156e+00
7.622355461120605469e+00
7.625690937042236328e+00
7.628732442855834961e+00
7.631358861923217773e+00
7.634100675582885742e+00
7.637376070022583008e+00
7.640305280685424805e+00
7.643707752227783203e+00
7.646651506423950195e+00
7.650203466415405273e+00
7.653372287750244141e+00
7.656121492385864258e+00
7.658972501754760742e+00
7.661734342575073242e+00
7.664351701736450195e+00
7.667122840881347656e+00
7.670115232467651367e+00
7.672993898391723633e+00
7.675983190536499023e+00
7.678971767425537109e+00
7.681988477706909180e+00
7.684987783432006836e+00
7.687973499298095703e+00
7.690715074539184570e+00
7.693741083145141602e+00
7.697165489196777344e+00
7.699953317642211914e+00
7.702756404876708984e+00
7.705383300781250000e+00
7.708119392395019531e+00
7.710726261138916016e+00
7.713380575180053711e+00
7.715986967086791992e+00
7.718975782394409180e+00
7.721724271774291992e+00
7.725097417831420898e+00
7.728629827499389648e+00
7.731338262557983398e+00
7.733718633651733398e+00
7.736576318740844727e+00
7.739341259002685547e+00
7.741957902908325195e+00
7.744317293167114258e+00
7.746937990188598633e+00
7.749580383300781250e+00
7.751969099044799805e+00
7.754218578338623047e+00
7.756578922271728516e+00
7.759384155273437500e+00
7.761963844299316406e+00
7.764215469360351562e+00
7.766962289810180664e+00
7.769966602325439453e+00
7.772324562072753906e+00
7.774953365325927734e+00
7.777207612991333008e+00
7.779647350311279297e+00
7.782307863235473633e+00
7.785348176956176758e+00
7.787960529327392578e+00
7.790305614471435547e+00
7.793232679367065430e+00
7.795987129211425781e+00
7.799001932144165039e+00
7.801761627197265625e+00
7.804602384567260742e+00
7.807625293731689453e+00
7.810602664947509766e+00
7.813738584518432617e+00
7.816353082656860352e+00
7.818988323211669922e+00
7.822001218795776367e+00
7.825100421905517578e+00
7.827984094619750977e+00
7.830730199813842773e+00
7.833602190017700195e+00
7.836577415466308594e+00
7.839351177215576172e+00
7.842350959777832031e+00
7.845102310180664062e+00
7.847599029541015625e+00
7.850565195083618164e+00
7.853351116180419922e+00
7.855957984924316406e+00
7.858565092086791992e+00
7.860971212387084961e+00
7.863694429397583008e+00
7.866349458694458008e+00
7.868954658508300781e+00
7.871590375900268555e+00
7.873958587646484375e+00
7.876979112625122070e+00
7.879739284515380859e+00
7.882603168487548828e+00
7.885341882705688477e+00
7.887985229492187500e+00
7.890727281570434570e+00
7.894250392913818359e+00
7.896993160247802734e+00
7.899746656417846680e+00
7.902357816696166992e+00
7.904969930648803711e+00
7.907823562622070312e+00
7.910609483718872070e+00
7.913347482681274414e+00
7.915968894958496094e+00
7.918726205825805664e+00
7.921344041824340820e+00
7.923963785171508789e+00
7.926717281341552734e+00
7.929722785949707031e+00
7.932350397109985352e+00
7.934954404830932617e+00
7.937732696533203125e+00
7.940577507019042969e+00
7.943626642227172852e+00
7.946364164352416992e+00
7.949231386184692383e+00
7.951954603195190430e+00
7.954329490661621094e+00
7.956959009170532227e+00
7.959589958190917969e+00
7.962057352066040039e+00
7.964739799499511719e+00
7.967566013336181641e+00
7.970098257064819336e+00
7.972705841064453125e+00
7.975581407546997070e+00
7.978337287902832031e+00
7.980986595153808594e+00
7.983960151672363281e+00
7.986741065979003906e+00
7.989719152450561523e+00
7.992603302001953125e+00
7.995577812194824219e+00
7.998577594757080078e+00
8.001331329345703125e+00
8.003985881805419922e+00
8.006856918334960938e+00
8.009721994400024414e+00
8.012360095977783203e+00
8.014938831329345703e+00
8.017709016799926758e+00
8.020608425140380859e+00
8.023578882217407227e+00
8.027143955230712891e+00
8.030645370483398438e+00
8.034177541732788086e+00
8.037108659744262695e+00
8.039730072021484375e+00
8.042605161666870117e+00
8.046185255050659180e+00
8.049578428268432617e+00
8.052851200103759766e+00
8.055852174758911133e+00
8.058738470077514648e+00
8.061608791351318359e+00
8.064881086349487305e+00
8.067970275878906250e+00
8.070204973220825195e+00
8.072695016860961914e+00
8.075335741043090820e+00
8.077833890914916992e+00
8.080559968948364258e+00
8.082946062088012695e+00
8.085554599761962891e+00
8.088566303253173828e+00
8.090992450714111328e+00
8.094654321670532227e+00
8.097726106643676758e+00
8.100739955902099609e+00
8.104123592376708984e+00
8.106966018676757812e+00
8.109982490539550781e+00
8.112730503082275391e+00
8.115741491317749023e+00
8.118566513061523438e+00
8.121351480484008789e+00
8.124720335006713867e+00
8.128242969512939453e+00
8.131086349487304688e+00
8.134108066558837891e+00
8.136989831924438477e+00
8.139724493026733398e+00
8.142579793930053711e+00
8.146217107772827148e+00
8.149214029312133789e+00
8.151631832122802734e+00
8.154202461242675781e+00
8.156841516494750977e+00
8.159708499908447266e+00
8.163142204284667969e+00
8.166279792785644531e+00
8.169357776641845703e+00
8.172265291213989258e+00
8.175089597702026367e+00
8.177729368209838867e+00
8.180355548858642578e+00
8.182964563369750977e+00
8.185976266860961914e+00
8.188979864120483398e+00
8.191730737686157227e+00
8.194625854492187500e+00
8.198136329650878906e+00
8.200966596603393555e+00
8.204623222351074219e+00
8.207283496856689453e+00
8.210070610046386719e+00
8.212589979171752930e+00
8.214965581893920898e+00
8.217553615570068359e+00
8.219939708709716797e+00
8.222177743911743164e+00
8.225007534027099609e+00
8.227582693099975586e+00
8.229961395263671875e+00
8.232205867767333984e+00
8.234554529190063477e+00
8.237371683120727539e+00
8.240023612976074219e+00
8.242941141128540039e+00
8.245189666748046875e+00
8.247579813003540039e+00
8.250369071960449219e+00
8.252945899963378906e+00
8.255229473114013672e+00
8.258120775222778320e+00
8.260973930358886719e+00
8.264003992080688477e+00
8.267131805419921875e+00
8.269580602645874023e+00
8.271939754486083984e+00
8.274285078048706055e+00
8.276963233947753906e+00
8.279291868209838867e+00
8.281924247741699219e+00
8.284399747848510742e+00
8.286983013153076172e+00
8.289954900741577148e+00
8.293032646179199219e+00
8.295637369155883789e+00
8.298556804656982422e+00
8.301196813583374023e+00
8.304140090942382812e+00
8.306694746017456055e+00
8.309727430343627930e+00
8.313177108764648438e+00
8.316600084304809570e+00
8.319357633590698242e+00
8.322104454040527344e+00
8.325619459152221680e+00
8.329948425292968750e+00
8.332337617874145508e+00
8.334955692291259766e+00
8.337555646896362305e+00
8.339959144592285156e+00
8.342610597610473633e+00
8.345721960067749023e+00
8.348610639572143555e+00
8.351942539215087891e+00
8.355412244796752930e+00
8.359313249588012695e+00
8.363566398620605469e+00
8.367752313613891602e+00
8.371667146682739258e+00
8.375692844390869141e+00
8.378975152969360352e+00
8.383019685745239258e+00
8.387375831604003906e+00
8.392169475555419922e+00
8.396686315536499023e+00
8.400388717651367188e+00
8.405762434005737305e+00
8.413257598876953125e+00
8.421592950820922852e+00
8.430381059646606445e+00
8.438992500305175781e+00
8.447511196136474609e+00
8.456158161163330078e+00
8.464361190795898438e+00
8.473494052886962891e+00
8.482362747192382812e+00
8.491330623626708984e+00
8.500011444091796875e+00
8.509024143218994141e+00
8.517316102981567383e+00
8.525567054748535156e+00
8.533573389053344727e+00
8.543378591537475586e+00
8.552634477615356445e+00
8.561628103256225586e+00
8.570504665374755859e+00
8.578868627548217773e+00
8.587880134582519531e+00
8.596397876739501953e+00
8.605364322662353516e+00
8.614508867263793945e+00
8.622972726821899414e+00
8.632035970687866211e+00
8.640252351760864258e+00
8.649212837219238281e+00
8.658277511596679688e+00
8.667144775390625000e+00
8.676003932952880859e+00
8.684699296951293945e+00
8.693206071853637695e+00
8.701214790344238281e+00
8.709994077682495117e+00
8.718626499176025391e+00
8.726785659790039062e+00
8.735439300537109375e+00
8.744178771972656250e+00
8.752913951873779297e+00
8.761640071868896484e+00
8.769890069961547852e+00
8.778869390487670898e+00
8.787863016128540039e+00
8.796648502349853516e+00
8.805305004119873047e+00
8.813879966735839844e+00
8.822865247726440430e+00
8.831532001495361328e+00
8.839414834976196289e+00
8.847921609878540039e+00
8.856374979019165039e+00
8.865137338638305664e+00
8.873858213424682617e+00
8.883073091506958008e+00
8.892981767654418945e+00
8.902557611465454102e+00
8.911970853805541992e+00
8.920982837677001953e+00
8.929877996444702148e+00
8.939324855804443359e+00
8.948610067367553711e+00
8.957813262939453125e+00
8.966704845428466797e+00
8.974580049514770508e+00
8.982714653015136719e+00
8.991203308105468750e+00
9.000310897827148438e+00
9.009472131729125977e+00
9.017565965652465820e+00
9.025838851928710938e+00
9.033946990966796875e+00
9.042541027069091797e+00
9.050845384597778320e+00
9.059631109237670898e+00
9.068410158157348633e+00
9.077539920806884766e+00
9.086369037628173828e+00
9.095551252365112305e+00
9.104309558868408203e+00
9.112842559814453125e+00
9.120131492614746094e+00
9.127290010452270508e+00
9.134881496429443359e+00
9.142361879348754883e+00
9.150140523910522461e+00
9.158127784729003906e+00
9.165739059448242188e+00
9.173379182815551758e+00
9.181012630462646484e+00
9.187969446182250977e+00
9.195258140563964844e+00
9.203384637832641602e+00
9.211197853088378906e+00
9.218395948410034180e+00
9.225781917572021484e+00
9.233261823654174805e+00
9.241055488586425781e+00
9.247883081436157227e+00
9.255315303802490234e+00
9.262352228164672852e+00
9.270117998123168945e+00
9.278107881546020508e+00
9.285354852676391602e+00
9.292856931686401367e+00
9.300118207931518555e+00
9.307886362075805664e+00
9.314849853515625000e+00
9.322354793548583984e+00
9.330274820327758789e+00
9.337591648101806641e+00
9.345176696777343750e+00
9.352922916412353516e+00
9.360757827758789062e+00
9.367735862731933594e+00
9.374067783355712891e+00
9.380870580673217773e+00
9.387879133224487305e+00
9.395284891128540039e+00
9.402862548828125000e+00
9.410229921340942383e+00
9.417377710342407227e+00
9.424761533737182617e+00
9.432232379913330078e+00
9.440007686614990234e+00
9.447313547134399414e+00
9.454882144927978516e+00
9.462445735931396484e+00
9.470265626907348633e+00
9.478022098541259766e+00
9.485394954681396484e+00
9.493050813674926758e+00
9.500342607498168945e+00
9.508342742919921875e+00
9.515843152999877930e+00
9.522753715515136719e+00
9.529988050460815430e+00
9.536760807037353516e+00
9.543163776397705078e+00
9.550033330917358398e+00
9.557104349136352539e+00
9.564054489135742188e+00
9.571020364761352539e+00
9.578103065490722656e+00
9.585313558578491211e+00
9.600235939025878906e+00
9.609718799591064453e+00
9.613438844680786133e+00
9.617008686065673828e+00
9.620738506317138672e+00
9.624619960784912109e+00
9.628258228302001953e+00
9.631796121597290039e+00
9.634983777999877930e+00
9.638083457946777344e+00
9.641367673873901367e+00
9.644219398498535156e+00
9.646955728530883789e+00
9.649958372116088867e+00
9.653327465057373047e+00
9.656080961227416992e+00
9.659280061721801758e+00
9.661988496780395508e+00
9.665126085281372070e+00
9.668345689773559570e+00
9.670812845230102539e+00
9.673068523406982422e+00
9.675557136535644531e+00
9.677910566329956055e+00
9.680191278457641602e+00
9.682427883148193359e+00
9.684945583343505859e+00
9.687914133071899414e+00
9.690157890319824219e+00
9.692728042602539062e+00
9.694926261901855469e+00
9.697692632675170898e+00
9.700196981430053711e+00
9.702947139739990234e+00
9.705300331115722656e+00
9.708189249038696289e+00
9.710691928863525391e+00
9.713172435760498047e+00
9.715530872344970703e+00
9.717910528182983398e+00
9.720178365707397461e+00
9.722532272338867188e+00
9.724949121475219727e+00
9.728388071060180664e+00
9.731771230697631836e+00
9.735085964202880859e+00
9.738095283508300781e+00
9.740940570831298828e+00
9.744201421737670898e+00
9.747122764587402344e+00
9.750613689422607422e+00
9.753573417663574219e+00
9.756585359573364258e+00
9.759583950042724609e+00
9.762788772583007812e+00
9.766632080078125000e+00
9.769544839859008789e+00
9.772593021392822266e+00
9.775632143020629883e+00
9.778596162796020508e+00
9.781573772430419922e+00
9.784636497497558594e+00
9.787688255310058594e+00
9.790693283081054688e+00
9.794129371643066406e+00
9.797727346420288086e+00
9.800536632537841797e+00
9.803585767745971680e+00
9.806583642959594727e+00
9.809973955154418945e+00
9.813672780990600586e+00
9.817145824432373047e+00
9.820211648941040039e+00
9.822968482971191406e+00
9.825719833374023438e+00
9.829096555709838867e+00
9.831758260726928711e+00
9.834339380264282227e+00
9.836958885192871094e+00
9.839715719223022461e+00
9.842697620391845703e+00
9.845721244812011719e+00
9.848729133605957031e+00
9.851715564727783203e+00
9.854325771331787109e+00
9.857025384902954102e+00
9.860213041305541992e+00
9.863614797592163086e+00
9.866961717605590820e+00
9.870062351226806641e+00
9.872956752777099609e+00
9.876618146896362305e+00
9.879765272140502930e+00
9.882312297821044922e+00
9.884968757629394531e+00
9.887721061706542969e+00
9.890719175338745117e+00
9.894295930862426758e+00
9.897706508636474609e+00
9.900972843170166016e+00
9.904265880584716797e+00
9.907222747802734375e+00
9.910618066787719727e+00
9.913584470748901367e+00
9.916707515716552734e+00
9.919342279434204102e+00
9.921969413757324219e+00
9.925631284713745117e+00
9.928943872451782227e+00
9.932218313217163086e+00
9.935620784759521484e+00
9.938708305358886719e+00
9.941858530044555664e+00
9.945116996765136719e+00
9.948610305786132812e+00
9.951827526092529297e+00
9.954720258712768555e+00
9.957349538803100586e+00
9.960340261459350586e+00
9.962970256805419922e+00
9.965980291366577148e+00
9.968981504440307617e+00
9.972125530242919922e+00
9.975629329681396484e+00
9.979093313217163086e+00
9.981692314147949219e+00
9.984332799911499023e+00
9.986951112747192383e+00
9.990182876586914062e+00
9.994127511978149414e+00
9.996970415115356445e+00
9.999917268753051758e+00
1.000355958938598633e+01
1.000658440589904785e+01
1.000972032546997070e+01
1.001234459877014160e+01
1.001533699035644531e+01
1.001795482635498047e+01
1.002109289169311523e+01
1.002458667755126953e+01
1.002759027481079102e+01
1.003060007095336914e+01
1.003317379951477051e+01
1.003554129600524902e+01
1.003793787956237793e+01
1.004042243957519531e+01
1.004371881484985352e+01
1.004670286178588867e+01
1.004958415031433105e+01
1.005267548561096191e+01
1.005533742904663086e+01
1.005807900428771973e+01
1.006070089340209961e+01
1.006409692764282227e+01
1.006697916984558105e+01
1.006970286369323730e+01
1.007219624519348145e+01
1.007507443428039551e+01
1.007832455635070801e+01
1.008093404769897461e+01
1.008355903625488281e+01
1.008646988868713379e+01
1.008933806419372559e+01
1.009267044067382812e+01
1.009596586227416992e+01
1.009933805465698242e+01
1.010258555412292480e+01
1.010564303398132324e+01
1.010868573188781738e+01
1.011123371124267578e+01
1.011460494995117188e+01
1.011733508110046387e+01
1.012024807929992676e+01
1.012359094619750977e+01
1.012657546997070312e+01
1.012957334518432617e+01
1.013296103477478027e+01
1.013660788536071777e+01
1.013962244987487793e+01
1.014259266853332520e+01
1.014558172225952148e+01
1.014859294891357422e+01
1.015162038803100586e+01
1.015455722808837891e+01
1.015808367729187012e+01
1.016053390502929688e+01
1.016358375549316406e+01
1.016631293296813965e+01
1.016963100433349609e+01
1.017283320426940918e+01
1.017661905288696289e+01
1.017956066131591797e+01
1.018255853652954102e+01
1.018554663658142090e+01
1.018802595138549805e+01
1.019094324111938477e+01
1.019395351409912109e+01
1.019697141647338867e+01
1.019970560073852539e+01
1.020233702659606934e+01
1.020519828796386719e+01
1.020833897590637207e+01
1.021135902404785156e+01
1.021396470069885254e+01
1.021708726882934570e+01
1.022023582458496094e+01
1.022357797622680664e+01
1.022647023200988770e+01
1.022970724105834961e+01
1.023271536827087402e+01
1.023535370826721191e+01
1.023795080184936523e+01
1.024131774902343750e+01
1.024394726753234863e+01
1.024693012237548828e+01
1.024953556060791016e+01
1.025202083587646484e+01
1.025455975532531738e+01
1.025733470916748047e+01
1.025991797447204590e+01
1.026253581047058105e+01
1.026556277275085449e+01
1.026830887794494629e+01
1.027093696594238281e+01
1.027356219291687012e+01
1.027593755722045898e+01
1.027818274497985840e+01
1.028098654747009277e+01
1.028402066230773926e+01
1.028696131706237793e+01
1.028953361511230469e+01
1.029270029067993164e+01
1.029556846618652344e+01
1.029859137535095215e+01
1.030119228363037109e+01
1.030353426933288574e+01
1.030617713928222656e+01
1.030892443656921387e+01
1.031122159957885742e+01
1.031366848945617676e+01
1.031617403030395508e+01
1.031853318214416504e+01
1.032117295265197754e+01
1.032395267486572266e+01
1.032681632041931152e+01
1.032928442955017090e+01
1.033194088935852051e+01
1.033417773246765137e+01
1.033656692504882812e+01
1.033921003341674805e+01
1.034155917167663574e+01
1.034393310546875000e+01
1.034631633758544922e+01
1.034889340400695801e+01
1.035120582580566406e+01
1.035392427444458008e+01
1.035702896118164062e+01
1.035953450202941895e+01
1.036233282089233398e+01
1.036532068252563477e+01
1.036798954010009766e+01
1.037069439888000488e+01
1.037317013740539551e+01
1.037570357322692871e+01
1.037832927703857422e+01
1.038081550598144531e+01
1.038318490982055664e+01
1.038581681251525879e+01
1.038867640495300293e+01
1.039122843742370605e+01
1.039381670951843262e+01
1.039656448364257812e+01
1.039894199371337891e+01
1.040153431892395020e+01
1.040391969680786133e+01
1.040618419647216797e+01
1.040892267227172852e+01
1.041201782226562500e+01
1.041461634635925293e+01
1.041717505455017090e+01
1.041995668411254883e+01
1.042290282249450684e+01
1.042553615570068359e+01
1.042791938781738281e+01
1.043016743659973145e+01
1.043267989158630371e+01
1.043527698516845703e+01
1.043765115737915039e+01
1.044019389152526855e+01
1.044256067276000977e+01
1.044517207145690918e+01
1.044799447059631348e+01
1.045055937767028809e+01
1.045319557189941406e+01
1.045553398132324219e+01
1.045827817916870117e+01
1.046081161499023438e+01
1.046323943138122559e+01
1.046591711044311523e+01
1.046817636489868164e+01
1.047055983543395996e+01
1.047317385673522949e+01
1.047631311416625977e+01
1.047866702079772949e+01
1.048121047019958496e+01
1.048396873474121094e+01
1.048667073249816895e+01
1.048917317390441895e+01
1.049201798439025879e+01
1.049456000328063965e+01
1.049717473983764648e+01
1.049953436851501465e+01
1.050230407714843750e+01
1.050472950935363770e+01
1.050734639167785645e+01
1.050991463661193848e+01
1.051259613037109375e+01
1.051554679870605469e+01
1.051838374137878418e+01
1.052092146873474121e+01
1.052335071563720703e+01
1.052631354331970215e+01
1.052895331382751465e+01
1.053167629241943359e+01
1.053432202339172363e+01
1.053708672523498535e+01
1.053968858718872070e+01
1.054256105422973633e+01
1.054531764984130859e+01
1.054794740676879883e+01
1.055053448677062988e+01
1.055331563949584961e+01
1.055595254898071289e+01
1.055963253974914551e+01
1.056263947486877441e+01
1.056557035446166992e+01
1.056874132156372070e+01
1.057135987281799316e+01
1.057422065734863281e+01
1.057733726501464844e+01
1.058012628555297852e+01
1.058362507820129395e+01
1.058687448501586914e+01
1.059018349647521973e+01
1.059361124038696289e+01
1.059667801856994629e+01
1.059932327270507812e+01
1.060207343101501465e+01
1.060494732856750488e+01
1.060793113708496094e+01
1.061030483245849609e+01
1.061266779899597168e+01
1.061490368843078613e+01
1.061717462539672852e+01
1.061953234672546387e+01
1.062192916870117188e+01
1.062429523468017578e+01
1.062653374671936035e+01
1.062891530990600586e+01
1.063119721412658691e+01
1.063356065750122070e+01
1.063591670989990234e+01
1.063818717002868652e+01
1.064056038856506348e+01
1.064291906356811523e+01
1.064517331123352051e+01
1.064755940437316895e+01
1.064991879463195801e+01
1.065216994285583496e+01
1.065453267097473145e+01
1.065704107284545898e+01
1.065953588485717773e+01
1.066191840171813965e+01
1.066427612304687500e+01
1.066655993461608887e+01
1.066866183280944824e+01
1.067091798782348633e+01
1.067323756217956543e+01
1.067555999755859375e+01
1.067764496803283691e+01
1.068015170097351074e+01
1.068255996704101562e+01
1.068466377258300781e+01
1.068689727783203125e+01
1.068916630744934082e+01
1.069181275367736816e+01
1.069390726089477539e+01
1.069616317749023438e+01
1.069855952262878418e+01
1.070064926147460938e+01
1.070322203636169434e+01
1.070555949211120605e+01
1.070814204216003418e+01
1.071053433418273926e+01
1.071280980110168457e+01
1.071516656875610352e+01
1.071794152259826660e+01
1.072066760063171387e+01
1.072331953048706055e+01
1.072728896141052246e+01
1.073033142089843750e+01
1.073360943794250488e+01
1.073670530319213867e+01
1.073969602584838867e+01
1.074231052398681641e+01
1.074507856369018555e+01
1.074769043922424316e+01
1.075032377243041992e+01
1.075306248664855957e+01
1.075584387779235840e+01
1.075906729698181152e+01
1.076196408271789551e+01
1.076565217971801758e+01
1.076912713050842285e+01
1.077268409729003906e+01
1.077613139152526855e+01
1.077893567085266113e+01
1.078168082237243652e+01
1.078484654426574707e+01
1.078862500190734863e+01
1.079206585884094238e+01
1.079493975639343262e+01
1.079767775535583496e+01
1.080083942413330078e+01
1.080412602424621582e+01
1.080757665634155273e+01
1.081030750274658203e+01
1.081308174133300781e+01
1.081569862365722656e+01
1.081863570213317871e+01
1.082129979133605957e+01
1.082407283782958984e+01
1.082703781127929688e+01
1.082995176315307617e+01
1.083293509483337402e+01
1.083553528785705566e+01
1.083825993537902832e+01
1.084091949462890625e+01
1.084322714805603027e+01
1.084588599205017090e+01
1.084827804565429688e+01
1.085078907012939453e+01
1.085316872596740723e+01
1.085553669929504395e+01
1.085789704322814941e+01
1.086030673980712891e+01
1.086264824867248535e+01
1.086560130119323730e+01
1.086830115318298340e+01
1.087104082107543945e+01
1.087408494949340820e+01
1.087700223922729492e+01
1.087969231605529785e+01
1.088257503509521484e+01
1.088533449172973633e+01
1.088793563842773438e+01
1.089094352722167969e+01
1.089412474632263184e+01
1.089731049537658691e+01
1.090031671524047852e+01
1.090306115150451660e+01
1.090555930137634277e+01
1.090832448005676270e+01
1.091093659400939941e+01
1.091422200202941895e+01
1.091720080375671387e+01
1.092036294937133789e+01
1.092372679710388184e+01
1.092762184143066406e+01
1.093079495429992676e+01
1.093367242813110352e+01
1.093671917915344238e+01
1.093931722640991211e+01
1.094260883331298828e+01
1.094534611701965332e+01
1.094794368743896484e+01
1.095094966888427734e+01
1.095368266105651855e+01
1.095632934570312500e+01
1.095960307121276855e+01
1.096270680427551270e+01
1.096594190597534180e+01
1.096907854080200195e+01
1.097225570678710938e+01
1.097506690025329590e+01
1.097832083702087402e+01
1.098165917396545410e+01
1.098513174057006836e+01
1.098832798004150391e+01
1.099131393432617188e+01
1.099395656585693359e+01
1.099695801734924316e+01
1.099994659423828125e+01
1.100257468223571777e+01
1.100555920600891113e+01
1.100867795944213867e+01
1.101129293441772461e+01
1.101407527923583984e+01
1.101669120788574219e+01
1.101954841613769531e+01
1.102254581451416016e+01
1.102533006668090820e+01
1.102794480323791504e+01
1.103068113327026367e+01
1.103329491615295410e+01
1.103590965270996094e+01
1.103855943679809570e+01
1.104156017303466797e+01
1.104431509971618652e+01
1.104706144332885742e+01
1.104954600334167480e+01
1.105208015441894531e+01
1.105468964576721191e+01
1.105756044387817383e+01
1.106094288825988770e+01
1.106406521797180176e+01
1.106706547737121582e+01
1.107056498527526855e+01
1.107332730293273926e+01
1.107633233070373535e+01
1.107906746864318848e+01
1.108169078826904297e+01
1.108467793464660645e+01
1.108739566802978516e+01
1.109072661399841309e+01
1.109423637390136719e+01
1.109760069847106934e+01
1.110100317001342773e+01
1.110407853126525879e+01
1.110693311691284180e+01
1.110994458198547363e+01
1.111294841766357422e+01
1.111658287048339844e+01
1.112013816833496094e+01
1.112356448173522949e+01
1.112629985809326172e+01
1.112906026840209961e+01
1.113228201866149902e+01
1.113546061515808105e+01
1.113805127143859863e+01
1.114154243469238281e+01
1.114457678794860840e+01
1.114808368682861328e+01
1.115107059478759766e+01
1.115432929992675781e+01
1.115694665908813477e+01
1.116027283668518066e+01
1.116383171081542969e+01
1.116664648056030273e+01
1.116917777061462402e+01
1.117197155952453613e+01
1.117489266395568848e+01
1.117728018760681152e+01
1.117993068695068359e+01
1.118243360519409180e+01
1.118488812446594238e+01
1.118720650672912598e+01
1.119039463996887207e+01
1.119406223297119141e+01
1.119731640815734863e+01
1.120008254051208496e+01
1.120306897163391113e+01
1.120638632774353027e+01
1.120957684516906738e+01
1.121233224868774414e+01
1.121507596969604492e+01
1.121795678138732910e+01
1.122096014022827148e+01
1.122394371032714844e+01
1.122693014144897461e+01
1.122967910766601562e+01
1.123233079910278320e+01
1.123504853248596191e+01
1.123792624473571777e+01
1.124132943153381348e+01
1.124462270736694336e+01
1.124775338172912598e+01
1.125094699859619141e+01
1.125368380546569824e+01
1.125656270980834961e+01
1.125970101356506348e+01
1.126217532157897949e+01
1.126493215560913086e+01
1.126806259155273438e+01
1.127053523063659668e+01
1.127315449714660645e+01
1.127553629875183105e+01
1.127788829803466797e+01
1.128013753890991211e+01
1.128308868408203125e+01
1.128593802452087402e+01
1.128893876075744629e+01
1.129258275032043457e+01
1.129608178138732910e+01
1.129961013793945312e+01
1.130295705795288086e+01
1.130606913566589355e+01
1.130906867980957031e+01
1.131224083900451660e+01
1.131532764434814453e+01
1.131862545013427734e+01
1.132154917716979980e+01
1.132456040382385254e+01
1.132731008529663086e+01
1.133071565628051758e+01
1.133370542526245117e+01
1.133645820617675781e+01
1.133905720710754395e+01
1.134273624420166016e+01
1.134621143341064453e+01
1.134907889366149902e+01
1.135219430923461914e+01
1.135495257377624512e+01
1.135795855522155762e+01
1.136154937744140625e+01
1.136471629142761230e+01
1.136813426017761230e+01
1.137108659744262695e+01
1.137455201148986816e+01
1.137795209884643555e+01
1.138161015510559082e+01
1.138460993766784668e+01
1.138759970664978027e+01
1.139033102989196777e+01
1.139332318305969238e+01
1.139608812332153320e+01
1.139895486831665039e+01
1.140170836448669434e+01
1.140456032752990723e+01
1.140756154060363770e+01
1.141032266616821289e+01
1.141305828094482422e+01
1.141568732261657715e+01
1.141854953765869141e+01
1.142132139205932617e+01
1.142432761192321777e+01
1.142705321311950684e+01
1.142993569374084473e+01
1.143293762207031250e+01
1.143593120574951172e+01
1.143892621994018555e+01
1.144192814826965332e+01
1.144493556022644043e+01
1.144766592979431152e+01
1.145030212402343750e+01
1.145305085182189941e+01
1.145569825172424316e+01
1.145868992805480957e+01
1.146129441261291504e+01
1.146396732330322266e+01
1.146669173240661621e+01
1.146956205368041992e+01
1.147205686569213867e+01
1.147493314743041992e+01
1.147729682922363281e+01
1.148000836372375488e+01
1.148255038261413574e+01
1.148503375053405762e+01
1.148768925666809082e+01
1.149054765701293945e+01
1.149306058883666992e+01
1.149555206298828125e+01
1.149804186820983887e+01
1.150065112113952637e+01
1.150337910652160645e+01
1.150592541694641113e+01
1.150854945182800293e+01
1.151092958450317383e+01
1.151330900192260742e+01
1.151592469215393066e+01
1.151830983161926270e+01
1.152103924751281738e+01
1.152368807792663574e+01
1.152631044387817383e+01
1.152905583381652832e+01
1.153155803680419922e+01
1.153431248664855957e+01
1.153703856468200684e+01
1.154003930091857910e+01
1.154254817962646484e+01
1.154505634307861328e+01
1.154754996299743652e+01
1.155012726783752441e+01
1.155293321609497070e+01
1.155571866035461426e+01
1.155870461463928223e+01
1.156186580657958984e+01
1.156470131874084473e+01
1.156773757934570312e+01
1.157106494903564453e+01
1.157434606552124023e+01
1.157764840126037598e+01
1.158095335960388184e+01
1.158406352996826172e+01
1.158694934844970703e+01
1.159010434150695801e+01
1.159361386299133301e+01
1.159693908691406250e+01
1.160011553764343262e+01
1.160362005233764648e+01
1.160694360733032227e+01
1.160993814468383789e+01
1.161319255828857422e+01
1.161594176292419434e+01
1.161868071556091309e+01
1.162153697013854980e+01
1.162468743324279785e+01
1.162781977653503418e+01
1.163055992126464844e+01
1.163319587707519531e+01
1.163590884208679199e+01
1.163855934143066406e+01
1.164115858078002930e+01
1.164354515075683594e+01
1.164629864692687988e+01
1.164903926849365234e+01
1.165199351310729980e+01
1.165457367897033691e+01
1.165717649459838867e+01
1.165951156616210938e+01
1.166251516342163086e+01
1.166551589965820312e+01
1.166828012466430664e+01
1.167079162597656250e+01
1.167329716682434082e+01
1.167553400993347168e+01
1.167818164825439453e+01
1.168079400062561035e+01
1.168318176269531250e+01
1.168551278114318848e+01
1.168796396255493164e+01
1.169094371795654297e+01
1.169351124763488770e+01
1.169605255126953125e+01
1.169853806495666504e+01
1.170128154754638672e+01
1.170379328727722168e+01
1.170624923706054688e+01
1.170957255363464355e+01
1.171292877197265625e+01
1.171605205535888672e+01
1.171869111061096191e+01
1.172206521034240723e+01
1.172557640075683594e+01
1.172868418693542480e+01
1.173168659210205078e+01
1.173468112945556641e+01
1.173769450187683105e+01
1.174069333076477051e+01
1.174384498596191406e+01
1.174745154380798340e+01
1.175053739547729492e+01
1.175352597236633301e+01
1.175632548332214355e+01
1.175963807106018066e+01
1.176318907737731934e+01
1.176606583595275879e+01
1.176893377304077148e+01
1.177232265472412109e+01
1.177607607841491699e+01
1.177932119369506836e+01
1.178253769874572754e+01
1.178598022460937500e+01
1.178959918022155762e+01
1.179269576072692871e+01
1.179567813873291016e+01
1.179869341850280762e+01
1.180211138725280762e+01
1.180553841590881348e+01
1.180831813812255859e+01
1.181106042861938477e+01
1.181379270553588867e+01
1.181722855567932129e+01
1.182054591178894043e+01
1.182407951354980469e+01
1.182706952095031738e+01
1.183056974411010742e+01
1.183394265174865723e+01
1.183733344078063965e+01
1.184047508239746094e+01
1.184360122680664062e+01
1.184629178047180176e+01
1.184893155097961426e+01
1.185187768936157227e+01
1.185557293891906738e+01
1.185868668556213379e+01
1.186194944381713867e+01
1.186500501632690430e+01
1.186858439445495605e+01
1.187169551849365234e+01
1.187468147277832031e+01
1.187813973426818848e+01
1.188129639625549316e+01
1.188393306732177734e+01
1.188679051399230957e+01
1.188995051383972168e+01
1.189309644699096680e+01
1.189658451080322266e+01
1.190013194084167480e+01
1.190362811088562012e+01
1.190667986869812012e+01
1.190968155860900879e+01
1.191253685951232910e+01
1.191552662849426270e+01
1.191806340217590332e+01
1.192094945907592773e+01
1.192394900321960449e+01
1.192669272422790527e+01
1.192968320846557617e+01
1.193253731727600098e+01
1.193552589416503906e+01
1.193805956840515137e+01
1.194092321395874023e+01
1.194367909431457520e+01
1.194652509689331055e+01
1.194930744171142578e+01
1.195207214355468750e+01
1.195467543601989746e+01
1.195768213272094727e+01
1.196053743362426758e+01
1.196356415748596191e+01
1.196629381179809570e+01
1.196906399726867676e+01
1.197191596031188965e+01
1.197468018531799316e+01
1.197752451896667480e+01
1.198004579544067383e+01
1.198265433311462402e+01
1.198528552055358887e+01
1.198792529106140137e+01
1.199068546295166016e+01
1.199352455139160156e+01
1.199603819847106934e+01
1.199866414070129395e+01
1.200128602981567383e+01
1.200393176078796387e+01
