3.576278686523437500e-06
9.912490844726562500e-03
1.937365531921386719e-02
2.900648117065429688e-02
3.869104385375976562e-02
4.702877998352050781e-02
5.606222152709960938e-02
6.484222412109375000e-02
7.373261451721191406e-02
8.265662193298339844e-02
9.152460098266601562e-02
9.988069534301757812e-02
1.082065105438232422e-01
1.171951293945312500e-01
1.261212825775146484e-01
1.352856159210205078e-01
1.440682411193847656e-01
1.530900001525878906e-01
1.620893478393554688e-01
1.708908081054687500e-01
1.794104576110839844e-01
1.885368824005126953e-01
1.973154544830322266e-01
2.061541080474853516e-01
2.148427963256835938e-01
2.238643169403076172e-01
2.327842712402343750e-01
2.414758205413818359e-01
2.506525516510009766e-01
2.597265243530273438e-01
2.688250541687011719e-01
2.774946689605712891e-01
2.862110137939453125e-01
2.943897247314453125e-01
3.034629821777343750e-01
3.121962547302246094e-01
3.212521076202392578e-01
3.300468921661376953e-01
3.392627239227294922e-01
3.481922149658203125e-01
3.572080135345458984e-01
3.660662174224853516e-01
3.747751712799072266e-01
3.834674358367919922e-01
3.919394016265869141e-01
4.010517597198486328e-01
4.099624156951904297e-01
4.188463687896728516e-01
4.278893470764160156e-01
4.371812343597412109e-01
4.461631774902343750e-01
4.550886154174804688e-01
4.640004634857177734e-01
4.720587730407714844e-01
4.809234142303466797e-01
4.898178577423095703e-01
4.988417625427246094e-01
5.078787803649902344e-01
5.167264938354492188e-01
5.254819393157958984e-01
5.343918800354003906e-01
5.434298515319824219e-01
5.520648956298828125e-01
5.601134300231933594e-01
5.667712688446044922e-01
5.743420124053955078e-01
5.813424587249755859e-01
5.885062217712402344e-01
5.955982208251953125e-01
6.017847061157226562e-01
6.086401939392089844e-01
6.155281066894531250e-01
6.236798763275146484e-01
6.304404735565185547e-01
6.372833251953125000e-01
6.436104774475097656e-01
6.525847911834716797e-01
6.595184803009033203e-01
6.666324138641357422e-01
6.739797592163085938e-01
6.810438632965087891e-01
6.894190311431884766e-01
6.965863704681396484e-01
7.039227485656738281e-01
7.105746269226074219e-01
7.175936698913574219e-01
7.246546745300292969e-01
7.315196990966796875e-01
7.393345832824707031e-01
7.463798522949218750e-01
7.535123825073242188e-01
7.606174945831298828e-01
7.673578262329101562e-01
7.746367454528808594e-01
7.813291549682617188e-01
7.883234024047851562e-01
7.955317497253417969e-01
8.023340702056884766e-01
8.093435764312744141e-01
8.165972232818603516e-01
8.233489990234375000e-01
8.294897079467773438e-01
8.359794616699218750e-01
8.426444530487060547e-01
8.493540287017822266e-01
8.563356399536132812e-01
8.632929325103759766e-01
8.703367710113525391e-01
8.776094913482666016e-01
8.842885494232177734e-01
8.905200958251953125e-01
8.969655036926269531e-01
9.035193920135498047e-01
9.105250835418701172e-01
9.175310134887695312e-01
9.246103763580322266e-01
9.316148757934570312e-01
9.385044574737548828e-01
9.456079006195068359e-01
9.523682594299316406e-01
9.598608016967773438e-01
9.665524959564208984e-01
9.735927581787109375e-01
9.805309772491455078e-01
9.877929687500000000e-01
9.947745800018310547e-01
1.001794576644897461e+00
1.008506059646606445e+00
1.015593767166137695e+00
1.022810935974121094e+00
1.029588937759399414e+00
1.036599159240722656e+00
1.043603420257568359e+00
1.050684928894042969e+00
1.057595014572143555e+00
1.064594030380249023e+00
1.071556091308593750e+00
1.078524589538574219e+00
1.085589647293090820e+00
1.092680215835571289e+00
1.099510669708251953e+00
1.106614589691162109e+00
1.113590240478515625e+00
1.120654344558715820e+00
1.127593517303466797e+00
1.134654760360717773e+00
1.141606330871582031e+00
1.148344278335571289e+00
1.155611038208007812e+00
1.162528514862060547e+00
1.169494390487670898e+00
1.176338195800781250e+00
1.183612108230590820e+00
1.190298795700073242e+00
1.196911573410034180e+00
1.203588247299194336e+00
1.210575103759765625e+00
1.217554330825805664e+00
1.224629878997802734e+00
1.231617927551269531e+00
1.238583087921142578e+00
1.245300769805908203e+00
1.252315521240234375e+00
1.259588479995727539e+00
1.265766859054565430e+00
1.272614479064941406e+00
1.279622793197631836e+00
1.286589860916137695e+00
1.293579339981079102e+00
1.300881147384643555e+00
1.307734489440917969e+00
1.314987897872924805e+00
1.322013139724731445e+00
1.330446004867553711e+00
1.337513685226440430e+00
1.344945430755615234e+00
1.351514577865600586e+00
1.358784914016723633e+00
1.366996288299560547e+00
1.374722719192504883e+00
1.382586240768432617e+00
1.389590740203857422e+00
1.396577596664428711e+00
1.403521776199340820e+00
1.411631345748901367e+00
1.418773412704467773e+00
1.425520658493041992e+00
1.432665109634399414e+00
1.439799308776855469e+00
1.446591138839721680e+00
1.453592777252197266e+00
1.460492372512817383e+00
1.469029188156127930e+00
1.475501298904418945e+00
1.483017444610595703e+00
1.489884376525878906e+00
1.496610164642333984e+00
1.504151105880737305e+00
1.511600017547607422e+00
1.518588781356811523e+00
1.525636672973632812e+00
1.532574176788330078e+00
1.539597988128662109e+00
1.546611785888671875e+00
1.553581953048706055e+00
1.560606956481933594e+00
1.567597389221191406e+00
1.574580430984497070e+00
1.581593751907348633e+00
1.588275909423828125e+00
1.596620798110961914e+00
1.603500366210937500e+00
1.612581491470336914e+00
1.620023012161254883e+00
1.626635789871215820e+00
1.633188009262084961e+00
1.640495300292968750e+00
1.647599935531616211e+00
1.654653072357177734e+00
1.662979364395141602e+00
1.670013427734375000e+00
1.676645517349243164e+00
1.683636188507080078e+00
1.691384077072143555e+00
1.698878526687622070e+00
1.706805706024169922e+00
1.713494062423706055e+00
1.720600366592407227e+00
1.727629184722900391e+00
1.734776258468627930e+00
1.741495609283447266e+00
1.748612165451049805e+00
1.755347967147827148e+00
1.762636184692382812e+00
1.769620180130004883e+00
1.776611566543579102e+00
1.783617973327636719e+00
1.790509939193725586e+00
1.798046112060546875e+00
1.804494619369506836e+00
1.811618089675903320e+00
1.818687677383422852e+00
1.825263500213623047e+00
1.832332372665405273e+00
1.839362859725952148e+00
1.846327781677246094e+00
1.853438138961791992e+00
1.860357046127319336e+00
1.867366790771484375e+00
1.874340057373046875e+00
1.881616353988647461e+00
1.888615608215332031e+00
1.895615100860595703e+00
1.902634143829345703e+00
1.909329414367675781e+00
1.916343688964843750e+00
1.923615694046020508e+00
1.930340290069580078e+00
1.937344312667846680e+00
1.944618940353393555e+00
1.951619386672973633e+00
1.958634376525878906e+00
1.965617179870605469e+00
1.972630739212036133e+00
1.979620218276977539e+00
1.986633300781250000e+00
1.993618965148925781e+00
1.999782562255859375e+00
2.006359815597534180e+00
2.012549400329589844e+00
2.019618034362792969e+00
2.026633501052856445e+00
2.033466339111328125e+00
2.040535449981689453e+00
2.047375440597534180e+00
2.054325103759765625e+00
2.061627149581909180e+00
2.068543434143066406e+00
2.075673103332519531e+00
2.082635641098022461e+00
2.089562892913818359e+00
2.095563650131225586e+00
2.100478887557983398e+00
2.106269121170043945e+00
2.113374710083007812e+00
2.120478153228759766e+00
2.126243829727172852e+00
2.131037712097167969e+00
2.136636972427368164e+00
2.141497850418090820e+00
2.147359371185302734e+00
2.152901172637939453e+00
2.158406257629394531e+00
2.165413379669189453e+00
2.171716690063476562e+00
2.177003145217895508e+00
2.181876182556152344e+00
2.187363147735595703e+00
2.193727731704711914e+00
2.199367046356201172e+00
2.205322980880737305e+00
2.210225820541381836e+00
2.216372251510620117e+00
2.221750020980834961e+00
2.227026224136352539e+00
2.233362913131713867e+00
2.239364385604858398e+00
2.245452165603637695e+00
2.250805377960205078e+00
2.255754232406616211e+00
2.260774612426757812e+00
2.266033172607421875e+00
2.271235704421997070e+00
2.276192903518676758e+00
2.281497478485107422e+00
2.288370609283447266e+00
2.295300483703613281e+00
2.302634954452514648e+00
2.309352636337280273e+00
2.316348552703857422e+00
2.324631214141845703e+00
2.331621646881103516e+00
2.338500022888183594e+00
2.345572948455810547e+00
2.352529287338256836e+00
2.359539747238159180e+00
2.366364479064941406e+00
2.374245166778564453e+00
2.381357908248901367e+00
2.388478994369506836e+00
2.396489143371582031e+00
2.403441667556762695e+00
2.410318851470947266e+00
2.417436599731445312e+00
2.424421787261962891e+00
2.431305885314941406e+00
2.438321828842163086e+00
2.445386171340942383e+00
2.452317237854003906e+00
2.459601640701293945e+00
2.466398715972900391e+00
2.473625421524047852e+00
2.480296850204467773e+00
2.487305402755737305e+00
2.494310140609741211e+00
2.501288890838623047e+00
2.508443355560302734e+00
2.515321493148803711e+00
2.522326707839965820e+00
2.529254436492919922e+00
2.535283327102661133e+00
2.542298316955566406e+00
2.549623489379882812e+00
2.556322336196899414e+00
2.563326358795166016e+00
2.570683956146240234e+00
2.577304124832153320e+00
2.583027362823486328e+00
2.589353799819946289e+00
2.595712900161743164e+00
2.602313756942749023e+00
2.609311103820800781e+00
2.616311550140380859e+00
2.623435258865356445e+00
2.630348443984985352e+00
2.637437582015991211e+00
2.644411563873291016e+00
2.651422262191772461e+00
2.658325910568237305e+00
2.665626287460327148e+00
2.672614574432373047e+00
2.679491043090820312e+00
2.686317205429077148e+00
2.692936897277832031e+00
2.699622392654418945e+00
2.706374406814575195e+00
2.713064432144165039e+00
2.719723463058471680e+00
2.726305723190307617e+00
2.733443260192871094e+00
2.740541219711303711e+00
2.747315645217895508e+00
2.754275321960449219e+00
2.761308908462524414e+00
2.768312692642211914e+00
2.775361776351928711e+00
2.782311916351318359e+00
2.789342403411865234e+00
2.796459674835205078e+00
2.803331851959228516e+00
2.810685157775878906e+00
2.817324399948120117e+00
2.824101209640502930e+00
2.831032037734985352e+00
2.837781667709350586e+00
2.844693422317504883e+00
2.851308345794677734e+00
2.858371019363403320e+00
2.864915132522583008e+00
2.871775150299072266e+00
2.878665924072265625e+00
2.885663270950317383e+00
2.892777919769287109e+00
2.899654626846313477e+00
2.906550407409667969e+00
2.913687705993652344e+00
2.920676946640014648e+00
2.927726745605468750e+00
2.934703826904296875e+00
2.941703081130981445e+00
2.948781728744506836e+00
2.955784320831298828e+00
2.962218046188354492e+00
2.967688322067260742e+00
2.975069999694824219e+00
2.981679916381835938e+00
2.988547563552856445e+00
2.995679616928100586e+00
3.002682685852050781e+00
3.009378194808959961e+00
3.016320943832397461e+00
3.023265838623046875e+00
3.029390811920166016e+00
3.036404371261596680e+00
3.042683839797973633e+00
3.048268318176269531e+00
3.052961826324462891e+00
3.058023929595947266e+00
3.063473701477050781e+00
3.068497896194458008e+00
3.073654651641845703e+00
3.080622911453247070e+00
3.087326288223266602e+00
3.094211816787719727e+00
3.098824977874755859e+00
3.104341506958007812e+00
3.113376855850219727e+00
3.119594812393188477e+00
3.125258684158325195e+00
3.130655527114868164e+00
3.135979890823364258e+00
3.140733480453491211e+00
3.145787477493286133e+00
3.150998830795288086e+00
3.155723333358764648e+00
3.163029432296752930e+00
3.168214797973632812e+00
3.173409223556518555e+00
3.179355382919311523e+00
3.184020519256591797e+00
3.191328763961791992e+00
3.197312831878662109e+00
3.202211618423461914e+00
3.207262992858886719e+00
3.212480545043945312e+00
3.218372583389282227e+00
3.226730823516845703e+00
3.229631900787353516e+00
3.233126401901245117e+00
3.236506223678588867e+00
3.242965459823608398e+00
3.247679948806762695e+00
3.250610351562500000e+00
3.254963636398315430e+00
3.258112192153930664e+00
3.261125564575195312e+00
3.264764308929443359e+00
3.268520116806030273e+00
3.273780107498168945e+00
3.277106046676635742e+00
3.281399011611938477e+00
3.285337686538696289e+00
3.289511203765869141e+00
3.293298959732055664e+00
3.298412561416625977e+00
3.303330183029174805e+00
3.308040857315063477e+00
3.311764478683471680e+00
3.314820051193237305e+00
3.318922519683837891e+00
3.323658704757690430e+00
3.327949762344360352e+00
3.331696748733520508e+00
3.334803581237792969e+00
3.338913440704345703e+00
3.343157529830932617e+00
3.347925662994384766e+00
3.352106571197509766e+00
3.355062723159790039e+00
3.357853174209594727e+00
3.361088514328002930e+00
3.363853454589843750e+00
3.366742849349975586e+00
3.369493007659912109e+00
3.372488975524902344e+00
3.375485181808471680e+00
3.378117561340332031e+00
3.381098031997680664e+00
3.384102106094360352e+00
3.387060642242431641e+00
3.389622211456298828e+00
3.392481565475463867e+00
3.395485639572143555e+00
3.398480415344238281e+00
3.401482105255126953e+00
3.404446601867675781e+00
3.407211780548095703e+00
3.409467458724975586e+00
3.411910772323608398e+00
3.414607286453247070e+00
3.417353868484497070e+00
3.420129060745239258e+00
3.422782421112060547e+00
3.425505399703979492e+00
3.428091049194335938e+00
3.430777072906494141e+00
3.433612585067749023e+00
3.436234474182128906e+00
3.438920021057128906e+00
3.442132949829101562e+00
3.444725036621093750e+00
3.447243928909301758e+00
3.450090408325195312e+00
3.452597618103027344e+00
3.455224990844726562e+00
3.457833528518676758e+00
3.460886001586914062e+00
3.463632583618164062e+00
3.466608285903930664e+00
3.469221830368041992e+00
3.472096920013427734e+00
3.475147485733032227e+00
3.477811098098754883e+00
3.480601310729980469e+00
3.483606100082397461e+00
3.486253023147583008e+00
3.489094018936157227e+00
3.492078781127929688e+00
3.495100021362304688e+00
3.497498512268066406e+00
3.500600337982177734e+00
3.503342866897583008e+00
3.506086587905883789e+00
3.508614301681518555e+00
3.511578321456909180e+00
3.514351844787597656e+00
3.517142772674560547e+00
3.520143508911132812e+00
3.523143053054809570e+00
3.525628089904785156e+00
3.528623819351196289e+00
3.531228303909301758e+00
3.533614873886108398e+00
3.537281513214111328e+00
3.540862798690795898e+00
3.544135570526123047e+00
3.547272443771362305e+00
3.550645589828491211e+00
3.553661584854125977e+00
3.557167291641235352e+00
3.560404777526855469e+00
3.563731431961059570e+00
3.566524505615234375e+00
3.569855928421020508e+00
3.573156833648681641e+00
3.576668500900268555e+00
3.579799413681030273e+00
3.583141803741455078e+00
3.586156606674194336e+00
3.589121103286743164e+00
3.592226266860961914e+00
3.594751834869384766e+00
3.597071409225463867e+00
3.599587917327880859e+00
3.602523803710937500e+00
3.605346202850341797e+00
3.607825517654418945e+00
3.610203027725219727e+00
3.612434864044189453e+00
3.614831924438476562e+00
3.617206811904907227e+00
3.619435071945190430e+00
3.621825933456420898e+00
3.624204158782958984e+00
3.626460313796997070e+00
3.629083395004272461e+00
3.631465673446655273e+00
3.633823633193969727e+00
3.636219978332519531e+00
3.638465404510498047e+00
3.641207218170166016e+00
3.643746137619018555e+00
3.646081209182739258e+00
3.648462295532226562e+00
3.650846719741821289e+00
3.653201103210449219e+00
3.655631780624389648e+00
3.658214807510375977e+00
3.661275148391723633e+00
3.664121389389038086e+00
3.667086601257324219e+00
3.670646190643310547e+00
3.673609495162963867e+00
3.676758050918579102e+00
3.680180311203002930e+00
3.683231830596923828e+00
3.686652421951293945e+00
3.689624309539794922e+00
3.692487239837646484e+00
3.695676326751708984e+00
3.699192523956298828e+00
3.702085971832275391e+00
3.705087661743164062e+00
3.708109378814697266e+00
3.711085081100463867e+00
3.714091777801513672e+00
3.717093229293823242e+00
3.720277786254882812e+00
3.723701477050781250e+00
3.726484298706054688e+00
3.729107379913330078e+00
3.731738328933715820e+00
3.734485149383544922e+00
3.737476110458374023e+00
3.740486383438110352e+00
3.743610858917236328e+00
3.746629953384399414e+00
3.749613046646118164e+00
3.753136873245239258e+00
3.756651401519775391e+00
3.759701251983642578e+00
3.762748241424560547e+00
3.766309022903442383e+00
3.769681453704833984e+00
3.772639036178588867e+00
3.775505304336547852e+00
3.778226613998413086e+00
3.781103849411010742e+00
3.783592939376831055e+00
3.786229372024536133e+00
3.789089918136596680e+00
3.792080879211425781e+00
3.795192718505859375e+00
3.798820495605468750e+00
3.802142381668090820e+00
3.805666208267211914e+00
3.808764219284057617e+00
3.811728954315185547e+00
3.814910411834716797e+00
3.818076848983764648e+00
3.821099996566772461e+00
3.823858737945556641e+00
3.826826572418212891e+00
3.830115795135498047e+00
3.832838773727416992e+00
3.835780382156372070e+00
3.839155435562133789e+00
3.842093229293823242e+00
3.844987630844116211e+00
3.848377227783203125e+00
3.851616382598876953e+00
3.854761362075805664e+00
3.857474565505981445e+00
3.860607385635375977e+00
3.863718509674072266e+00
3.866496324539184570e+00
3.869125127792358398e+00
3.872102975845336914e+00
3.874863386154174805e+00
3.877735614776611328e+00
3.880739927291870117e+00
3.883728265762329102e+00
3.886485815048217773e+00
3.889471769332885742e+00
3.892100095748901367e+00
3.894757747650146484e+00
3.897605180740356445e+00
3.900472640991210938e+00
3.903092384338378906e+00
3.905475616455078125e+00
3.908485174179077148e+00
3.911470413208007812e+00
3.914077997207641602e+00
3.916852235794067383e+00
3.919849634170532227e+00
3.922627210617065430e+00
3.925211906433105469e+00
3.927831411361694336e+00
3.930619716644287109e+00
3.933485984802246094e+00
3.936205625534057617e+00
3.939071893692016602e+00
3.941865682601928711e+00
3.944583177566528320e+00
3.947485685348510742e+00
3.950474023818969727e+00
3.953486680984497070e+00
3.956472635269165039e+00
3.959668159484863281e+00
3.962487459182739258e+00
3.965584039688110352e+00
3.968485832214355469e+00
3.971232891082763672e+00
3.974068164825439453e+00
3.977085113525390625e+00
3.979615926742553711e+00
3.982470989227294922e+00
3.985094785690307617e+00
3.988093614578247070e+00
3.991090059280395508e+00
3.993843793869018555e+00
3.996741056442260742e+00
3.999596595764160156e+00
4.002456665039062500e+00
4.005096435546875000e+00
4.007843971252441406e+00
4.010490894317626953e+00
4.013474464416503906e+00
4.016490221023559570e+00
4.019487380981445312e+00
4.022219181060791016e+00
4.024843692779541016e+00
4.027605295181274414e+00
4.030474901199340820e+00
4.033110857009887695e+00
4.036103248596191406e+00
4.038867473602294922e+00
4.041485786437988281e+00
4.044528722763061523e+00
4.047475337982177734e+00
4.050076484680175781e+00
4.052853584289550781e+00
4.055739164352416992e+00
4.058635234832763672e+00
4.061469554901123047e+00
4.064726829528808594e+00
4.067474126815795898e+00
4.071084499359130859e+00
4.074638366699218750e+00
4.077596664428710938e+00
4.080609560012817383e+00
4.083736181259155273e+00
4.086478471755981445e+00
4.089105129241943359e+00
4.092491388320922852e+00
4.095493078231811523e+00
4.098475933074951172e+00
4.101473808288574219e+00
4.104487895965576172e+00
4.107460260391235352e+00
4.110490083694458008e+00
4.113487005233764648e+00
4.117201805114746094e+00
4.120611190795898438e+00
4.123862266540527344e+00
4.127101659774780273e+00
4.129853248596191406e+00
4.132471799850463867e+00
4.135781288146972656e+00
4.139068603515625000e+00
4.142092466354370117e+00
4.144855976104736328e+00
4.147726297378540039e+00
4.150629043579101562e+00
4.154263257980346680e+00
4.157748222351074219e+00
4.160887956619262695e+00
4.164140701293945312e+00
4.167113304138183594e+00
4.170223951339721680e+00
4.173488140106201172e+00
4.176488637924194336e+00
4.179630517959594727e+00
4.183119773864746094e+00
4.186093568801879883e+00
4.189061164855957031e+00
4.192294359207153320e+00
4.194876670837402344e+00
4.197465419769287109e+00
4.200094223022460938e+00
4.203413486480712891e+00
4.205826759338378906e+00
4.208196401596069336e+00
4.210469007492065430e+00
4.213130712509155273e+00
4.215634107589721680e+00
4.218668460845947266e+00
4.221490621566772461e+00
4.224489450454711914e+00
4.227471828460693359e+00
4.230093717575073242e+00
4.233072042465209961e+00
4.235725641250610352e+00
4.238476991653442383e+00
4.241226673126220703e+00
4.244113683700561523e+00
4.246579170227050781e+00
4.250132560729980469e+00
4.253082275390625000e+00
4.256242752075195312e+00
4.259459018707275391e+00
4.262636661529541016e+00
4.265615940093994141e+00
4.269122600555419922e+00
4.272076845169067383e+00
4.275179147720336914e+00
4.278266429901123047e+00
4.281110525131225586e+00
4.284358978271484375e+00
4.287200689315795898e+00
4.290344238281250000e+00
4.293743848800659180e+00
4.296460866928100586e+00
4.299444198608398438e+00
4.302222967147827148e+00
4.305612802505493164e+00
4.309092760086059570e+00
4.312104940414428711e+00
4.315188884735107422e+00
4.318434715270996094e+00
4.321477174758911133e+00
4.324488878250122070e+00
4.327647924423217773e+00
4.330742359161376953e+00
4.334105491638183594e+00
4.336837053298950195e+00
4.340280771255493164e+00
4.343619585037231445e+00
4.347251415252685547e+00
4.350606203079223633e+00
4.353708267211914062e+00
4.357147932052612305e+00
4.360093116760253906e+00
4.362854957580566406e+00
4.365756988525390625e+00
4.368472814559936523e+00
4.371215105056762695e+00
4.373844861984252930e+00
4.376602172851562500e+00
4.379335165023803711e+00
4.382074594497680664e+00
4.384841442108154297e+00
4.387460231781005859e+00
4.390078544616699219e+00
4.392844438552856445e+00
4.395475625991821289e+00
4.398082256317138672e+00
4.400839805603027344e+00
4.403461694717407227e+00
4.406073093414306641e+00
4.408587455749511719e+00
4.411226272583007812e+00
4.413846015930175781e+00
4.416454315185546875e+00
4.419078826904296875e+00
4.421598911285400391e+00
4.424217939376831055e+00
4.427086353302001953e+00
4.430160045623779297e+00
4.433166027069091797e+00
4.436057329177856445e+00
4.438588619232177734e+00
4.441926717758178711e+00
4.444580793380737305e+00
4.447217941284179688e+00
4.449922800064086914e+00
4.452588796615600586e+00
4.455442190170288086e+00
4.458630800247192383e+00
4.461587190628051758e+00
4.464675188064575195e+00
4.467721462249755859e+00
4.470462322235107422e+00
4.473211765289306641e+00
4.475899457931518555e+00
4.478600025177001953e+00
4.481466531753540039e+00
4.484208106994628906e+00
4.487135648727416992e+00
4.489590644836425781e+00
4.492512941360473633e+00
4.495455026626586914e+00
4.498456001281738281e+00
4.501222133636474609e+00
4.503830194473266602e+00
4.506454467773437500e+00
4.509221076965332031e+00
4.512123823165893555e+00
4.514863729476928711e+00
4.517456293106079102e+00
4.520265817642211914e+00
4.523144721984863281e+00
4.526127815246582031e+00
4.528594732284545898e+00
4.531223297119140625e+00
4.534085273742675781e+00
4.536581039428710938e+00
4.539202690124511719e+00
4.541840076446533203e+00
4.544452428817749023e+00
4.547170162200927734e+00
4.550173044204711914e+00
4.553107500076293945e+00
4.556239366531372070e+00
4.558861255645751953e+00
4.561581134796142578e+00
4.564453840255737305e+00
4.567511558532714844e+00
4.570081949234008789e+00
4.572582483291625977e+00
4.575223207473754883e+00
4.577836036682128906e+00
4.580465793609619141e+00
4.583169698715209961e+00
4.586356401443481445e+00
4.590154647827148438e+00
4.594431161880493164e+00
4.597633600234985352e+00
4.601254701614379883e+00
4.604825735092163086e+00
4.608352899551391602e+00
4.611409664154052734e+00
4.614087104797363281e+00
4.617131471633911133e+00
4.620736122131347656e+00
4.623500108718872070e+00
4.626097679138183594e+00
4.628840684890747070e+00
4.631212711334228516e+00
4.634090900421142578e+00
4.636706113815307617e+00
4.639954328536987305e+00
4.642840623855590820e+00
4.645781755447387695e+00
4.649760484695434570e+00
4.653151988983154297e+00
4.656655550003051758e+00
4.660111665725708008e+00
4.664636373519897461e+00
4.669324159622192383e+00
4.673821449279785156e+00
4.678667545318603516e+00
4.683163404464721680e+00
4.687199354171752930e+00
4.691570520401000977e+00
4.695662736892700195e+00
4.699368715286254883e+00
4.703769683837890625e+00
4.708550214767456055e+00
4.713189840316772461e+00
4.717552185058593750e+00
4.721839904785156250e+00
4.726162195205688477e+00
4.729956388473510742e+00
4.734127998352050781e+00
4.738322973251342773e+00
4.742981433868408203e+00
4.747695922851562500e+00
4.751834630966186523e+00
4.756149053573608398e+00
4.760408639907836914e+00
4.765423059463500977e+00
4.770407676696777344e+00
4.775186777114868164e+00
4.779999017715454102e+00
4.784783840179443359e+00
4.790201663970947266e+00
4.795222997665405273e+00
4.800612211227416992e+00
4.807382583618164062e+00
4.814698696136474609e+00
4.822655439376831055e+00
4.831435203552246094e+00
4.840062379837036133e+00
4.849070549011230469e+00
4.858079195022583008e+00
4.866786479949951172e+00
4.875846624374389648e+00
4.885470390319824219e+00
4.894034862518310547e+00
4.903053522109985352e+00
4.911955356597900391e+00
4.920853137969970703e+00
4.930495500564575195e+00
4.939746379852294922e+00
4.948740720748901367e+00
4.957458972930908203e+00
4.965965509414672852e+00
4.974816322326660156e+00
4.983758926391601562e+00
4.992811679840087891e+00
5.002100467681884766e+00
5.010110616683959961e+00
5.018333911895751953e+00
5.027091979980468750e+00
5.036183118820190430e+00
5.045488357543945312e+00
5.054388761520385742e+00
5.063409805297851562e+00
5.071998834609985352e+00
5.081046581268310547e+00
5.089389562606811523e+00
5.098067760467529297e+00
5.107419252395629883e+00
5.116402626037597656e+00
5.124097108840942383e+00
5.131860971450805664e+00
5.139839887619018555e+00
5.148631334304809570e+00
5.157484292984008789e+00
5.166351795196533203e+00
5.175033807754516602e+00
5.183804035186767578e+00
5.192687749862670898e+00
5.201628446578979492e+00
5.209985256195068359e+00
5.218762874603271484e+00
5.227566242218017578e+00
5.236060142517089844e+00
5.245191097259521484e+00
5.254061460494995117e+00
5.262927770614624023e+00
5.271372318267822266e+00
5.279570579528808594e+00
5.287726402282714844e+00
5.295112609863281250e+00
5.303060770034790039e+00
5.310810804367065430e+00
5.318319082260131836e+00
5.325641155242919922e+00
5.333395481109619141e+00
5.341429948806762695e+00
5.349639415740966797e+00
5.357541561126708984e+00
5.364746809005737305e+00
5.373142719268798828e+00
5.381412267684936523e+00
5.388948917388916016e+00
5.396709203720092773e+00
5.404062509536743164e+00
5.421379804611206055e+00
5.432173967361450195e+00
5.437480449676513672e+00
5.443331241607666016e+00
5.449851274490356445e+00
5.457670450210571289e+00
5.464650392532348633e+00
5.470255136489868164e+00
5.478307008743286133e+00
5.484648942947387695e+00
5.490670919418334961e+00
5.497206926345825195e+00
5.503316402435302734e+00
5.511354684829711914e+00
5.517499446868896484e+00
5.524252414703369141e+00
5.530320405960083008e+00
5.536402940750122070e+00
5.541729688644409180e+00
5.548326253890991211e+00
5.555206060409545898e+00
5.561325073242187500e+00
5.567514657974243164e+00
5.572595834732055664e+00
5.576273202896118164e+00
5.579635620117187500e+00
5.582473754882812500e+00
5.585764646530151367e+00
5.589113235473632812e+00
5.592463016510009766e+00
5.596101522445678711e+00
5.599199295043945312e+00
5.602109193801879883e+00
5.605090379714965820e+00
5.608130693435668945e+00
5.611606359481811523e+00
5.614775419235229492e+00
5.618247747421264648e+00
5.621152639389038086e+00
5.624688386917114258e+00
5.627661466598510742e+00
5.630873680114746094e+00
5.634257316589355469e+00
5.637651920318603516e+00
5.640476942062377930e+00
5.643629074096679688e+00
5.647159576416015625e+00
5.650583982467651367e+00
5.653470516204833984e+00
5.656460046768188477e+00
5.659474611282348633e+00
5.662471294403076172e+00
5.665722846984863281e+00
5.668714284896850586e+00
5.671838283538818359e+00
5.677189588546752930e+00
5.681026220321655273e+00
5.684780359268188477e+00
5.688590049743652344e+00
5.691472291946411133e+00
5.694612026214599609e+00
5.698075771331787109e+00
5.701367855072021484e+00
5.704368114471435547e+00
5.707938671112060547e+00
5.711086750030517578e+00
5.714077949523925781e+00
5.717254638671875000e+00
5.722447395324707031e+00
5.729434013366699219e+00
5.734164476394653320e+00
5.738661527633666992e+00
5.743200063705444336e+00
5.747806072235107422e+00
5.753966569900512695e+00
5.759234189987182617e+00
5.764467000961303711e+00
5.770546913146972656e+00
5.777201890945434570e+00
5.783625125885009766e+00
5.791366100311279297e+00
5.798318624496459961e+00
5.804658889770507812e+00
5.812311887741088867e+00
5.819433450698852539e+00
5.825749874114990234e+00
5.832362651824951172e+00
5.839340209960937500e+00
5.845533847808837891e+00
5.851236343383789062e+00
5.857335090637207031e+00
5.864021778106689453e+00
5.870319366455078125e+00
5.877655267715454102e+00
5.884352684020996094e+00
5.890669107437133789e+00
5.898208379745483398e+00
5.903488159179687500e+00
5.909235477447509766e+00
5.915618181228637695e+00
5.921606779098510742e+00
5.928256273269653320e+00
5.935361862182617188e+00
5.942326545715332031e+00
5.948756217956542969e+00
5.955253839492797852e+00
5.962376594543457031e+00
5.970335721969604492e+00
5.977351188659667969e+00
5.983219385147094727e+00
5.989677429199218750e+00
5.997297048568725586e+00
6.004371643066406250e+00
6.010829687118530273e+00
6.017327308654785156e+00
6.024340629577636719e+00
6.030242681503295898e+00
6.036288738250732422e+00
6.042271614074707031e+00
6.049372434616088867e+00
6.056123971939086914e+00
6.062532901763916016e+00
6.069334030151367188e+00
6.076254129409790039e+00
6.083475112915039062e+00
6.089508533477783203e+00
6.096263647079467773e+00
6.102424383163452148e+00
6.108241558074951172e+00
6.114466190338134766e+00
6.120211839675903320e+00
6.125990390777587891e+00
6.131753206253051758e+00
6.137452363967895508e+00
6.143313646316528320e+00
6.150334358215332031e+00
6.156485795974731445e+00
6.162334918975830078e+00
6.168602705001831055e+00
6.175228118896484375e+00
6.181312084197998047e+00
6.187395572662353516e+00
6.193033456802368164e+00
6.199304819107055664e+00
6.205338239669799805e+00
6.211936712265014648e+00
6.217189788818359375e+00
6.222224950790405273e+00
6.228400707244873047e+00
6.233949184417724609e+00
6.239247083663940430e+00
6.244341135025024414e+00
6.250502347946166992e+00
6.256331205368041992e+00
6.262395381927490234e+00
6.268439769744873047e+00
6.273277044296264648e+00
6.278389692306518555e+00
6.284021615982055664e+00
6.289197444915771484e+00
6.294620990753173828e+00
6.301316738128662109e+00
6.306066751480102539e+00
6.310559511184692383e+00
6.316514968872070312e+00
6.321616649627685547e+00
6.326329946517944336e+00
6.332408189773559570e+00
6.338288784027099609e+00
6.344370603561401367e+00
6.350471973419189453e+00
6.355942487716674805e+00
6.360652923583984375e+00
6.364549636840820312e+00
6.368859052658081055e+00
6.374384880065917969e+00
6.378338336944580078e+00
6.382243633270263672e+00
6.385843276977539062e+00
6.389613628387451172e+00
6.393619060516357422e+00
6.397373199462890625e+00
6.401128053665161133e+00
6.406400442123413086e+00
6.411333084106445312e+00
6.416390180587768555e+00
6.420433044433593750e+00
6.424802780151367188e+00
6.430250883102416992e+00
6.436389923095703125e+00
6.442584276199340820e+00
6.448382139205932617e+00
6.453709602355957031e+00
6.459228277206420898e+00
6.464430570602416992e+00
6.469448566436767578e+00
6.474670648574829102e+00
6.479701757431030273e+00
6.484505653381347656e+00
6.489950180053710938e+00
6.496317863464355469e+00
6.502368688583374023e+00
6.508198261260986328e+00
6.513381719589233398e+00
6.518993377685546875e+00
6.524413824081420898e+00
6.531233549118041992e+00
6.536227226257324219e+00
6.541429758071899414e+00
6.546657800674438477e+00
6.551551103591918945e+00
6.557378053665161133e+00
6.562947034835815430e+00
6.567923069000244141e+00
6.573190212249755859e+00
6.578311920166015625e+00
6.583493947982788086e+00
6.589323520660400391e+00
6.595309972763061523e+00
6.600146293640136719e+00
6.604283809661865234e+00
6.608493328094482422e+00
6.613358736038208008e+00
6.619498014450073242e+00
6.624455213546752930e+00
6.629682064056396484e+00
6.634489059448242188e+00
6.639573574066162109e+00
6.645340919494628906e+00
6.652359724044799805e+00
6.659357786178588867e+00
6.666366338729858398e+00
6.672291278839111328e+00
6.680333137512207031e+00
6.688330650329589844e+00
6.697332620620727539e+00
6.703542709350585938e+00
6.710326910018920898e+00
6.716708898544311523e+00
6.722021818161010742e+00
6.727325916290283203e+00
6.732376337051391602e+00
6.740335941314697266e+00
6.746718883514404297e+00
6.752273797988891602e+00
6.757408142089843750e+00
6.763307094573974609e+00
6.769994258880615234e+00
6.777684688568115234e+00
6.784550189971923828e+00
6.792029619216918945e+00
6.799935102462768555e+00
6.809644937515258789e+00
6.817695617675781250e+00
6.826511383056640625e+00
6.834041595458984375e+00
6.843369483947753906e+00
6.851416826248168945e+00
6.860461473464965820e+00
6.868724107742309570e+00
6.876988649368286133e+00
6.885321378707885742e+00
6.893179416656494141e+00
6.901335716247558594e+00
6.909726619720458984e+00
6.917693614959716797e+00
6.925682306289672852e+00
6.932897806167602539e+00
6.941409111022949219e+00
6.949539184570312500e+00
6.957857370376586914e+00
6.966398477554321289e+00
6.974046468734741211e+00
6.982670068740844727e+00
6.990122318267822266e+00
6.997888326644897461e+00
7.005385875701904297e+00
7.012678146362304688e+00
7.020576000213623047e+00
7.028952836990356445e+00
7.037334203720092773e+00
7.045624494552612305e+00
7.053853988647460938e+00
7.062100410461425781e+00
7.070620059967041016e+00
7.078392028808593750e+00
7.086133003234863281e+00
7.094663619995117188e+00
7.103041172027587891e+00
7.111630916595458984e+00
7.119589328765869141e+00
7.127893686294555664e+00
7.135828971862792969e+00
7.143370628356933594e+00
7.151626586914062500e+00
7.160028696060180664e+00
7.168296337127685547e+00
7.176579952239990234e+00
7.184540987014770508e+00
7.192631006240844727e+00
7.200832366943359375e+00
7.208890199661254883e+00
7.216856718063354492e+00
7.224546670913696289e+00
7.232641935348510742e+00
7.239897489547729492e+00
7.247703313827514648e+00
7.255842447280883789e+00
7.263706445693969727e+00
7.270650386810302734e+00
7.277631998062133789e+00
7.285099744796752930e+00
7.292875528335571289e+00
7.300722599029541016e+00
7.308397054672241211e+00
7.315923690795898438e+00
7.323803901672363281e+00
7.331465959548950195e+00
7.339392423629760742e+00
7.346870422363281250e+00
7.354743719100952148e+00
7.361872911453247070e+00
7.368822097778320312e+00
7.376690149307250977e+00
7.383962631225585938e+00
7.390868663787841797e+00
7.398629188537597656e+00
7.406178236007690430e+00
7.413826465606689453e+00
7.421685457229614258e+00
7.429358720779418945e+00
7.436559438705444336e+00
7.444119930267333984e+00
7.449990034103393555e+00
7.454587221145629883e+00
7.462376356124877930e+00
7.465466737747192383e+00
7.468459606170654297e+00
7.471601724624633789e+00
7.476308345794677734e+00
7.481099128723144531e+00
7.485847234725952148e+00
7.490706443786621094e+00
7.494111061096191406e+00
7.498859405517578125e+00
7.503992795944213867e+00
7.508674383163452148e+00
7.516347408294677734e+00
7.522097587585449219e+00
7.527619838714599609e+00
7.530722856521606445e+00
7.534968614578247070e+00
7.539110660552978516e+00
7.542928218841552734e+00
7.546391487121582031e+00
7.550736665725708008e+00
7.557306766510009766e+00
7.563631534576416016e+00
7.569873332977294922e+00
7.576633930206298828e+00
7.583609580993652344e+00
7.590649366378784180e+00
7.597607851028442383e+00
7.604748725891113281e+00
7.611830711364746094e+00
7.618650436401367188e+00
7.625838279724121094e+00
7.632960319519042969e+00
7.639818906784057617e+00
7.646850347518920898e+00
7.653590440750122070e+00
7.660962581634521484e+00
7.667724609375000000e+00
7.674659967422485352e+00
7.681594371795654297e+00
7.688477516174316406e+00
7.695653438568115234e+00
7.702639341354370117e+00
7.709587097167968750e+00
7.716837882995605469e+00
7.723697900772094727e+00
7.730662107467651367e+00
7.737651348114013672e+00
7.744651317596435547e+00
7.751847505569458008e+00
7.758744001388549805e+00
7.765850305557250977e+00
7.772841453552246094e+00
7.779708385467529297e+00
7.786749601364135742e+00
7.793715000152587891e+00
7.800474643707275391e+00
7.807341098785400391e+00
7.814623355865478516e+00
7.821658372879028320e+00
7.828646898269653320e+00
7.835715055465698242e+00
7.842772483825683594e+00
7.849656820297241211e+00
7.856463909149169922e+00
7.863987922668457031e+00
7.870695590972900391e+00
7.877352237701416016e+00
7.885095834732055664e+00
7.891656637191772461e+00
7.898860454559326172e+00
7.905646562576293945e+00
7.912842512130737305e+00
7.919705629348754883e+00
7.926656723022460938e+00
7.934102296829223633e+00
7.941611766815185547e+00
7.948831796646118164e+00
7.955867767333984375e+00
7.962864160537719727e+00
7.969823360443115234e+00
7.976730585098266602e+00
7.983466625213623047e+00
7.990370750427246094e+00
7.997421979904174805e+00
8.004355192184448242e+00
8.011440753936767578e+00
8.018546104431152344e+00
8.025411367416381836e+00
8.032454967498779297e+00
8.039681911468505859e+00
8.046771526336669922e+00
8.054004192352294922e+00
8.061336755752563477e+00
8.068320751190185547e+00
8.075552463531494141e+00
8.082832574844360352e+00
8.089649438858032227e+00
8.095761299133300781e+00
8.102257013320922852e+00
8.108243703842163086e+00
8.114573001861572266e+00
8.121267080307006836e+00
8.128032207489013672e+00
8.134301185607910156e+00
8.140337944030761719e+00
8.147454738616943359e+00
8.154384374618530273e+00
8.161520957946777344e+00
8.168656826019287109e+00
8.175580024719238281e+00
8.182801485061645508e+00
8.191005229949951172e+00
8.199859380722045898e+00
8.207608699798583984e+00
8.215489864349365234e+00
8.224382877349853516e+00
8.231859445571899414e+00
8.239571332931518555e+00
8.248404026031494141e+00
8.255848646163940430e+00
8.264548063278198242e+00
8.272386550903320312e+00
8.279852151870727539e+00
8.288891077041625977e+00
8.297398328781127930e+00
8.304584741592407227e+00
8.311581850051879883e+00
8.318460941314697266e+00
8.326589822769165039e+00
8.333341360092163086e+00
8.341571331024169922e+00
8.348654270172119141e+00
8.355654716491699219e+00
8.363670825958251953e+00
8.370766878128051758e+00
8.377826213836669922e+00
8.384786844253540039e+00
8.391840457916259766e+00
8.398226499557495117e+00
8.405690670013427734e+00
8.412552595138549805e+00
8.419292688369750977e+00
8.426613330841064453e+00
8.433776855468750000e+00
8.441011190414428711e+00
8.448302507400512695e+00
8.455828905105590820e+00
8.462774753570556641e+00
8.469963788986206055e+00
8.476652860641479492e+00
8.484683513641357422e+00
8.491880893707275391e+00
8.498862028121948242e+00
8.505822181701660156e+00
8.513002634048461914e+00
8.520062923431396484e+00
8.526853561401367188e+00
8.534056901931762695e+00
8.541364669799804688e+00
8.548692464828491211e+00
8.555885553359985352e+00
8.562850236892700195e+00
8.571218967437744141e+00
8.578378915786743164e+00
8.585981607437133789e+00
8.592827081680297852e+00
8.600011348724365234e+00
8.607166290283203125e+00
8.614292144775390625e+00
8.621318817138671875e+00
8.628367424011230469e+00
8.635396003723144531e+00
8.642705917358398438e+00
8.649941682815551758e+00
8.656873464584350586e+00
8.663893461227416992e+00
8.670781850814819336e+00
8.678068399429321289e+00
8.685584545135498047e+00
8.692857742309570312e+00
8.699830055236816406e+00
8.706807374954223633e+00
8.713833332061767578e+00
8.720580577850341797e+00
8.727707147598266602e+00
8.734744787216186523e+00
8.742015600204467773e+00
8.749355792999267578e+00
8.756574869155883789e+00
8.763752937316894531e+00
8.770662546157836914e+00
8.777565717697143555e+00
8.784550666809082031e+00
8.791651487350463867e+00
8.798258543014526367e+00
8.805246114730834961e+00
8.812381505966186523e+00
8.819279432296752930e+00
8.826318740844726562e+00
8.833371639251708984e+00
8.840275526046752930e+00
8.847450494766235352e+00
8.854490518569946289e+00
8.861268043518066406e+00
8.868289947509765625e+00
8.875361680984497070e+00
8.882271051406860352e+00
8.889649152755737305e+00
8.896294355392456055e+00
8.903276205062866211e+00
8.910375595092773438e+00
8.917273759841918945e+00
8.924365520477294922e+00
8.931268692016601562e+00
8.938366651535034180e+00
8.945479393005371094e+00
8.952378511428833008e+00
8.959254741668701172e+00
8.966217994689941406e+00
8.972377777099609375e+00
8.979190587997436523e+00
8.986323833465576172e+00
8.994172573089599609e+00
9.000651836395263672e+00
9.007750272750854492e+00
9.014214038848876953e+00
9.021242380142211914e+00
9.028252840042114258e+00
9.035217046737670898e+00
9.041261911392211914e+00
9.048190116882324219e+00
9.055454015731811523e+00
9.062995195388793945e+00
9.069634675979614258e+00
9.076725244522094727e+00
9.083633899688720703e+00
9.091591596603393555e+00
9.099175453186035156e+00
9.106645107269287109e+00
9.113626003265380859e+00
9.120619058609008789e+00
9.127171277999877930e+00
9.134647130966186523e+00
9.141478538513183594e+00
9.148369312286376953e+00
9.155282497406005859e+00
9.162184953689575195e+00
9.169246673583984375e+00
9.175841093063354492e+00
9.182369709014892578e+00
9.189374208450317383e+00
9.196592569351196289e+00
9.203188896179199219e+00
9.211603164672851562e+00
9.218240976333618164e+00
9.225364446640014648e+00
9.232203245162963867e+00
9.238309860229492188e+00
9.245484352111816406e+00
9.252280712127685547e+00
9.259267807006835938e+00
9.266253471374511719e+00
9.273269653320312500e+00
9.280270576477050781e+00
9.287267923355102539e+00
9.294256925582885742e+00
9.301238536834716797e+00
9.308264017105102539e+00
9.315259218215942383e+00
9.321595430374145508e+00
9.327657222747802734e+00
9.334256172180175781e+00
9.342263460159301758e+00
9.350217580795288086e+00
9.358219385147094727e+00
9.364388942718505859e+00
9.370771408081054688e+00
9.377650976181030273e+00
9.384320974349975586e+00
9.391269207000732422e+00
9.398248910903930664e+00
9.405254364013671875e+00
9.412809133529663086e+00
9.419223070144653320e+00
9.425897121429443359e+00
9.432283401489257812e+00
9.439211606979370117e+00
9.445291996002197266e+00
9.451936721801757812e+00
9.457398176193237305e+00
9.462915658950805664e+00
9.468342542648315430e+00
9.474313259124755859e+00
9.481133460998535156e+00
9.487369537353515625e+00
9.494683265686035156e+00
9.501622438430786133e+00
9.508607387542724609e+00
9.515918731689453125e+00
9.522633790969848633e+00
9.529631614685058594e+00
9.536698341369628906e+00
9.543642282485961914e+00
9.550650119781494141e+00
9.557636737823486328e+00
9.564634323120117188e+00
9.571668386459350586e+00
9.578299522399902344e+00
9.585302829742431641e+00
9.592288970947265625e+00
9.599352836608886719e+00
9.605349302291870117e+00
9.612188577651977539e+00
9.618328571319580078e+00
9.625258684158325195e+00
9.631194353103637695e+00
9.638273239135742188e+00
9.645365238189697266e+00
9.652265548706054688e+00
9.659365653991699219e+00
9.666349172592163086e+00
9.673247814178466797e+00
9.680333614349365234e+00
9.686364173889160156e+00
9.693325996398925781e+00
9.700280189514160156e+00
9.707998991012573242e+00
9.714238882064819336e+00
9.720386505126953125e+00
9.726240634918212891e+00
9.732217788696289062e+00
9.739268302917480469e+00
9.745850801467895508e+00
9.751328706741333008e+00
9.758303642272949219e+00
9.764561653137207031e+00
9.771559238433837891e+00
9.778219699859619141e+00
9.785228490829467773e+00
9.792355537414550781e+00
9.799309730529785156e+00
9.806240558624267578e+00
9.814198255538940430e+00
9.820382118225097656e+00
9.826731920242309570e+00
9.833543300628662109e+00
9.841332674026489258e+00
9.849200725555419922e+00
9.855767726898193359e+00
9.861335277557373047e+00
9.867893934249877930e+00
9.872548580169677734e+00
9.877150535583496094e+00
9.883313179016113281e+00
9.889246463775634766e+00
9.893817424774169922e+00
9.898496150970458984e+00
9.903124809265136719e+00
9.907106876373291016e+00
9.911603450775146484e+00
9.920490503311157227e+00
9.925864934921264648e+00
9.931308984756469727e+00
9.935769081115722656e+00
9.941520690917968750e+00
9.947307348251342773e+00
9.951761722564697266e+00
9.957677125930786133e+00
9.962124586105346680e+00
9.966333627700805664e+00
9.970464468002319336e+00
9.976264953613281250e+00
9.983252763748168945e+00
9.991251230239868164e+00
9.996672153472900391e+00
1.000218605995178223e+01
1.000675368309020996e+01
1.001132082939147949e+01
1.001713585853576660e+01
1.002248811721801758e+01
1.002890229225158691e+01
1.003556871414184570e+01
1.004390549659729004e+01
1.005052828788757324e+01
1.005762267112731934e+01
1.006421160697937012e+01
1.007061481475830078e+01
1.007670974731445312e+01
1.008281183242797852e+01
1.008927798271179199e+01
1.009732866287231445e+01
1.010489487648010254e+01
1.011001491546630859e+01
1.011513257026672363e+01
1.011974215507507324e+01
1.012516045570373535e+01
1.012962555885314941e+01
1.013476586341857910e+01
1.013951492309570312e+01
1.014459204673767090e+01
1.014969515800476074e+01
1.015713095664978027e+01
1.016300511360168457e+01
1.016863203048706055e+01
1.017495560646057129e+01
1.018013739585876465e+01
1.018474364280700684e+01
1.018915581703186035e+01
1.019350194931030273e+01
1.019837546348571777e+01
1.020314836502075195e+01
1.020843839645385742e+01
1.021452474594116211e+01
1.022020196914672852e+01
1.022697544097900391e+01
1.023327040672302246e+01
1.024026799201965332e+01
1.024662733078002930e+01
1.025274205207824707e+01
1.025922274589538574e+01
1.026628112792968750e+01
1.027189707756042480e+01
1.027752923965454102e+01
1.028469824790954590e+01
1.028994727134704590e+01
1.029549026489257812e+01
1.030171060562133789e+01
1.030828166007995605e+01
1.031462192535400391e+01
1.032126092910766602e+01
1.032825875282287598e+01
1.033646631240844727e+01
1.034485197067260742e+01
1.035205745697021484e+01
1.035884833335876465e+01
1.036580181121826172e+01
1.037283015251159668e+01
1.037982988357543945e+01
1.038675093650817871e+01
1.039356684684753418e+01
1.040044927597045898e+01
1.040743398666381836e+01
1.041485929489135742e+01
1.042184019088745117e+01
1.042865586280822754e+01
1.043581223487854004e+01
1.044285011291503906e+01
1.044984984397888184e+01
1.045879983901977539e+01
1.046581125259399414e+01
1.047265481948852539e+01
1.047984647750854492e+01
1.048668360710144043e+01
1.049395418167114258e+01
1.050065898895263672e+01
1.050795483589172363e+01
1.051477527618408203e+01
1.052183389663696289e+01
1.052884364128112793e+01
1.053562831878662109e+01
1.054284787178039551e+01
1.054985189437866211e+01
1.055682945251464844e+01
1.056384801864624023e+01
1.057082200050354004e+01
1.057804822921752930e+01
1.058482241630554199e+01
1.059183001518249512e+01
1.059871435165405273e+01
1.060677361488342285e+01
1.061381292343139648e+01
1.062085509300231934e+01
1.062795114517211914e+01
1.063506841659545898e+01
1.064193916320800781e+01
1.064944911003112793e+01
1.065683770179748535e+01
1.066385030746459961e+01
1.067078638076782227e+01
1.067839741706848145e+01
1.068554139137268066e+01
1.069290542602539062e+01
1.069985604286193848e+01
1.070635271072387695e+01
1.071343398094177246e+01
1.072040414810180664e+01
1.072725200653076172e+01
1.073460602760314941e+01
1.074179029464721680e+01
1.074884629249572754e+01
1.075522756576538086e+01
1.076324462890625000e+01
1.077049541473388672e+01
1.077719879150390625e+01
1.078460955619812012e+01
1.079180765151977539e+01
1.079863071441650391e+01
1.080542588233947754e+01
1.081270503997802734e+01
1.081986951828002930e+01
1.082682108879089355e+01
1.083383154869079590e+01
1.084084677696228027e+01
1.084769415855407715e+01
1.085478329658508301e+01
1.086183238029479980e+01
1.086866140365600586e+01
1.087584805488586426e+01
1.088285923004150391e+01
1.088994431495666504e+01
1.089693069458007812e+01
1.090354633331298828e+01
1.091068267822265625e+01
1.091785359382629395e+01
1.092494559288024902e+01
1.093137860298156738e+01
1.093946909904479980e+01
1.094670939445495605e+01
1.095380163192749023e+01
1.096081113815307617e+01
1.096756434440612793e+01
1.097486877441406250e+01
1.098202013969421387e+01
1.098891925811767578e+01
1.099598217010498047e+01
1.100277853012084961e+01
1.100964188575744629e+01
1.101681017875671387e+01
1.102377796173095703e+01
1.103054118156433105e+01
1.103752708435058594e+01
1.104472184181213379e+01
1.105186200141906738e+01
1.105875754356384277e+01
1.106586384773254395e+01
1.107276558876037598e+01
1.107982182502746582e+01
1.108665108680725098e+01
1.109389805793762207e+01
1.110082530975341797e+01
1.110779762268066406e+01
1.111468935012817383e+01
1.112178730964660645e+01
1.112876248359680176e+01
1.113574481010437012e+01
1.114275956153869629e+01
1.114941692352294922e+01
1.115641236305236816e+01
1.116344904899597168e+01
1.117049717903137207e+01
1.117733430862426758e+01
1.118441605567932129e+01
1.119170331954956055e+01
1.119877600669860840e+01
1.120581865310668945e+01
1.121274256706237793e+01
1.121984219551086426e+01
1.122687053680419922e+01
1.123391294479370117e+01
1.124088239669799805e+01
1.124724340438842773e+01
1.125425171852111816e+01
1.126151180267333984e+01
1.126879072189331055e+01
1.127578687667846680e+01
1.128280711174011230e+01
1.128951835632324219e+01
1.129694271087646484e+01
1.130381345748901367e+01
1.131107091903686523e+01
1.131780529022216797e+01
1.132459282875061035e+01
1.133170819282531738e+01
1.133882260322570801e+01
1.134577536582946777e+01
1.135342526435852051e+01
1.136143112182617188e+01
1.136921262741088867e+01
1.137693405151367188e+01
1.138456654548645020e+01
1.139181518554687500e+01
1.139872026443481445e+01
1.140592980384826660e+01
1.141291451454162598e+01
1.141979980468750000e+01
1.142672276496887207e+01
1.143380570411682129e+01
1.144089102745056152e+01
1.144781470298767090e+01
1.145483374595642090e+01
1.146170401573181152e+01
1.146894502639770508e+01
1.147580742835998535e+01
1.148276710510253906e+01
1.148980402946472168e+01
1.149671244621276855e+01
1.150381135940551758e+01
1.151068544387817383e+01
1.151793384552001953e+01
1.152480196952819824e+01
1.153192853927612305e+01
1.153882098197937012e+01
1.154580855369567871e+01
1.155290269851684570e+01
1.155980873107910156e+01
1.156683015823364258e+01
1.157393813133239746e+01
1.158179378509521484e+01
1.158880424499511719e+01
1.159580731391906738e+01
1.160282206535339355e+01
1.160994076728820801e+01
1.161680388450622559e+01
1.162381052970886230e+01
1.163066744804382324e+01
1.163794088363647461e+01
1.164480543136596680e+01
1.165182161331176758e+01
1.165881991386413574e+01
1.166593551635742188e+01
1.167280673980712891e+01
1.167983698844909668e+01
1.168677639961242676e+01
1.169377779960632324e+01
1.170090770721435547e+01
1.170779037475585938e+01
1.171484208106994629e+01
1.172179555892944336e+01
1.172888684272766113e+01
1.173586893081665039e+01
1.174310779571533203e+01
1.175023603439331055e+01
1.175771093368530273e+01
1.176483249664306641e+01
1.177187967300415039e+01
1.177908468246459961e+01
1.178662347793579102e+01
1.179387092590332031e+01
1.180087232589721680e+01
1.180785870552062988e+01
1.181482529640197754e+01
1.182170796394348145e+01
1.182878255844116211e+01
1.183596491813659668e+01
1.184268569946289062e+01
1.185034751892089844e+01
1.185757970809936523e+01
1.186479306221008301e+01
1.187186479568481445e+01
1.187898731231689453e+01
1.188637590408325195e+01
1.189343333244323730e+01
1.190061211585998535e+01
1.190790915489196777e+01
1.191506719589233398e+01
1.192238593101501465e+01
1.192941546440124512e+01
1.193654632568359375e+01
1.194379711151123047e+01
1.195080876350402832e+01
1.195788717269897461e+01
