2.861022949218750000e-06
7.033109664916992188e-03
1.346755027770996094e-02
2.032518386840820312e-02
2.802371978759765625e-02
3.494691848754882812e-02
4.163026809692382812e-02
4.796385765075683594e-02
5.477023124694824219e-02
6.127548217773437500e-02
6.789755821228027344e-02
7.423353195190429688e-02
8.010220527648925781e-02
8.673930168151855469e-02
9.281921386718750000e-02
9.838247299194335938e-02
1.050658226013183594e-01
1.117086410522460938e-01
1.178340911865234375e-01
1.236035823822021484e-01
1.296067237854003906e-01
1.360573768615722656e-01
1.424987316131591797e-01
1.489679813385009766e-01
1.556024551391601562e-01
1.613366603851318359e-01
1.676921844482421875e-01
1.747376918792724609e-01
1.808080673217773438e-01
1.871895790100097656e-01
1.935753822326660156e-01
2.031571865081787109e-01
2.084281444549560547e-01
2.133569717407226562e-01
2.188401222229003906e-01
2.226269245147705078e-01
2.260384559631347656e-01
2.288639545440673828e-01
2.309935092926025391e-01
2.340288162231445312e-01
2.368659973144531250e-01
2.388501167297363281e-01
2.408683300018310547e-01
2.430961132049560547e-01
2.454035282135009766e-01
2.473914623260498047e-01
2.500140666961669922e-01
2.524330615997314453e-01
2.554047107696533203e-01
2.577984333038330078e-01
2.599036693572998047e-01
2.623212337493896484e-01
2.647790908813476562e-01
2.673985958099365234e-01
2.705633640289306641e-01
2.728440761566162109e-01
2.747399806976318359e-01
2.768909931182861328e-01
2.789847850799560547e-01
2.812037467956542969e-01
2.842447757720947266e-01
2.867934703826904297e-01
2.892003059387207031e-01
2.912578582763671875e-01
2.931966781616210938e-01
2.970340251922607422e-01
2.995538711547851562e-01
3.018696308135986328e-01
3.044295310974121094e-01
3.065705299377441406e-01
3.085641860961914062e-01
3.108651638031005859e-01
3.129696846008300781e-01
3.154280185699462891e-01
3.174061775207519531e-01
3.195908069610595703e-01
3.215734958648681641e-01
3.236055374145507812e-01
3.255941867828369141e-01
3.280436992645263672e-01
3.302335739135742188e-01
3.325581550598144531e-01
3.350305557250976562e-01
3.375806808471679688e-01
3.398795127868652344e-01
3.424367904663085938e-01
3.447771072387695312e-01
3.468406200408935547e-01
3.489773273468017578e-01
3.510439395904541016e-01
3.534398078918457031e-01
3.553838729858398438e-01
3.574059009552001953e-01
3.594770431518554688e-01
3.618569374084472656e-01
3.638644218444824219e-01
3.664817810058593750e-01
3.693153858184814453e-01
3.725812435150146484e-01
3.758475780487060547e-01
3.785591125488281250e-01
3.815507888793945312e-01
3.845188617706298828e-01
3.872792720794677734e-01
3.896522521972656250e-01
3.924720287322998047e-01
3.953063488006591797e-01
3.982806205749511719e-01
4.012517929077148438e-01
4.048573970794677734e-01
4.083399772644042969e-01
4.116032123565673828e-01
4.148237705230712891e-01
4.183425903320312500e-01
4.212558269500732422e-01
4.247930049896240234e-01
4.286909103393554688e-01
4.323112964630126953e-01
4.353532791137695312e-01
4.380064010620117188e-01
4.415695667266845703e-01
4.450993537902832031e-01
4.485859870910644531e-01
4.522566795349121094e-01
4.552328586578369141e-01
4.578027725219726562e-01
4.609704017639160156e-01
4.643857479095458984e-01
4.676592350006103516e-01
4.707221984863281250e-01
4.732389450073242188e-01
4.755895137786865234e-01
4.780406951904296875e-01
4.810194969177246094e-01
4.840235710144042969e-01
4.872426986694335938e-01
4.903476238250732422e-01
4.933567047119140625e-01
4.965379238128662109e-01
4.998803138732910156e-01
5.030906200408935547e-01
5.060021877288818359e-01
5.084898471832275391e-01
5.112988948822021484e-01
5.144486427307128906e-01
5.179846286773681641e-01
5.209257602691650391e-01
5.235357284545898438e-01
5.268590450286865234e-01
5.300107002258300781e-01
5.330359935760498047e-01
5.365135669708251953e-01
5.399122238159179688e-01
5.431632995605468750e-01
5.466933250427246094e-01
5.501194000244140625e-01
5.538821220397949219e-01
5.567753314971923828e-01
5.596065521240234375e-01
5.624518394470214844e-01
5.654923915863037109e-01
5.684947967529296875e-01
5.710012912750244141e-01
5.743432044982910156e-01
5.775606632232666016e-01
5.810141563415527344e-01
5.843493938446044922e-01
5.878796577453613281e-01
5.905346870422363281e-01
5.935740470886230469e-01
5.965871810913085938e-01
6.000878810882568359e-01
6.037418842315673828e-01
6.064622402191162109e-01
6.086943149566650391e-01
6.108713150024414062e-01
6.135988235473632812e-01
6.160316467285156250e-01
6.190571784973144531e-01
6.217384338378906250e-01
6.241111755371093750e-01
6.279659271240234375e-01
6.314113140106201172e-01
6.353247165679931641e-01
6.395628452301025391e-01
6.427676677703857422e-01
6.455156803131103516e-01
6.488118171691894531e-01
6.519234180450439453e-01
6.547584533691406250e-01
6.580061912536621094e-01
6.613914966583251953e-01
6.644990444183349609e-01
6.677486896514892578e-01
6.707594394683837891e-01
6.738691329956054688e-01
6.773550510406494141e-01
6.814124584197998047e-01
6.840112209320068359e-01
6.875431537628173828e-01
6.910538673400878906e-01
6.943368911743164062e-01
6.973698139190673828e-01
7.004325389862060547e-01
7.032203674316406250e-01
7.064168453216552734e-01
7.087581157684326172e-01
7.120869159698486328e-01
7.152926921844482422e-01
7.184832096099853516e-01
7.215077877044677734e-01
7.238695621490478516e-01
7.269411087036132812e-01
7.300791740417480469e-01
7.334866523742675781e-01
7.369606494903564453e-01
7.403099536895751953e-01
7.433564662933349609e-01
7.466576099395751953e-01
7.500014305114746094e-01
7.530705928802490234e-01
7.564086914062500000e-01
7.596182823181152344e-01
7.627158164978027344e-01
7.659831047058105469e-01
7.697257995605468750e-01
7.730097770690917969e-01
7.762856483459472656e-01
7.790641784667968750e-01
7.825870513916015625e-01
7.862803936004638672e-01
7.887797355651855469e-01
7.916383743286132812e-01
7.946937084197998047e-01
7.976474761962890625e-01
8.014864921569824219e-01
8.053569793701171875e-01
8.094027042388916016e-01
8.128120899200439453e-01
8.167712688446044922e-01
8.205082416534423828e-01
8.243718147277832031e-01
8.284335136413574219e-01
8.317594528198242188e-01
8.355915546417236328e-01
8.395206928253173828e-01
8.435289859771728516e-01
8.468928337097167969e-01
8.507013320922851562e-01
8.544957637786865234e-01
8.583374023437500000e-01
8.621144294738769531e-01
8.661365509033203125e-01
8.696498870849609375e-01
8.736007213592529297e-01
8.770806789398193359e-01
8.805937767028808594e-01
8.854517936706542969e-01
8.890709877014160156e-01
8.926303386688232422e-01
8.965065479278564453e-01
9.006497859954833984e-01
9.041159152984619141e-01
9.075777530670166016e-01
9.109075069427490234e-01
9.142575263977050781e-01
9.172861576080322266e-01
9.205217361450195312e-01
9.243557453155517578e-01
9.276697635650634766e-01
9.318180084228515625e-01
9.348893165588378906e-01
9.385502338409423828e-01
9.425857067108154297e-01
9.463326930999755859e-01
9.498500823974609375e-01
9.537570476531982422e-01
9.570980072021484375e-01
9.603767395019531250e-01
9.638729095458984375e-01
9.673123359680175781e-01
9.702820777893066406e-01
9.728577136993408203e-01
9.757730960845947266e-01
9.793753623962402344e-01
9.833989143371582031e-01
9.872615337371826172e-01
9.905354976654052734e-01
9.936954975128173828e-01
9.966957569122314453e-01
1.000289916992187500e+00
1.004537820816040039e+00
1.008066654205322266e+00
1.011253595352172852e+00
1.014620542526245117e+00
1.018337726593017578e+00
1.022050142288208008e+00
1.025257587432861328e+00
1.027905702590942383e+00
1.031173944473266602e+00
1.034641265869140625e+00
1.038123607635498047e+00
1.041985034942626953e+00
1.045292139053344727e+00
1.048266887664794922e+00
1.050740480422973633e+00
1.053858757019042969e+00
1.056490659713745117e+00
1.059902906417846680e+00
1.063306808471679688e+00
1.066724061965942383e+00
1.069898605346679688e+00
1.072528839111328125e+00
1.075515031814575195e+00
1.078820705413818359e+00
1.082718133926391602e+00
1.085914134979248047e+00
1.089693784713745117e+00
1.092925310134887695e+00
1.096090078353881836e+00
1.099695682525634766e+00
1.103474378585815430e+00
1.106878995895385742e+00
1.110264062881469727e+00
1.113516807556152344e+00
1.116893291473388672e+00
1.120139598846435547e+00
1.123936414718627930e+00
1.128406047821044922e+00
1.132411718368530273e+00
1.136540412902832031e+00
1.139952898025512695e+00
1.143432378768920898e+00
1.147513151168823242e+00
1.150903224945068359e+00
1.154551506042480469e+00
1.157785654067993164e+00
1.161422729492187500e+00
1.165276288986206055e+00
1.169388771057128906e+00
1.172704219818115234e+00
1.176450252532958984e+00
1.179934501647949219e+00
1.183780193328857422e+00
1.187594890594482422e+00
1.190917015075683594e+00
1.193909406661987305e+00
1.198297023773193359e+00
1.202309131622314453e+00
1.205656528472900391e+00
1.208907365798950195e+00
1.213013172149658203e+00
1.215888738632202148e+00
1.219448089599609375e+00
1.222494363784790039e+00
1.225870609283447266e+00
1.229922056198120117e+00
1.233458518981933594e+00
1.237118721008300781e+00
1.240261316299438477e+00
1.243143558502197266e+00
1.246672391891479492e+00
1.250578403472900391e+00
1.253984689712524414e+00
1.256911754608154297e+00
1.259432554244995117e+00
1.261989831924438477e+00
1.265041112899780273e+00
1.268358230590820312e+00
1.271571397781372070e+00
1.276098012924194336e+00
1.279325246810913086e+00
1.282923460006713867e+00
1.286332368850708008e+00
1.289392948150634766e+00
1.292827844619750977e+00
1.296712160110473633e+00
1.300627470016479492e+00
1.304465770721435547e+00
1.308331012725830078e+00
1.311798095703125000e+00
1.315778732299804688e+00
1.320297956466674805e+00
1.323706388473510742e+00
1.326482057571411133e+00
1.329219341278076172e+00
1.332288980484008789e+00
1.335398674011230469e+00
1.338696479797363281e+00
1.342344284057617188e+00
1.346465349197387695e+00
1.351069927215576172e+00
1.354920864105224609e+00
1.358519315719604492e+00
1.362917423248291016e+00
1.367374897003173828e+00
1.371546030044555664e+00
1.375590801239013672e+00
1.379676818847656250e+00
1.384353637695312500e+00
1.388649940490722656e+00
1.393383741378784180e+00
1.398393869400024414e+00
1.403308391571044922e+00
1.407445907592773438e+00
1.412490129470825195e+00
1.417443513870239258e+00
1.422468662261962891e+00
1.426997423171997070e+00
1.431354045867919922e+00
1.435972929000854492e+00
1.440388679504394531e+00
1.445422172546386719e+00
1.449911117553710938e+00
1.453773975372314453e+00
1.457598924636840820e+00
1.461384773254394531e+00
1.465149641036987305e+00
1.470060110092163086e+00
1.474296331405639648e+00
1.478396415710449219e+00
1.482334375381469727e+00
1.486472845077514648e+00
1.490454673767089844e+00
1.494560956954956055e+00
1.498045206069946289e+00
1.502047061920166016e+00
1.505469322204589844e+00
1.509483337402343750e+00
1.513629198074340820e+00
1.518347978591918945e+00
1.522388935089111328e+00
1.525953769683837891e+00
1.530301332473754883e+00
1.534085988998413086e+00
1.538682460784912109e+00
1.543441772460937500e+00
1.547970533370971680e+00
1.552349328994750977e+00
1.555950403213500977e+00
1.560135364532470703e+00
1.563870906829833984e+00
1.568924427032470703e+00
1.573523998260498047e+00
1.577631950378417969e+00
1.581582307815551758e+00
1.585747718811035156e+00
1.589543581008911133e+00
1.593025684356689453e+00
1.596866130828857422e+00
1.601642131805419922e+00
1.606381416320800781e+00
1.610337257385253906e+00
1.614368200302124023e+00
1.619454145431518555e+00
1.623301267623901367e+00
1.626899719238281250e+00
1.631363630294799805e+00
1.636385202407836914e+00
1.641292810440063477e+00
1.645293712615966797e+00
1.649320840835571289e+00
1.653443336486816406e+00
1.657525300979614258e+00
1.662435293197631836e+00
1.667453765869140625e+00
1.672187328338623047e+00
1.676405429840087891e+00
1.680689811706542969e+00
1.685451745986938477e+00
1.690395593643188477e+00
1.694542884826660156e+00
1.699613332748413086e+00
1.703933000564575195e+00
1.708453178405761719e+00
1.712609052658081055e+00
1.717121839523315430e+00
1.720519065856933594e+00
1.724350690841674805e+00
1.728428125381469727e+00
1.732924461364746094e+00
1.737354278564453125e+00
1.741298198699951172e+00
1.745707750320434570e+00
1.750340938568115234e+00
1.754729509353637695e+00
1.758532762527465820e+00
1.762398481369018555e+00
1.767432212829589844e+00
1.772617816925048828e+00
1.776884555816650391e+00
1.781513690948486328e+00
1.786081314086914062e+00
1.790467500686645508e+00
1.795369625091552734e+00
1.800668239593505859e+00
1.805425405502319336e+00
1.809960842132568359e+00
1.813973188400268555e+00
1.818449020385742188e+00
1.822764158248901367e+00
1.827085971832275391e+00
1.831474781036376953e+00
1.835840702056884766e+00
1.840476512908935547e+00
1.844591140747070312e+00
1.848349571228027344e+00
1.852407693862915039e+00
1.856524705886840820e+00
1.860622167587280273e+00
1.864616632461547852e+00
1.868651151657104492e+00
1.872452735900878906e+00
1.877415895462036133e+00
1.882428646087646484e+00
1.886883974075317383e+00
1.891433000564575195e+00
1.896479606628417969e+00
1.901555538177490234e+00
1.906282901763916016e+00
1.909919261932373047e+00
1.913834095001220703e+00
1.917620897293090820e+00
1.921696186065673828e+00
1.925889968872070312e+00
1.929969787597656250e+00
1.933638095855712891e+00
1.937519788742065430e+00
1.941039800643920898e+00
1.944393634796142578e+00
1.948497533798217773e+00
1.952791452407836914e+00
1.956627845764160156e+00
1.960402250289916992e+00
1.963660240173339844e+00
1.967953681945800781e+00
1.972648382186889648e+00
1.976921796798706055e+00
1.981359958648681641e+00
1.985650539398193359e+00
1.990434646606445312e+00
1.995371818542480469e+00
1.999798536300659180e+00
2.004395723342895508e+00
2.009565353393554688e+00
2.014381170272827148e+00
2.018667221069335938e+00
2.022546291351318359e+00
2.027390718460083008e+00
2.031799316406250000e+00
2.036743640899658203e+00
2.040944337844848633e+00
2.044545650482177734e+00
2.049421310424804688e+00
2.054310798645019531e+00
2.057929039001464844e+00
2.061829805374145508e+00
2.066104888916015625e+00
2.070653200149536133e+00
2.075205564498901367e+00
2.079434394836425781e+00
2.083635568618774414e+00
2.088302135467529297e+00
2.092549562454223633e+00
2.096363067626953125e+00
2.101525068283081055e+00
2.105472564697265625e+00
2.109278917312622070e+00
2.112647294998168945e+00
2.116660594940185547e+00
2.120331287384033203e+00
2.123652458190917969e+00
2.127314567565917969e+00
2.131143093109130859e+00
2.135422945022583008e+00
2.139163732528686523e+00
2.143163919448852539e+00
2.146761417388916016e+00
2.150669336318969727e+00
2.155126333236694336e+00
2.159020900726318359e+00
2.163062572479248047e+00
2.167777299880981445e+00
2.172050952911376953e+00
2.176502466201782227e+00
2.181593418121337891e+00
2.185654163360595703e+00
2.189852237701416016e+00
2.194463014602661133e+00
2.198873519897460938e+00
2.203812360763549805e+00
2.207458257675170898e+00
2.210885286331176758e+00
2.215177536010742188e+00
2.219085216522216797e+00
2.222888708114624023e+00
2.226889848709106445e+00
2.230613708496093750e+00
2.233914136886596680e+00
2.237882137298583984e+00
2.241796016693115234e+00
2.245879888534545898e+00
2.249978780746459961e+00
2.254283905029296875e+00
2.258393526077270508e+00
2.262759685516357422e+00
2.267403602600097656e+00
2.271479606628417969e+00
2.276202201843261719e+00
2.280331850051879883e+00
2.284412622451782227e+00
2.288395166397094727e+00
2.292683124542236328e+00
2.297477483749389648e+00
2.302315473556518555e+00
2.306026935577392578e+00
2.310322999954223633e+00
2.314552068710327148e+00
2.319431066513061523e+00
2.323523044586181641e+00
2.327647924423217773e+00
2.332519531250000000e+00
2.337424039840698242e+00
2.341664314270019531e+00
2.346632719039916992e+00
2.351555109024047852e+00
2.356379032135009766e+00
2.360652685165405273e+00
2.364842891693115234e+00
2.369821548461914062e+00
2.374045848846435547e+00
2.377432584762573242e+00
2.381736278533935547e+00
2.386059999465942383e+00
2.389762878417968750e+00
2.393713712692260742e+00
2.397544860839843750e+00
2.402350187301635742e+00
2.407413959503173828e+00
2.412415504455566406e+00
2.416554212570190430e+00
2.420987844467163086e+00
2.426687002182006836e+00
2.431851625442504883e+00
2.437421321868896484e+00
2.441340446472167969e+00
2.445362091064453125e+00
2.451338768005371094e+00
2.455921411514282227e+00
2.460412979125976562e+00
2.464724540710449219e+00
2.469425201416015625e+00
2.473615646362304688e+00
2.477467775344848633e+00
2.481573343276977539e+00
2.485414266586303711e+00
2.490365028381347656e+00
2.494029521942138672e+00
2.497638940811157227e+00
2.501421928405761719e+00
2.505750656127929688e+00
2.510079383850097656e+00
2.514405250549316406e+00
2.519363164901733398e+00
2.523939609527587891e+00
2.527672290802001953e+00
2.532658576965332031e+00
2.537315130233764648e+00
2.541171789169311523e+00
2.545231103897094727e+00
2.548457622528076172e+00
2.552132368087768555e+00
2.556321144104003906e+00
2.560590028762817383e+00
2.565398216247558594e+00
2.570308923721313477e+00
2.574565649032592773e+00
2.579436063766479492e+00
2.584011077880859375e+00
2.588305711746215820e+00
2.592406034469604492e+00
2.595635414123535156e+00
2.600523948669433594e+00
2.605535268783569336e+00
2.609855175018310547e+00
2.613955736160278320e+00
2.617994308471679688e+00
2.622349977493286133e+00
2.626059293746948242e+00
2.630335330963134766e+00
2.634298086166381836e+00
2.638377428054809570e+00
2.643366336822509766e+00
2.648317337036132812e+00
2.652149438858032227e+00
2.656767368316650391e+00
2.661438941955566406e+00
2.665748596191406250e+00
2.670028448104858398e+00
2.674380302429199219e+00
2.678837299346923828e+00
2.683585405349731445e+00
2.688374280929565430e+00
2.692728519439697266e+00
2.696879386901855469e+00
2.701558113098144531e+00
2.706262826919555664e+00
2.710445880889892578e+00
2.714437007904052734e+00
2.719178676605224609e+00
2.723042726516723633e+00
2.727285146713256836e+00
2.731461524963378906e+00
2.735648632049560547e+00
2.740441322326660156e+00
2.745005607604980469e+00
2.749372482299804688e+00
2.753896713256835938e+00
2.757978439331054688e+00
2.762432098388671875e+00
2.766669034957885742e+00
2.771417856216430664e+00
2.776367664337158203e+00
2.780347824096679688e+00
2.784785270690917969e+00
2.789403200149536133e+00
2.793577194213867188e+00
2.798320770263671875e+00
2.802302837371826172e+00
2.806605339050292969e+00
2.810814142227172852e+00
2.815404415130615234e+00
2.820803642272949219e+00
2.825431346893310547e+00
2.829617977142333984e+00
2.833772420883178711e+00
2.838435173034667969e+00
2.842940092086791992e+00
2.847656965255737305e+00
2.852401494979858398e+00
2.856674432754516602e+00
2.861155509948730469e+00
2.865026473999023438e+00
2.869174957275390625e+00
2.873372077941894531e+00
2.877844572067260742e+00
2.882424592971801758e+00
2.887206554412841797e+00
2.891591787338256836e+00
2.896351814270019531e+00
2.901069402694702148e+00
2.905313491821289062e+00
2.909338951110839844e+00
2.913324832916259766e+00
2.917632102966308594e+00
2.921601057052612305e+00
2.925633430480957031e+00
2.929657459259033203e+00
2.933881998062133789e+00
2.938301324844360352e+00
2.942557334899902344e+00
2.946793079376220703e+00
2.951422214508056641e+00
2.955743551254272461e+00
2.960433244705200195e+00
2.965703487396240234e+00
2.970397472381591797e+00
2.975291252136230469e+00
2.978843212127685547e+00
2.983086824417114258e+00
2.987077713012695312e+00
2.991364955902099609e+00
2.996263027191162109e+00
3.000707149505615234e+00
3.005479812622070312e+00
3.009651422500610352e+00
3.014368772506713867e+00
3.019399642944335938e+00
3.023601531982421875e+00
3.026868104934692383e+00
3.030562639236450195e+00
3.035406112670898438e+00
3.039414882659912109e+00
3.042811870574951172e+00
3.046925067901611328e+00
3.051426172256469727e+00
3.055864334106445312e+00
3.059673786163330078e+00
3.063761234283447266e+00
3.068990945816040039e+00
3.073423147201538086e+00
3.078361272811889648e+00
3.082623004913330078e+00
3.087306022644042969e+00
3.091588973999023438e+00
3.096348047256469727e+00
3.101383686065673828e+00
3.105843305587768555e+00
3.109709739685058594e+00
3.113323926925659180e+00
3.117307186126708984e+00
3.121480464935302734e+00
3.125292301177978516e+00
3.129308938980102539e+00
3.133506774902343750e+00
3.137767076492309570e+00
3.142314195632934570e+00
3.146387815475463867e+00
3.151396036148071289e+00
3.155240535736083984e+00
3.158785104751586914e+00
3.162693500518798828e+00
3.166660308837890625e+00
3.170778751373291016e+00
3.174660205841064453e+00
3.178021669387817383e+00
3.181947231292724609e+00
3.186400890350341797e+00
3.190977573394775391e+00
3.195431947708129883e+00
3.200389146804809570e+00
3.203911781311035156e+00
3.208385467529296875e+00
3.213579416275024414e+00
3.218042850494384766e+00
3.222040891647338867e+00
3.226806163787841797e+00
3.230793237686157227e+00
3.235378503799438477e+00
3.239024162292480469e+00
3.243429422378540039e+00
3.248340368270874023e+00
3.251874685287475586e+00
3.256171941757202148e+00
3.260813951492309570e+00
3.265592336654663086e+00
3.270079612731933594e+00
3.274060964584350586e+00
3.278303384780883789e+00
3.282712459564208984e+00
3.287480831146240234e+00
3.291032075881958008e+00
3.295365810394287109e+00
3.300376653671264648e+00
3.304594039916992188e+00
3.308271408081054688e+00
3.312642097473144531e+00
3.316455125808715820e+00
3.320382833480834961e+00
3.324500322341918945e+00
3.328810214996337891e+00
3.333672523498535156e+00
3.338415622711181641e+00
3.343531608581542969e+00
3.347360134124755859e+00
3.351275920867919922e+00
3.355396509170532227e+00
3.359612941741943359e+00
3.363578796386718750e+00
3.369151592254638672e+00
3.373337268829345703e+00
3.378346204757690430e+00
3.382450819015502930e+00
3.387323141098022461e+00
3.391418457031250000e+00
3.396435499191284180e+00
3.400672197341918945e+00
3.405413389205932617e+00
3.410033941268920898e+00
3.414336442947387695e+00
3.418605566024780273e+00
3.422894239425659180e+00
3.426575899124145508e+00
3.430931091308593750e+00
3.435295581817626953e+00
3.439618110656738281e+00
3.444418668746948242e+00
3.449379920959472656e+00
3.454242467880249023e+00
3.458419322967529297e+00
3.462708711624145508e+00
3.467399835586547852e+00
3.472395658493041992e+00
3.477390050888061523e+00
3.482035160064697266e+00
3.486098766326904297e+00
3.489948272705078125e+00
3.494456291198730469e+00
3.498965263366699219e+00
3.503843069076538086e+00
3.508600234985351562e+00
3.512935638427734375e+00
3.517585277557373047e+00
3.521625280380249023e+00
3.525430679321289062e+00
3.529280424118041992e+00
3.533219099044799805e+00
3.537654161453247070e+00
3.541986227035522461e+00
3.546304464340209961e+00
3.550291299819946289e+00
3.554234027862548828e+00
3.557790517807006836e+00
3.561574935913085938e+00
3.565639019012451172e+00
3.570019483566284180e+00
3.574347734451293945e+00
3.578349828720092773e+00
3.582418441772460938e+00
3.586736440658569336e+00
3.591107606887817383e+00
3.595252037048339844e+00
3.599256038665771484e+00
3.603523254394531250e+00
3.607400894165039062e+00
3.611034154891967773e+00
3.615292549133300781e+00
3.619402885437011719e+00
3.624361276626586914e+00
3.628290176391601562e+00
3.633170604705810547e+00
3.637734413146972656e+00
3.642326593399047852e+00
3.646316289901733398e+00
3.650292158126831055e+00
3.654542922973632812e+00
3.658664226531982422e+00
3.661594390869140625e+00
3.665299415588378906e+00
3.669655084609985352e+00
3.674568891525268555e+00
3.679287195205688477e+00
3.683308124542236328e+00
3.687450647354125977e+00
3.691596984863281250e+00
3.696402072906494141e+00
3.700778245925903320e+00
3.705535888671875000e+00
3.709738016128540039e+00
3.713681697845458984e+00
3.717915296554565430e+00
3.722096920013427734e+00
3.726333379745483398e+00
3.731334447860717773e+00
3.735736131668090820e+00
3.740440368652343750e+00
3.744729280471801758e+00
3.748562574386596680e+00
3.752938508987426758e+00
3.757081270217895508e+00
3.761365890502929688e+00
3.765530824661254883e+00
3.769245147705078125e+00
3.772756338119506836e+00
3.776882886886596680e+00
3.781465768814086914e+00
3.785593032836914062e+00
3.790395259857177734e+00
3.795418500900268555e+00
3.799933195114135742e+00
3.804723262786865234e+00
3.809398412704467773e+00
3.814053773880004883e+00
3.818422555923461914e+00
3.822866916656494141e+00
3.826641798019409180e+00
3.831015586853027344e+00
3.835685253143310547e+00
3.840371847152709961e+00
3.845553159713745117e+00
3.849917888641357422e+00
3.854604959487915039e+00
3.858705043792724609e+00
3.862843990325927734e+00
3.867692470550537109e+00
3.871629238128662109e+00
3.876476049423217773e+00
3.880273103713989258e+00
3.884427309036254883e+00
3.889127254486083984e+00
3.893129110336303711e+00
3.897656202316284180e+00
3.901721954345703125e+00
3.905381202697753906e+00
3.909963369369506836e+00
3.914360284805297852e+00
3.919474363327026367e+00
3.924550771713256836e+00
3.929824113845825195e+00
3.937407970428466797e+00
3.941310882568359375e+00
3.945322275161743164e+00
3.949699401855468750e+00
3.954410314559936523e+00
3.958262681961059570e+00
3.962470293045043945e+00
3.966286182403564453e+00
3.970418453216552734e+00
3.974561452865600586e+00
3.980588674545288086e+00
3.984659671783447266e+00
3.988812685012817383e+00
3.992683410644531250e+00
3.996533155441284180e+00
4.000675916671752930e+00
4.005435943603515625e+00
4.010431528091430664e+00
4.014676332473754883e+00
4.018712282180786133e+00
4.022332906723022461e+00
4.025639533996582031e+00
4.029181480407714844e+00
4.033682346343994141e+00
4.038490772247314453e+00
4.042869567871093750e+00
4.046906948089599609e+00
4.050762653350830078e+00
4.054674386978149414e+00
4.059159994125366211e+00
4.063539028167724609e+00
4.067467927932739258e+00
4.072552919387817383e+00
4.076963901519775391e+00
4.081274271011352539e+00
4.085463047027587891e+00
4.089819669723510742e+00
4.093860864639282227e+00
4.098297834396362305e+00
4.103734016418457031e+00
4.106892108917236328e+00
4.110547780990600586e+00
4.114540100097656250e+00
4.118372201919555664e+00
4.121938467025756836e+00
4.125799655914306641e+00
4.130145311355590820e+00
4.134449720382690430e+00
4.138659238815307617e+00
4.143585205078125000e+00
4.148431777954101562e+00
4.152932405471801758e+00
4.157354116439819336e+00
4.160751819610595703e+00
4.164356946945190430e+00
4.169069528579711914e+00
4.173413991928100586e+00
4.178274154663085938e+00
4.182485342025756836e+00
4.187366247177124023e+00
4.191470384597778320e+00
4.196315288543701172e+00
4.200828790664672852e+00
4.205363035202026367e+00
4.209422111511230469e+00
4.213892698287963867e+00
4.218501329421997070e+00
4.222211837768554688e+00
4.224959611892700195e+00
4.227820158004760742e+00
4.232321739196777344e+00
4.236843347549438477e+00
4.241006612777709961e+00
4.245339393615722656e+00
4.249759674072265625e+00
4.253666162490844727e+00
4.257763624191284180e+00
4.261872053146362305e+00
4.266433954238891602e+00
4.270868539810180664e+00
4.274927377700805664e+00
4.278669595718383789e+00
4.283062696456909180e+00
4.287447929382324219e+00
4.291754722595214844e+00
4.296448945999145508e+00
4.301175594329833984e+00
4.305850744247436523e+00
4.310405254364013672e+00
4.315300226211547852e+00
4.319629669189453125e+00
4.323517322540283203e+00
4.326837062835693359e+00
4.330677986145019531e+00
4.334961414337158203e+00
4.338932275772094727e+00
4.343472242355346680e+00
4.348411798477172852e+00
4.353311061859130859e+00
4.357389926910400391e+00
4.362352609634399414e+00
4.366523027420043945e+00
4.371403455734252930e+00
4.375561237335205078e+00
4.379542589187622070e+00
4.384581327438354492e+00
4.388639926910400391e+00
4.392726659774780273e+00
4.396831750869750977e+00
4.401418685913085938e+00
4.406329154968261719e+00
4.410316705703735352e+00
4.414469718933105469e+00
4.418618202209472656e+00
4.422803401947021484e+00
4.426753997802734375e+00
4.430890560150146484e+00
4.435562133789062500e+00
4.439481258392333984e+00
4.443554878234863281e+00
4.448101520538330078e+00
4.451500177383422852e+00
4.456388473510742188e+00
4.461342334747314453e+00
4.465662717819213867e+00
4.470538139343261719e+00
4.475007057189941406e+00
4.478993177413940430e+00
4.483061790466308594e+00
4.486938238143920898e+00
4.490811586380004883e+00
4.494807481765747070e+00
4.499387025833129883e+00
4.504453659057617188e+00
4.509357690811157227e+00
4.513587236404418945e+00
4.517678022384643555e+00
4.522135257720947266e+00
4.526540040969848633e+00
4.531025409698486328e+00
4.536440849304199219e+00
4.541406631469726562e+00
4.545732021331787109e+00
4.550314188003540039e+00
4.554479360580444336e+00
4.558272361755371094e+00
4.562417984008789062e+00
4.566904067993164062e+00
4.571453094482421875e+00
4.576380729675292969e+00
4.580882072448730469e+00
4.585561990737915039e+00
4.589994668960571289e+00
4.593380451202392578e+00
4.597686052322387695e+00
4.602456092834472656e+00
4.607353448867797852e+00
4.611243009567260742e+00
4.615570306777954102e+00
4.620280027389526367e+00
4.623798847198486328e+00
4.627497911453247070e+00
4.631271362304687500e+00
4.635373830795288086e+00
4.640436410903930664e+00
4.645301818847656250e+00
4.649407625198364258e+00
4.653409719467163086e+00
4.657360553741455078e+00
4.661976337432861328e+00
4.666384220123291016e+00
4.670801877975463867e+00
4.674817085266113281e+00
4.679462909698486328e+00
4.684386730194091797e+00
4.688646078109741211e+00
4.693544626235961914e+00
4.697442054748535156e+00
4.702667951583862305e+00
4.707410812377929688e+00
4.712397336959838867e+00
4.716976165771484375e+00
4.721374988555908203e+00
4.726319551467895508e+00
4.730623245239257812e+00
4.734843015670776367e+00
4.739338874816894531e+00
4.743562459945678711e+00
4.747708559036254883e+00
4.751809597015380859e+00
4.756381034851074219e+00
4.760686159133911133e+00
4.765405416488647461e+00
4.770352125167846680e+00
4.774241924285888672e+00
4.777936458587646484e+00
4.781660795211791992e+00
4.786068201065063477e+00
4.790246486663818359e+00
4.794457197189331055e+00
4.799296379089355469e+00
4.804540634155273438e+00
4.808230400085449219e+00
4.812644720077514648e+00
4.816698312759399414e+00
4.820748090744018555e+00
4.824061155319213867e+00
4.828391551971435547e+00
4.833935499191284180e+00
4.838634729385375977e+00
4.843548059463500977e+00
4.847617149353027344e+00
4.851992607116699219e+00
4.855677843093872070e+00
4.859661102294921875e+00
4.863867282867431641e+00
4.868693590164184570e+00
4.872975111007690430e+00
4.876579046249389648e+00
4.880455255508422852e+00
4.884477376937866211e+00
4.888760805130004883e+00
4.893340826034545898e+00
4.897442102432250977e+00
4.902477502822875977e+00
4.907371997833251953e+00
4.912328481674194336e+00
4.916691303253173828e+00
4.921216726303100586e+00
4.924999713897705078e+00
4.929279088973999023e+00
4.933196067810058594e+00
4.938311100006103516e+00
4.942310571670532227e+00
4.946944952011108398e+00
4.950491666793823242e+00
4.954885244369506836e+00
4.958810329437255859e+00
4.963391780853271484e+00
4.967772722244262695e+00
4.972465991973876953e+00
4.976862907409667969e+00
4.980803489685058594e+00
4.984764337539672852e+00
4.989365577697753906e+00
4.994277477264404297e+00
4.999330282211303711e+00
5.004462718963623047e+00
5.008576393127441406e+00
5.012909650802612305e+00
5.016973018646240234e+00
5.021229267120361328e+00
5.025446653366088867e+00
5.029841423034667969e+00
5.034497737884521484e+00
5.039486408233642578e+00
5.043408393859863281e+00
5.048413991928100586e+00
5.052687883377075195e+00
5.056556224822998047e+00
5.060249805450439453e+00
5.063629865646362305e+00
5.067063093185424805e+00
5.071355342864990234e+00
5.075947999954223633e+00
5.080519437789916992e+00
5.085504055023193359e+00
5.089690208435058594e+00
5.093529462814331055e+00
5.098357915878295898e+00
5.102409601211547852e+00
5.107424259185791016e+00
5.111445426940917969e+00
5.115879535675048828e+00
5.120306968688964844e+00
5.123517513275146484e+00
5.126853942871093750e+00
5.130611896514892578e+00
5.134724617004394531e+00
5.138669729232788086e+00
5.143422842025756836e+00
5.148437738418579102e+00
5.153084993362426758e+00
5.157072305679321289e+00
5.160858631134033203e+00
5.165374994277954102e+00
5.170119524002075195e+00
5.174312353134155273e+00
5.178689956665039062e+00
5.183408975601196289e+00
5.188273191452026367e+00
5.192288160324096680e+00
5.196641206741333008e+00
5.201426744461059570e+00
5.206372737884521484e+00
5.210630178451538086e+00
5.214651823043823242e+00
5.218671560287475586e+00
5.222929239273071289e+00
5.227299451828002930e+00
5.231528759002685547e+00
5.236573457717895508e+00
5.241327762603759766e+00
5.246385097503662109e+00
5.249986648559570312e+00
5.254215717315673828e+00
5.257463216781616211e+00
5.261366605758666992e+00
5.265358448028564453e+00
5.270313024520874023e+00
5.275426864624023438e+00
5.280349731445312500e+00
5.284232854843139648e+00
5.288213014602661133e+00
5.292432785034179688e+00
5.297298192977905273e+00
5.301682949066162109e+00
5.306356430053710938e+00
5.310471057891845703e+00
5.314339637756347656e+00
5.318408966064453125e+00
5.323270559310913086e+00
5.327302217483520508e+00
5.331322908401489258e+00
5.335349082946777344e+00
5.340322017669677734e+00
5.344452142715454102e+00
5.348899364471435547e+00
5.353387117385864258e+00
5.357042789459228516e+00
5.360743999481201172e+00
5.364967346191406250e+00
5.368997335433959961e+00
5.372566223144531250e+00
5.376445293426513672e+00
5.381238937377929688e+00
5.385352373123168945e+00
5.389487743377685547e+00
5.394281148910522461e+00
5.398098945617675781e+00
5.402862787246704102e+00
5.406916618347167969e+00
5.410735130310058594e+00
5.415409564971923828e+00
5.420363903045654297e+00
5.423811674118041992e+00
5.427539825439453125e+00
5.431598424911499023e+00
5.436637401580810547e+00
5.440129756927490234e+00
5.444299936294555664e+00
5.448164463043212891e+00
5.451655626296997070e+00
5.455243587493896484e+00
5.459124565124511719e+00
5.462787628173828125e+00
5.467970132827758789e+00
5.471771717071533203e+00
5.475539922714233398e+00
5.479294538497924805e+00
5.482508420944213867e+00
5.486291646957397461e+00
5.490260362625122070e+00
5.493586540222167969e+00
5.496976613998413086e+00
5.501334190368652344e+00
5.505265474319458008e+00
5.509283781051635742e+00
5.513287305831909180e+00
5.517468214035034180e+00
5.521338939666748047e+00
5.525038242340087891e+00
5.528789043426513672e+00
5.533510923385620117e+00
5.537820816040039062e+00
5.542399883270263672e+00
5.547189950942993164e+00
5.551234483718872070e+00
5.555361509323120117e+00
5.559388875961303711e+00
5.563641309738159180e+00
5.568522691726684570e+00
5.573387622833251953e+00
5.577827215194702148e+00
5.582398176193237305e+00
5.587352752685546875e+00
5.591533422470092773e+00
5.595376491546630859e+00
5.599850893020629883e+00
5.604353189468383789e+00
5.608284235000610352e+00
5.612019538879394531e+00
5.616310834884643555e+00
5.621240377426147461e+00
5.625040769577026367e+00
5.629058361053466797e+00
5.633315324783325195e+00
5.638377189636230469e+00
5.642560720443725586e+00
5.647325277328491211e+00
5.652302026748657227e+00
5.656364917755126953e+00
5.660535812377929688e+00
5.664339303970336914e+00
5.669294595718383789e+00
5.673041820526123047e+00
5.676921129226684570e+00
5.681404113769531250e+00
5.685340166091918945e+00
5.689036846160888672e+00
5.693288087844848633e+00
5.697447776794433594e+00
5.701899051666259766e+00
5.706509828567504883e+00
5.710557222366333008e+00
5.714318513870239258e+00
5.718360662460327148e+00
5.722286701202392578e+00
5.726323604583740234e+00
5.730381965637207031e+00
5.735417604446411133e+00
5.740374088287353516e+00
5.745372772216796875e+00
5.750319242477416992e+00
5.754340648651123047e+00
5.758380174636840820e+00
5.763338804244995117e+00
5.768074274063110352e+00
5.771745443344116211e+00
5.775577306747436523e+00
5.779672384262084961e+00
5.783572435379028320e+00
5.787623167037963867e+00
5.791295051574707031e+00
5.795613765716552734e+00
5.800377130508422852e+00
5.804728269577026367e+00
5.809099912643432617e+00
5.812670230865478516e+00
5.816999197006225586e+00
5.821486473083496094e+00
5.824988603591918945e+00
5.828728199005126953e+00
5.833072185516357422e+00
5.836790800094604492e+00
5.840851545333862305e+00
5.845377922058105469e+00
5.850353717803955078e+00
5.854534626007080078e+00
5.858626365661621094e+00
5.862363576889038086e+00
5.867672681808471680e+00
5.872162580490112305e+00
5.876833915710449219e+00
5.880986928939819336e+00
5.884687900543212891e+00
5.889086008071899414e+00
5.893663406372070312e+00
5.898383617401123047e+00
5.902621269226074219e+00
5.906502246856689453e+00
5.910260438919067383e+00
5.913625955581665039e+00
5.917258501052856445e+00
5.921856164932250977e+00
5.926507949829101562e+00
5.930642127990722656e+00
5.934921264648437500e+00
5.939661026000976562e+00
5.944442033767700195e+00
5.948510408401489258e+00
5.952860116958618164e+00
5.956544637680053711e+00
5.960661888122558594e+00
5.965375661849975586e+00
5.970375537872314453e+00
5.974978446960449219e+00
5.978793621063232422e+00
5.983422756195068359e+00
5.987684249877929688e+00
5.992275476455688477e+00
5.996330976486206055e+00
6.001363277435302734e+00
6.006434202194213867e+00
6.011379241943359375e+00
6.015582799911499023e+00
6.019526004791259766e+00
6.023639917373657227e+00
6.028275966644287109e+00
6.033514976501464844e+00
6.038031816482543945e+00
6.042371749877929688e+00
6.046627044677734375e+00
6.051118850708007812e+00
6.055379152297973633e+00
6.060396909713745117e+00
6.064879894256591797e+00
6.069387197494506836e+00
6.074036598205566406e+00
6.078023433685302734e+00
6.082375049591064453e+00
6.087682723999023438e+00
6.091612339019775391e+00
6.096306085586547852e+00
6.101309537887573242e+00
6.105218172073364258e+00
6.108752965927124023e+00
6.111957311630249023e+00
6.114980459213256836e+00
6.118531465530395508e+00
6.123389244079589844e+00
6.128125905990600586e+00
6.131984710693359375e+00
6.136574506759643555e+00
6.141300678253173828e+00
6.145708799362182617e+00
6.150068044662475586e+00
6.154204130172729492e+00
6.158017396926879883e+00
6.161746740341186523e+00
6.165789604187011719e+00
6.170444965362548828e+00
6.174704790115356445e+00
6.179242610931396484e+00
6.183820009231567383e+00
6.187847137451171875e+00
6.191512107849121094e+00
6.195413827896118164e+00
6.199892044067382812e+00
6.204340696334838867e+00
6.207991123199462891e+00
6.212266921997070312e+00
6.215943098068237305e+00
6.220343828201293945e+00
6.224359035491943359e+00
6.228429317474365234e+00
6.233393192291259766e+00
6.237262010574340820e+00
6.241276502609252930e+00
6.245997190475463867e+00
6.249216556549072266e+00
6.252416372299194336e+00
6.257310390472412109e+00
6.261356353759765625e+00
6.266028881072998047e+00
6.270302534103393555e+00
6.274260997772216797e+00
6.278321266174316406e+00
6.282357692718505859e+00
6.287253856658935547e+00
6.291623830795288086e+00
6.297057151794433594e+00
6.301421165466308594e+00
6.305443525314331055e+00
6.310026884078979492e+00
6.314533710479736328e+00
6.318595170974731445e+00
6.322668552398681641e+00
6.326927185058593750e+00
6.331403017044067383e+00
6.336393594741821289e+00
6.341009855270385742e+00
6.345397472381591797e+00
6.349674701690673828e+00
6.354197025299072266e+00
6.358467102050781250e+00
6.363621234893798828e+00
6.368392467498779297e+00
6.372661590576171875e+00
6.376740217208862305e+00
6.381035804748535156e+00
6.384226322174072266e+00
6.387884140014648438e+00
6.391222476959228516e+00
6.395449638366699219e+00
6.400337219238281250e+00
6.405351400375366211e+00
6.409684896469116211e+00
6.413580179214477539e+00
6.417636632919311523e+00
6.421985149383544922e+00
6.426272869110107422e+00
6.430409431457519531e+00
6.435336589813232422e+00
6.439354896545410156e+00
6.443292617797851562e+00
6.446997642517089844e+00
6.450763702392578125e+00
6.454975366592407227e+00
6.458528518676757812e+00
6.462525367736816406e+00
6.466547489166259766e+00
6.470508098602294922e+00
6.474506139755249023e+00
6.479362249374389648e+00
6.483707189559936523e+00
6.487850189208984375e+00
6.491566181182861328e+00
6.494764328002929688e+00
6.499395608901977539e+00
6.504382848739624023e+00
6.509374380111694336e+00
6.514497995376586914e+00
6.518415451049804688e+00
6.522543191909790039e+00
6.526593208312988281e+00
6.530606031417846680e+00
6.535398483276367188e+00
6.540394783020019531e+00
6.545261144638061523e+00
6.549593925476074219e+00
6.554245710372924805e+00
6.558351755142211914e+00
6.563331127166748047e+00
6.567976474761962891e+00
6.572275638580322266e+00
6.576709747314453125e+00
6.581660032272338867e+00
6.586275339126586914e+00
6.590338468551635742e+00
6.594611644744873047e+00
6.598649501800537109e+00
6.602633476257324219e+00
6.606847047805786133e+00
6.610881328582763672e+00
6.615566253662109375e+00
6.619920492172241211e+00
6.623755931854248047e+00
6.627925872802734375e+00
6.632278680801391602e+00
6.636526346206665039e+00
6.640207052230834961e+00
6.644328117370605469e+00
6.649378776550292969e+00
6.653499364852905273e+00
6.657259464263916016e+00
6.661491870880126953e+00
6.665578603744506836e+00
6.670354366302490234e+00
6.674276113510131836e+00
6.678264141082763672e+00
6.682253360748291016e+00
6.686382293701171875e+00
6.690243005752563477e+00
6.693322896957397461e+00
6.696755170822143555e+00
6.700917959213256836e+00
6.705368995666503906e+00
6.709330081939697266e+00
6.712815046310424805e+00
6.716728925704956055e+00
6.721248626708984375e+00
6.725420713424682617e+00
6.729444265365600586e+00
6.734133481979370117e+00
6.738355159759521484e+00
6.742692232131958008e+00
6.747333049774169922e+00
6.751801490783691406e+00
6.756081342697143555e+00
6.759980678558349609e+00
6.764548540115356445e+00
6.768770456314086914e+00
6.772609472274780273e+00
6.776797771453857422e+00
6.780643701553344727e+00
6.784543514251708984e+00
6.788547277450561523e+00
6.792244911193847656e+00
6.795629739761352539e+00
6.800358772277832031e+00
6.803872346878051758e+00
6.807739257812500000e+00
6.811764240264892578e+00
6.815561056137084961e+00
6.819363117218017578e+00
6.824319124221801758e+00
6.829341650009155273e+00
6.833960771560668945e+00
6.837722539901733398e+00
6.841782569885253906e+00
6.846637487411499023e+00
6.851320743560791016e+00
6.855938196182250977e+00
6.860035657882690430e+00
6.863984346389770508e+00
6.868670940399169922e+00
6.873269557952880859e+00
6.877717018127441406e+00
6.881615161895751953e+00
6.886863231658935547e+00
6.891378879547119141e+00
6.896844625473022461e+00
6.901151180267333984e+00
6.905252456665039062e+00
6.908998012542724609e+00
6.912725925445556641e+00
6.916541099548339844e+00
6.920880317687988281e+00
6.925370216369628906e+00
6.929667711257934570e+00
6.934880971908569336e+00
6.938727378845214844e+00
6.942801713943481445e+00
6.947411775588989258e+00
6.951432466506958008e+00
6.955582141876220703e+00
6.960389852523803711e+00
6.965620279312133789e+00
6.969588756561279297e+00
6.974354743957519531e+00
6.978973865509033203e+00
6.983413457870483398e+00
6.988217830657958984e+00
6.992481708526611328e+00
6.996325731277465820e+00
7.001363754272460938e+00
7.005631446838378906e+00
7.010305643081665039e+00
7.015305042266845703e+00
7.019286155700683594e+00
7.023528575897216797e+00
7.027374982833862305e+00
7.032023906707763672e+00
7.036512613296508789e+00
7.040692090988159180e+00
7.044849872589111328e+00
7.048653125762939453e+00
7.052369117736816406e+00
7.057353734970092773e+00
7.062561035156250000e+00
7.067339420318603516e+00
7.072270393371582031e+00
7.076251506805419922e+00
7.080802202224731445e+00
7.085030794143676758e+00
7.089261054992675781e+00
7.093332767486572266e+00
7.098390817642211914e+00
7.103284120559692383e+00
7.106818437576293945e+00
7.110749959945678711e+00
7.114746332168579102e+00
7.119302749633789062e+00
7.123298406600952148e+00
7.127399444580078125e+00
7.131932735443115234e+00
7.136384010314941406e+00
7.140660285949707031e+00
7.144651174545288086e+00
7.149376630783081055e+00
7.154219150543212891e+00
7.158298492431640625e+00
7.162349462509155273e+00
7.166514396667480469e+00
7.171121120452880859e+00
7.174968719482421875e+00
7.178705930709838867e+00
7.182422637939453125e+00
7.186688899993896484e+00
7.190518379211425781e+00
7.194767475128173828e+00
7.198736190795898438e+00
7.203352928161621094e+00
7.207421302795410156e+00
7.211257934570312500e+00
7.216223001480102539e+00
7.220473766326904297e+00
7.224001646041870117e+00
7.228427410125732422e+00
7.233422756195068359e+00
7.237377166748046875e+00
7.241459131240844727e+00
7.245674371719360352e+00
7.250208377838134766e+00
7.254308700561523438e+00
7.258342742919921875e+00
7.263446092605590820e+00
7.268260478973388672e+00
7.272721767425537109e+00
7.276628732681274414e+00
7.280586719512939453e+00
7.283975362777709961e+00
7.288352489471435547e+00
7.293298721313476562e+00
7.297661781311035156e+00
7.302565097808837891e+00
7.307356357574462891e+00
7.311810016632080078e+00
7.316380262374877930e+00
7.320946693420410156e+00
7.324792385101318359e+00
7.328653573989868164e+00
7.333306312561035156e+00
7.337249994277954102e+00
7.341481924057006836e+00
7.345229864120483398e+00
7.349440336227416992e+00
7.353593826293945312e+00
7.357786655426025391e+00
7.361626386642456055e+00
7.365962266921997070e+00
7.370331764221191406e+00
7.375273227691650391e+00
7.379435777664184570e+00
7.383698225021362305e+00
7.388102531433105469e+00
7.392495870590209961e+00
7.396365165710449219e+00
7.401296615600585938e+00
7.405315399169921875e+00
7.408859491348266602e+00
7.412265062332153320e+00
7.415605306625366211e+00
7.419581890106201172e+00
7.423253774642944336e+00
7.426923990249633789e+00
7.430761575698852539e+00
7.435101270675659180e+00
7.438333511352539062e+00
7.441857576370239258e+00
7.445670366287231445e+00
7.450348138809204102e+00
7.455004215240478516e+00
7.458738803863525391e+00
7.462250709533691406e+00
7.466594934463500977e+00
7.470275878906250000e+00
7.474361181259155273e+00
7.478578090667724609e+00
7.482969760894775391e+00
7.487205266952514648e+00
7.490746259689331055e+00
7.494535446166992188e+00
7.499338865280151367e+00
7.504306793212890625e+00
7.509377717971801758e+00
7.514241695404052734e+00
7.518641233444213867e+00
7.522670984268188477e+00
7.527240991592407227e+00
7.531779289245605469e+00
7.536209821701049805e+00
7.540009021759033203e+00
7.544354200363159180e+00
7.548778772354125977e+00
7.552728652954101562e+00
7.556619405746459961e+00
7.560816526412963867e+00
7.564889192581176758e+00
7.569509744644165039e+00
7.573383569717407227e+00
7.577643394470214844e+00
7.582322359085083008e+00
7.587301492691040039e+00
7.591193914413452148e+00
7.594509840011596680e+00
7.598896026611328125e+00
7.603386402130126953e+00
7.607559204101562500e+00
7.611491680145263672e+00
7.615547657012939453e+00
7.619538068771362305e+00
7.623312711715698242e+00
7.627382993698120117e+00
7.631594181060791016e+00
7.636407613754272461e+00
7.641331911087036133e+00
7.645941972732543945e+00
7.649345636367797852e+00
7.653596639633178711e+00
7.657631635665893555e+00
7.661990165710449219e+00
7.666318893432617188e+00
7.670987367630004883e+00
7.675008535385131836e+00
7.679677248001098633e+00
7.684362411499023438e+00
7.688640117645263672e+00
7.693270921707153320e+00
7.696590662002563477e+00
7.701277494430541992e+00
7.705582618713378906e+00
7.710367679595947266e+00
7.715277910232543945e+00
7.719235897064208984e+00
7.722588300704956055e+00
7.725992202758789062e+00
7.730452537536621094e+00
7.735285043716430664e+00
7.740317821502685547e+00
7.744923353195190430e+00
7.749255180358886719e+00
7.753542661666870117e+00
7.758335828781127930e+00
7.763246774673461914e+00
7.768315553665161133e+00
7.772448301315307617e+00
7.776426553726196289e+00
7.781243801116943359e+00
7.785362243652343750e+00
7.789257764816284180e+00
7.793405055999755859e+00
7.797986745834350586e+00
7.802214145660400391e+00
7.806381702423095703e+00
7.810610294342041016e+00
7.815262556076049805e+00
7.819571733474731445e+00
7.824426889419555664e+00
7.829828262329101562e+00
7.834681510925292969e+00
7.838780641555786133e+00
7.843377828598022461e+00
7.847574234008789062e+00
7.852332115173339844e+00
7.856377124786376953e+00
7.859566211700439453e+00
7.863569974899291992e+00
7.867809057235717773e+00
7.871541738510131836e+00
7.875356674194335938e+00
7.879989862442016602e+00
7.884220600128173828e+00
7.888587713241577148e+00
7.892552375793457031e+00
7.896828174591064453e+00
7.901248693466186523e+00
7.905665397644042969e+00
7.910303592681884766e+00
7.914260625839233398e+00
7.918318986892700195e+00
7.923211336135864258e+00
7.928618192672729492e+00
7.934004306793212891e+00
7.939727067947387695e+00
7.943992853164672852e+00
7.948719978332519531e+00
7.953309774398803711e+00
7.957669496536254883e+00
7.962364196777343750e+00
7.967331171035766602e+00
7.971741199493408203e+00
7.976293802261352539e+00
7.980055093765258789e+00
7.983975887298583984e+00
7.988261461257934570e+00
7.992464780807495117e+00
7.996427774429321289e+00
8.001514911651611328e+00
8.005622625350952148e+00
8.009705305099487305e+00
8.014513969421386719e+00
8.019324064254760742e+00
8.023422479629516602e+00
8.027454137802124023e+00
8.032345533370971680e+00
8.037603616714477539e+00
8.041583538055419922e+00
8.045631170272827148e+00
8.049579858779907227e+00
8.054320812225341797e+00
8.058257102966308594e+00
8.062281131744384766e+00
8.066239595413208008e+00
8.070230960845947266e+00
8.073822736740112305e+00
8.078389167785644531e+00
8.082383155822753906e+00
8.086692571640014648e+00
8.090555191040039062e+00
8.094782114028930664e+00
8.098601341247558594e+00
8.102639913558959961e+00
8.107014417648315430e+00
8.110972642898559570e+00
8.115496873855590820e+00
8.120353698730468750e+00
8.124661207199096680e+00
8.128695726394653320e+00
8.133254051208496094e+00
8.136756420135498047e+00
8.141353130340576172e+00
8.146267652511596680e+00
8.150610446929931641e+00
8.154619932174682617e+00
8.158198356628417969e+00
8.161758184432983398e+00
8.166370391845703125e+00
8.170588016510009766e+00
8.174760818481445312e+00
8.178600072860717773e+00
8.182227611541748047e+00
8.186668395996093750e+00
8.190192222595214844e+00
8.193734884262084961e+00
8.197969198226928711e+00
8.202043771743774414e+00
8.206327438354492188e+00
8.211292982101440430e+00
8.215300798416137695e+00
8.219263315200805664e+00
8.223242044448852539e+00
8.227649927139282227e+00
8.232346534729003906e+00
8.236679077148437500e+00
8.240595102310180664e+00
8.244991302490234375e+00
8.249658823013305664e+00
8.253867626190185547e+00
8.257341623306274414e+00
8.260719776153564453e+00
8.265226125717163086e+00
8.270193099975585938e+00
8.274130105972290039e+00
8.278256654739379883e+00
8.282824754714965820e+00
8.287285327911376953e+00
8.291315317153930664e+00
8.296230554580688477e+00
8.300616025924682617e+00
8.305297851562500000e+00
8.309604883193969727e+00
8.314306259155273438e+00
8.317950248718261719e+00
8.322179794311523438e+00
8.326360225677490234e+00
8.330631732940673828e+00
8.335352182388305664e+00
8.340325832366943359e+00
8.345417737960815430e+00
8.349700927734375000e+00
8.354216098785400391e+00
8.358367681503295898e+00
8.363303899765014648e+00
8.368356227874755859e+00
8.373266696929931641e+00
8.377961635589599609e+00
8.382333517074584961e+00
8.386415243148803711e+00
8.390230655670166016e+00
8.393474578857421875e+00
8.397829771041870117e+00
8.402456521987915039e+00
8.407364368438720703e+00
8.411751747131347656e+00
8.416790246963500977e+00
8.421195983886718750e+00
8.425372362136840820e+00
8.429739713668823242e+00
8.434899091720581055e+00
8.439332008361816406e+00
8.444337844848632812e+00
8.448585033416748047e+00
8.452738523483276367e+00
8.456632852554321289e+00
8.460701227188110352e+00
8.464685201644897461e+00
8.469233751296997070e+00
8.473703861236572266e+00
8.477952003479003906e+00
8.481953144073486328e+00
8.486292839050292969e+00
8.490602493286132812e+00
8.494405269622802734e+00
8.499282598495483398e+00
8.504295349121093750e+00
8.509284496307373047e+00
8.513655185699462891e+00
8.518233537673950195e+00
8.522197961807250977e+00
8.525712966918945312e+00
8.529211044311523438e+00
8.533833742141723633e+00
8.538242101669311523e+00
8.542682170867919922e+00
8.547068595886230469e+00
8.551596641540527344e+00
8.555726289749145508e+00
8.559606313705444336e+00
8.564573526382446289e+00
8.569357633590698242e+00
8.574300765991210938e+00
8.578438282012939453e+00
8.582888364791870117e+00
8.587188005447387695e+00
8.591301918029785156e+00
8.595279455184936523e+00
8.600334405899047852e+00
8.604494094848632812e+00
8.607951879501342773e+00
8.612456321716308594e+00
8.616693019866943359e+00
8.621226787567138672e+00
8.624902009963989258e+00
8.628628253936767578e+00
8.632189273834228516e+00
8.637272357940673828e+00
8.641269207000732422e+00
8.644597291946411133e+00
8.648260354995727539e+00
8.652307987213134766e+00
8.656337261199951172e+00
8.660668611526489258e+00
8.664558410644531250e+00
8.669321298599243164e+00
8.673906564712524414e+00
8.677991867065429688e+00
8.682448387145996094e+00
8.687217473983764648e+00
8.691295623779296875e+00
8.696342468261718750e+00
8.701332330703735352e+00
8.706379652023315430e+00
8.711233854293823242e+00
8.715606927871704102e+00
8.718967437744140625e+00
8.722806692123413086e+00
8.727514982223510742e+00
8.732327461242675781e+00
8.737461090087890625e+00
8.741672754287719727e+00
8.745707035064697266e+00
8.749303102493286133e+00
8.753392696380615234e+00
8.757626056671142578e+00
8.762378931045532227e+00
8.767385482788085938e+00
8.772331476211547852e+00
8.777244091033935547e+00
8.781225442886352539e+00
8.785326480865478516e+00
8.790559053421020508e+00
8.795371294021606445e+00
8.799635171890258789e+00
8.803853750228881836e+00
8.808363437652587891e+00
8.812644720077514648e+00
8.817331075668334961e+00
8.822290897369384766e+00
8.827280282974243164e+00
8.831546545028686523e+00
8.836192131042480469e+00
8.840424299240112305e+00
8.844639539718627930e+00
8.848643302917480469e+00
8.852442502975463867e+00
8.856762647628784180e+00
8.861275672912597656e+00
8.865731477737426758e+00
8.870424270629882812e+00
8.875246047973632812e+00
8.879671335220336914e+00
8.884534120559692383e+00
8.888686895370483398e+00
8.893691062927246094e+00
8.898485660552978516e+00
8.903357267379760742e+00
8.907885789871215820e+00
8.912292480468750000e+00
8.916433572769165039e+00
8.921203374862670898e+00
8.924995899200439453e+00
8.928964376449584961e+00
8.933259963989257812e+00
8.937294006347656250e+00
8.942353725433349609e+00
8.946820020675659180e+00
8.951362848281860352e+00
8.955773353576660156e+00
8.960309028625488281e+00
8.964988946914672852e+00
8.968954324722290039e+00
8.973199129104614258e+00
8.977634906768798828e+00
8.982612609863281250e+00
8.986819505691528320e+00
8.990568161010742188e+00
8.994580507278442383e+00
8.998607635498046875e+00
9.002546310424804688e+00
9.007001876831054688e+00
9.011337757110595703e+00
9.016617059707641602e+00
9.021536350250244141e+00
9.025670528411865234e+00
9.030462980270385742e+00
9.035309791564941406e+00
9.038568258285522461e+00
9.042576551437377930e+00
9.047049522399902344e+00
9.051628828048706055e+00
9.055488824844360352e+00
9.059308767318725586e+00
9.064390659332275391e+00
9.069358348846435547e+00
9.073457717895507812e+00
9.077709674835205078e+00
9.082593679428100586e+00
9.087281227111816406e+00
9.091777563095092773e+00
9.096246480941772461e+00
9.100746393203735352e+00
9.105333805084228516e+00
9.110370397567749023e+00
9.115119695663452148e+00
9.118958234786987305e+00
9.123300313949584961e+00
9.128423690795898438e+00
9.133390188217163086e+00
9.138345241546630859e+00
9.142580032348632812e+00
9.147176504135131836e+00
9.150518417358398438e+00
9.154344558715820312e+00
9.157931804656982422e+00
9.162485122680664062e+00
9.167330741882324219e+00
9.172340393066406250e+00
9.176805496215820312e+00
9.181348562240600586e+00
9.185324907302856445e+00
9.189158678054809570e+00
9.192506313323974609e+00
9.195983886718750000e+00
9.200217723846435547e+00
9.204713344573974609e+00
9.208635807037353516e+00
9.212781429290771484e+00
9.217236042022705078e+00
9.221312999725341797e+00
9.225566864013671875e+00
9.230278491973876953e+00
9.234748840332031250e+00
9.238732099533081055e+00
9.242647886276245117e+00
9.246469259262084961e+00
9.250221729278564453e+00
9.253499746322631836e+00
9.256726503372192383e+00
9.261292457580566406e+00
9.265573978424072266e+00
9.269297599792480469e+00
9.274312973022460938e+00
9.279254913330078125e+00
9.282983303070068359e+00
9.287198305130004883e+00
9.290529727935791016e+00
9.293815135955810547e+00
9.298212766647338867e+00
9.302397966384887695e+00
9.306584358215332031e+00
9.311161518096923828e+00
9.315422773361206055e+00
9.319434404373168945e+00
9.323484420776367188e+00
9.327615976333618164e+00
9.331575632095336914e+00
9.335602283477783203e+00
9.339551687240600586e+00
9.343452453613281250e+00
9.347402811050415039e+00
9.351968765258789062e+00
9.355450630187988281e+00
9.359731912612915039e+00
9.364384651184082031e+00
9.368199110031127930e+00
9.372462272644042969e+00
9.375784397125244141e+00
9.380492925643920898e+00
9.384647369384765625e+00
9.389326095581054688e+00
9.394298553466796875e+00
9.399416685104370117e+00
9.404373884201049805e+00
9.408686161041259766e+00
9.413339138031005859e+00
9.418389081954956055e+00
9.423297166824340820e+00
9.431181192398071289e+00
9.436360836029052734e+00
9.440615653991699219e+00
9.444676399230957031e+00
9.449734687805175781e+00
9.454921960830688477e+00
9.458948373794555664e+00
9.462961435317993164e+00
9.467438459396362305e+00
9.471269130706787109e+00
9.475490570068359375e+00
9.479557037353515625e+00
9.483851671218872070e+00
9.487428188323974609e+00
9.491175651550292969e+00
9.495576858520507812e+00
9.499450445175170898e+00
9.503345489501953125e+00
9.508327484130859375e+00
9.513310432434082031e+00
9.517474889755249023e+00
9.521423816680908203e+00
9.525228738784790039e+00
9.529304027557373047e+00
9.533992528915405273e+00
9.537731170654296875e+00
9.542210340499877930e+00
9.546182632446289062e+00
9.549597263336181641e+00
9.553547620773315430e+00
9.557398080825805664e+00
9.561598777770996094e+00
9.566658258438110352e+00
9.571319341659545898e+00
9.576318740844726562e+00
9.580946207046508789e+00
9.585311174392700195e+00
9.589202642440795898e+00
9.592957019805908203e+00
9.597835779190063477e+00
9.601703882217407227e+00
9.605599641799926758e+00
9.610017299652099609e+00
9.614342689514160156e+00
9.619277954101562500e+00
9.622783899307250977e+00
9.625819921493530273e+00
9.629591226577758789e+00
9.633842945098876953e+00
9.638399362564086914e+00
9.642579078674316406e+00
9.647205591201782227e+00
9.651460886001586914e+00
9.656282424926757812e+00
9.660271644592285156e+00
9.665195703506469727e+00
9.668976783752441406e+00
9.672653198242187500e+00
9.677332162857055664e+00
9.681640625000000000e+00
9.685604095458984375e+00
9.689654111862182617e+00
9.693670511245727539e+00
9.698345422744750977e+00
9.702729225158691406e+00
9.707206249237060547e+00
9.711718082427978516e+00
9.716280698776245117e+00
9.721368789672851562e+00
9.725764989852905273e+00
9.730233669281005859e+00
9.734941244125366211e+00
9.738806247711181641e+00
9.742197275161743164e+00
9.745892763137817383e+00
9.749727010726928711e+00
9.754161834716796875e+00
9.758203744888305664e+00
9.761850595474243164e+00
9.766479015350341797e+00
9.770252227783203125e+00
9.773720026016235352e+00
9.777477979660034180e+00
9.781191587448120117e+00
9.784668445587158203e+00
9.788197994232177734e+00
9.792336463928222656e+00
9.797220468521118164e+00
9.801618337631225586e+00
9.805493593215942383e+00
9.809412956237792969e+00
9.813814401626586914e+00
9.818230628967285156e+00
9.823266267776489258e+00
9.827694892883300781e+00
9.832540512084960938e+00
9.837497234344482422e+00
9.842028379440307617e+00
9.846878528594970703e+00
9.851961135864257812e+00
9.856981039047241211e+00
9.861918687820434570e+00
9.867355108261108398e+00
9.872368097305297852e+00
9.877649545669555664e+00
9.882838487625122070e+00
9.887722253799438477e+00
9.892033338546752930e+00
9.897211074829101562e+00
9.902321815490722656e+00
9.907344102859497070e+00
9.912460088729858398e+00
9.916644096374511719e+00
9.921354532241821289e+00
9.926405906677246094e+00
9.931245326995849609e+00
9.936972379684448242e+00
9.941331148147583008e+00
9.946304798126220703e+00
9.951307773590087891e+00
9.956647634506225586e+00
9.961858987808227539e+00
9.966971158981323242e+00
9.972285270690917969e+00
9.977435827255249023e+00
9.982774972915649414e+00
9.988372325897216797e+00
9.993285417556762695e+00
9.997885465621948242e+00
1.000278520584106445e+01
1.000767993927001953e+01
1.001252937316894531e+01
1.001731467247009277e+01
1.002231860160827637e+01
1.002675151824951172e+01
1.003163099288940430e+01
1.003681802749633789e+01
1.004167842864990234e+01
1.004689645767211914e+01
1.005239295959472656e+01
1.005773544311523438e+01
1.006298065185546875e+01
1.006845664978027344e+01
1.007343721389770508e+01
1.007837486267089844e+01
1.008338856697082520e+01
1.008839726448059082e+01
1.009310269355773926e+01
1.009835147857666016e+01
1.010341310501098633e+01
1.010787630081176758e+01
1.011294460296630859e+01
1.011833119392395020e+01
1.012333059310913086e+01
1.012836790084838867e+01
1.013372468948364258e+01
1.013880109786987305e+01
1.014363884925842285e+01
1.014895343780517578e+01
1.015405201911926270e+01
1.015893197059631348e+01
1.016492819786071777e+01
1.016997551918029785e+01
1.017508387565612793e+01
1.017981243133544922e+01
1.018468093872070312e+01
1.018934965133666992e+01
1.019429039955139160e+01
1.019973993301391602e+01
1.020490479469299316e+01
1.021003341674804688e+01
1.021530389785766602e+01
1.022091841697692871e+01
1.022538352012634277e+01
1.023060917854309082e+01
1.023565840721130371e+01
1.024085021018981934e+01
1.024595165252685547e+01
1.025122928619384766e+01
1.025686335563659668e+01
1.026198625564575195e+01
1.026776456832885742e+01
1.027268743515014648e+01
1.027767467498779297e+01
1.028239250183105469e+01
1.028765487670898438e+01
1.029241204261779785e+01
1.029750037193298340e+01
1.030227875709533691e+01
1.030774140357971191e+01
1.031267738342285156e+01
1.031784415245056152e+01
1.032259464263916016e+01
1.032735228538513184e+01
1.033277821540832520e+01
1.033790040016174316e+01
1.034275364875793457e+01
1.034845662117004395e+01
1.035387802124023438e+01
1.035905742645263672e+01
1.036461639404296875e+01
1.036988496780395508e+01
1.037487554550170898e+01
1.037994265556335449e+01
1.038488960266113281e+01
1.038995862007141113e+01
1.039473271369934082e+01
1.040039610862731934e+01
1.040544891357421875e+01
1.041062617301940918e+01
1.041526055335998535e+01
1.042043781280517578e+01
1.042463755607604980e+01
1.043025302886962891e+01
1.043568515777587891e+01
1.044082260131835938e+01
1.044581747055053711e+01
1.045041489601135254e+01
1.045525979995727539e+01
1.046044039726257324e+01
1.046555423736572266e+01
1.047037672996520996e+01
1.047521185874938965e+01
1.048053359985351562e+01
1.048592376708984375e+01
1.049109888076782227e+01
1.049620151519775391e+01
1.050121617317199707e+01
1.050670528411865234e+01
1.051162219047546387e+01
1.051684021949768066e+01
1.052179431915283203e+01
1.052666139602661133e+01
1.053201198577880859e+01
1.053740477561950684e+01
1.054228591918945312e+01
1.054731869697570801e+01
1.055234646797180176e+01
1.055743312835693359e+01
1.056249570846557617e+01
1.056838536262512207e+01
1.057364749908447266e+01
1.057886910438537598e+01
1.058391070365905762e+01
1.058941721916198730e+01
1.059426355361938477e+01
1.060000872611999512e+01
1.060493421554565430e+01
1.060994219779968262e+01
1.061472940444946289e+01
1.061999559402465820e+01
1.062542653083801270e+01
1.063064837455749512e+01
1.063557958602905273e+01
1.064025259017944336e+01
1.064575457572937012e+01
1.065034961700439453e+01
1.065519046783447266e+01
1.065975856781005859e+01
1.066486620903015137e+01
1.067043781280517578e+01
1.067533469200134277e+01
1.068053436279296875e+01
1.068548154830932617e+01
1.069076204299926758e+01
1.069572305679321289e+01
1.070140719413757324e+01
1.070563006401062012e+01
1.070973968505859375e+01
1.071484375000000000e+01
1.071982383728027344e+01
1.072441577911376953e+01
1.072941064834594727e+01
1.073464655876159668e+01
1.073935008049011230e+01
1.074439811706542969e+01
1.074932789802551270e+01
1.075441980361938477e+01
1.075927138328552246e+01
1.076443648338317871e+01
1.076982283592224121e+01
1.077481865882873535e+01
1.078005218505859375e+01
1.078505158424377441e+01
1.079047083854675293e+01
1.079576110839843750e+01
1.080106210708618164e+01
1.080609846115112305e+01
1.081152939796447754e+01
1.081682229042053223e+01
1.082142043113708496e+01
1.082594561576843262e+01
1.083203792572021484e+01
1.083689618110656738e+01
1.084179663658142090e+01
1.084600949287414551e+01
1.085079336166381836e+01
1.085587954521179199e+01
1.086032986640930176e+01
1.086545848846435547e+01
1.087036085128784180e+01
1.087554979324340820e+01
1.088074445724487305e+01
1.088590097427368164e+01
1.089083552360534668e+01
1.089587354660034180e+01
1.090085077285766602e+01
1.090592336654663086e+01
1.091093873977661133e+01
1.091651082038879395e+01
1.092173099517822266e+01
1.092809748649597168e+01
1.093438124656677246e+01
1.094217801094055176e+01
1.094729900360107422e+01
1.095233440399169922e+01
1.095645332336425781e+01
1.096042585372924805e+01
1.096531295776367188e+01
1.096992230415344238e+01
1.097429299354553223e+01
1.097840261459350586e+01
1.098225092887878418e+01
1.098626375198364258e+01
1.099129891395568848e+01
1.099527025222778320e+01
1.100028657913208008e+01
1.100528287887573242e+01
1.101016426086425781e+01
1.101425313949584961e+01
1.101820421218872070e+01
1.102189755439758301e+01
1.102546644210815430e+01
1.102946782112121582e+01
1.103370118141174316e+01
1.103766632080078125e+01
1.104132342338562012e+01
1.104535913467407227e+01
1.105042600631713867e+01
1.105487227439880371e+01
1.105921220779418945e+01
1.106372857093811035e+01
1.106830072402954102e+01
1.107219600677490234e+01
1.107631516456604004e+01
1.108044385910034180e+01
1.108477711677551270e+01
1.108866333961486816e+01
1.109192013740539551e+01
1.109592938423156738e+01
1.109957599639892578e+01
1.110342884063720703e+01
1.110782265663146973e+01
1.111146855354309082e+01
1.111546611785888672e+01
1.111896920204162598e+01
1.112324905395507812e+01
1.112726140022277832e+01
1.113144445419311523e+01
1.113488197326660156e+01
1.113887262344360352e+01
1.114322566986083984e+01
1.114725947380065918e+01
1.115116453170776367e+01
1.115479350090026855e+01
1.115830087661743164e+01
1.116248202323913574e+01
1.116662883758544922e+01
1.117071294784545898e+01
1.117444252967834473e+01
1.117806911468505859e+01
1.118231821060180664e+01
1.118667936325073242e+01
1.119016623497009277e+01
1.119329047203063965e+01
1.119719028472900391e+01
1.120167684555053711e+01
1.120562887191772461e+01
1.120942854881286621e+01
1.121322512626647949e+01
1.121740317344665527e+01
1.122143912315368652e+01
1.122532558441162109e+01
1.122930216789245605e+01
1.123363566398620605e+01
1.123734593391418457e+01
1.124131059646606445e+01
1.124627661705017090e+01
1.125023341178894043e+01
1.125411868095397949e+01
1.125742912292480469e+01
1.126092982292175293e+01
1.126568722724914551e+01
1.127017951011657715e+01
1.127377772331237793e+01
1.127734065055847168e+01
1.128098678588867188e+01
1.128496503829956055e+01
1.128876233100891113e+01
1.129245185852050781e+01
1.129642462730407715e+01
1.130067920684814453e+01
1.130452728271484375e+01
1.130868005752563477e+01
1.131283068656921387e+01
1.131640553474426270e+01
1.132124090194702148e+01
1.132551956176757812e+01
1.132979822158813477e+01
1.133428978919982910e+01
1.133924388885498047e+01
1.134315752983093262e+01
1.134732699394226074e+01
1.135141158103942871e+01
1.135530805587768555e+01
1.135894608497619629e+01
1.136280870437622070e+01
1.136693167686462402e+01
1.137068939208984375e+01
1.137427997589111328e+01
1.137852501869201660e+01
1.138343286514282227e+01
1.138724207878112793e+01
1.139071798324584961e+01
1.139520907402038574e+01
1.139876079559326172e+01
1.140265965461730957e+01
1.140718317031860352e+01
1.141133713722229004e+01
1.141549706459045410e+01
1.141961121559143066e+01
1.142341351509094238e+01
1.142674756050109863e+01
1.143029117584228516e+01
1.143479037284851074e+01
1.143827605247497559e+01
1.144180130958557129e+01
1.144528150558471680e+01
1.144869351387023926e+01
1.145171928405761719e+01
1.145571017265319824e+01
1.145978140830993652e+01
1.146429014205932617e+01
1.146848273277282715e+01
1.147194480895996094e+01
1.147572517395019531e+01
1.147932052612304688e+01
1.148311686515808105e+01
1.148744654655456543e+01
1.149073600769042969e+01
1.149414348602294922e+01
1.149834227561950684e+01
1.150249743461608887e+01
1.150676536560058594e+01
1.151069283485412598e+01
1.151430320739746094e+01
1.151816463470458984e+01
1.152177476882934570e+01
1.152547311782836914e+01
1.152936244010925293e+01
1.153427791595458984e+01
1.153871750831604004e+01
1.154276490211486816e+01
1.154667687416076660e+01
1.155028748512268066e+01
1.155412936210632324e+01
1.155751729011535645e+01
1.156155562400817871e+01
1.156584668159484863e+01
1.157014536857604980e+01
1.157439327239990234e+01
1.157940030097961426e+01
1.158424067497253418e+01
1.158817172050476074e+01
1.159150767326354980e+01
1.159535956382751465e+01
1.160029673576354980e+01
1.160443353652954102e+01
1.160792922973632812e+01
1.161225390434265137e+01
1.161577987670898438e+01
1.162015938758850098e+01
1.162447309494018555e+01
1.162828469276428223e+01
1.163269495964050293e+01
1.163677024841308594e+01
1.164031243324279785e+01
1.164518594741821289e+01
1.164891743659973145e+01
1.165289211273193359e+01
1.165690422058105469e+01
1.166054010391235352e+01
1.166448187828063965e+01
1.166845989227294922e+01
1.167223954200744629e+01
1.167640995979309082e+01
1.168045091629028320e+01
1.168446302413940430e+01
1.168870711326599121e+01
1.169267106056213379e+01
1.169728398323059082e+01
1.170120120048522949e+01
1.170519161224365234e+01
1.170934462547302246e+01
1.171372652053833008e+01
1.171730518341064453e+01
1.172147774696350098e+01
1.172524023056030273e+01
1.172871208190917969e+01
1.173219013214111328e+01
1.173591947555541992e+01
1.173972177505493164e+01
1.174346780776977539e+01
1.174675130844116211e+01
1.175120353698730469e+01
1.175529170036315918e+01
1.175949072837829590e+01
1.176347589492797852e+01
1.176773357391357422e+01
1.177086353302001953e+01
1.177416872978210449e+01
1.177772712707519531e+01
1.178144001960754395e+01
1.178525304794311523e+01
1.178949022293090820e+01
1.179299592971801758e+01
1.179682731628417969e+01
1.180035686492919922e+01
1.180411911010742188e+01
1.180848026275634766e+01
1.181303048133850098e+01
1.181730794906616211e+01
1.182221627235412598e+01
1.182623696327209473e+01
1.183071494102478027e+01
1.183438777923583984e+01
1.183863067626953125e+01
1.184287953376770020e+01
1.184665632247924805e+01
1.184975862503051758e+01
1.185351824760437012e+01
1.185674071311950684e+01
1.186029386520385742e+01
1.186551189422607422e+01
1.186847448348999023e+01
1.187234759330749512e+01
1.187734389305114746e+01
1.188126659393310547e+01
1.188625621795654297e+01
1.189023756980895996e+01
1.189443087577819824e+01
1.189928746223449707e+01
1.190434575080871582e+01
1.190842676162719727e+01
1.191353464126586914e+01
1.191744875907897949e+01
1.192188072204589844e+01
1.192514991760253906e+01
1.192887067794799805e+01
1.193316388130187988e+01
1.193722915649414062e+01
1.194141697883605957e+01
1.194572234153747559e+01
1.194959282875061035e+01
1.195411014556884766e+01
1.195783114433288574e+01
1.196181917190551758e+01
1.196628451347351074e+01
1.197136688232421875e+01
1.197561049461364746e+01
1.197968840599060059e+01
1.198381042480468750e+01
1.198763179779052734e+01
1.199146413803100586e+01
1.199555683135986328e+01
1.199961328506469727e+01
1.200393772125244141e+01
1.200843548774719238e+01
1.201262664794921875e+01
1.201737165451049805e+01
1.202131414413452148e+01
1.202621245384216309e+01
1.203023815155029297e+01
1.203524994850158691e+01
1.203918242454528809e+01
1.204328608512878418e+01
1.204750299453735352e+01
1.205180001258850098e+01
1.205572390556335449e+01
1.205971503257751465e+01
1.206362104415893555e+01
1.206839060783386230e+01
1.207314109802246094e+01
1.207770895957946777e+01
1.208167767524719238e+01
1.208636760711669922e+01
1.209042835235595703e+01
1.209394526481628418e+01
1.209820079803466797e+01
1.210240840911865234e+01
1.210747694969177246e+01
1.211225843429565430e+01
1.211731266975402832e+01
1.212161040306091309e+01
1.212543463706970215e+01
1.212926435470581055e+01
1.213427567481994629e+01
1.213919305801391602e+01
1.214297842979431152e+01
1.214717531204223633e+01
1.215138888359069824e+01
1.215556359291076660e+01
1.215948104858398438e+01
1.216335272789001465e+01
1.216734576225280762e+01
1.217136645317077637e+01
1.217574524879455566e+01
1.217989134788513184e+01
1.218445658683776855e+01
1.218860602378845215e+01
1.219249081611633301e+01
1.219600057601928711e+01
1.220013737678527832e+01
1.220415830612182617e+01
1.220753216743469238e+01
1.221116399765014648e+01
1.221475696563720703e+01
1.221844291687011719e+01
1.222200226783752441e+01
1.222569727897644043e+01
1.223023343086242676e+01
1.223472237586975098e+01
1.223843574523925781e+01
1.224219155311584473e+01
1.224626612663269043e+01
1.225019073486328125e+01
1.225412893295288086e+01
1.225779271125793457e+01
1.226250410079956055e+01
1.226653981208801270e+01
1.227041435241699219e+01
1.227438879013061523e+01
1.227828788757324219e+01
1.228166341781616211e+01
1.228488683700561523e+01
1.228819537162780762e+01
1.229149913787841797e+01
1.229522299766540527e+01
1.229969263076782227e+01
1.230374026298522949e+01
1.230841636657714844e+01
1.231244254112243652e+01
1.231690621376037598e+01
1.232041263580322266e+01
1.232388544082641602e+01
1.232725405693054199e+01
1.233091473579406738e+01
1.233491921424865723e+01
1.233866977691650391e+01
1.234215927124023438e+01
1.234631347656250000e+01
1.235028791427612305e+01
1.235411524772644043e+01
1.235815739631652832e+01
1.236225533485412598e+01
1.236715459823608398e+01
1.237116408348083496e+01
1.237455987930297852e+01
1.237846422195434570e+01
1.238344192504882812e+01
1.238830137252807617e+01
1.239347887039184570e+01
1.239828920364379883e+01
1.240326714515686035e+01
1.240832853317260742e+01
1.241322898864746094e+01
1.241769123077392578e+01
1.242323637008666992e+01
1.243167304992675781e+01
1.243855595588684082e+01
1.244348406791687012e+01
1.244858002662658691e+01
1.245396995544433594e+01
1.245844984054565430e+01
1.246360707283020020e+01
1.246838831901550293e+01
1.247336101531982422e+01
1.247836565971374512e+01
1.248325729370117188e+01
1.248817706108093262e+01
1.249250364303588867e+01
1.249732899665832520e+01
1.250246047973632812e+01
1.250719904899597168e+01
1.251237177848815918e+01
1.251686048507690430e+01
1.252167296409606934e+01
1.252617645263671875e+01
1.253133726119995117e+01
1.253575348854064941e+01
1.254066228866577148e+01
1.254535174369812012e+01
1.255025529861450195e+01
1.255518531799316406e+01
1.255947756767272949e+01
1.256477212905883789e+01
1.256949186325073242e+01
1.257425832748413086e+01
1.257917475700378418e+01
1.258387851715087891e+01
1.258821654319763184e+01
1.259213638305664062e+01
1.259722232818603516e+01
1.260231018066406250e+01
1.260630488395690918e+01
1.261046361923217773e+01
1.261472535133361816e+01
1.261923742294311523e+01
1.262382221221923828e+01
1.262946057319641113e+01
1.263450479507446289e+01
1.263946986198425293e+01
1.264371323585510254e+01
1.264839196205139160e+01
1.265388464927673340e+01
1.265836834907531738e+01
1.266328763961791992e+01
1.266847944259643555e+01
1.267327904701232910e+01
1.267822265625000000e+01
1.268243861198425293e+01
1.268690037727355957e+01
1.269155573844909668e+01
1.269637370109558105e+01
1.270122480392456055e+01
1.270580077171325684e+01
1.271124339103698730e+01
1.271622657775878906e+01
1.272149825096130371e+01
1.272624182701110840e+01
1.273142886161804199e+01
1.273637557029724121e+01
1.274148702621459961e+01
1.274635124206542969e+01
1.275138235092163086e+01
1.275593733787536621e+01
1.276047682762145996e+01
1.276653504371643066e+01
1.277141046524047852e+01
1.277637839317321777e+01
1.278145599365234375e+01
1.278627872467041016e+01
1.279046702384948730e+01
1.279481768608093262e+01
1.280024981498718262e+01
1.280499172210693359e+01
1.280936503410339355e+01
1.281442666053771973e+01
1.281948661804199219e+01
1.282445049285888672e+01
1.282928776741027832e+01
1.283451890945434570e+01
1.283949995040893555e+01
1.284450602531433105e+01
1.284945797920227051e+01
1.285413765907287598e+01
1.285865426063537598e+01
1.286352992057800293e+01
1.286838650703430176e+01
1.287324404716491699e+01
1.287846136093139648e+01
1.288330268859863281e+01
1.288831472396850586e+01
1.289368128776550293e+01
1.289922237396240234e+01
1.290435528755187988e+01
1.290925574302673340e+01
1.291423463821411133e+01
1.291921472549438477e+01
1.292381000518798828e+01
1.292867040634155273e+01
1.293373942375183105e+01
1.293871784210205078e+01
1.294325423240661621e+01
1.294825768470764160e+01
1.295359754562377930e+01
1.295826387405395508e+01
1.296353864669799805e+01
1.296861267089843750e+01
1.297331619262695312e+01
1.297828102111816406e+01
1.298320913314819336e+01
1.298788833618164062e+01
1.299307966232299805e+01
1.299744772911071777e+01
1.300228714942932129e+01
1.300746965408325195e+01
1.301235818862915039e+01
1.301723599433898926e+01
1.302231740951538086e+01
1.302746486663818359e+01
1.303232789039611816e+01
1.303733754158020020e+01
1.304222393035888672e+01
1.304696512222290039e+01
1.305201578140258789e+01
1.305629825592041016e+01
1.306074762344360352e+01
1.306584906578063965e+01
1.307056546211242676e+01
1.307492470741271973e+01
1.307967543601989746e+01
1.308446025848388672e+01
1.308890843391418457e+01
1.309346318244934082e+01
1.309858369827270508e+01
1.310372114181518555e+01
1.310862469673156738e+01
1.311294126510620117e+01
1.311721038818359375e+01
1.312190389633178711e+01
1.312642669677734375e+01
1.313160729408264160e+01
1.313666343688964844e+01
1.314138603210449219e+01
1.314624500274658203e+01
1.315151619911193848e+01
1.315595197677612305e+01
1.316041254997253418e+01
1.316580152511596680e+01
1.317018842697143555e+01
1.317417407035827637e+01
1.317821383476257324e+01
