9.929343223571777344e+00
9.585415840148925781e+00
9.853125572204589844e+00
9.571758270263671875e+00
9.970488548278808594e+00
1.022911071777343750e+01
9.845965385437011719e+00
9.384524345397949219e+00
7.539919376373291016e+00
3.764564275741577148e+00
3.279000043869018555e+00
1.888278603553771973e+00
2.206601858139038086e+00
2.492077112197875977e+00
8.731749057769775391e-01
1.606630921363830566e+00
4.493053257465362549e-01
5.143916010856628418e-01
8.575474619865417480e-01
2.073636770248413086e+00
7.352520823478698730e-01
1.192678809165954590e+00
1.773337602615356445e+00
2.119536876678466797e+00
7.721964120864868164e-01
1.602787733078002930e+00
1.616976737976074219e+00
2.165377140045166016e+00
1.205921769142150879e+00
1.325463652610778809e+00
1.653271913528442383e+00
9.939472675323486328e-01
1.843653202056884766e+00
1.644570112228393555e+00
9.633666872978210449e-01
1.500598311424255371e+00
1.525837898254394531e+00
2.694622278213500977e-01
5.932000875473022461e-01
1.387640118598937988e+00
2.095626831054687500e+00
1.529931426048278809e+00
1.187423586845397949e+00
4.816625714302062988e-01
1.033509969711303711e+00
2.223405599594116211e+00
8.991111516952514648e-01
6.226171255111694336e-01
3.212300240993499756e-01
7.502031326293945312e-01
9.450144171714782715e-01
2.258698463439941406e+00
1.408196806907653809e+00
6.358449459075927734e-01
1.901208281517028809e+00
2.269297361373901367e+00
1.282342195510864258e+00
1.261436581611633301e+00
8.797366023063659668e-01
1.341759920120239258e+00
1.082212090492248535e+00
1.018099784851074219e+00
1.465038180351257324e+00
1.636942863464355469e+00
9.844313263893127441e-01
1.562336802482604980e+00
1.382324814796447754e+00
2.184096574783325195e+00
1.589306592941284180e+00
5.812929272651672363e-01
8.872660994529724121e-01
1.121728420257568359e+00
9.211355447769165039e-01
8.455657362937927246e-01
5.756686925888061523e-01
1.372791290283203125e+00
1.366356134414672852e+00
1.493778347969055176e+00
1.564441919326782227e+00
5.769318938255310059e-01
8.323485255241394043e-01
8.725895285606384277e-01
1.222607016563415527e+00
2.160770416259765625e+00
1.288244128227233887e+00
3.642842769622802734e-01
1.051158428192138672e+00
7.739231586456298828e-01
1.747161984443664551e+00
1.173292517662048340e+00
1.066401124000549316e+00
1.350618481636047363e+00
3.474601507186889648e-01
1.795041084289550781e+00
1.513877749443054199e+00
1.272212386131286621e+00
1.236334562301635742e+00
9.726838469505310059e-01
1.734535217285156250e+00
1.256836175918579102e+00
2.108425617218017578e+00
1.764802098274230957e+00
1.613512754440307617e+00
1.882784128189086914e+00
2.217114925384521484e+00
1.694380521774291992e+00
6.374339461326599121e-01
1.871304392814636230e+00
1.890429258346557617e+00
9.482715725898742676e-01
3.855780363082885742e-01
8.855534791946411133e-01
1.186596274375915527e+00
2.995774447917938232e-01
1.026870965957641602e+00
1.573683023452758789e+00
1.377369642257690430e+00
1.500658273696899414e+00
1.390439391136169434e+00
1.215744256973266602e+00
1.463005661964416504e+00
2.507897913455963135e-01
1.212677001953125000e+00
1.907057166099548340e+00
6.732441782951354980e-01
9.282016158103942871e-01
1.502434849739074707e+00
2.474177837371826172e+00
1.341781377792358398e+00
1.784055709838867188e+00
1.698337316513061523e+00
2.761811494827270508e+00
2.036200284957885742e+00
2.179861545562744141e+00
7.742512822151184082e-01
2.007036447525024414e+00
2.017509222030639648e+00
1.684395551681518555e+00
7.276141047477722168e-01
2.136232376098632812e+00
1.508795857429504395e+00
7.148047089576721191e-01
1.110644102096557617e+00
1.101230382919311523e+00
1.769249439239501953e+00
1.032588839530944824e+00
8.940415978431701660e-01
1.248589277267456055e+00
1.723724246025085449e+00
9.906576871871948242e-01
1.984612584114074707e+00
1.247836709022521973e+00
1.569990873336791992e+00
1.389827847480773926e+00
7.276389598846435547e-01
1.985031843185424805e+00
9.611280560493469238e-01
9.626789093017578125e-01
1.310933709144592285e+00
1.852583289146423340e+00
2.379571914672851562e+00
1.074926853179931641e+00
1.031844258308410645e+00
1.939999818801879883e+00
1.614735364913940430e+00
1.228658318519592285e+00
1.372364521026611328e+00
5.669676661491394043e-01
2.154138326644897461e+00
2.026686668395996094e+00
1.258031368255615234e+00
1.575772881507873535e+00
1.385206818580627441e+00
7.877484560012817383e-01
1.435134887695312500e+00
9.000901579856872559e-01
1.190985083580017090e+00
1.279242515563964844e+00
1.836745381355285645e+00
1.091299533843994141e+00
6.581660509109497070e-01
1.010503768920898438e+00
1.237687706947326660e+00
6.394313573837280273e-01
2.153436660766601562e+00
1.116043448448181152e+00
2.874221801757812500e-01
1.097890377044677734e+00
1.387309670448303223e+00
1.275354981422424316e+00
1.299593329429626465e+00
2.966683804988861084e-01
1.643075704574584961e+00
2.376621246337890625e+00
7.051839828491210938e-01
7.819040417671203613e-01
2.302486658096313477e+00
2.150429248809814453e+00
1.563975453376770020e+00
1.304722785949707031e+00
1.831081748008728027e+00
2.072834491729736328e+00
1.232904434204101562e+00
1.088111042976379395e+00
1.552862524986267090e+00
1.416978001594543457e+00
1.866954088211059570e+00
9.498192071914672852e-01
1.753815650939941406e+00
1.452245473861694336e+00
2.298445999622344971e-01
8.672856688499450684e-01
1.381250739097595215e+00
1.871615767478942871e+00
2.788727283477783203e-01
1.527225255966186523e+00
1.558168411254882812e+00
1.137354373931884766e+00
9.254356622695922852e-01
7.313513755798339844e-01
1.569342851638793945e+00
1.106839060783386230e+00
1.075995922088623047e+00
1.120798707008361816e+00
2.083451271057128906e+00
1.164856314659118652e+00
1.593921422958374023e+00
7.122180461883544922e-01
1.487975955009460449e+00
1.344174385070800781e+00
9.906501173973083496e-01
1.423363089561462402e+00
1.833363652229309082e+00
2.088362216949462891e+00
8.031957149505615234e-01
1.842804670333862305e+00
7.763028740882873535e-01
1.977273702621459961e+00
1.379109859466552734e+00
2.157595157623291016e+00
1.728643774986267090e+00
1.183707714080810547e+00
1.559621691703796387e+00
9.057421088218688965e-01
1.456189632415771484e+00
1.279778361320495605e+00
1.123282551765441895e+00
1.175588369369506836e+00
7.973101139068603516e-01
8.995711207389831543e-01
1.038637638092041016e+00
7.238608598709106445e-01
1.957529544830322266e+00
1.493087887763977051e+00
1.459250211715698242e+00
1.871363162994384766e+00
2.466369152069091797e+00
2.061656951904296875e+00
1.252130627632141113e+00
2.101912736892700195e+00
1.214465856552124023e+00
1.066042184829711914e+00
1.912982225418090820e+00
1.110261559486389160e+00
1.303132176399230957e+00
9.492101073265075684e-01
1.451198816299438477e+00
1.466700196266174316e+00
1.692847251892089844e+00
1.072128176689147949e+00
2.239450216293334961e+00
1.158662915229797363e+00
1.822719216346740723e+00
2.111824750900268555e+00
3.478216230869293213e-01
8.608961701393127441e-01
1.715683937072753906e+00
1.516619324684143066e+00
1.278735160827636719e+00
1.843957185745239258e+00
2.479258537292480469e+00
1.199481368064880371e+00
9.262124300003051758e-01
1.595111608505249023e+00
2.107729434967041016e+00
1.804787158966064453e+00
1.168095588684082031e+00
1.887877821922302246e+00
1.972054123878479004e+00
9.877776503562927246e-01
1.134506940841674805e+00
1.196771502494812012e+00
8.843839168548583984e-01
7.442891001701354980e-01
9.041388034820556641e-01
1.780908942222595215e+00
8.992115259170532227e-01
8.542512059211730957e-01
1.020972847938537598e+00
1.850608468055725098e+00
7.723355889320373535e-01
1.194066286087036133e+00
1.558468461036682129e+00
1.803517580032348633e+00
7.371333837509155273e-01
1.432264804840087891e+00
1.420690417289733887e+00
6.547058224678039551e-01
1.188009262084960938e+00
4.427222162485122681e-02
2.363805532455444336e+00
1.640918493270874023e+00
1.190570592880249023e+00
1.509065628051757812e+00
2.418804168701171875e+00
1.372599005699157715e+00
1.391852498054504395e+00
1.579565644264221191e+00
2.216882467269897461e+00
2.116369485855102539e+00
1.736779451370239258e+00
1.646185994148254395e+00
1.240477323532104492e+00
1.824000239372253418e+00
4.270964562892913818e-01
1.800910592079162598e+00
7.862102985382080078e-01
1.114362120628356934e+00
1.844950675964355469e+00
1.955265283584594727e+00
1.855895638465881348e+00
1.010760903358459473e+00
1.879566192626953125e+00
1.271483421325683594e+00
1.451829195022583008e+00
1.028400063514709473e+00
2.174987554550170898e+00
4.271478056907653809e-01
1.736160278320312500e+00
1.413438081741333008e+00
5.016947984695434570e-01
1.832656741142272949e+00
1.604868650436401367e+00
1.393333435058593750e+00
9.367891550064086914e-01
2.243512630462646484e+00
1.925775885581970215e+00
1.414825439453125000e+00
1.084119319915771484e+00
1.293243169784545898e+00
1.055780649185180664e+00
1.075957417488098145e+00
1.108222007751464844e+00
9.026926755905151367e-01
1.409089922904968262e+00
9.432367682456970215e-01
1.476855635643005371e+00
1.483896970748901367e+00
1.254341959953308105e+00
9.887814521789550781e-01
1.550529599189758301e+00
1.867660760879516602e+00
1.648816823959350586e+00
1.332890868186950684e+00
1.781987428665161133e+00
6.909691095352172852e-01
8.346752524375915527e-01
1.694853425025939941e+00
1.851018786430358887e+00
1.294686079025268555e+00
9.959053993225097656e-01
1.906355977058410645e+00
2.102988004684448242e+00
2.076418638229370117e+00
2.014653205871582031e+00
1.753777027130126953e+00
1.937127828598022461e+00
1.760025978088378906e+00
1.405457019805908203e+00
1.373787045478820801e+00
1.283435821533203125e+00
1.290115356445312500e+00
1.328948020935058594e+00
3.053273558616638184e-01
8.559372425079345703e-01
2.541489362716674805e+00
2.064362764358520508e+00
6.186931133270263672e-01
1.354050993919372559e+00
1.918555259704589844e+00
2.202486515045166016e+00
1.371863961219787598e+00
1.353487253189086914e+00
1.053457498550415039e+00
1.398915410041809082e+00
1.894264817237854004e+00
1.142721056938171387e+00
1.495742678642272949e+00
1.750102758407592773e+00
1.395066499710083008e+00
1.018441200256347656e+00
1.871803998947143555e+00
7.563989162445068359e-01
1.816330671310424805e+00
1.086571455001831055e+00
1.356029152870178223e+00
1.631536483764648438e+00
1.759387969970703125e+00
9.587039947509765625e-01
1.539986491203308105e+00
1.167747855186462402e+00
7.833558917045593262e-01
1.042592525482177734e+00
2.561160326004028320e-01
1.837544202804565430e+00
9.954534173011779785e-01
1.225053787231445312e+00
1.763143539428710938e+00
1.481214046478271484e+00
8.348209261894226074e-01
2.001755237579345703e+00
2.287654161453247070e+00
1.572555780410766602e+00
9.190690517425537109e-01
2.379115343093872070e+00
5.620037913322448730e-01
8.537373542785644531e-01
2.143845319747924805e+00
7.121614217758178711e-01
1.374658584594726562e+00
2.209388494491577148e+00
1.273299813270568848e+00
8.247867822647094727e-01
1.722225069999694824e+00
7.122287154197692871e-01
7.999825477600097656e-01
2.247194528579711914e+00
8.721799254417419434e-01
8.268522620201110840e-01
1.230861663818359375e+00
1.259383440017700195e+00
1.177038908004760742e+00
1.748588919639587402e+00
1.088114857673645020e+00
1.739267110824584961e+00
1.696711301803588867e+00
5.929922461509704590e-01
1.816355824470520020e+00
1.942836403846740723e+00
2.584767103195190430e+00
1.538556218147277832e+00
1.432743310928344727e+00
1.459510445594787598e+00
2.035952061414718628e-01
1.366505146026611328e+00
4.160349667072296143e-01
9.666506648063659668e-01
7.510032057762145996e-01
1.528163313865661621e+00
1.716299057006835938e+00
9.807617664337158203e-01
4.434333741664886475e-01
1.936215877532958984e+00
1.808827757835388184e+00
1.839001178741455078e-01
1.732241034507751465e+00
2.108830928802490234e+00
1.324909448623657227e+00
1.740831255912780762e+00
1.453612208366394043e+00
1.854753494262695312e+00
2.585397481918334961e+00
6.531862616539001465e-01
2.208578109741210938e+00
1.761272430419921875e+00
7.447460293769836426e-01
1.201232433319091797e+00
5.995962619781494141e-01
5.720958113670349121e-01
1.861882209777832031e+00
2.145563125610351562e+00
1.473061084747314453e+00
1.033352494239807129e+00
1.275839328765869141e+00
1.274610400199890137e+00
1.795535206794738770e+00
1.790924906730651855e+00
7.885544300079345703e-01
1.453649163246154785e+00
2.036408662796020508e+00
1.612278699874877930e+00
1.460326194763183594e+00
1.222639441490173340e+00
1.660158753395080566e+00
1.579452395439147949e+00
1.299376368522644043e+00
1.498277544975280762e+00
8.576776981353759766e-01
1.212481379508972168e+00
2.151134729385375977e+00
1.788663029670715332e+00
1.359720706939697266e+00
1.094602823257446289e+00
9.374008774757385254e-01
1.246702671051025391e+00
1.605927705764770508e+00
8.325662016868591309e-01
9.455788135528564453e-01
1.139404416084289551e+00
1.346566915512084961e+00
5.565756559371948242e-01
2.213883638381958008e+00
9.305752515792846680e-01
1.682424902915954590e+00
2.452981948852539062e+00
1.193435311317443848e+00
1.235616087913513184e+00
2.038123846054077148e+00
1.580399394035339355e+00
9.774047136306762695e-01
1.157033801078796387e+00
5.908145308494567871e-01
1.579401731491088867e+00
1.252458453178405762e+00
1.119001030921936035e+00
1.934025526046752930e+00
1.199175238609313965e+00
1.038944125175476074e+00
1.242475628852844238e+00
2.121732234954833984e+00
7.062095403671264648e-01
8.309060335159301758e-01
1.826366782188415527e+00
1.056675314903259277e+00
-1.564130187034606934e-01
2.216479778289794922e+00
1.083703875541687012e+00
1.112990617752075195e+00
1.156976222991943359e+00
9.587871432304382324e-01
1.222051382064819336e+00
1.658378124237060547e+00
1.186324477195739746e+00
1.868294715881347656e+00
1.209752917289733887e+00
1.253636479377746582e+00
1.849568486213684082e+00
1.686470746994018555e+00
9.933069944381713867e-01
1.320955395698547363e+00
1.195833206176757812e+00
8.937456011772155762e-01
2.105607271194458008e+00
-1.855519711971282959e-01
1.795889377593994141e+00
9.117627143859863281e-01
1.203421235084533691e+00
1.732583045959472656e+00
1.813314557075500488e+00
1.490886330604553223e+00
2.168908834457397461e+00
1.371535301208496094e+00
5.356172323226928711e-01
1.086216092109680176e+00
1.681801557540893555e+00
1.070499539375305176e+00
1.030437231063842773e+00
1.588591933250427246e+00
4.809045195579528809e-01
1.392876982688903809e+00
1.267146348953247070e+00
3.237459063529968262e-01
1.716653823852539062e+00
9.215030670166015625e-01
2.481711506843566895e-01
1.326234579086303711e+00
8.328852653503417969e-01
1.765054106712341309e+00
1.161913275718688965e+00
1.661944270133972168e+00
1.190481543540954590e+00
6.589573621749877930e-01
1.900039672851562500e+00
1.232076406478881836e+00
1.396609544754028320e+00
1.341549396514892578e+00
3.650695979595184326e-01
1.934496760368347168e+00
2.429396629333496094e+00
6.135488152503967285e-01
2.000426054000854492e+00
1.341203331947326660e+00
1.337212920188903809e+00
8.252014517784118652e-01
1.639230012893676758e+00
1.018764019012451172e+00
8.481261134147644043e-01
1.611199617385864258e+00
1.001942753791809082e+00
9.636961221694946289e-01
1.910714149475097656e+00
9.820178747177124023e-01
6.416068077087402344e-01
2.382949113845825195e+00
1.272563695907592773e+00
1.513895273208618164e+00
1.143896222114562988e+00
2.038199901580810547e+00
1.003621101379394531e+00
2.022124528884887695e+00
1.751127958297729492e+00
6.736407876014709473e-01
9.844884276390075684e-01
2.226930618286132812e+00
1.001891016960144043e+00
1.787853121757507324e+00
1.141428112983703613e+00
4.740199446678161621e-01
1.161259174346923828e+00
1.230304360389709473e+00
1.493651390075683594e+00
1.851867437362670898e+00
1.659068942070007324e+00
1.592627763748168945e+00
1.598762512207031250e+00
1.534263253211975098e+00
9.502819776535034180e-01
1.155286192893981934e+00
1.388409972190856934e+00
1.606527566909790039e+00
3.484916090965270996e-01
9.612817764282226562e-01
1.497213125228881836e+00
1.594725608825683594e+00
1.411011934280395508e+00
1.696982860565185547e+00
1.641181468963623047e+00
8.916174173355102539e-01
1.155456066131591797e+00
4.505510628223419189e-01
1.054600596427917480e+00
1.220704197883605957e+00
1.548768043518066406e+00
8.574654459953308105e-01
9.552958011627197266e-01
1.258299827575683594e+00
1.016672253608703613e+00
1.669121026992797852e+00
1.320944547653198242e+00
1.047205090522766113e+00
2.546816170215606689e-01
2.220988988876342773e+00
1.020020723342895508e+00
1.178004860877990723e+00
1.737465500831604004e+00
8.485146164894104004e-01
1.660045981407165527e+00
2.450999498367309570e+00
1.256952643394470215e+00
1.259744048118591309e+00
1.911885857582092285e+00
9.810573458671569824e-01
1.985554248094558716e-01
8.172761201858520508e-01
3.807399272918701172e-01
8.073894381523132324e-01
2.013347148895263672e+00
1.397210359573364258e+00
6.911084651947021484e-01
1.433635473251342773e+00
5.485563278198242188e-01
1.221322655677795410e+00
2.149197816848754883e+00
1.364968061447143555e+00
1.734651684761047363e+00
1.944967269897460938e+00
7.907544374465942383e-01
1.570323228836059570e+00
2.113132953643798828e+00
8.731898069381713867e-01
1.044984936714172363e+00
1.168377876281738281e+00
8.477280139923095703e-01
1.529434084892272949e+00
9.914706945419311523e-01
7.575177550315856934e-01
1.711176514625549316e+00
1.471307516098022461e+00
1.238499164581298828e+00
2.163326978683471680e+00
1.241571068763732910e+00
6.325378417968750000e-01
9.797818064689636230e-01
7.911766767501831055e-01
1.323478937149047852e+00
9.723722338676452637e-01
1.313679814338684082e+00
1.449423670768737793e+00
1.581857323646545410e+00
8.292210102081298828e-01
1.506933212280273438e+00
1.762324333190917969e+00
6.823176741600036621e-01
1.353500723838806152e+00
2.177839517593383789e+00
1.462834835052490234e+00
1.402683138847351074e+00
1.045863032341003418e+00
4.809693694114685059e-01
2.155898332595825195e+00
1.371651411056518555e+00
1.562029242515563965e+00
7.240838408470153809e-01
1.799071729183197021e-01
1.590189814567565918e+00
1.099723577499389648e+00
5.854955315589904785e-01
2.376378774642944336e+00
8.395459651947021484e-01
7.833766937255859375e-01
1.155865192413330078e+00
1.667513608932495117e+00
9.713523387908935547e-01
2.466691255569458008e+00
1.379774689674377441e+00
1.555867791175842285e+00
1.853302240371704102e+00
7.832999825477600098e-01
1.578723549842834473e+00
1.914844036102294922e+00
1.560202479362487793e+00
1.245097756385803223e+00
1.091403841972351074e+00
1.430202007293701172e+00
1.466684103012084961e+00
1.201945662498474121e+00
6.180476546287536621e-01
1.041599392890930176e+00
1.301472425460815430e+00
1.582974672317504883e+00
1.837070345878601074e+00
1.545844316482543945e+00
1.067907094955444336e+00
2.147994756698608398e+00
1.721117734909057617e+00
4.628108143806457520e-01
2.252446651458740234e+00
1.622610211372375488e+00
2.075176239013671875e+00
1.649873256683349609e+00
1.160971522331237793e+00
1.612845778465270996e+00
2.027314424514770508e+00
2.111037492752075195e+00
1.363647103309631348e+00
1.362512230873107910e+00
1.390250563621520996e+00
1.667430281639099121e+00
1.561224102973937988e+00
9.482210874557495117e-01
1.881546139717102051e+00
1.459272503852844238e+00
1.152486920356750488e+00
1.903078436851501465e+00
5.619716048240661621e-01
1.384875893592834473e+00
1.797752737998962402e+00
1.042290091514587402e+00
9.793912172317504883e-01
2.320113658905029297e+00
1.362272024154663086e+00
7.946985960006713867e-01
1.311560750007629395e+00
1.104013323783874512e+00
1.616156935691833496e+00
1.058468937873840332e+00
1.803793072700500488e+00
2.460334300994873047e+00
1.772268891334533691e+00
6.527067422866821289e-01
1.316809058189392090e+00
1.438510537147521973e+00
1.168602347373962402e+00
1.192576289176940918e+00
1.766380548477172852e+00
1.623806476593017578e+00
1.272439956665039062e+00
8.199144601821899414e-01
1.643444001674652100e-01
2.547748804092407227e+00
1.267289638519287109e+00
1.872127175331115723e+00
2.304756641387939453e+00
1.014874935150146484e+00
1.466145277023315430e+00
1.533804178237915039e+00
1.310252308845520020e+00
1.421013116836547852e+00
1.571661829948425293e+00
7.726417183876037598e-01
1.011556386947631836e+00
1.423476219177246094e+00
8.800938129425048828e-01
9.032015204429626465e-01
1.500181198120117188e+00
1.133506178855895996e+00
1.482156753540039062e+00
1.327346205711364746e+00
1.410736918449401855e+00
2.006439685821533203e+00
2.339639425277709961e+00
1.211454391479492188e+00
1.302335023880004883e+00
1.203218221664428711e+00
4.931220710277557373e-01
1.896410107612609863e+00
1.567661881446838379e+00
4.068343341350555420e-01
2.013997316360473633e+00
2.019860029220581055e+00
6.592342853546142578e-01
1.959141016006469727e+00
1.817538261413574219e+00
3.971360027790069580e-01
1.268734216690063477e+00
9.471845030784606934e-01
9.156089425086975098e-01
2.093457937240600586e+00
8.945068717002868652e-01
6.691500544548034668e-01
1.479190468788146973e+00
1.238182902336120605e+00
1.595558047294616699e+00
1.427916288375854492e+00
1.085975289344787598e+00
1.693170309066772461e+00
1.413887023925781250e+00
6.781020760536193848e-01
1.508732318878173828e+00
2.406009197235107422e+00
1.638693571090698242e+00
1.056679010391235352e+00
2.560917854309082031e+00
1.147117972373962402e+00
2.363938331604003906e+00
1.591068148612976074e+00
1.250057339668273926e+00
2.009926557540893555e+00
1.670624971389770508e+00
2.924183607101440430e-01
8.263502717018127441e-01
2.063834667205810547e+00
1.270493507385253906e+00
1.601967096328735352e+00
1.984601020812988281e+00
6.723597049713134766e-01
1.449029445648193359e+00
1.294831871986389160e+00
9.384626150131225586e-01
2.661084890365600586e+00
1.530693769454956055e+00
1.330903291702270508e+00
2.135598659515380859e+00
1.774802565574645996e+00
1.567092895507812500e+00
1.279106259346008301e+00
1.116878032684326172e+00
1.377720236778259277e+00
1.113817691802978516e+00
1.901075839996337891e+00
1.852150917053222656e+00
1.528314471244812012e+00
1.475932359695434570e+00
1.768789649009704590e+00
1.214784383773803711e+00
1.730067372322082520e+00
1.994266629219055176e+00
2.202024757862091064e-01
2.045595884323120117e+00
1.409648299217224121e+00
9.373642206192016602e-01
1.586553454399108887e+00
9.434502720832824707e-01
1.546625971794128418e+00
1.289581656455993652e+00
2.044243097305297852e+00
1.564161777496337891e+00
2.001024246215820312e+00
1.114428520202636719e+00
1.628895401954650879e+00
1.229484319686889648e+00
8.568213582038879395e-01
1.454690694808959961e+00
8.614745736122131348e-01
9.636783599853515625e-01
9.924519658088684082e-01
2.202698945999145508e+00
1.497744560241699219e+00
1.301556468009948730e+00
1.692580699920654297e+00
8.798424601554870605e-01
1.850853800773620605e+00
6.471672058105468750e-01
1.289052486419677734e+00
2.623353302478790283e-01
1.634628891944885254e+00
1.051505804061889648e+00
1.206522822380065918e+00
1.483197689056396484e+00
9.775330424308776855e-01
1.574806690216064453e+00
2.875311613082885742e+00
1.859881520271301270e+00
1.133187651634216309e+00
1.781249284744262695e+00
1.233856081962585449e+00
1.224690794944763184e+00
1.932019948959350586e+00
1.905416846275329590e-01
1.032396078109741211e+00
1.708951711654663086e+00
1.303111553192138672e+00
1.948944926261901855e+00
9.158805012702941895e-01
1.283838510513305664e+00
1.737599015235900879e+00
7.360869646072387695e-01
1.464156627655029297e+00
-2.818738222122192383e-01
1.996331572532653809e+00
1.236224055290222168e+00
1.882549285888671875e+00
2.557257413864135742e+00
1.303969740867614746e+00
1.537659645080566406e+00
1.703955173492431641e+00
4.250190258026123047e-01
2.406195878982543945e+00
1.800191998481750488e+00
1.425796627998352051e+00
7.066113352775573730e-01
8.962103128433227539e-01
1.696016550064086914e+00
1.619506597518920898e+00
1.872056961059570312e+00
1.203915953636169434e+00
2.272339105606079102e+00
8.498057723045349121e-01
1.587164282798767090e+00
2.244954824447631836e+00
9.165385365486145020e-01
4.102361798286437988e-01
2.665641307830810547e+00
1.507286548614501953e+00
1.792873382568359375e+00
1.962989211082458496e+00
1.376359224319458008e+00
1.820220708847045898e+00
2.886896848678588867e+00
8.958353996276855469e-01
1.734869599342346191e+00
1.590064167976379395e+00
1.130197048187255859e+00
1.179150819778442383e+00
8.983316421508789062e-01
1.639216065406799316e+00
2.487237453460693359e+00
1.830958366394042969e+00
1.254328370094299316e+00
1.723104238510131836e+00
3.752577900886535645e-01
1.754450798034667969e+00
1.149866223335266113e+00
1.714320659637451172e+00
2.038713455200195312e+00
2.019957304000854492e+00
1.754360556602478027e+00
1.778653979301452637e+00
2.566600799560546875e+00
2.280366182327270508e+00
1.890473842620849609e+00
2.154191493988037109e+00
1.834547519683837891e-01
2.510428905487060547e+00
2.367284774780273438e+00
1.832853317260742188e+00
2.003156185150146484e+00
1.523895978927612305e+00
1.674743890762329102e+00
2.074893712997436523e+00
2.343114852905273438e+00
2.602280855178833008e+00
1.520508646965026855e+00
8.580722212791442871e-01
1.598824262619018555e+00
1.645495653152465820e+00
1.675165414810180664e+00
2.949366092681884766e+00
1.511021375656127930e+00
1.101800203323364258e+00
2.876721620559692383e+00
1.993206739425659180e+00
1.733516573905944824e+00
2.705448389053344727e+00
1.203597426414489746e+00
2.352034330368041992e+00
3.023342132568359375e+00
2.278140306472778320e+00
1.649427413940429688e+00
2.493603229522705078e+00
1.415492534637451172e+00
2.046812772750854492e+00
1.684666633605957031e+00
6.715207099914550781e-01
1.769702792167663574e+00
3.122400760650634766e+00
6.931257247924804688e-01
1.659996628761291504e+00
1.983697652816772461e+00
1.721678256988525391e+00
1.423040747642517090e+00
2.175450325012207031e+00
9.787412285804748535e-01
1.021526575088500977e+00
2.543596982955932617e+00
1.326162219047546387e+00
1.655365824699401855e+00
1.602496027946472168e+00
2.127057075500488281e+00
2.897307634353637695e+00
2.351341009140014648e+00
1.122552275657653809e+00
1.908799648284912109e+00
1.360010981559753418e+00
1.410870552062988281e+00
1.300934433937072754e+00
1.871972441673278809e+00
2.752761244773864746e-01
1.543998003005981445e+00
1.307729363441467285e+00
9.792498946189880371e-01
1.498771548271179199e+00
2.018447875976562500e+00
5.714513659477233887e-01
1.032462358474731445e+00
1.436609148979187012e+00
1.903478860855102539e+00
2.620079755783081055e+00
1.374543666839599609e+00
1.346775531768798828e+00
3.062017679214477539e+00
1.346916198730468750e+00
1.045477151870727539e+00
1.329646706581115723e+00
1.874980211257934570e+00
1.804273605346679688e+00
1.900673270225524902e+00
1.719387292861938477e+00
1.722628712654113770e+00
2.583765268325805664e+00
1.448755979537963867e+00
1.071570038795471191e+00
2.246232748031616211e+00
1.395241022109985352e+00
1.613399386405944824e+00
1.397660970687866211e+00
1.278747081756591797e+00
1.434952259063720703e+00
2.712468385696411133e+00
2.410657405853271484e+00
1.367425918579101562e+00
1.529453277587890625e+00
1.399716377258300781e+00
1.964030742645263672e+00
2.588713645935058594e+00
8.413635492324829102e-01
1.749085426330566406e+00
2.341870546340942383e+00
1.253587007522583008e+00
1.287351846694946289e+00
2.117029666900634766e+00
6.218250393867492676e-01
1.305049538612365723e+00
2.227380514144897461e+00
2.290737152099609375e+00
9.644660353660583496e-01
1.393379330635070801e+00
1.554328799247741699e+00
1.925121545791625977e+00
1.106850385665893555e+00
1.168905854225158691e+00
2.197715044021606445e+00
1.518875360488891602e+00
2.007451534271240234e+00
2.132580995559692383e+00
1.079346895217895508e+00
1.856836676597595215e+00
2.960067272186279297e+00
9.366433024406433105e-01
2.526033163070678711e+00
1.754746198654174805e+00
1.458359122276306152e+00
2.181519985198974609e+00
2.331220149993896484e+00
6.342037320137023926e-01
1.476668119430541992e+00
1.862222313880920410e+00
2.101363658905029297e+00
1.882012248039245605e+00
1.392961263656616211e+00
1.085461616516113281e+00
2.260022878646850586e+00
1.759449124336242676e+00
1.051320195198059082e+00
2.435004949569702148e+00
1.443048000335693359e+00
1.547699928283691406e+00
2.021114587783813477e+00
2.053021669387817383e+00
1.383082985877990723e+00
1.475154519081115723e+00
2.652350187301635742e+00
2.180255413055419922e+00
2.095648288726806641e+00
1.871694326400756836e+00
1.400510191917419434e+00
2.163419246673583984e+00
1.139526009559631348e+00
1.236532092094421387e+00
9.523641467094421387e-01
9.178096652030944824e-01
2.644025325775146484e+00
1.297795057296752930e+00
1.816397428512573242e+00
1.740224719047546387e+00
6.868065595626831055e-01
9.996948838233947754e-01
2.850087404251098633e+00
1.820975542068481445e+00
1.754519343376159668e+00
2.687035083770751953e+00
1.964969277381896973e+00
2.082317829132080078e+00
2.807714939117431641e+00
8.148744702339172363e-01
2.679403305053710938e+00
2.317985773086547852e+00
1.242507934570312500e+00
1.659865498542785645e+00
1.283829808235168457e+00
1.018196582794189453e+00
1.573450803756713867e+00
2.545198440551757812e+00
1.395287871360778809e+00
2.924658536911010742e+00
1.976752519607543945e+00
1.260869503021240234e+00
3.002107620239257812e+00
2.099262714385986328e+00
1.909316539764404297e+00
2.203664779663085938e+00
1.604583740234375000e+00
1.904836535453796387e+00
1.715892195701599121e+00
1.548152923583984375e+00
2.303273916244506836e+00
2.688161611557006836e+00
8.854882717132568359e-01
2.475011110305786133e+00
2.262071132659912109e+00
1.353642582893371582e+00
2.310417890548706055e+00
1.585073828697204590e+00
1.718862175941467285e+00
1.401301383972167969e+00
7.628512978553771973e-01
2.152773857116699219e+00
2.840332508087158203e+00
1.221852183341979980e+00
1.522095561027526855e+00
1.122942090034484863e+00
9.982385635375976562e-01
1.585213541984558105e+00
2.129404783248901367e+00
1.391821026802062988e+00
1.740329265594482422e+00
3.229337453842163086e+00
1.572527170181274414e+00
1.805126309394836426e+00
1.597773671150207520e+00
1.958229780197143555e+00
2.556997537612915039e+00
2.037038564682006836e+00
1.217726588249206543e+00
1.636465311050415039e+00
2.182080745697021484e+00
1.041770696640014648e+00
2.457362174987792969e+00
2.496363401412963867e+00
2.343856811523437500e+00
2.992535352706909180e+00
1.578573465347290039e+00
2.210679054260253906e+00
1.664237260818481445e+00
1.507846713066101074e+00
1.521370291709899902e+00
2.207830905914306641e+00
1.715259909629821777e+00
1.979443788528442383e+00
2.581899166107177734e+00
1.743327021598815918e+00
2.194397449493408203e+00
2.036857604980468750e+00
2.011177539825439453e+00
2.433278083801269531e+00
1.620546460151672363e+00
1.314517259597778320e+00
1.674256443977355957e+00
2.278861761093139648e+00
2.023127079010009766e+00
1.484490990638732910e+00
2.154281139373779297e+00
1.610297560691833496e+00
1.858760714530944824e+00
2.419834136962890625e+00
1.318114995956420898e+00
2.653106689453125000e+00
2.095903635025024414e+00
1.677852034568786621e+00
2.838489532470703125e+00
2.497162818908691406e+00
1.228665828704833984e+00
2.451479434967041016e+00
2.564753532409667969e+00
2.305625200271606445e+00
2.355040311813354492e+00
6.987151503562927246e-01
3.122516870498657227e+00
2.982695817947387695e+00
1.565927624702453613e+00
1.634484410285949707e+00
2.276090621948242188e+00
2.147068738937377930e+00
2.264246225357055664e+00
2.379853963851928711e+00
1.802355647087097168e+00
3.398550510406494141e+00
1.630846142768859863e+00
2.447011232376098633e+00
2.789827585220336914e+00
2.718433141708374023e+00
1.380481719970703125e+00
2.463591337203979492e+00
2.025718212127685547e+00
2.265255928039550781e+00
3.042667388916015625e+00
2.820397138595581055e+00
1.489865541458129883e+00
2.709178209304809570e+00
2.342768669128417969e+00
1.511833786964416504e+00
2.642106056213378906e+00
2.564428806304931641e+00
1.499670743942260742e+00
2.843626022338867188e+00
1.457148551940917969e+00
2.249846220016479492e+00
2.249461174011230469e+00
2.275844573974609375e+00
1.595939397811889648e+00
2.043035507202148438e+00
1.705883026123046875e+00
1.785733222961425781e+00
2.833836317062377930e+00
1.487686395645141602e+00
2.315839767456054688e+00
2.993205308914184570e+00
1.566166877746582031e+00
2.909467697143554688e+00
3.200339555740356445e+00
3.088648796081542969e+00
2.859340429306030273e+00
2.326523065567016602e+00
1.577929735183715820e+00
2.118935585021972656e+00
2.828610897064208984e+00
1.681474924087524414e+00
1.766056656837463379e+00
1.097219705581665039e+00
2.279001712799072266e+00
1.925588488578796387e+00
1.119983315467834473e+00
2.353137016296386719e+00
2.492605924606323242e+00
1.307459354400634766e+00
1.780916571617126465e+00
2.375796079635620117e+00
1.640255331993103027e+00
8.816915750503540039e-01
2.359724283218383789e+00
1.450753450393676758e+00
2.157491922378540039e+00
3.480896472930908203e+00
1.382057666778564453e+00
2.839460849761962891e+00
1.926878929138183594e+00
2.251088142395019531e+00
2.902290821075439453e+00
2.730011701583862305e+00
2.041283845901489258e+00
1.701050043106079102e+00
1.312607765197753906e+00
2.127490282058715820e+00
2.024790048599243164e+00
2.277808904647827148e+00
1.528146266937255859e+00
1.820239305496215820e+00
2.834772109985351562e+00
2.346944808959960938e+00
2.564876079559326172e+00
2.941040039062500000e+00
1.491150259971618652e+00
2.552173614501953125e+00
3.113302230834960938e+00
2.192314624786376953e+00
2.749460697174072266e+00
3.730938673019409180e+00
2.682106018066406250e+00
2.285554170608520508e+00
2.759214639663696289e+00
1.419533371925354004e+00
3.185163497924804688e+00
3.193371534347534180e+00
2.855010986328125000e+00
2.056319952011108398e+00
2.767303228378295898e+00
1.878423690795898438e+00
2.926468372344970703e+00
2.359670400619506836e+00
2.912532567977905273e+00
2.419541835784912109e+00
3.027272224426269531e+00
2.217441558837890625e+00
2.387146949768066406e+00
2.525531291961669922e+00
2.667737245559692383e+00
1.659450173377990723e+00
4.404896736145019531e+00
3.309158802032470703e+00
3.016449451446533203e+00
3.028566837310791016e+00
3.329452991485595703e+00
2.019906997680664062e+00
3.062011957168579102e+00
3.095883846282958984e+00
1.914817690849304199e+00
2.468501329421997070e+00
2.434012889862060547e+00
1.865158915519714355e+00
1.017317771911621094e+00
2.621344566345214844e+00
2.211467027664184570e+00
2.535488605499267578e+00
2.964627265930175781e+00
2.361263036727905273e+00
2.752824306488037109e+00
3.624479770660400391e+00
2.492095470428466797e+00
2.878719568252563477e+00
3.723752021789550781e+00
2.683852434158325195e+00
2.582714080810546875e+00
3.030638217926025391e+00
1.860366582870483398e+00
2.948598146438598633e+00
2.678202390670776367e+00
2.699621677398681641e+00
2.018092632293701172e+00
3.000430822372436523e+00
2.572167158126831055e+00
3.107508420944213867e+00
3.205143213272094727e+00
2.403919696807861328e+00
2.194406509399414062e+00
3.084855079650878906e+00
2.616241216659545898e+00
3.828324556350708008e+00
3.003396034240722656e+00
2.272701740264892578e+00
3.267842292785644531e+00
1.958665966987609863e+00
2.199790000915527344e+00
2.324385881423950195e+00
2.632294416427612305e+00
2.797015666961669922e+00
3.935999631881713867e+00
2.745892763137817383e+00
3.013257741928100586e+00
3.284812688827514648e+00
3.713421344757080078e+00
2.272319793701171875e+00
2.713388919830322266e+00
3.093528747558593750e+00
3.169797658920288086e+00
2.713657379150390625e+00
2.265816211700439453e+00
2.959304809570312500e+00
2.255664825439453125e+00
2.520512580871582031e+00
2.301662921905517578e+00
2.394735813140869141e+00
2.660338401794433594e+00
2.712612152099609375e+00
3.133653402328491211e+00
1.581169605255126953e+00
3.892060279846191406e+00
3.134418249130249023e+00
2.633734464645385742e+00
3.532367706298828125e+00
3.379263639450073242e+00
1.610537886619567871e+00
3.278118610382080078e+00
2.754714727401733398e+00
1.792108178138732910e+00
2.887490272521972656e+00
3.416066646575927734e+00
2.693537235260009766e+00
2.700941562652587891e+00
3.296293258666992188e+00
3.106159210205078125e+00
2.989374399185180664e+00
3.135408163070678711e+00
2.528663873672485352e+00
2.493753671646118164e+00
2.537616729736328125e+00
2.208657503128051758e+00
2.851691961288452148e+00
3.989132642745971680e+00
2.838778734207153320e+00
2.620865583419799805e+00
2.602506637573242188e+00
2.415399074554443359e+00
2.889097690582275391e+00
3.198069572448730469e+00
2.003329038619995117e+00
3.082003355026245117e+00
3.744722604751586914e+00
2.451059818267822266e+00
2.691135406494140625e+00
2.863516807556152344e+00
2.085389614105224609e+00
2.784522056579589844e+00
2.389458179473876953e+00
3.205911397933959961e+00
2.934909343719482422e+00
3.167724370956420898e+00
1.758722543716430664e+00
3.093454122543334961e+00
2.809406280517578125e+00
3.067975759506225586e+00
2.948997735977172852e+00
2.776988029479980469e+00
2.632304906845092773e+00
3.893474578857421875e+00
2.528888225555419922e+00
2.666747331619262695e+00
3.358569860458374023e+00
3.779111623764038086e+00
2.931561470031738281e+00
2.858023881912231445e+00
2.944259643554687500e+00
3.754233360290527344e+00
3.452114105224609375e+00
2.780042171478271484e+00
4.328772544860839844e+00
3.610983133316040039e+00
3.345174312591552734e+00
3.205374479293823242e+00
2.730926036834716797e+00
3.508054494857788086e+00
3.098950386047363281e+00
2.364928722381591797e+00
3.194827079772949219e+00
4.042317390441894531e+00
2.245792150497436523e+00
2.522511482238769531e+00
2.459132194519042969e+00
2.663305044174194336e+00
3.085746526718139648e+00
3.187797069549560547e+00
3.667284011840820312e+00
3.944468975067138672e+00
3.061533212661743164e+00
3.484839916229248047e+00
3.287445068359375000e+00
4.091209411621093750e+00
3.042776107788085938e+00
2.642719507217407227e+00
3.811671972274780273e+00
3.748712062835693359e+00
3.565012216567993164e+00
2.761671066284179688e+00
2.001650094985961914e+00
2.768105030059814453e+00
4.059347629547119141e+00
4.320936203002929688e+00
3.572790622711181641e+00
3.126025676727294922e+00
2.829619169235229492e+00
2.788029432296752930e+00
2.289649486541748047e+00
3.201708793640136719e+00
3.484441518783569336e+00
3.375611782073974609e+00
2.792480230331420898e+00
3.230714082717895508e+00
4.358752727508544922e+00
3.027440547943115234e+00
3.615360736846923828e+00
4.945340156555175781e+00
4.067438125610351562e+00
3.687334537506103516e+00
4.457808017730712891e+00
3.284914731979370117e+00
2.490670442581176758e+00
3.505801200866699219e+00
3.061875820159912109e+00
3.838111877441406250e+00
3.954033374786376953e+00
2.986194372177124023e+00
2.551610231399536133e+00
4.024048805236816406e+00
3.845391273498535156e+00
3.262060880661010742e+00
3.350691795349121094e+00
2.511174917221069336e+00
3.095570087432861328e+00
3.912858009338378906e+00
3.676371097564697266e+00
3.623784303665161133e+00
3.916044950485229492e+00
3.993411779403686523e+00
3.619119405746459961e+00
3.115197420120239258e+00
2.834167957305908203e+00
4.673806667327880859e+00
3.683206796646118164e+00
3.188369035720825195e+00
3.329053401947021484e+00
3.694632053375244141e+00
3.732803344726562500e+00
4.201328754425048828e+00
2.949786663055419922e+00
3.596510171890258789e+00
2.977627277374267578e+00
2.927398204803466797e+00
3.889996051788330078e+00
3.918931484222412109e+00
3.908850669860839844e+00
3.865495204925537109e+00
4.506811618804931641e+00
3.901318311691284180e+00
4.453646659851074219e+00
4.694829463958740234e+00
4.654899597167968750e+00
4.322602272033691406e+00
4.235789299011230469e+00
3.955582380294799805e+00
4.083434581756591797e+00
3.884630203247070312e+00
3.328373432159423828e+00
3.793412208557128906e+00
3.927027940750122070e+00
3.679599523544311523e+00
3.362428665161132812e+00
3.889643907546997070e+00
3.298560619354248047e+00
3.204611063003540039e+00
3.765655040740966797e+00
3.615496158599853516e+00
2.935183286666870117e+00
5.279753684997558594e+00
3.307432889938354492e+00
4.016306877136230469e+00
3.177168607711791992e+00
4.232595443725585938e+00
3.006199359893798828e+00
4.443536758422851562e+00
4.738983154296875000e+00
4.338985443115234375e+00
3.314669847488403320e+00
4.803142547607421875e+00
3.322300434112548828e+00
3.866931438446044922e+00
3.547303915023803711e+00
3.531884193420410156e+00
4.429983139038085938e+00
3.272117376327514648e+00
4.458993434906005859e+00
4.624223709106445312e+00
4.702908039093017578e+00
3.455657958984375000e+00
3.560782909393310547e+00
2.309285640716552734e+00
4.507116317749023438e+00
4.724531173706054688e+00
3.062023639678955078e+00
5.069585323333740234e+00
3.480257272720336914e+00
3.655266523361206055e+00
4.567759513854980469e+00
3.817724227905273438e+00
3.253697156906127930e+00
3.811783075332641602e+00
4.336115837097167969e+00
4.781467914581298828e+00
3.991299629211425781e+00
3.394037723541259766e+00
3.422028779983520508e+00
4.542528629302978516e+00
3.591538429260253906e+00
4.814304351806640625e+00
3.698999404907226562e+00
3.620690107345581055e+00
2.816795110702514648e+00
3.544740200042724609e+00
4.692767143249511719e+00
4.527391433715820312e+00
4.388195991516113281e+00
3.611712694168090820e+00
3.523849010467529297e+00
3.508358478546142578e+00
3.413937568664550781e+00
2.763054609298706055e+00
4.172838687896728516e+00
3.854352951049804688e+00
2.756255865097045898e+00
4.672348976135253906e+00
4.674611091613769531e+00
4.296641826629638672e+00
3.753754138946533203e+00
3.858160018920898438e+00
3.275712728500366211e+00
4.003427028656005859e+00
5.069809436798095703e+00
3.784632205963134766e+00
4.758554458618164062e+00
4.740825176239013672e+00
3.522891998291015625e+00
4.118593692779541016e+00
5.203471660614013672e+00
3.213267326354980469e+00
2.967491626739501953e+00
4.633317470550537109e+00
3.964703559875488281e+00
4.025754451751708984e+00
5.210563182830810547e+00
4.424708366394042969e+00
4.495840072631835938e+00
4.918448925018310547e+00
3.671976327896118164e+00
4.363069534301757812e+00
5.119580268859863281e+00
4.155261039733886719e+00
3.548207521438598633e+00
5.145493030548095703e+00
4.466787338256835938e+00
4.360716342926025391e+00
3.871876478195190430e+00
4.162165641784667969e+00
4.368541240692138672e+00
4.696080684661865234e+00
4.301791191101074219e+00
4.401003360748291016e+00
4.706623077392578125e+00
3.278691291809082031e+00
3.783122539520263672e+00
3.043306589126586914e+00
3.764258623123168945e+00
4.018352985382080078e+00
3.811306715011596680e+00
4.607605934143066406e+00
4.721146106719970703e+00
3.679406881332397461e+00
3.693452835083007812e+00
4.818801403045654297e+00
3.916332721710205078e+00
4.288208484649658203e+00
5.371186733245849609e+00
4.194529056549072266e+00
3.715316772460937500e+00
4.021160602569580078e+00
3.726516485214233398e+00
5.205563545227050781e+00
4.808733463287353516e+00
4.318614959716796875e+00
3.627815008163452148e+00
4.985230922698974609e+00
3.488049745559692383e+00
4.127175807952880859e+00
4.240228652954101562e+00
5.099082946777343750e+00
5.076079368591308594e+00
5.464378833770751953e+00
3.211692333221435547e+00
4.477859973907470703e+00
5.073729038238525391e+00
4.520874023437500000e+00
4.198567867279052734e+00
5.435100555419921875e+00
5.003922462463378906e+00
5.351076126098632812e+00
4.585848331451416016e+00
4.633432388305664062e+00
5.084384918212890625e+00
4.928818702697753906e+00
5.289472579956054688e+00
5.056661128997802734e+00
3.877140045166015625e+00
4.339184284210205078e+00
5.305057048797607422e+00
3.760839462280273438e+00
4.536602973937988281e+00
5.297287940979003906e+00
5.472442626953125000e+00
5.145987033843994141e+00
5.540520668029785156e+00
3.634035348892211914e+00
5.580966949462890625e+00
6.176094532012939453e+00
4.407253742218017578e+00
5.908018112182617188e+00
6.178071022033691406e+00
4.538088798522949219e+00
4.800332069396972656e+00
5.198085308074951172e+00
5.881127357482910156e+00
5.852623462677001953e+00
5.314999103546142578e+00
3.718764305114746094e+00
4.848295688629150391e+00
6.157899856567382812e+00
5.736949443817138672e+00
5.606537342071533203e+00
4.992702960968017578e+00
4.328929901123046875e+00
5.057145595550537109e+00
5.621098995208740234e+00
5.570364952087402344e+00
4.505937576293945312e+00
7.214272975921630859e+00
5.728443145751953125e+00
6.057287693023681641e+00
5.949391365051269531e+00
6.480412006378173828e+00
6.136680603027343750e+00
5.356037616729736328e+00
6.597159862518310547e+00
5.156637668609619141e+00
5.356035709381103516e+00
4.637630939483642578e+00
5.106280326843261719e+00
6.306760787963867188e+00
6.158252239227294922e+00
6.151981830596923828e+00
6.749050617218017578e+00
5.175491809844970703e+00
6.835638523101806641e+00
6.623492240905761719e+00
5.469351768493652344e+00
6.090123653411865234e+00
6.093064308166503906e+00
5.222583770751953125e+00
5.380413532257080078e+00
7.182835578918457031e+00
5.549041271209716797e+00
6.568226814270019531e+00
7.015128135681152344e+00
6.634585857391357422e+00
6.306446075439453125e+00
6.026140689849853516e+00
6.076733112335205078e+00
5.959877490997314453e+00
5.168482303619384766e+00
6.758809089660644531e+00
5.223697662353515625e+00
6.573594093322753906e+00
6.116226673126220703e+00
5.817284107208251953e+00
5.639706134796142578e+00
5.024309635162353516e+00
6.704666614532470703e+00
7.060128688812255859e+00
6.028497219085693359e+00
5.649602890014648438e+00
5.785939216613769531e+00
6.214601516723632812e+00
5.739519119262695312e+00
5.987195014953613281e+00
5.743019104003906250e+00
5.376562595367431641e+00
6.890855312347412109e+00
5.907999515533447266e+00
6.015643119812011719e+00
5.861283779144287109e+00
6.176522254943847656e+00
5.564383983612060547e+00
4.979621410369873047e+00
6.034018993377685547e+00
5.061331272125244141e+00
5.991141319274902344e+00
6.487829685211181641e+00
5.515448570251464844e+00
6.009042739868164062e+00
6.057697772979736328e+00
5.246823787689208984e+00
6.207913398742675781e+00
6.566713333129882812e+00
6.015065193176269531e+00
5.263680458068847656e+00
7.478457927703857422e+00
5.134093761444091797e+00
6.200213909149169922e+00
6.556679248809814453e+00
5.863483905792236328e+00
6.633792400360107422e+00
6.676981449127197266e+00
6.282248973846435547e+00
5.063893795013427734e+00
6.352619171142578125e+00
6.349116325378417969e+00
6.388832569122314453e+00
6.204388618469238281e+00
4.783113002777099609e+00
5.735800743103027344e+00
6.829681873321533203e+00
4.235316276550292969e+00
5.999256134033203125e+00
6.743591308593750000e+00
6.019359588623046875e+00
5.493738174438476562e+00
6.859350204467773438e+00
8.233730316162109375e+00
7.480959415435791016e+00
6.991404533386230469e+00
7.283918380737304688e+00
6.394406318664550781e+00
6.095722675323486328e+00
5.496025562286376953e+00
6.721459865570068359e+00
7.342649459838867188e+00
6.557742118835449219e+00
6.998171329498291016e+00
6.832799434661865234e+00
7.045994281768798828e+00
7.704553127288818359e+00
8.525037765502929688e+00
8.298980712890625000e+00
6.322996139526367188e+00
7.015854835510253906e+00
6.668025493621826172e+00
5.036164283752441406e+00
5.815557003021240234e+00
6.375989913940429688e+00
6.464690208435058594e+00
7.702575206756591797e+00
7.484310626983642578e+00
7.096221446990966797e+00
6.731685161590576172e+00
6.711163520812988281e+00
6.584879875183105469e+00
6.137631893157958984e+00
6.032529830932617188e+00
6.011625766754150391e+00
6.413119316101074219e+00
6.188870906829833984e+00
5.975469589233398438e+00
6.502826690673828125e+00
7.062962532043457031e+00
7.778720378875732422e+00
7.044302463531494141e+00
6.101909637451171875e+00
5.977381706237792969e+00
8.001366615295410156e+00
5.878959178924560547e+00
6.984377861022949219e+00
7.782371044158935547e+00
6.714395523071289062e+00
7.059403896331787109e+00
7.495908737182617188e+00
7.065742492675781250e+00
6.307585239410400391e+00
6.423847675323486328e+00
6.564774990081787109e+00
7.148264884948730469e+00
6.737634658813476562e+00
6.016590118408203125e+00
6.277088642120361328e+00
7.422488212585449219e+00
6.809005260467529297e+00
7.158020019531250000e+00
7.718451499938964844e+00
7.491823196411132812e+00
7.231715679168701172e+00
6.651716709136962891e+00
6.296629905700683594e+00
7.119102954864501953e+00
6.649712562561035156e+00
7.410398960113525391e+00
6.995594501495361328e+00
7.744010925292968750e+00
8.090384483337402344e+00
8.811906814575195312e+00
7.507678985595703125e+00
6.697465896606445312e+00
8.748869895935058594e+00
7.128864288330078125e+00
6.822041034698486328e+00
6.847783088684082031e+00
7.125793933868408203e+00
7.467764377593994141e+00
7.693345069885253906e+00
6.780575275421142578e+00
7.565915584564208984e+00
7.113274097442626953e+00
6.637794494628906250e+00
8.463143348693847656e+00
7.883435726165771484e+00
7.439890384674072266e+00
7.785825729370117188e+00
7.703597545623779297e+00
6.741356849670410156e+00
6.791379451751708984e+00
8.101631164550781250e+00
8.324723243713378906e+00
8.080698966979980469e+00
8.334011077880859375e+00
8.583807945251464844e+00
7.089606285095214844e+00
6.253853797912597656e+00
6.573262691497802734e+00
7.433511257171630859e+00
6.505052566528320312e+00
8.007289886474609375e+00
7.167204380035400391e+00
7.317195415496826172e+00
7.402150154113769531e+00
6.768140792846679688e+00
6.302763938903808594e+00
7.466340541839599609e+00
7.410410881042480469e+00
7.053386211395263672e+00
7.951581478118896484e+00
6.459406375885009766e+00
5.895024299621582031e+00
6.289874553680419922e+00
6.240265846252441406e+00
5.774641990661621094e+00
8.089287757873535156e+00
8.709011077880859375e+00
6.991150856018066406e+00
7.642623901367187500e+00
7.453284263610839844e+00
6.347902297973632812e+00
6.346402168273925781e+00
8.750993728637695312e+00
8.457385063171386719e+00
8.220061302185058594e+00
6.731422424316406250e+00
6.283690929412841797e+00
7.710744380950927734e+00
7.874377727508544922e+00
6.263882160186767578e+00
7.114342212677001953e+00
8.598595619201660156e+00
7.571814060211181641e+00
7.445161819458007812e+00
8.947287559509277344e+00
8.457178115844726562e+00
7.761762619018554688e+00
8.763725280761718750e+00
8.033472061157226562e+00
6.754477977752685547e+00
7.896763324737548828e+00
8.006661415100097656e+00
6.930439472198486328e+00
7.112162590026855469e+00
6.878280162811279297e+00
6.823053359985351562e+00
8.266213417053222656e+00
7.729969024658203125e+00
6.567785263061523438e+00
8.239692687988281250e+00
9.089048385620117188e+00
8.063532829284667969e+00
8.052291870117187500e+00
8.433822631835937500e+00
7.767846584320068359e+00
9.640155792236328125e+00
8.568637847900390625e+00
8.563536643981933594e+00
8.443614006042480469e+00
7.907427787780761719e+00
8.174782752990722656e+00
8.520272254943847656e+00
8.483547210693359375e+00
7.520385265350341797e+00
9.405985832214355469e+00
8.999888420104980469e+00
8.323946952819824219e+00
9.394456863403320312e+00
8.328819274902343750e+00
7.702607631683349609e+00
8.924834251403808594e+00
8.292408943176269531e+00
6.447980880737304688e+00
8.138961791992187500e+00
8.545269966125488281e+00
7.207888603210449219e+00
7.359157085418701172e+00
8.197434425354003906e+00
8.569532394409179688e+00
7.686960220336914062e+00
8.263020515441894531e+00
8.975008010864257812e+00
8.388341903686523438e+00
8.878555297851562500e+00
8.333976745605468750e+00
8.244302749633789062e+00
8.758192062377929688e+00
1.043096446990966797e+01
1.011728191375732422e+01
8.868182182312011719e+00
9.348544120788574219e+00
8.649100303649902344e+00
7.448895454406738281e+00
8.010179519653320312e+00
9.020538330078125000e+00
8.900921821594238281e+00
7.823619842529296875e+00
7.031960964202880859e+00
8.526494979858398438e+00
7.651807308197021484e+00
7.036434173583984375e+00
7.464450359344482422e+00
7.601714611053466797e+00
6.780443191528320312e+00
6.397055149078369141e+00
8.356580734252929688e+00
7.110210895538330078e+00
7.164739608764648438e+00
6.909467220306396484e+00
7.854770660400390625e+00
8.973403930664062500e+00
9.965917587280273438e+00
8.491754531860351562e+00
9.650743484497070312e+00
8.876511573791503906e+00
7.580521106719970703e+00
9.129508018493652344e+00
8.902791023254394531e+00
9.191257476806640625e+00
8.755088806152343750e+00
8.364951133728027344e+00
7.265500068664550781e+00
9.599734306335449219e+00
9.137684822082519531e+00
7.961800575256347656e+00
7.886791706085205078e+00
8.255088806152343750e+00
8.350640296936035156e+00
7.853656768798828125e+00
8.078279495239257812e+00
9.091927528381347656e+00
8.901583671569824219e+00
9.047496795654296875e+00
9.747872352600097656e+00
1.013198566436767578e+01
9.461506843566894531e+00
8.216898918151855469e+00
9.771959304809570312e+00
8.639843940734863281e+00
7.846236705780029297e+00
8.845879554748535156e+00
9.264357566833496094e+00
9.672504425048828125e+00
8.706762313842773438e+00
8.822739601135253906e+00
1.000323104858398438e+01
8.713470458984375000e+00
9.880755424499511719e+00
9.284133911132812500e+00
8.642167091369628906e+00
1.016619682312011719e+01
9.504949569702148438e+00
8.717185020446777344e+00
8.557483673095703125e+00
8.485305786132812500e+00
9.936965942382812500e+00
9.829183578491210938e+00
9.207340240478515625e+00
9.171060562133789062e+00
9.506982803344726562e+00
8.092596054077148438e+00
8.225840568542480469e+00
9.452000617980957031e+00
7.521393775939941406e+00
7.351674556732177734e+00
8.833118438720703125e+00
6.508844852447509766e+00
8.690975189208984375e+00
9.763028144836425781e+00
8.722923278808593750e+00
1.011750221252441406e+01
9.108394622802734375e+00
8.663698196411132812e+00
9.066948890686035156e+00
9.270479202270507812e+00
7.727172374725341797e+00
7.635025024414062500e+00
7.903212070465087891e+00
8.236541748046875000e+00
8.007065773010253906e+00
8.959355354309082031e+00
9.741199493408203125e+00
9.524325370788574219e+00
9.254299163818359375e+00
8.877642631530761719e+00
7.511188983917236328e+00
8.370136260986328125e+00
8.798164367675781250e+00
9.649850845336914062e+00
7.972350597381591797e+00
8.371503829956054688e+00
9.665176391601562500e+00
8.258034706115722656e+00
9.211499214172363281e+00
8.709958076477050781e+00
8.018220901489257812e+00
9.279976844787597656e+00
8.505162239074707031e+00
7.340090751647949219e+00
8.646659851074218750e+00
7.771447658538818359e+00
8.363028526306152344e+00
8.627983093261718750e+00
9.333966255187988281e+00
9.775328636169433594e+00
1.024436283111572266e+01
7.817945957183837891e+00
9.125529289245605469e+00
8.100842475891113281e+00
8.698901176452636719e+00
7.025788784027099609e+00
9.394453048706054688e+00
7.404439449310302734e+00
8.360451698303222656e+00
9.253350257873535156e+00
9.256857872009277344e+00
8.671530723571777344e+00
8.183660507202148438e+00
8.499228477478027344e+00
9.744814872741699219e+00
8.015812873840332031e+00
8.812762260437011719e+00
8.358981132507324219e+00
8.882428169250488281e+00
6.954838275909423828e+00
9.107342720031738281e+00
8.421791076660156250e+00
8.354521751403808594e+00
9.749040603637695312e+00
8.284256935119628906e+00
8.139037132263183594e+00
1.009301090240478516e+01
9.250394821166992188e+00
8.222076416015625000e+00
8.654563903808593750e+00
9.502962112426757812e+00
8.898036003112792969e+00
9.121459007263183594e+00
1.076045227050781250e+01
8.113488197326660156e+00
9.440023422241210938e+00
8.623393058776855469e+00
7.762368679046630859e+00
9.574486732482910156e+00
8.352557182312011719e+00
9.236280441284179688e+00
7.846074104309082031e+00
8.419301986694335938e+00
9.571503639221191406e+00
9.615227699279785156e+00
9.839784622192382812e+00
9.957747459411621094e+00
8.914867401123046875e+00
1.013350677490234375e+01
8.670666694641113281e+00
9.369023323059082031e+00
9.400091171264648438e+00
9.516291618347167969e+00
8.503916740417480469e+00
8.622661590576171875e+00
8.841085433959960938e+00
9.815283775329589844e+00
8.997353553771972656e+00
8.965536117553710938e+00
9.532069206237792969e+00
8.717795372009277344e+00
9.040438652038574219e+00
8.179710388183593750e+00
8.160576820373535156e+00
8.317738533020019531e+00
9.306112289428710938e+00
8.539275169372558594e+00
7.800848484039306641e+00
9.706915855407714844e+00
8.980115890502929688e+00
8.615489959716796875e+00
1.056774234771728516e+01
9.231288909912109375e+00
9.481171607971191406e+00
9.903479576110839844e+00
8.854745864868164062e+00
9.955556869506835938e+00
8.950475692749023438e+00
1.049577522277832031e+01
1.083670616149902344e+01
9.185220718383789062e+00
9.435015678405761719e+00
9.337001800537109375e+00
9.650109291076660156e+00
9.536083221435546875e+00
9.197628974914550781e+00
8.738981246948242188e+00
8.433452606201171875e+00
8.451257705688476562e+00
9.821969985961914062e+00
8.245347976684570312e+00
9.195025444030761719e+00
8.837263107299804688e+00
8.566260337829589844e+00
9.731705665588378906e+00
9.458559036254882812e+00
1.052507400512695312e+01
9.175172805786132812e+00
1.027061748504638672e+01
9.549221038818359375e+00
9.830708503723144531e+00
9.840678215026855469e+00
1.096669292449951172e+01
1.011125850677490234e+01
1.029561138153076172e+01
9.707197189331054688e+00
1.011474609375000000e+01
9.678390502929687500e+00
1.031150531768798828e+01
9.728914260864257812e+00
1.054602909088134766e+01
8.888699531555175781e+00
9.881244659423828125e+00
1.036940765380859375e+01
8.471390724182128906e+00
9.555640220642089844e+00
9.579334259033203125e+00
1.027044105529785156e+01
1.045739936828613281e+01
9.203455924987792969e+00
1.063862037658691406e+01
9.491408348083496094e+00
9.532597541809082031e+00
1.003209781646728516e+01
9.660077095031738281e+00
1.047998237609863281e+01
9.131774902343750000e+00
9.682218551635742188e+00
9.993597030639648438e+00
9.132349967956542969e+00
1.037043380737304688e+01
9.223258972167968750e+00
9.640639305114746094e+00
9.607232093811035156e+00
1.002504253387451172e+01
9.759578704833984375e+00
1.055842876434326172e+01
9.842383384704589844e+00
9.906326293945312500e+00
1.031798839569091797e+01
1.015181732177734375e+01
9.764868736267089844e+00
1.066101169586181641e+01
9.136239051818847656e+00
1.046549415588378906e+01
9.857277870178222656e+00
1.018134880065917969e+01
8.716022491455078125e+00
8.589417457580566406e+00
9.766079902648925781e+00
1.037991237640380859e+01
1.011421394348144531e+01
1.033579730987548828e+01
9.464460372924804688e+00
9.219995498657226562e+00
9.197564125061035156e+00
9.555104255676269531e+00
9.613512992858886719e+00
1.010137462615966797e+01
9.693896293640136719e+00
9.833932876586914062e+00
1.023795795440673828e+01
1.057179832458496094e+01
1.074613761901855469e+01
1.107544136047363281e+01
1.065353679656982422e+01
1.101547336578369141e+01
9.682043075561523438e+00
1.007861137390136719e+01
1.021970462799072266e+01
1.032419204711914062e+01
1.066339588165283203e+01
1.017392158508300781e+01
1.031713104248046875e+01
1.107868099212646484e+01
9.733012199401855469e+00
1.008183288574218750e+01
1.033124256134033203e+01
1.058401870727539062e+01
9.470132827758789062e+00
9.818734169006347656e+00
9.515976905822753906e+00
9.822024345397949219e+00
1.083912754058837891e+01
1.061305427551269531e+01
1.084331035614013672e+01
1.016514492034912109e+01
9.786120414733886719e+00
9.250449180603027344e+00
1.031897735595703125e+01
9.752551078796386719e+00
9.421471595764160156e+00
9.897919654846191406e+00
9.734522819519042969e+00
9.645407676696777344e+00
9.302176475524902344e+00
9.762097358703613281e+00
1.014757347106933594e+01
9.414597511291503906e+00
9.833770751953125000e+00
1.086241817474365234e+01
1.082302570343017578e+01
1.001009845733642578e+01
1.062247943878173828e+01
1.019706153869628906e+01
9.765869140625000000e+00
1.034861373901367188e+01
9.858010292053222656e+00
9.811304092407226562e+00
1.061900520324707031e+01
1.064545917510986328e+01
9.658145904541015625e+00
9.789595603942871094e+00
9.663608551025390625e+00
9.817610740661621094e+00
1.030472660064697266e+01
1.069712543487548828e+01
1.062003517150878906e+01
9.847618103027343750e+00
9.343367576599121094e+00
9.842136383056640625e+00
1.034299468994140625e+01
1.004616737365722656e+01
1.095563125610351562e+01
1.023669433593750000e+01
1.051493453979492188e+01
9.781033515930175781e+00
1.079999160766601562e+01
1.051659679412841797e+01
1.038774108886718750e+01
9.733633041381835938e+00
1.002126216888427734e+01
9.235115051269531250e+00
9.991109848022460938e+00
1.078621387481689453e+01
1.095484352111816406e+01
1.026193046569824219e+01
1.036159420013427734e+01
1.044693851470947266e+01
9.716100692749023438e+00
9.919115066528320312e+00
9.833638191223144531e+00
1.087740802764892578e+01
1.017315959930419922e+01
9.875970840454101562e+00
9.958339691162109375e+00
1.001044654846191406e+01
1.033504104614257812e+01
9.916343688964843750e+00
1.011741352081298828e+01
1.038453197479248047e+01
1.001303672790527344e+01
9.724115371704101562e+00
1.027141380310058594e+01
9.780998229980468750e+00
1.008172893524169922e+01
9.954868316650390625e+00
9.589273452758789062e+00
9.524869918823242188e+00
1.025825691223144531e+01
9.324454307556152344e+00
1.045013523101806641e+01
9.907646179199218750e+00
1.009681415557861328e+01
1.026508903503417969e+01
1.009770393371582031e+01
1.037287521362304688e+01
9.939395904541015625e+00
1.021038913726806641e+01
1.031760025024414062e+01
9.713236808776855469e+00
1.047834873199462891e+01
9.839910507202148438e+00
9.915040969848632812e+00
1.038678359985351562e+01
9.810102462768554688e+00
9.615640640258789062e+00
9.513140678405761719e+00
1.037988948822021484e+01
1.015834140777587891e+01
9.770526885986328125e+00
9.725328445434570312e+00
9.659465789794921875e+00
9.874423027038574219e+00
9.758279800415039062e+00
9.953268051147460938e+00
9.972769737243652344e+00
1.005650901794433594e+01
9.702306747436523438e+00
9.741984367370605469e+00
1.044597053527832031e+01
9.704272270202636719e+00
9.729691505432128906e+00
1.000577640533447266e+01
1.004700660705566406e+01
9.807301521301269531e+00
1.003752040863037109e+01
9.767500877380371094e+00
1.004008293151855469e+01
1.015117549896240234e+01
9.885000228881835938e+00
9.800357818603515625e+00
9.802759170532226562e+00
9.792731285095214844e+00
1.043098545074462891e+01
9.789495468139648438e+00
9.950406074523925781e+00
9.588079452514648438e+00
9.706974983215332031e+00
1.038445377349853516e+01
9.902210235595703125e+00
1.050362491607666016e+01
1.026225662231445312e+01
1.009889125823974609e+01
9.897871017456054688e+00
1.013821601867675781e+01
1.005699443817138672e+01
9.853746414184570312e+00
9.853575706481933594e+00
1.029227256774902344e+01
1.021322345733642578e+01
1.037177467346191406e+01
9.651213645935058594e+00
9.688702583312988281e+00
1.020826435089111328e+01
1.052905178070068359e+01
1.044813442230224609e+01
1.032797431945800781e+01
9.769486427307128906e+00
9.805810928344726562e+00
1.000519275665283203e+01
9.849043846130371094e+00
1.044844722747802734e+01
1.000930976867675781e+01
1.052649116516113281e+01
1.000710391998291016e+01
9.685720443725585938e+00
9.925572395324707031e+00
9.604520797729492188e+00
9.805455207824707031e+00
1.004526519775390625e+01
9.963766098022460938e+00
9.844402313232421875e+00
1.061602687835693359e+01
9.838493347167968750e+00
9.880372047424316406e+00
1.036779975891113281e+01
9.715260505676269531e+00
9.836503982543945312e+00
1.036651039123535156e+01
9.549357414245605469e+00
1.053133583068847656e+01
1.004044818878173828e+01
9.879574775695800781e+00
9.630867958068847656e+00
9.879533767700195312e+00
1.036946582794189453e+01
1.041274070739746094e+01
9.839967727661132812e+00
9.715560913085937500e+00
9.674595832824707031e+00
1.036883163452148438e+01
1.024526405334472656e+01
9.712811470031738281e+00
1.044410228729248047e+01
1.024250602722167969e+01
1.044371032714843750e+01
1.040532207489013672e+01
9.915215492248535156e+00
9.546143531799316406e+00
9.710555076599121094e+00
9.666164398193359375e+00
9.794687271118164062e+00
9.713442802429199219e+00
9.710361480712890625e+00
1.028099822998046875e+01
1.040378284454345703e+01
1.024453544616699219e+01
1.052644252777099609e+01
9.548415184020996094e+00
9.828722953796386719e+00
1.007519245147705078e+01
9.788826942443847656e+00
9.824768066406250000e+00
1.052536392211914062e+01
1.015711498260498047e+01
1.056421089172363281e+01
9.745536804199218750e+00
9.786626815795898438e+00
9.829165458679199219e+00
1.040404987335205078e+01
1.056864166259765625e+01
9.669548034667968750e+00
1.028394126892089844e+01
9.874887466430664062e+00
1.019793987274169922e+01
1.016087055206298828e+01
1.028250598907470703e+01
9.789657592773437500e+00
9.707621574401855469e+00
1.048354053497314453e+01
9.663083076477050781e+00
9.787473678588867188e+00
1.007151889801025391e+01
9.660217285156250000e+00
1.031455993652343750e+01
9.907551765441894531e+00
9.825210571289062500e+00
9.744387626647949219e+00
1.052193164825439453e+01
9.950782775878906250e+00
9.749264717102050781e+00
1.032186412811279297e+01
9.708786964416503906e+00
9.626138687133789062e+00
9.793637275695800781e+00
9.955561637878417969e+00
1.007743835449218750e+01
1.015862178802490234e+01
1.031598758697509766e+01
9.664649009704589844e+00
9.460860252380371094e+00
9.908359527587890625e+00
1.064056205749511719e+01
1.035608768463134766e+01
9.663254737854003906e+00
9.822497367858886719e+00
9.699734687805175781e+00
9.984693527221679688e+00
1.031193447113037109e+01
9.744337081909179688e+00
9.826251029968261719e+00
1.055764579772949219e+01
9.748010635375976562e+00
1.035880470275878906e+01
1.015739822387695312e+01
9.954042434692382812e+00
1.031875991821289062e+01
1.031908798217773438e+01
1.027874565124511719e+01
9.946755409240722656e+00
9.784844398498535156e+00
9.622808456420898438e+00
1.048025989532470703e+01
9.700252532958984375e+00
1.031634807586669922e+01
1.014934825897216797e+01
9.819043159484863281e+00
9.784150123596191406e+00
1.031359958648681641e+01
9.824551582336425781e+00
9.910964012145996094e+00
9.990910530090332031e+00
9.827885627746582031e+00
1.023963546752929688e+01
9.837838172912597656e+00
9.796003341674804688e+00
1.003551769256591797e+01
1.052621173858642578e+01
1.057049942016601562e+01
9.961300849914550781e+00
9.836153030395507812e+00
9.752112388610839844e+00
1.040310668945312500e+01
9.830670356750488281e+00
1.040287685394287109e+01
9.827958106994628906e+00
1.031524944305419922e+01
1.003021907806396484e+01
1.043995380401611328e+01
1.031404685974121094e+01
9.662874221801757812e+00
9.953282356262207031e+00
9.706532478332519531e+00
9.706184387207031250e+00
9.829014778137207031e+00
1.031136798858642578e+01
9.753833770751953125e+00
1.007510662078857422e+01
9.961526870727539062e+00
1.040591335296630859e+01
1.012462902069091797e+01
1.052439785003662109e+01
9.886051177978515625e+00
9.646911621093750000e+00
9.848543167114257812e+00
1.024669456481933594e+01
9.687093734741210938e+00
1.008601951599121094e+01
1.008411884307861328e+01
1.008220863342285156e+01
9.602304458618164062e+00
9.680227279663085938e+00
9.717083930969238281e+00
1.047536945343017578e+01
9.593633651733398438e+00
1.051213359832763672e+01
9.672056198120117188e+00
9.751527786254882812e+00
9.831340789794921875e+00
9.909996032714843750e+00
1.011325836181640625e+01
9.836758613586425781e+00
9.836030006408691406e+00
1.047782611846923828e+01
1.020187759399414062e+01
9.846513748168945312e+00
9.929780960083007812e+00
9.970971107482910156e+00
9.973599433898925781e+00
9.934162139892578125e+00
9.975768089294433594e+00
9.975953102111816406e+00
9.697971343994140625e+00
9.737009048461914062e+00
9.857616424560546875e+00
9.655908584594726562e+00
9.772971153259277344e+00
9.610158920288085938e+00
9.927715301513671875e+00
9.965359687805175781e+00
9.841788291931152344e+00
1.048094749450683594e+01
9.679723739624023438e+00
9.917028427124023438e+00
1.019692420959472656e+01
9.756842613220214844e+00
9.915719032287597656e+00
1.047714805603027344e+01
9.917328834533691406e+00
9.923010826110839844e+00
1.016720771789550781e+01
9.533301353454589844e+00
9.855122566223144531e+00
9.976339340209960938e+00
1.025671482086181641e+01
9.979317665100097656e+00
9.861214637756347656e+00
1.010188865661621094e+01
1.018223190307617188e+01
9.943141937255859375e+00
1.034310054779052734e+01
9.943164825439453125e+00
1.042024707794189453e+01
1.025578403472900391e+01
1.041441345214843750e+01
9.973673820495605469e+00
1.056193828582763672e+01
9.666356086730957031e+00
1.000634860992431641e+01
9.848878860473632812e+00
9.846510887145996094e+00
9.848339080810546875e+00
9.736228942871093750e+00
1.039211368560791016e+01
1.047793292999267578e+01
1.027735614776611328e+01
9.778714179992675781e+00
1.028566169738769531e+01
9.786298751831054688e+00
9.868361473083496094e+00
9.784825325012207031e+00
1.029804134368896484e+01
9.637820243835449219e+00
1.026270294189453125e+01
1.042132186889648438e+01
1.042193508148193359e+01
9.641052246093750000e+00
9.903643608093261719e+00
1.018222713470458984e+01
9.707764625549316406e+00
1.049287128448486328e+01
9.860191345214843750e+00
1.016942024230957031e+01
9.740856170654296875e+00
9.740756034851074219e+00
9.924500465393066406e+00
9.922973632812500000e+00
9.768554687500000000e+00
1.015450096130371094e+01
1.015602493286132812e+01
9.919077873229980469e+00
9.956456184387207031e+00
1.039586353302001953e+01
1.032832908630371094e+01
1.047500801086425781e+01
9.935101509094238281e+00
9.852511405944824219e+00
1.079970645904541016e+01
9.631777763366699219e+00
1.010472106933593750e+01
1.010686206817626953e+01
9.802327156066894531e+00
9.718927383422851562e+00
9.872655868530273438e+00
9.725320816040039062e+00
9.720177650451660156e+00
1.041811943054199219e+01
9.865549087524414062e+00
9.864159584045410156e+00
1.025396728515625000e+01
9.932510375976562500e+00
9.929384231567382812e+00
1.032000160217285156e+01
9.847564697265625000e+00
1.046798419952392578e+01
9.843396186828613281e+00
9.856410980224609375e+00
9.874806404113769531e+00
9.780229568481445312e+00
1.039665889739990234e+01
1.047709274291992188e+01
1.055499649047851562e+01
1.032678985595703125e+01
1.034638690948486328e+01
1.027751350402832031e+01
9.809502601623535156e+00
1.001072788238525391e+01
9.889780998229980469e+00
9.810877799987792969e+00
9.891306877136230469e+00
9.701112747192382812e+00
9.959838867187500000e+00
9.931079864501953125e+00
9.730952262878417969e+00
1.031343841552734375e+01
9.770998001098632812e+00
9.684528350830078125e+00
1.026402568817138672e+01
9.950021743774414062e+00
9.680297851562500000e+00
9.755230903625488281e+00
9.868304252624511719e+00
1.048870086669921875e+01
9.883814811706542969e+00
9.634653091430664062e+00
9.979416847229003906e+00
1.055662822723388672e+01
9.726968765258789062e+00
1.040452957153320312e+01
9.879531860351562500e+00
9.955315589904785156e+00
9.618839263916015625e+00
1.019657897949218750e+01
9.901506423950195312e+00
9.818613052368164062e+00
9.821704864501953125e+00
1.021093368530273438e+01
9.824575424194335938e+00
9.980548858642578125e+00
1.000220870971679688e+01
9.751455307006835938e+00
1.027661705017089844e+01
9.897038459777832031e+00
9.815123558044433594e+00
9.747459411621093750e+00
1.026021862030029297e+01
9.732966423034667969e+00
9.798602104187011719e+00
1.048495292663574219e+01
1.047328186035156250e+01
9.945861816406250000e+00
1.018045806884765625e+01
1.040405654907226562e+01
9.715848922729492188e+00
9.872512817382812500e+00
9.870792388916015625e+00
1.049997138977050781e+01
1.049257183074951172e+01
9.810802459716796875e+00
9.817187309265136719e+00
1.012183666229248047e+01
1.029602432250976562e+01
9.693769454956054688e+00
9.680358886718750000e+00
9.645874977111816406e+00
9.605979919433593750e+00
9.723197937011718750e+00
9.683135032653808594e+00
9.991077423095703125e+00
9.799861907958984375e+00
1.028474330902099609e+01
9.670021057128906250e+00
1.011427021026611328e+01
9.998398780822753906e+00
9.733217239379882812e+00
9.885937690734863281e+00
1.019867992401123047e+01
1.033873653411865234e+01
1.031953811645507812e+01
9.712533950805664062e+00
9.901535034179687500e+00
1.041538524627685547e+01
1.049538707733154297e+01
9.753754615783691406e+00
9.898882865905761719e+00
9.919707298278808594e+00
9.906387329101562500e+00
9.666126251220703125e+00
1.053355407714843750e+01
9.799264907836914062e+00
9.880409240722656250e+00
1.004908275604248047e+01
1.032057762145996094e+01
1.016672801971435547e+01
9.794523239135742188e+00
9.784859657287597656e+00
9.974851608276367188e+00
9.785207748413085938e+00
9.920866966247558594e+00
1.060539150238037109e+01
1.044892215728759766e+01
1.036634635925292969e+01
1.012343692779541016e+01
1.026055622100830078e+01
1.013617706298828125e+01
9.832383155822753906e+00
9.908351898193359375e+00
9.761376380920410156e+00
9.825907707214355469e+00
1.042829513549804688e+01
9.925589561462402344e+00
9.785230636596679688e+00
1.037435340881347656e+01
1.053516387939453125e+01
1.025360679626464844e+01
9.682833671569824219e+00
1.032233428955078125e+01
1.048064422607421875e+01
9.766200065612792969e+00
9.782595634460449219e+00
1.033356380462646484e+01
9.968761444091796875e+00
9.535639762878417969e+00
9.686091423034667969e+00
1.040844154357910156e+01
9.704073905944824219e+00
9.936766624450683594e+00
9.860325813293457031e+00
1.030247974395751953e+01
1.022754001617431641e+01
1.029069232940673828e+01
9.828507423400878906e+00
9.901926994323730469e+00
9.753674507141113281e+00
9.695885658264160156e+00
9.926546096801757812e+00
9.815732002258300781e+00
9.986641883850097656e+00
9.649486541748046875e+00
1.037984275817871094e+01
9.777216911315917969e+00
1.031617069244384766e+01
1.054773139953613281e+01
9.759347915649414062e+00
9.583186149597167969e+00
1.025517559051513672e+01
1.055450820922851562e+01
9.976671218872070312e+00
1.060849571228027344e+01
1.042556858062744141e+01
9.827435493469238281e+00
9.985582351684570312e+00
9.956744194030761719e+00
1.003793811798095703e+01
9.758055686950683594e+00
1.032519435882568359e+01
1.038663482666015625e+01
9.733239173889160156e+00
9.878133773803710938e+00
9.948685646057128906e+00
9.801416397094726562e+00
1.028351688385009766e+01
9.815976142883300781e+00
9.792358398437500000e+00
1.008508777618408203e+01
1.003840255737304688e+01
1.050571441650390625e+01
1.021424770355224609e+01
9.940827369689941406e+00
1.052668476104736328e+01
9.842549324035644531e+00
1.029656314849853516e+01
9.775480270385742188e+00
9.837710380554199219e+00
9.703647613525390625e+00
9.767414093017578125e+00
1.049319839477539062e+01
1.007731246948242188e+01
1.023091506958007812e+01
1.035599994659423828e+01
1.027806568145751953e+01
9.770316123962402344e+00
9.698750495910644531e+00
9.826604843139648438e+00
9.827573776245117188e+00
1.039579963684082031e+01
9.972284317016601562e+00
9.811163902282714844e+00
1.051844406127929688e+01
9.839767456054687500e+00
1.051975536346435547e+01
9.749993324279785156e+00
1.053023147583007812e+01
9.836555480957031250e+00
9.907017707824707031e+00
9.778200149536132812e+00
1.010771846771240234e+01
1.057318782806396484e+01
9.916564941406250000e+00
9.807252883911132812e+00
1.012411308288574219e+01
1.032506656646728516e+01
1.001486206054687500e+01
9.738891601562500000e+00
1.057929229736328125e+01
9.690872192382812500e+00
9.844819068908691406e+00
1.001914024353027344e+01
9.825891494750976562e+00
9.806031227111816406e+00
9.770544052124023438e+00
9.840891838073730469e+00
9.767039299011230469e+00
9.981129646301269531e+00
9.926058769226074219e+00
9.986972808837890625e+00
9.759333610534667969e+00
9.800280570983886719e+00
9.867040634155273438e+00
1.033598518371582031e+01
9.864301681518554688e+00
9.796360015869140625e+00
9.710642814636230469e+00
1.008545875549316406e+01
1.044332218170166016e+01
9.748261451721191406e+00
1.037063312530517578e+01
9.768886566162109375e+00
1.001160240173339844e+01
9.906145095825195312e+00
9.677403450012207031e+00
1.044067001342773438e+01
1.015830516815185547e+01
9.780047416687011719e+00
9.696640014648437500e+00
9.730456352233886719e+00
1.034401035308837891e+01
1.039507579803466797e+01
1.001949691772460938e+01
1.000587940216064453e+01
9.810740470886230469e+00
1.003569698333740234e+01
1.024486732482910156e+01
1.039044857025146484e+01
1.031126117706298828e+01
9.816469192504882812e+00
9.899279594421386719e+00
1.035707092285156250e+01
1.028489971160888672e+01
1.009593582153320312e+01
9.771809577941894531e+00
9.886590957641601562e+00
1.012023067474365234e+01
1.045831680297851562e+01
1.047171878814697266e+01
1.013989734649658203e+01
1.031798458099365234e+01
1.019310855865478516e+01
9.711825370788574219e+00
9.797436714172363281e+00
1.024633598327636719e+01
9.685585021972656250e+00
1.052257728576660156e+01
9.913108825683593750e+00
9.831622123718261719e+00
9.791075706481933594e+00
9.839848518371582031e+00
1.015923976898193359e+01
1.047773838043212891e+01
1.048435497283935547e+01
9.789079666137695312e+00
9.811041831970214844e+00
1.038336086273193359e+01
1.030482292175292969e+01
9.755389213562011719e+00
1.048008251190185547e+01
1.018660545349121094e+01
1.012731456756591797e+01
1.013844490051269531e+01
1.043911552429199219e+01
1.003482246398925781e+01
1.003109359741210938e+01
9.763570785522460938e+00
1.003473091125488281e+01
9.895011901855468750e+00
9.820799827575683594e+00
9.953877449035644531e+00
1.022117900848388672e+01
9.763741493225097656e+00
9.804433822631835938e+00
1.028103351593017578e+01
1.049428749084472656e+01
9.918127059936523438e+00
9.981888771057128906e+00
1.028850173950195312e+01
9.796234130859375000e+00
1.027131271362304688e+01
1.010929298400878906e+01
9.721495628356933594e+00
9.990488052368164062e+00
9.949342727661132812e+00
9.587695121765136719e+00
9.856494903564453125e+00
9.725689888000488281e+00
1.007257652282714844e+01
9.884031295776367188e+00
9.628688812255859375e+00
9.812612533569335938e+00
9.956780433654785156e+00
1.007640933990478516e+01
1.008267402648925781e+01
1.023180198669433594e+01
9.708276748657226562e+00
9.737077713012695312e+00
1.045631122589111328e+01
9.873616218566894531e+00
9.860671043395996094e+00
1.043312835693359375e+01
9.784126281738281250e+00
1.043908596038818359e+01
9.550213813781738281e+00
9.850708007812500000e+00
1.004137611389160156e+01
1.028713607788085938e+01
1.029966640472412109e+01
9.687384605407714844e+00
9.770326614379882812e+00
9.654405593872070312e+00
1.057536697387695312e+01
1.024431324005126953e+01
1.004457950592041016e+01
1.050404071807861328e+01
9.740218162536621094e+00
9.878620147705078125e+00
9.640636444091796875e+00
9.777426719665527344e+00
9.534144401550292969e+00
1.037609004974365234e+01
9.624480247497558594e+00
1.025079441070556641e+01
9.865369796752929688e+00
9.931721687316894531e+00
