6.875000596046447754e-01
1.250000089406967163e+00
1.729166805744171143e+00
2.265625163912773132e+00
2.850000226497650058e+00
3.395833601554234971e+00
3.955357440880366671e+00
4.492187879979610443e+00
4.993055999279022217e+00
5.443750494718551991e+00
5.812500536441802979e+00
6.140625571211178801e+00
6.408654446785266856e+00
6.656250625848770142e+00
6.862500647703806855e+00
7.050781916826963425e+00
7.213235977817983979e+00
7.364584032032224670e+00
7.493421764750229919e+00
7.612500724196434199e+00
7.714286449409666346e+00
7.812500745058059692e+00
7.899457275867462158e+00
7.984375762442748048e+00
8.055000770092011209e+00
8.125000777152868281e+00
8.185185968875885010e+00
8.245536504047256798e+00
8.297414588517156631e+00
8.350000800689061364e+00
8.395162095946650638e+00
8.441407060250639915e+00
8.481061420657418637e+00
8.523897877510856702e+00
8.560715108258383665e+00
8.595486937297714292e+00
8.631757586388975056e+00
8.666119253949114309e+00
8.695513656506172140e+00
8.723438338935375569e+00
8.750000841733886148e+00
8.778274653922943926e+00
8.805233405079953002e+00
8.829546303911643079e+00
8.852778629461925064e+00
8.873642158249150924e+00
8.894947664534791798e+00
8.916667524725198746e+00
8.937500860009874870e+00
8.955000861883164021e+00
8.971814589173186860e+00
8.989183557721284856e+00
9.005897093493983263e+00
9.021991609423249514e+00
9.036364506591450407e+00
9.049108014575072190e+00
9.063597364383831234e+00
9.076509495233667124e+00
9.090043248766559003e+00
9.102084210515021923e+00
9.113730386632386882e+00
9.123992815133064482e+00
9.135913579236893511e+00
9.148438381962478161e+00
9.160577806142660151e+00
9.170455429590109730e+00
9.180038198606291999e+00
9.190258239121998685e+00
9.201087843680728184e+00
9.210715173823492918e+00
9.219191029877729093e+00
9.227431445486015349e+00
9.237158425050239430e+00
9.248311702464077300e+00
9.257500892480214461e+00
9.266448261706452527e+00
9.274351543420321420e+00
9.281250894833833698e+00
9.288766718363460129e+00
9.296875896304845455e+00
9.411719657480716705e+00
9.512500917911529186e+00
9.602344676852226257e+00
9.676563435792923329e+00
9.736719691753387806e+00
9.784375947713851218e+00
9.816407203674316406e+00
9.835938453674316406e+00
9.845313453674316762e+00
9.850782203674317117e+00
9.857032203674316762e+00
9.859375953674316406e+00
9.862500953674317117e+00
9.862500953674317117e+00
9.863282203674316406e+00
9.863282203674316406e+00
9.864844703674316762e+00
9.863282203674316406e+00
9.863282203674316406e+00
9.862500953674317117e+00
9.864844703674316762e+00
9.864844703674316762e+00
9.864844703674316762e+00
9.862500953674317117e+00
9.864063453674315696e+00
9.864844703674316762e+00
9.866407203674317117e+00
9.866407203674317117e+00
9.868750953674316762e+00
9.870313453674317117e+00
9.872657203674316762e+00
9.871875953674315696e+00
9.874219703674317117e+00
9.874219703674317117e+00
9.875782203674315696e+00
9.876563453674316762e+00
9.876563453674316762e+00
9.877344703674316051e+00
9.878125953674317117e+00
9.878125953674317117e+00
9.880469703674316762e+00
9.880469703674316762e+00
9.879688453674315696e+00
9.880469703674316762e+00
9.882032203674317117e+00
9.884375953674316762e+00
9.883594703674315696e+00
9.882813453674316406e+00
9.882032203674317117e+00
9.883594703674315696e+00
9.883594703674315696e+00
9.882813453674316406e+00
9.882813453674316406e+00
9.882813453674316406e+00
9.883594703674315696e+00
9.884375953674316762e+00
9.884375953674316762e+00
9.885938453674317117e+00
9.886719703674316406e+00
9.887500953674315696e+00
9.889063453674316051e+00
9.892188453674316762e+00
9.893750953674317117e+00
9.893750953674317117e+00
9.892969703674316051e+00
9.896094703674316762e+00
9.897657203674317117e+00
9.897657203674317117e+00
9.897657203674317117e+00
9.898438453674316406e+00
9.900782203674316051e+00
9.901563453674317117e+00
9.901563453674317117e+00
9.900000953674316762e+00
9.900000953674316762e+00
9.900000953674316762e+00
9.900000953674316762e+00
9.901563453674317117e+00
9.901563453674317117e+00
9.900782203674316051e+00
9.900782203674316051e+00
9.901563453674317117e+00
9.901563453674317117e+00
9.902344703674316406e+00
9.900782203674316051e+00
9.900782203674316051e+00
9.901563453674317117e+00
9.900782203674316051e+00
9.902344703674316406e+00
9.903125953674315696e+00
9.902344703674316406e+00
9.902344703674316406e+00
9.902344703674316406e+00
9.904688453674316051e+00
9.906250953674316406e+00
9.906250953674316406e+00
9.905469703674317117e+00
9.906250953674316406e+00
9.909375953674317117e+00
9.911719703674316762e+00
9.911719703674316762e+00
9.913282203674317117e+00
9.914844703674315696e+00
9.916407203674316051e+00
9.917188453674317117e+00
9.918750953674315696e+00
9.920313453674316051e+00
9.920313453674316051e+00
9.919532203674316762e+00
9.918750953674315696e+00
9.918750953674315696e+00
9.919532203674316762e+00
9.917969703674316406e+00
9.917969703674316406e+00
9.918750953674315696e+00
9.918750953674315696e+00
9.917188453674317117e+00
9.917969703674316406e+00
9.919532203674316762e+00
9.920313453674316051e+00
9.919532203674316762e+00
9.920313453674316051e+00
9.921094703674317117e+00
9.920313453674316051e+00
9.919532203674316762e+00
9.920313453674316051e+00
9.922657203674315696e+00
9.923438453674316762e+00
9.923438453674316762e+00
9.925000953674317117e+00
9.927344703674316762e+00
9.928125953674316051e+00
9.928125953674316051e+00
9.928125953674316051e+00
9.929688453674316406e+00
9.931250953674316762e+00
9.931250953674316762e+00
9.932032203674316051e+00
9.933594703674316406e+00
9.934375953674315696e+00
9.934375953674315696e+00
9.935157203674316762e+00
9.934375953674315696e+00
9.934375953674315696e+00
9.935157203674316762e+00
9.934375953674315696e+00
9.933594703674316406e+00
9.933594703674316406e+00
9.933594703674316406e+00
9.933594703674316406e+00
9.932813453674317117e+00
9.932813453674317117e+00
9.932032203674316051e+00
9.933594703674316406e+00
9.933594703674316406e+00
9.932813453674317117e+00
9.934375953674315696e+00
9.935157203674316762e+00
9.935938453674316051e+00
9.936719703674317117e+00
9.939063453674316762e+00
9.939063453674316762e+00
9.939844703674316051e+00
9.941407203674316406e+00
9.942969703674316762e+00
9.942188453674315696e+00
9.943750953674316051e+00
9.947657203674316051e+00
9.948438453674317117e+00
9.948438453674317117e+00
9.950000953674315696e+00
9.949219703674316406e+00
9.949219703674316406e+00
9.949219703674316406e+00
9.948438453674317117e+00
9.948438453674317117e+00
9.948438453674317117e+00
9.948438453674317117e+00
9.945313453674316406e+00
9.944532203674317117e+00
9.945313453674316406e+00
9.943750953674316051e+00
9.944532203674317117e+00
9.947657203674316051e+00
9.949219703674316406e+00
9.947657203674316051e+00
9.946875953674316762e+00
9.948438453674317117e+00
9.949219703674316406e+00
9.948438453674317117e+00
9.949219703674316406e+00
9.951563453674316051e+00
9.953125953674316406e+00
9.953907203674315696e+00
9.954688453674316762e+00
9.956250953674317117e+00
9.957032203674316406e+00
9.957032203674316406e+00
9.957032203674316406e+00
9.957032203674316406e+00
9.957032203674316406e+00
9.957032203674316406e+00
9.957813453674315696e+00
9.957813453674315696e+00
9.957032203674316406e+00
9.957032203674316406e+00
9.956250953674317117e+00
9.954688453674316762e+00
9.955469703674316051e+00
9.954688453674316762e+00
9.953125953674316406e+00
9.953907203674315696e+00
9.956250953674317117e+00
9.958594703674316762e+00
9.957813453674315696e+00
9.957813453674315696e+00
9.960157203674317117e+00
9.959375953674316051e+00
9.957032203674316406e+00
9.957813453674315696e+00
9.959375953674316051e+00
9.957813453674315696e+00
9.958594703674316762e+00
9.960157203674317117e+00
9.960938453674316406e+00
9.960938453674316406e+00
9.960938453674316406e+00
9.962500953674316762e+00
9.964063453674317117e+00
9.964063453674317117e+00
9.964063453674317117e+00
9.965625953674315696e+00
9.967188453674316051e+00
9.964844703674316406e+00
9.964063453674317117e+00
9.965625953674315696e+00
9.964844703674316406e+00
9.964063453674317117e+00
9.964063453674317117e+00
9.964844703674316406e+00
9.963282203674316051e+00
9.961719703674315696e+00
9.962500953674316762e+00
9.962500953674316762e+00
9.962500953674316762e+00
9.963282203674316051e+00
9.963282203674316051e+00
9.962500953674316762e+00
9.962500953674316762e+00
9.962500953674316762e+00
9.961719703674315696e+00
9.963282203674316051e+00
9.964063453674317117e+00
9.964063453674317117e+00
9.964844703674316406e+00
9.966407203674316762e+00
9.968750953674316406e+00
9.970313453674316762e+00
9.971094703674316051e+00
9.971094703674316051e+00
9.971094703674316051e+00
9.971094703674316051e+00
9.971094703674316051e+00
9.970313453674316762e+00
9.967969703674317117e+00
9.967188453674316051e+00
9.967969703674317117e+00
9.967969703674317117e+00
9.967969703674317117e+00
9.968750953674316406e+00
9.969532203674315696e+00
9.967969703674317117e+00
9.967969703674317117e+00
9.968750953674316406e+00
9.969532203674315696e+00
9.968750953674316406e+00
9.969532203674315696e+00
9.969532203674315696e+00
9.969532203674315696e+00
9.970313453674316762e+00
9.970313453674316762e+00
9.971094703674316051e+00
9.971094703674316051e+00
9.971094703674316051e+00
9.972657203674316406e+00
9.973438453674315696e+00
9.974219703674316762e+00
9.975782203674317117e+00
9.975782203674317117e+00
9.976563453674316406e+00
9.976563453674316406e+00
9.975782203674317117e+00
9.975000953674316051e+00
9.974219703674316762e+00
9.973438453674315696e+00
9.973438453674315696e+00
9.972657203674316406e+00
9.972657203674316406e+00
9.972657203674316406e+00
9.974219703674316762e+00
9.973438453674315696e+00
9.972657203674316406e+00
9.973438453674315696e+00
9.974219703674316762e+00
9.973438453674315696e+00
9.972657203674316406e+00
9.975000953674316051e+00
9.975782203674317117e+00
9.975000953674316051e+00
9.975782203674317117e+00
9.978125953674316762e+00
9.978125953674316762e+00
9.978125953674316762e+00
9.980469703674316406e+00
9.982032203674316762e+00
9.982032203674316762e+00
9.982813453674316051e+00
9.982813453674316051e+00
9.982032203674316762e+00
9.982813453674316051e+00
9.982032203674316762e+00
9.983594703674317117e+00
9.983594703674317117e+00
9.982032203674316762e+00
9.982032203674316762e+00
9.982813453674316051e+00
9.982032203674316762e+00
9.982813453674316051e+00
9.983594703674317117e+00
9.983594703674317117e+00
9.984375953674316406e+00
9.982813453674316051e+00
9.984375953674316406e+00
9.983594703674317117e+00
9.983594703674317117e+00
9.983594703674317117e+00
9.983594703674317117e+00
9.982032203674316762e+00
9.984375953674316406e+00
9.985157203674315696e+00
9.983594703674317117e+00
9.984375953674316406e+00
9.984375953674316406e+00
9.982032203674316762e+00
9.983594703674317117e+00
9.985938453674316762e+00
9.984375953674316406e+00
9.985157203674315696e+00
9.986719703674316051e+00
9.987500953674317117e+00
9.986719703674316051e+00
9.988282203674316406e+00
9.989844703674316762e+00
9.989063453674315696e+00
9.989063453674315696e+00
9.989844703674316762e+00
9.990625953674316051e+00
9.990625953674316051e+00
9.989844703674316762e+00
9.990625953674316051e+00
9.992188453674316406e+00
9.990625953674316051e+00
9.989844703674316762e+00
9.992188453674316406e+00
9.991407203674317117e+00
9.989063453674315696e+00
9.989063453674315696e+00
9.989063453674315696e+00
9.989063453674315696e+00
9.989063453674315696e+00
9.989844703674316762e+00
9.990625953674316051e+00
9.990625953674316051e+00
9.989844703674316762e+00
9.992188453674316406e+00
9.993750953674316762e+00
9.993750953674316762e+00
9.995313453674317117e+00
9.997657203674316762e+00
9.995313453674317117e+00
9.996875953674315696e+00
9.999219703674317117e+00
9.997657203674316762e+00
9.996094703674316406e+00
9.996875953674315696e+00
9.997657203674316762e+00
9.997657203674316762e+00
9.996094703674316406e+00
9.995313453674317117e+00
9.995313453674317117e+00
9.992188453674316406e+00
9.992188453674316406e+00
9.991407203674317117e+00
9.989844703674316762e+00
9.990625953674316051e+00
9.991407203674317117e+00
9.990625953674316051e+00
9.992188453674316406e+00
9.994532203674316051e+00
9.992188453674316406e+00
9.994532203674316051e+00
9.995313453674317117e+00
9.995313453674317117e+00
9.997657203674316762e+00
9.997657203674316762e+00
9.996875953674315696e+00
9.998438453674316051e+00
9.997657203674316762e+00
9.997657203674316762e+00
9.998438453674316051e+00
9.996875953674315696e+00
9.997657203674316762e+00
9.996094703674316406e+00
9.994532203674316051e+00
9.996094703674316406e+00
9.995313453674317117e+00
9.993750953674316762e+00
9.996875953674315696e+00
9.996094703674316406e+00
9.995313453674317117e+00
9.998438453674316051e+00
9.999219703674317117e+00
9.998438453674316051e+00
1.000156345367431676e+01
1.000156345367431676e+01
1.000078220367431570e+01
1.000312595367431712e+01
1.000234470367431605e+01
1.000234470367431605e+01
1.000312595367431712e+01
1.000234470367431605e+01
1.000234470367431605e+01
1.000156345367431676e+01
1.000000095367431641e+01
9.997657203674316762e+00
9.997657203674316762e+00
9.996094703674316406e+00
9.996094703674316406e+00
9.996094703674316406e+00
9.996875953674315696e+00
9.996875953674315696e+00
9.996875953674315696e+00
9.996875953674315696e+00
9.996875953674315696e+00
9.996875953674315696e+00
9.996875953674315696e+00
9.998438453674316051e+00
9.999219703674317117e+00
9.999219703674317117e+00
9.998438453674316051e+00
1.000000095367431641e+01
1.000156345367431676e+01
1.000234470367431605e+01
1.000312595367431712e+01
1.000156345367431676e+01
1.000078220367431570e+01
1.000078220367431570e+01
9.998438453674316051e+00
9.996875953674315696e+00
9.997657203674316762e+00
9.994532203674316051e+00
9.993750953674316762e+00
9.993750953674316762e+00
9.992969703674315696e+00
9.994532203674316051e+00
9.994532203674316051e+00
9.992969703674315696e+00
9.994532203674316051e+00
9.995313453674317117e+00
9.995313453674317117e+00
9.997657203674316762e+00
9.996875953674315696e+00
9.998438453674316051e+00
1.000000095367431641e+01
9.998438453674316051e+00
9.998438453674316051e+00
1.000000095367431641e+01
9.997657203674316762e+00
9.997657203674316762e+00
9.999219703674317117e+00
9.996875953674315696e+00
9.997657203674316762e+00
9.996094703674316406e+00
9.994532203674316051e+00
9.995313453674317117e+00
9.995313453674317117e+00
9.993750953674316762e+00
9.995313453674317117e+00
9.995313453674317117e+00
9.993750953674316762e+00
9.995313453674317117e+00
9.996875953674315696e+00
9.997657203674316762e+00
9.999219703674317117e+00
9.999219703674317117e+00
1.000000095367431641e+01
1.000078220367431570e+01
1.000078220367431570e+01
1.000078220367431570e+01
1.000156345367431676e+01
1.000156345367431676e+01
1.000156345367431676e+01
1.000156345367431676e+01
1.000000095367431641e+01
9.998438453674316051e+00
9.997657203674316762e+00
9.996875953674315696e+00
9.995313453674317117e+00
9.995313453674317117e+00
9.995313453674317117e+00
9.995313453674317117e+00
9.994532203674316051e+00
9.995313453674317117e+00
9.996875953674315696e+00
9.997657203674316762e+00
9.998438453674316051e+00
1.000000095367431641e+01
9.999219703674317117e+00
1.000156345367431676e+01
1.000078220367431570e+01
9.999219703674317117e+00
1.000234470367431605e+01
1.000312595367431712e+01
1.000156345367431676e+01
1.000468845367431570e+01
1.000546970367431676e+01
1.000312595367431712e+01
1.000312595367431712e+01
1.000312595367431712e+01
1.000234470367431605e+01
1.000234470367431605e+01
1.000078220367431570e+01
9.998438453674316051e+00
9.999219703674317117e+00
1.000000095367431641e+01
9.999219703674317117e+00
1.000000095367431641e+01
1.000156345367431676e+01
1.000234470367431605e+01
1.000390720367431641e+01
1.000546970367431676e+01
1.000546970367431676e+01
1.000546970367431676e+01
1.000625095367431605e+01
1.000546970367431676e+01
1.000468845367431570e+01
1.000546970367431676e+01
1.000468845367431570e+01
1.000390720367431641e+01
1.000390720367431641e+01
1.000312595367431712e+01
1.000312595367431712e+01
1.000156345367431676e+01
1.000156345367431676e+01
1.000078220367431570e+01
9.999219703674317117e+00
9.998438453674316051e+00
1.000000095367431641e+01
9.999219703674317117e+00
1.000000095367431641e+01
1.000078220367431570e+01
1.000234470367431605e+01
1.000390720367431641e+01
1.000468845367431570e+01
1.000390720367431641e+01
1.000390720367431641e+01
1.000468845367431570e+01
1.000312595367431712e+01
1.000312595367431712e+01
1.000468845367431570e+01
1.000312595367431712e+01
1.000156345367431676e+01
1.000156345367431676e+01
1.000078220367431570e+01
9.999219703674317117e+00
1.000000095367431641e+01
9.999219703674317117e+00
9.996094703674316406e+00
9.996875953674315696e+00
9.996875953674315696e+00
9.994532203674316051e+00
9.995313453674317117e+00
9.996094703674316406e+00
9.996094703674316406e+00
9.997657203674316762e+00
9.998438453674316051e+00
9.998438453674316051e+00
1.000078220367431570e+01
9.998438453674316051e+00
9.998438453674316051e+00
1.000000095367431641e+01
1.000000095367431641e+01
9.999219703674317117e+00
1.000000095367431641e+01
9.999219703674317117e+00
9.998438453674316051e+00
9.998438453674316051e+00
9.996875953674315696e+00
9.996094703674316406e+00
9.994532203674316051e+00
9.994532203674316051e+00
9.992969703674315696e+00
9.992188453674316406e+00
9.992969703674315696e+00
9.992188453674316406e+00
9.992188453674316406e+00
9.993750953674316762e+00
9.994532203674316051e+00
9.994532203674316051e+00
9.994532203674316051e+00
9.995313453674317117e+00
9.995313453674317117e+00
9.996875953674315696e+00
9.996875953674315696e+00
9.996875953674315696e+00
9.997657203674316762e+00
9.996875953674315696e+00
9.996094703674316406e+00
9.996094703674316406e+00
9.994532203674316051e+00
9.992969703674315696e+00
9.992969703674315696e+00
9.992969703674315696e+00
9.991407203674317117e+00
9.991407203674317117e+00
9.992188453674316406e+00
9.991407203674317117e+00
9.992188453674316406e+00
9.992188453674316406e+00
9.992188453674316406e+00
9.993750953674316762e+00
9.993750953674316762e+00
9.994532203674316051e+00
9.995313453674317117e+00
9.996094703674316406e+00
9.997657203674316762e+00
9.998438453674316051e+00
9.997657203674316762e+00
9.998438453674316051e+00
9.997657203674316762e+00
9.996875953674315696e+00
9.995313453674317117e+00
9.994532203674316051e+00
9.993750953674316762e+00
9.994532203674316051e+00
9.994532203674316051e+00
9.992969703674315696e+00
9.993750953674316762e+00
9.993750953674316762e+00
9.993750953674316762e+00
9.994532203674316051e+00
9.995313453674317117e+00
9.996094703674316406e+00
9.996875953674315696e+00
9.996875953674315696e+00
9.996875953674315696e+00
9.997657203674316762e+00
9.998438453674316051e+00
9.998438453674316051e+00
9.997657203674316762e+00
9.998438453674316051e+00
9.998438453674316051e+00
9.997657203674316762e+00
9.997657203674316762e+00
9.998438453674316051e+00
9.997657203674316762e+00
9.997657203674316762e+00
9.996875953674315696e+00
9.996875953674315696e+00
9.996875953674315696e+00
9.995313453674317117e+00
9.994532203674316051e+00
9.995313453674317117e+00
9.992969703674315696e+00
9.992969703674315696e+00
9.993750953674316762e+00
9.992969703674315696e+00
9.991407203674317117e+00
9.990625953674316051e+00
9.991407203674317117e+00
9.991407203674317117e+00
9.991407203674317117e+00
9.992188453674316406e+00
9.992969703674315696e+00
9.992188453674316406e+00
9.992188453674316406e+00
9.992188453674316406e+00
9.991407203674317117e+00
9.991407203674317117e+00
9.992188453674316406e+00
9.990625953674316051e+00
9.989844703674316762e+00
9.989844703674316762e+00
9.988282203674316406e+00
9.987500953674317117e+00
9.989063453674315696e+00
9.988282203674316406e+00
9.989063453674315696e+00
9.989844703674316762e+00
9.989844703674316762e+00
9.990625953674316051e+00
9.992188453674316406e+00
9.992969703674315696e+00
9.993750953674316762e+00
9.994532203674316051e+00
9.994532203674316051e+00
9.995313453674317117e+00
9.996875953674315696e+00
9.996875953674315696e+00
9.996094703674316406e+00
9.994532203674316051e+00
9.994532203674316051e+00
9.994532203674316051e+00
9.992969703674315696e+00
9.992188453674316406e+00
9.992188453674316406e+00
9.990625953674316051e+00
9.991407203674317117e+00
9.992969703674315696e+00
9.993750953674316762e+00
9.994532203674316051e+00
9.996094703674316406e+00
9.997657203674316762e+00
9.997657203674316762e+00
9.998438453674316051e+00
9.999219703674317117e+00
9.999219703674317117e+00
1.000078220367431570e+01
1.000078220367431570e+01
1.000000095367431641e+01
1.000078220367431570e+01
1.000156345367431676e+01
9.999219703674317117e+00
1.000000095367431641e+01
1.000078220367431570e+01
9.999219703674317117e+00
9.998438453674316051e+00
1.000000095367431641e+01
9.998438453674316051e+00
9.999219703674317117e+00
9.999219703674317117e+00
9.998438453674316051e+00
1.000000095367431641e+01
1.000000095367431641e+01
9.998438453674316051e+00
1.000078220367431570e+01
1.000078220367431570e+01
1.000078220367431570e+01
1.000312595367431712e+01
1.000234470367431605e+01
1.000312595367431712e+01
1.000468845367431570e+01
1.000390720367431641e+01
1.000546970367431676e+01
1.000703220367431712e+01
1.000625095367431605e+01
1.000703220367431712e+01
1.001093845367431712e+01
1.000937595367431676e+01
1.000937595367431676e+01
1.000937595367431676e+01
1.000781345367431641e+01
1.000781345367431641e+01
1.000625095367431605e+01
1.000390720367431641e+01
1.000468845367431570e+01
1.000468845367431570e+01
1.000390720367431641e+01
1.000546970367431676e+01
1.000625095367431605e+01
1.000546970367431676e+01
1.000781345367431641e+01
1.000703220367431712e+01
1.000781345367431641e+01
1.001015720367431605e+01
1.000781345367431641e+01
1.000859470367431570e+01
1.001015720367431605e+01
1.000937595367431676e+01
1.000859470367431570e+01
1.001015720367431605e+01
1.000781345367431641e+01
1.000781345367431641e+01
1.000859470367431570e+01
1.000546970367431676e+01
1.000546970367431676e+01
1.000468845367431570e+01
1.000156345367431676e+01
1.000312595367431712e+01
1.000390720367431641e+01
1.000390720367431641e+01
1.000468845367431570e+01
1.000390720367431641e+01
1.000312595367431712e+01
1.000468845367431570e+01
1.000312595367431712e+01
1.000390720367431641e+01
1.000468845367431570e+01
1.000156345367431676e+01
1.000078220367431570e+01
1.000234470367431605e+01
9.998438453674316051e+00
9.998438453674316051e+00
9.998438453674316051e+00
9.996094703674316406e+00
9.996094703674316406e+00
9.995313453674317117e+00
9.992188453674316406e+00
9.991407203674317117e+00
9.989844703674316762e+00
9.989063453674315696e+00
9.989063453674315696e+00
9.989063453674315696e+00
9.989063453674315696e+00
9.989063453674315696e+00
9.989063453674315696e+00
9.989844703674316762e+00
9.988282203674316406e+00
9.987500953674317117e+00
9.987500953674317117e+00
9.988282203674316406e+00
9.988282203674316406e+00
9.987500953674317117e+00
9.988282203674316406e+00
9.988282203674316406e+00
9.986719703674316051e+00
9.986719703674316051e+00
9.986719703674316051e+00
9.985157203674315696e+00
9.985157203674315696e+00
9.983594703674317117e+00
9.981250953674315696e+00
9.981250953674315696e+00
9.980469703674316406e+00
9.978907203674316051e+00
9.979688453674317117e+00
9.979688453674317117e+00
9.978907203674316051e+00
9.981250953674315696e+00
9.982032203674316762e+00
9.982813453674316051e+00
9.983594703674317117e+00
9.983594703674317117e+00
9.985157203674315696e+00
9.987500953674317117e+00
9.986719703674316051e+00
9.985938453674316762e+00
9.988282203674316406e+00
9.986719703674316051e+00
9.985157203674315696e+00
9.986719703674316051e+00
9.984375953674316406e+00
9.983594703674317117e+00
9.983594703674317117e+00
9.981250953674315696e+00
9.982032203674316762e+00
9.982813453674316051e+00
9.980469703674316406e+00
9.981250953674315696e+00
9.982032203674316762e+00
9.981250953674315696e+00
9.982813453674316051e+00
9.982813453674316051e+00
9.982032203674316762e+00
9.984375953674316406e+00
9.983594703674317117e+00
9.984375953674316406e+00
9.985938453674316762e+00
9.985157203674315696e+00
9.985938453674316762e+00
9.986719703674316051e+00
9.986719703674316051e+00
9.986719703674316051e+00
9.988282203674316406e+00
9.987500953674317117e+00
9.986719703674316051e+00
9.987500953674317117e+00
9.985938453674316762e+00
9.985938453674316762e+00
9.985938453674316762e+00
9.983594703674317117e+00
9.985938453674316762e+00
9.985157203674315696e+00
9.985938453674316762e+00
9.988282203674316406e+00
9.987500953674317117e+00
9.988282203674316406e+00
9.989844703674316762e+00
9.990625953674316051e+00
9.992188453674316406e+00
9.992969703674315696e+00
9.991407203674317117e+00
9.992969703674315696e+00
9.992969703674315696e+00
9.990625953674316051e+00
9.990625953674316051e+00
9.989844703674316762e+00
9.988282203674316406e+00
9.990625953674316051e+00
9.987500953674317117e+00
9.984375953674316406e+00
9.985157203674315696e+00
9.984375953674316406e+00
9.982813453674316051e+00
9.984375953674316406e+00
9.983594703674317117e+00
9.982813453674316051e+00
9.982032203674316762e+00
9.980469703674316406e+00
9.980469703674316406e+00
9.980469703674316406e+00
9.981250953674315696e+00
9.982032203674316762e+00
9.982032203674316762e+00
9.982032203674316762e+00
9.981250953674315696e+00
9.980469703674316406e+00
9.979688453674317117e+00
9.978907203674316051e+00
9.977344703674315696e+00
9.976563453674316406e+00
9.976563453674316406e+00
9.974219703674316762e+00
9.972657203674316406e+00
9.971094703674316051e+00
9.968750953674316406e+00
9.967188453674316051e+00
9.964844703674316406e+00
9.963282203674316051e+00
9.963282203674316051e+00
9.963282203674316051e+00
9.964063453674317117e+00
9.965625953674315696e+00
9.966407203674316762e+00
9.966407203674316762e+00
9.965625953674315696e+00
9.965625953674315696e+00
9.966407203674316762e+00
9.965625953674315696e+00
9.966407203674316762e+00
9.965625953674315696e+00
9.965625953674315696e+00
9.965625953674315696e+00
9.964844703674316406e+00
9.964063453674317117e+00
9.964844703674316406e+00
9.963282203674316051e+00
9.962500953674316762e+00
9.960938453674316406e+00
9.957813453674315696e+00
9.957032203674316406e+00
9.957813453674315696e+00
9.957813453674315696e+00
9.957032203674316406e+00
9.959375953674316051e+00
9.960157203674317117e+00
9.959375953674316051e+00
9.961719703674315696e+00
9.962500953674316762e+00
9.964063453674317117e+00
9.965625953674315696e+00
9.964844703674316406e+00
9.966407203674316762e+00
9.966407203674316762e+00
9.963282203674316051e+00
9.964844703674316406e+00
9.964844703674316406e+00
9.964063453674317117e+00
9.964063453674317117e+00
9.963282203674316051e+00
9.961719703674315696e+00
9.963282203674316051e+00
9.962500953674316762e+00
9.961719703674315696e+00
9.964844703674316406e+00
9.964844703674316406e+00
9.965625953674315696e+00
9.968750953674316406e+00
9.967188453674316051e+00
9.970313453674316762e+00
9.974219703674316762e+00
9.973438453674315696e+00
9.974219703674316762e+00
9.975782203674317117e+00
9.975000953674316051e+00
9.975782203674317117e+00
9.978125953674316762e+00
9.978125953674316762e+00
9.979688453674317117e+00
9.980469703674316406e+00
9.981250953674315696e+00
9.981250953674315696e+00
9.981250953674315696e+00
9.982032203674316762e+00
9.981250953674315696e+00
9.981250953674315696e+00
9.981250953674315696e+00
9.982032203674316762e+00
9.982032203674316762e+00
9.982032203674316762e+00
9.985157203674315696e+00
9.985938453674316762e+00
9.987500953674317117e+00
9.988282203674316406e+00
9.989063453674315696e+00
9.990625953674316051e+00
9.992188453674316406e+00
9.992188453674316406e+00
9.994532203674316051e+00
9.996875953674315696e+00
9.995313453674317117e+00
9.995313453674317117e+00
9.995313453674317117e+00
9.993750953674316762e+00
9.993750953674316762e+00
9.994532203674316051e+00
9.992188453674316406e+00
9.992188453674316406e+00
9.992969703674315696e+00
9.991407203674317117e+00
9.992969703674315696e+00
9.992188453674316406e+00
9.991407203674317117e+00
9.993750953674316762e+00
9.993750953674316762e+00
9.992969703674315696e+00
9.995313453674317117e+00
9.996094703674316406e+00
9.996875953674315696e+00
1.000000095367431641e+01
1.000000095367431641e+01
9.998438453674316051e+00
1.000000095367431641e+01
9.999219703674317117e+00
9.996875953674315696e+00
9.997657203674316762e+00
9.996094703674316406e+00
9.993750953674316762e+00
9.994532203674316051e+00
9.992188453674316406e+00
9.989844703674316762e+00
9.990625953674316051e+00
9.989063453674315696e+00
9.989063453674315696e+00
9.990625953674316051e+00
9.989844703674316762e+00
9.989844703674316762e+00
9.990625953674316051e+00
9.989844703674316762e+00
9.992188453674316406e+00
9.992188453674316406e+00
9.990625953674316051e+00
9.992188453674316406e+00
9.991407203674317117e+00
9.990625953674316051e+00
9.992188453674316406e+00
9.991407203674317117e+00
9.989844703674316762e+00
9.990625953674316051e+00
9.989844703674316762e+00
9.987500953674317117e+00
9.987500953674317117e+00
9.985938453674316762e+00
9.985157203674315696e+00
9.985157203674315696e+00
9.984375953674316406e+00
9.982813453674316051e+00
9.983594703674317117e+00
9.983594703674317117e+00
9.983594703674317117e+00
9.984375953674316406e+00
9.985157203674315696e+00
9.984375953674316406e+00
9.984375953674316406e+00
9.985157203674315696e+00
9.986719703674316051e+00
9.986719703674316051e+00
9.985938453674316762e+00
9.987500953674317117e+00
9.988282203674316406e+00
9.984375953674316406e+00
9.984375953674316406e+00
9.983594703674317117e+00
9.982813453674316051e+00
9.982813453674316051e+00
9.982813453674316051e+00
9.982813453674316051e+00
9.982813453674316051e+00
9.980469703674316406e+00
9.979688453674317117e+00
9.980469703674316406e+00
9.980469703674316406e+00
9.980469703674316406e+00
9.980469703674316406e+00
9.980469703674316406e+00
9.979688453674317117e+00
9.979688453674317117e+00
9.978907203674316051e+00
9.978907203674316051e+00
9.978907203674316051e+00
9.978125953674316762e+00
9.978125953674316762e+00
9.977344703674315696e+00
9.977344703674315696e+00
9.976563453674316406e+00
9.975782203674317117e+00
9.975000953674316051e+00
9.973438453674315696e+00
9.971875953674317117e+00
9.972657203674316406e+00
9.971875953674317117e+00
9.970313453674316762e+00
9.970313453674316762e+00
9.970313453674316762e+00
9.969532203674315696e+00
9.970313453674316762e+00
9.971094703674316051e+00
9.971094703674316051e+00
9.971094703674316051e+00
9.970313453674316762e+00
9.971875953674317117e+00
9.971875953674317117e+00
9.971094703674316051e+00
9.971094703674316051e+00
9.971094703674316051e+00
9.970313453674316762e+00
9.970313453674316762e+00
9.969532203674315696e+00
9.969532203674315696e+00
9.967188453674316051e+00
9.967969703674317117e+00
9.967188453674316051e+00
9.965625953674315696e+00
9.965625953674315696e+00
9.964844703674316406e+00
9.964844703674316406e+00
9.964844703674316406e+00
9.964063453674317117e+00
9.964844703674316406e+00
9.964844703674316406e+00
9.964063453674317117e+00
9.964063453674317117e+00
9.964844703674316406e+00
9.963282203674316051e+00
9.963282203674316051e+00
9.962500953674316762e+00
9.962500953674316762e+00
9.963282203674316051e+00
9.963282203674316051e+00
9.961719703674315696e+00
9.961719703674315696e+00
9.959375953674316051e+00
9.957813453674315696e+00
9.957032203674316406e+00
9.956250953674317117e+00
9.954688453674316762e+00
9.954688453674316762e+00
9.953907203674315696e+00
9.952344703674317117e+00
9.952344703674317117e+00
9.952344703674317117e+00
9.952344703674317117e+00
9.953907203674315696e+00
9.953907203674315696e+00
9.954688453674316762e+00
9.953907203674315696e+00
9.952344703674317117e+00
9.952344703674317117e+00
9.953125953674316406e+00
9.951563453674316051e+00
9.952344703674317117e+00
9.952344703674317117e+00
9.950782203674316762e+00
9.952344703674317117e+00
9.951563453674316051e+00
9.951563453674316051e+00
9.953125953674316406e+00
9.951563453674316051e+00
9.949219703674316406e+00
9.950000953674315696e+00
9.949219703674316406e+00
9.949219703674316406e+00
9.950782203674316762e+00
9.949219703674316406e+00
9.949219703674316406e+00
9.951563453674316051e+00
9.950782203674316762e+00
9.950000953674315696e+00
9.953125953674316406e+00
9.950782203674316762e+00
9.950782203674316762e+00
9.953125953674316406e+00
9.950782203674316762e+00
9.952344703674317117e+00
9.953907203674315696e+00
9.951563453674316051e+00
9.950782203674316762e+00
9.950782203674316762e+00
9.948438453674317117e+00
9.949219703674316406e+00
9.948438453674317117e+00
9.945313453674316406e+00
9.946875953674316762e+00
9.945313453674316406e+00
9.942969703674316762e+00
9.944532203674317117e+00
9.944532203674317117e+00
9.943750953674316051e+00
9.945313453674316406e+00
9.946094703674315696e+00
9.944532203674317117e+00
9.945313453674316406e+00
9.945313453674316406e+00
9.945313453674316406e+00
9.946875953674316762e+00
9.946094703674315696e+00
9.946094703674315696e+00
9.947657203674316051e+00
9.945313453674316406e+00
9.945313453674316406e+00
9.946094703674315696e+00
9.944532203674317117e+00
9.943750953674316051e+00
9.944532203674317117e+00
9.942188453674315696e+00
9.943750953674316051e+00
9.942969703674316762e+00
9.940625953674317117e+00
9.941407203674316406e+00
9.942188453674315696e+00
9.940625953674317117e+00
9.943750953674316051e+00
9.944532203674317117e+00
9.944532203674317117e+00
9.946094703674315696e+00
9.945313453674316406e+00
9.945313453674316406e+00
9.946875953674316762e+00
9.946094703674315696e+00
9.946094703674315696e+00
9.948438453674317117e+00
9.947657203674316051e+00
9.945313453674316406e+00
9.945313453674316406e+00
9.943750953674316051e+00
9.942969703674316762e+00
9.943750953674316051e+00
9.942969703674316762e+00
9.942188453674315696e+00
9.943750953674316051e+00
9.942188453674315696e+00
9.941407203674316406e+00
9.943750953674316051e+00
9.941407203674316406e+00
9.941407203674316406e+00
9.942969703674316762e+00
9.942969703674316762e+00
9.943750953674316051e+00
9.945313453674316406e+00
9.943750953674316051e+00
9.941407203674316406e+00
9.940625953674317117e+00
9.939844703674316051e+00
9.939844703674316051e+00
9.939844703674316051e+00
9.939063453674316762e+00
9.938282203674315696e+00
9.938282203674315696e+00
9.936719703674317117e+00
9.935938453674316051e+00
9.934375953674315696e+00
9.933594703674316406e+00
9.934375953674315696e+00
9.932032203674316051e+00
9.931250953674316762e+00
9.932813453674317117e+00
9.933594703674316406e+00
9.934375953674315696e+00
9.935157203674316762e+00
9.935938453674316051e+00
9.935938453674316051e+00
9.939063453674316762e+00
9.937500953674316406e+00
9.939063453674316762e+00
9.941407203674316406e+00
9.939063453674316762e+00
9.937500953674316406e+00
9.937500953674316406e+00
9.935157203674316762e+00
9.934375953674315696e+00
9.935157203674316762e+00
9.934375953674315696e+00
9.935157203674316762e+00
9.934375953674315696e+00
9.931250953674316762e+00
9.931250953674316762e+00
9.930469703674315696e+00
9.928125953674316051e+00
9.930469703674315696e+00
9.930469703674315696e+00
9.929688453674316406e+00
9.932032203674316051e+00
9.932813453674317117e+00
9.932032203674316051e+00
9.934375953674315696e+00
9.933594703674316406e+00
9.932813453674317117e+00
9.934375953674315696e+00
9.933594703674316406e+00
9.932813453674317117e+00
9.933594703674316406e+00
9.931250953674316762e+00
9.931250953674316762e+00
9.932032203674316051e+00
9.930469703674315696e+00
9.928907203674317117e+00
9.928907203674317117e+00
9.926563453674315696e+00
9.924219703674316051e+00
9.924219703674316051e+00
9.921094703674317117e+00
9.918750953674315696e+00
9.920313453674316051e+00
9.919532203674316762e+00
9.918750953674315696e+00
9.921094703674317117e+00
9.921094703674317117e+00
9.921875953674316406e+00
9.924219703674316051e+00
9.922657203674315696e+00
9.922657203674315696e+00
9.923438453674316762e+00
9.920313453674316051e+00
9.921094703674317117e+00
9.921875953674316406e+00
9.919532203674316762e+00
9.919532203674316762e+00
9.920313453674316051e+00
9.917969703674316406e+00
9.918750953674315696e+00
9.921094703674317117e+00
9.921094703674317117e+00
9.920313453674316051e+00
9.920313453674316051e+00
9.918750953674315696e+00
9.917969703674316406e+00
9.918750953674315696e+00
9.919532203674316762e+00
9.918750953674315696e+00
9.920313453674316051e+00
9.921875953674316406e+00
9.921875953674316406e+00
9.923438453674316762e+00
9.924219703674316051e+00
9.924219703674316051e+00
9.924219703674316051e+00
9.923438453674316762e+00
9.922657203674315696e+00
9.923438453674316762e+00
9.921875953674316406e+00
9.922657203674315696e+00
9.921094703674317117e+00
9.920313453674316051e+00
9.920313453674316051e+00
9.919532203674316762e+00
9.918750953674315696e+00
9.920313453674316051e+00
9.919532203674316762e+00
9.918750953674315696e+00
9.919532203674316762e+00
9.919532203674316762e+00
9.919532203674316762e+00
9.918750953674315696e+00
9.920313453674316051e+00
9.920313453674316051e+00
9.919532203674316762e+00
9.920313453674316051e+00
9.920313453674316051e+00
9.919532203674316762e+00
9.918750953674315696e+00
9.917969703674316406e+00
9.917188453674317117e+00
9.916407203674316051e+00
9.916407203674316051e+00
9.916407203674316051e+00
9.916407203674316051e+00
9.917188453674317117e+00
9.916407203674316051e+00
9.915625953674316762e+00
9.914844703674315696e+00
9.914844703674315696e+00
9.914063453674316406e+00
9.914063453674316406e+00
9.912500953674316051e+00
9.910938453674315696e+00
9.911719703674316762e+00
9.910938453674315696e+00
9.910938453674315696e+00
9.913282203674317117e+00
9.911719703674316762e+00
9.913282203674317117e+00
9.914844703674315696e+00
9.914063453674316406e+00
9.914063453674316406e+00
9.915625953674316762e+00
9.914063453674316406e+00
9.914844703674315696e+00
9.915625953674316762e+00
9.914063453674316406e+00
9.914844703674315696e+00
9.914063453674316406e+00
9.911719703674316762e+00
9.912500953674316051e+00
9.910938453674315696e+00
9.909375953674317117e+00
9.910938453674315696e+00
9.910157203674316406e+00
9.908594703674316051e+00
9.909375953674317117e+00
9.910157203674316406e+00
9.909375953674317117e+00
9.909375953674317117e+00
9.910938453674315696e+00
9.910157203674316406e+00
9.910938453674315696e+00
9.910938453674315696e+00
9.910157203674316406e+00
9.909375953674317117e+00
9.910157203674316406e+00
9.908594703674316051e+00
9.908594703674316051e+00
9.908594703674316051e+00
9.905469703674317117e+00
9.906250953674316406e+00
9.905469703674317117e+00
9.903907203674316762e+00
9.903125953674315696e+00
9.902344703674316406e+00
9.899219703674315696e+00
9.899219703674315696e+00
9.897657203674317117e+00
9.896094703674316762e+00
9.896094703674316762e+00
9.895313453674315696e+00
9.894532203674316406e+00
9.896094703674316762e+00
9.896875953674316051e+00
9.896094703674316762e+00
9.896875953674316051e+00
9.896875953674316051e+00
9.896094703674316762e+00
9.896094703674316762e+00
9.896875953674316051e+00
9.894532203674316406e+00
9.896875953674316051e+00
9.897657203674317117e+00
9.896875953674316051e+00
9.898438453674316406e+00
9.898438453674316406e+00
9.898438453674316406e+00
9.899219703674315696e+00
9.897657203674317117e+00
9.895313453674315696e+00
9.896094703674316762e+00
9.894532203674316406e+00
9.892969703674316051e+00
9.893750953674317117e+00
9.894532203674316406e+00
9.894532203674316406e+00
9.895313453674315696e+00
9.892969703674316051e+00
9.892969703674316051e+00
9.892969703674316051e+00
9.892188453674316762e+00
9.893750953674317117e+00
9.894532203674316406e+00
9.894532203674316406e+00
9.894532203674316406e+00
9.894532203674316406e+00
9.895313453674315696e+00
9.894532203674316406e+00
9.893750953674317117e+00
9.892969703674316051e+00
9.891407203674315696e+00
9.889844703674317117e+00
9.889844703674317117e+00
9.887500953674315696e+00
9.886719703674316406e+00
9.885938453674317117e+00
9.883594703674315696e+00
9.884375953674316762e+00
9.885938453674317117e+00
9.885938453674317117e+00
9.888282203674316762e+00
9.889063453674316051e+00
9.887500953674315696e+00
9.887500953674315696e+00
9.887500953674315696e+00
9.885938453674317117e+00
9.885157203674316051e+00
9.884375953674316762e+00
9.882813453674316406e+00
9.881250953674316051e+00
9.881250953674316051e+00
9.880469703674316762e+00
9.881250953674316051e+00
9.881250953674316051e+00
9.880469703674316762e+00
9.879688453674315696e+00
9.879688453674315696e+00
9.878907203674316406e+00
9.879688453674315696e+00
9.879688453674315696e+00
9.878125953674317117e+00
9.879688453674315696e+00
9.879688453674315696e+00
9.880469703674316762e+00
9.881250953674316051e+00
9.882813453674316406e+00
9.882032203674317117e+00
9.882032203674317117e+00
9.881250953674316051e+00
9.882032203674317117e+00
9.881250953674316051e+00
9.881250953674316051e+00
9.882813453674316406e+00
9.880469703674316762e+00
9.881250953674316051e+00
9.882032203674317117e+00
9.879688453674315696e+00
9.879688453674315696e+00
9.881250953674316051e+00
9.878907203674316406e+00
9.878125953674317117e+00
9.877344703674316051e+00
9.874219703674317117e+00
9.874219703674317117e+00
9.875000953674316406e+00
9.872657203674316762e+00
9.872657203674316762e+00
9.874219703674317117e+00
9.875000953674316406e+00
9.878907203674316406e+00
9.879688453674315696e+00
9.878907203674316406e+00
9.878907203674316406e+00
9.878125953674317117e+00
9.876563453674316762e+00
9.877344703674316051e+00
9.877344703674316051e+00
9.878907203674316406e+00
9.879688453674315696e+00
9.881250953674316051e+00
9.882032203674317117e+00
9.881250953674316051e+00
9.880469703674316762e+00
9.881250953674316051e+00
9.881250953674316051e+00
9.880469703674316762e+00
9.881250953674316051e+00
9.881250953674316051e+00
9.882032203674317117e+00
9.883594703674315696e+00
9.885157203674316051e+00
9.885157203674316051e+00
9.886719703674316406e+00
9.887500953674315696e+00
9.887500953674315696e+00
9.889063453674316051e+00
9.889844703674317117e+00
9.889063453674316051e+00
9.889844703674317117e+00
9.889844703674317117e+00
9.889063453674316051e+00
9.889844703674317117e+00
9.889844703674317117e+00
9.889063453674316051e+00
9.891407203674315696e+00
9.892188453674316762e+00
9.890625953674316406e+00
9.892969703674316051e+00
9.893750953674317117e+00
9.892188453674316762e+00
9.892188453674316762e+00
9.892969703674316051e+00
9.891407203674315696e+00
9.892188453674316762e+00
9.893750953674317117e+00
9.893750953674317117e+00
9.895313453674315696e+00
9.894532203674316406e+00
9.893750953674317117e+00
9.895313453674315696e+00
9.895313453674315696e+00
9.893750953674317117e+00
9.894532203674316406e+00
9.894532203674316406e+00
9.894532203674316406e+00
9.895313453674315696e+00
9.896094703674316762e+00
9.899219703674315696e+00
9.899219703674315696e+00
9.898438453674316406e+00
9.900000953674316762e+00
9.900000953674316762e+00
9.896875953674316051e+00
9.898438453674316406e+00
9.899219703674315696e+00
9.896875953674316051e+00
9.899219703674315696e+00
9.900000953674316762e+00
9.897657203674317117e+00
9.899219703674315696e+00
9.900782203674316051e+00
9.899219703674315696e+00
9.901563453674317117e+00
9.900782203674316051e+00
9.898438453674316406e+00
9.899219703674315696e+00
9.898438453674316406e+00
9.896875953674316051e+00
9.896094703674316762e+00
9.892969703674316051e+00
9.891407203674315696e+00
9.891407203674315696e+00
9.890625953674316406e+00
9.889844703674317117e+00
9.889063453674316051e+00
9.887500953674315696e+00
9.887500953674315696e+00
9.886719703674316406e+00
9.885157203674316051e+00
9.882813453674316406e+00
9.881250953674316051e+00
9.880469703674316762e+00
9.880469703674316762e+00
9.878907203674316406e+00
9.877344703674316051e+00
9.878125953674317117e+00
9.876563453674316762e+00
9.876563453674316762e+00
9.875782203674315696e+00
9.874219703674317117e+00
9.873438453674316051e+00
9.872657203674316762e+00
9.869532203674316051e+00
9.868750953674316762e+00
9.866407203674317117e+00
9.863282203674316406e+00
9.861719703674316051e+00
9.860938453674316762e+00
9.857813453674316051e+00
9.857032203674316762e+00
9.855469703674316406e+00
9.853125953674316762e+00
9.852344703674315696e+00
9.851563453674316406e+00
9.849219703674316762e+00
9.849219703674316762e+00
9.850000953674316051e+00
9.846875953674317117e+00
9.846094703674316051e+00
9.846875953674317117e+00
9.845313453674316762e+00
9.844532203674315696e+00
9.842969703674317117e+00
9.840625953674315696e+00
9.839063453674317117e+00
9.838282203674316051e+00
9.834375953674316051e+00
9.832032203674316406e+00
9.828907203674315696e+00
9.825000953674315696e+00
9.823438453674317117e+00
9.822657203674316051e+00
9.820313453674316406e+00
9.817969703674316762e+00
9.817188453674315696e+00
9.814844703674316051e+00
9.814844703674316051e+00
9.812500953674316406e+00
9.812500953674316406e+00
9.810938453674316051e+00
9.807813453674317117e+00
9.805469703674315696e+00
9.803907203674317117e+00
9.801563453674315696e+00
9.799219703674316051e+00
9.799219703674316051e+00
9.796094703674317117e+00
9.792969703674316406e+00
9.791407203674316051e+00
9.789063453674316406e+00
9.785938453674315696e+00
9.784375953674317117e+00
9.782032203674315696e+00
9.780469703674317117e+00
9.779688453674316051e+00
9.778125953674315696e+00
9.776563453674317117e+00
9.775000953674316762e+00
9.774219703674315696e+00
9.774219703674315696e+00
9.772657203674317117e+00
9.772657203674317117e+00
9.772657203674317117e+00
9.771094703674316762e+00
9.771094703674316762e+00
9.770313453674315696e+00
9.767969703674316051e+00
9.767969703674316051e+00
9.767188453674316762e+00
9.764844703674317117e+00
9.764844703674317117e+00
9.764844703674317117e+00
9.764063453674316051e+00
9.764844703674317117e+00
9.766407203674315696e+00
9.764844703674317117e+00
9.765625953674316406e+00
9.764063453674316051e+00
9.762500953674315696e+00
9.763282203674316762e+00
9.763282203674316762e+00
9.762500953674315696e+00
9.764063453674316051e+00
9.765625953674316406e+00
9.766407203674315696e+00
9.767969703674316051e+00
9.769532203674316406e+00
9.769532203674316406e+00
9.770313453674315696e+00
9.771094703674316762e+00
9.770313453674315696e+00
9.769532203674316406e+00
9.770313453674315696e+00
9.770313453674315696e+00
9.767188453674316762e+00
9.766407203674315696e+00
9.764844703674317117e+00
9.764063453674316051e+00
9.764063453674316051e+00
9.764844703674317117e+00
9.764063453674316051e+00
9.765625953674316406e+00
9.765625953674316406e+00
9.764844703674317117e+00
9.764844703674317117e+00
9.764063453674316051e+00
9.765625953674316406e+00
9.769532203674316406e+00
9.771875953674316051e+00
9.774219703674315696e+00
9.776563453674317117e+00
9.776563453674317117e+00
9.778125953674315696e+00
9.781250953674316406e+00
9.780469703674317117e+00
9.781250953674316406e+00
9.782032203674315696e+00
9.779688453674316051e+00
9.778125953674315696e+00
9.776563453674317117e+00
9.775782203674316051e+00
9.776563453674317117e+00
9.779688453674316051e+00
9.780469703674317117e+00
9.780469703674317117e+00
9.782032203674315696e+00
9.781250953674316406e+00
9.781250953674316406e+00
9.782032203674315696e+00
9.782032203674315696e+00
9.781250953674316406e+00
9.781250953674316406e+00
9.779688453674316051e+00
9.778125953674315696e+00
9.777344703674316406e+00
9.777344703674316406e+00
9.778125953674315696e+00
9.779688453674316051e+00
9.780469703674317117e+00
9.780469703674317117e+00
9.781250953674316406e+00
9.780469703674317117e+00
9.778907203674316762e+00
9.779688453674316051e+00
9.778125953674315696e+00
9.777344703674316406e+00
9.778125953674315696e+00
9.777344703674316406e+00
9.778125953674315696e+00
9.780469703674317117e+00
9.780469703674317117e+00
9.782032203674315696e+00
9.784375953674317117e+00
9.784375953674317117e+00
9.782813453674316762e+00
9.782813453674316762e+00
9.780469703674317117e+00
9.781250953674316406e+00
9.783594703674316051e+00
9.782032203674315696e+00
9.781250953674316406e+00
9.783594703674316051e+00
9.782032203674315696e+00
9.778907203674316762e+00
9.777344703674316406e+00
9.775000953674316762e+00
9.772657203674317117e+00
9.772657203674317117e+00
9.773438453674316406e+00
9.772657203674317117e+00
9.773438453674316406e+00
9.774219703674315696e+00
9.773438453674316406e+00
9.772657203674317117e+00
9.774219703674315696e+00
9.775000953674316762e+00
9.773438453674316406e+00
9.774219703674315696e+00
9.774219703674315696e+00
9.771875953674316051e+00
9.774219703674315696e+00
9.773438453674316406e+00
9.774219703674315696e+00
9.776563453674317117e+00
9.778907203674316762e+00
9.779688453674316051e+00
9.778907203674316762e+00
9.776563453674317117e+00
9.773438453674316406e+00
9.769532203674316406e+00
9.766407203674315696e+00
9.764844703674317117e+00
9.762500953674315696e+00
9.761719703674316406e+00
9.760157203674316051e+00
9.758594703674315696e+00
9.757032203674317117e+00
9.757813453674316406e+00
9.759375953674316762e+00
9.761719703674316406e+00
9.761719703674316406e+00
9.762500953674315696e+00
9.758594703674315696e+00
9.756250953674316051e+00
9.757813453674316406e+00
9.757032203674317117e+00
9.757813453674316406e+00
9.760157203674316051e+00
9.760938453674317117e+00
9.760938453674317117e+00
9.762500953674315696e+00
9.761719703674316406e+00
9.761719703674316406e+00
9.764063453674316051e+00
9.764844703674317117e+00
9.766407203674315696e+00
9.768750953674317117e+00
9.767969703674316051e+00
9.767188453674316762e+00
9.767969703674316051e+00
9.767188453674316762e+00
9.767969703674316051e+00
9.770313453674315696e+00
9.769532203674316406e+00
9.772657203674317117e+00
9.774219703674315696e+00
9.774219703674315696e+00
9.774219703674315696e+00
9.775782203674316051e+00
9.775000953674316762e+00
9.776563453674317117e+00
9.778125953674315696e+00
9.778125953674315696e+00
9.779688453674316051e+00
9.781250953674316406e+00
9.780469703674317117e+00
9.782032203674315696e+00
9.782813453674316762e+00
9.782032203674315696e+00
9.784375953674317117e+00
9.787500953674316051e+00
9.785938453674315696e+00
9.786719703674316762e+00
9.788282203674317117e+00
9.789063453674316406e+00
9.791407203674316051e+00
9.793750953674315696e+00
9.792969703674316406e+00
9.793750953674315696e+00
9.794532203674316762e+00
9.793750953674315696e+00
9.793750953674315696e+00
9.793750953674315696e+00
9.792969703674316406e+00
9.792969703674316406e+00
9.792188453674317117e+00
9.792969703674316406e+00
9.792188453674317117e+00
9.792188453674317117e+00
9.793750953674315696e+00
9.792188453674317117e+00
9.791407203674316051e+00
9.792188453674317117e+00
9.791407203674316051e+00
9.789063453674316406e+00
9.789063453674316406e+00
9.788282203674317117e+00
9.789844703674315696e+00
9.792188453674317117e+00
9.795313453674316051e+00
9.797657203674315696e+00
9.799219703674316051e+00
9.799219703674316051e+00
9.798438453674316762e+00
9.799219703674316051e+00
9.797657203674315696e+00
9.795313453674316051e+00
9.795313453674316051e+00
9.795313453674316051e+00
9.794532203674316762e+00
9.796094703674317117e+00
9.796094703674317117e+00
9.797657203674315696e+00
9.800000953674317117e+00
9.796875953674316406e+00
9.796094703674317117e+00
9.796094703674317117e+00
9.794532203674316762e+00
9.795313453674316051e+00
9.795313453674316051e+00
9.796094703674317117e+00
9.798438453674316762e+00
9.801563453674315696e+00
9.801563453674315696e+00
9.803907203674317117e+00
9.802344703674316762e+00
9.800782203674316406e+00
9.803125953674316051e+00
9.802344703674316762e+00
9.802344703674316762e+00
9.803125953674316051e+00
9.801563453674315696e+00
9.802344703674316762e+00
9.803125953674316051e+00
9.800000953674317117e+00
9.799219703674316051e+00
9.798438453674316762e+00
9.796094703674317117e+00
9.792188453674317117e+00
9.790625953674316762e+00
9.787500953674316051e+00
9.783594703674316051e+00
9.780469703674317117e+00
9.776563453674317117e+00
9.777344703674316406e+00
9.778125953674315696e+00
9.778125953674315696e+00
9.778907203674316762e+00
9.778125953674315696e+00
9.777344703674316406e+00
9.777344703674316406e+00
9.778125953674315696e+00
9.778907203674316762e+00
9.781250953674316406e+00
9.783594703674316051e+00
9.785157203674316406e+00
9.786719703674316762e+00
9.788282203674317117e+00
9.786719703674316762e+00
9.785157203674316406e+00
9.783594703674316051e+00
9.781250953674316406e+00
9.778125953674315696e+00
9.777344703674316406e+00
9.778125953674315696e+00
9.778125953674315696e+00
9.778907203674316762e+00
9.778907203674316762e+00
9.778125953674315696e+00
9.776563453674317117e+00
9.776563453674317117e+00
9.775000953674316762e+00
9.772657203674317117e+00
9.771875953674316051e+00
9.771875953674316051e+00
9.771094703674316762e+00
9.771875953674316051e+00
9.771875953674316051e+00
9.770313453674315696e+00
9.771094703674316762e+00
9.767969703674316051e+00
9.765625953674316406e+00
9.766407203674315696e+00
9.764063453674316051e+00
9.760938453674317117e+00
9.760938453674317117e+00
9.760157203674316051e+00
9.757813453674316406e+00
9.757032203674317117e+00
9.757032203674317117e+00
9.754688453674315696e+00
9.753125953674317117e+00
9.752344703674316051e+00
9.750000953674316406e+00
9.749219703674317117e+00
9.748438453674316051e+00
9.746094703674316406e+00
9.742188453674316406e+00
9.739063453674315696e+00
9.736719703674316051e+00
9.733594703674317117e+00
9.732032203674316762e+00
9.728907203674316051e+00
9.727344703674315696e+00
9.725000953674316051e+00
9.722657203674316406e+00
9.719532203674315696e+00
9.715625953674315696e+00
9.714063453674317117e+00
9.711719703674315696e+00
9.710938453674316406e+00
9.712500953674316762e+00
9.710938453674316406e+00
9.710938453674316406e+00
9.712500953674316762e+00
9.713282203674316051e+00
9.714063453674317117e+00
9.715625953674315696e+00
9.717969703674317117e+00
9.717969703674317117e+00
9.717969703674317117e+00
9.717188453674316051e+00
9.718750953674316406e+00
9.719532203674315696e+00
9.719532203674315696e+00
9.719532203674315696e+00
9.719532203674315696e+00
9.718750953674316406e+00
9.718750953674316406e+00
9.717188453674316051e+00
9.713282203674316051e+00
9.709375953674316051e+00
9.704688453674316762e+00
9.700782203674316762e+00
9.697657203674316051e+00
9.696094703674315696e+00
9.693750953674316051e+00
9.691407203674316406e+00
9.692969703674316762e+00
9.693750953674316051e+00
9.694532203674317117e+00
9.696875953674316762e+00
9.699219703674316406e+00
9.699219703674316406e+00
9.699219703674316406e+00
9.700000953674315696e+00
9.700000953674315696e+00
9.703907203674315696e+00
9.706250953674317117e+00
9.707813453674315696e+00
9.710157203674317117e+00
9.710938453674316406e+00
9.708594703674316762e+00
9.705469703674316051e+00
9.700782203674316762e+00
9.698438453674317117e+00
9.696094703674315696e+00
9.692969703674316762e+00
9.692969703674316762e+00
9.691407203674316406e+00
9.692188453674315696e+00
9.692188453674315696e+00
9.691407203674316406e+00
9.692188453674315696e+00
9.695313453674316406e+00
9.696875953674316762e+00
9.696875953674316762e+00
9.698438453674317117e+00
9.697657203674316051e+00
9.694532203674317117e+00
9.694532203674317117e+00
9.694532203674317117e+00
9.692969703674316762e+00
9.694532203674317117e+00
9.696875953674316762e+00
9.696094703674315696e+00
9.697657203674316051e+00
9.700782203674316762e+00
9.700000953674315696e+00
9.702344703674317117e+00
9.704688453674316762e+00
9.703125953674316406e+00
9.705469703674316051e+00
9.705469703674316051e+00
9.703125953674316406e+00
9.703907203674315696e+00
9.703907203674315696e+00
9.699219703674316406e+00
9.696875953674316762e+00
9.694532203674317117e+00
9.689844703674316051e+00
9.686719703674317117e+00
9.684375953674315696e+00
9.679688453674316406e+00
9.676563453674315696e+00
9.673438453674316762e+00
9.670313453674316051e+00
9.669532203674316762e+00
9.667188453674317117e+00
9.662500953674316051e+00
9.659375953674317117e+00
9.656250953674316406e+00
9.650782203674316051e+00
9.647657203674317117e+00
9.642969703674316051e+00
9.639063453674316051e+00
9.635938453674317117e+00
9.630469703674316762e+00
9.626563453674316762e+00
9.624219703674317117e+00
9.621094703674316406e+00
9.619532203674316051e+00
9.620313453674317117e+00
9.615625953674316051e+00
9.611719703674316051e+00
9.607813453674316051e+00
9.603125953674316762e+00
9.600782203674317117e+00
9.597657203674316406e+00
9.593750953674316406e+00
9.589844703674316406e+00
9.587500953674316762e+00
9.583594703674316762e+00
9.580469703674316051e+00
9.574219703674316406e+00
9.565625953674317117e+00
9.557032203674316051e+00
9.544532203674316762e+00
9.534375953674317117e+00
9.525000953674316762e+00
9.515625953674316406e+00
9.509375953674316762e+00
9.504688453674315696e+00
9.499219703674317117e+00
9.496094703674316406e+00
9.492969703674315696e+00
9.486719703674316051e+00
9.480469703674316406e+00
9.475782203674317117e+00
9.468750953674316406e+00
9.460938453674316406e+00
9.455469703674316051e+00
9.449219703674316406e+00
9.442969703674316762e+00
9.435157203674316762e+00
9.428907203674317117e+00
9.423438453674316762e+00
9.416407203674316051e+00
9.413282203674317117e+00
9.409375953674317117e+00
9.402344703674316406e+00
9.396094703674316762e+00
9.389844703674317117e+00
9.380469703674316762e+00
9.370313453674317117e+00
9.363282203674316406e+00
9.353125953674316762e+00
9.342188453674316051e+00
9.333594703674316762e+00
9.321875953674316762e+00
9.308594703674316406e+00
9.296875953674316406e+00
9.282032203674315696e+00
9.267188453674316762e+00
9.252344703674316051e+00
9.239063453674315696e+00
9.226563453674316406e+00
9.215625953674315696e+00
9.204688453674316762e+00
9.192969703674316762e+00
9.182032203674316051e+00
9.169532203674316762e+00
9.158594703674316051e+00
9.147657203674317117e+00
9.134375953674316762e+00
9.120313453674317117e+00
9.106250953674315696e+00
9.092969703674317117e+00
9.078125953674316406e+00
9.065625953674317117e+00
9.054688453674316406e+00
9.041407203674316051e+00
9.028125953674315696e+00
9.014844703674317117e+00
9.000782203674315696e+00
8.983594703674317117e+00
8.965625953674315696e+00
8.949219703674316406e+00
8.933594703674316406e+00
8.915625953674316762e+00
8.900000953674316762e+00
8.884375953674316762e+00
8.866407203674317117e+00
8.850782203674317117e+00
8.834375953674316051e+00
8.817969703674316762e+00
8.800782203674316406e+00
8.782813453674316762e+00
8.764844703674317117e+00
8.749219703674317117e+00
8.734375953674316406e+00
8.717188453674316051e+00
8.703907203674315696e+00
8.689844703674316051e+00
8.676563453674315696e+00
8.663282203674317117e+00
8.650782203674316051e+00
8.638282203674316762e+00
8.621094703674316406e+00
8.608594703674317117e+00
8.594532203674315696e+00
8.579688453674316762e+00
8.566407203674316406e+00
8.553125953674316051e+00
8.537500953674316051e+00
8.520313453674315696e+00
8.505469703674316762e+00
8.491407203674317117e+00
8.474219703674316762e+00
8.458594703674316762e+00
8.444532203674317117e+00
8.429688453674316406e+00
8.414063453674316406e+00
8.396875953674316051e+00
8.380469703674316762e+00
8.363282203674316406e+00
8.343750953674316406e+00
8.322657203674316051e+00
8.296094703674317117e+00
8.271875953674316051e+00
8.247657203674316762e+00
8.219532203674315696e+00
8.192969703674316762e+00
8.165625953674316762e+00
8.136719703674316406e+00
8.103125953674316762e+00
8.070313453674316406e+00
8.037500953674316051e+00
8.001563453674316762e+00
7.964844703674316406e+00
7.929688453674316406e+00
7.896875953674316051e+00
7.865625953674316051e+00
7.839063453674316229e+00
7.814844703674316051e+00
7.789844703674316584e+00
7.766407203674316584e+00
7.743750953674316762e+00
7.718750953674316406e+00
7.694532203674316229e+00
7.671094703674316229e+00
7.646875953674316051e+00
7.620313453674316229e+00
7.595313453674316762e+00
7.569532203674316229e+00
7.544532203674316762e+00
7.518750953674316229e+00
7.489844703674316762e+00
7.462500953674316762e+00
7.435938453674316051e+00
7.407032203674316584e+00
7.380469703674316762e+00
7.351563453674316406e+00
7.320313453674316406e+00
7.289844703674316584e+00
7.261719703674316406e+00
7.235157203674316584e+00
7.207032203674316406e+00
7.176563453674316584e+00
7.147657203674316229e+00
7.117188453674316406e+00
7.084375953674316051e+00
7.051563453674316584e+00
7.018750953674316229e+00
6.985157203674316584e+00
6.949219703674316406e+00
6.914063453674316406e+00
6.877344703674316051e+00
6.838282203674316051e+00
6.797657203674316584e+00
6.759375953674316762e+00
6.721094703674316051e+00
6.679688453674316406e+00
6.639063453674316051e+00
6.598438453674316584e+00
6.560157203674316762e+00
6.521094703674316762e+00
6.481250953674316584e+00
6.442969703674316762e+00
6.400000953674316762e+00
6.355469703674316406e+00
6.308594703674316406e+00
6.260938453674316229e+00
6.210938453674316406e+00
6.159375953674316229e+00
6.107032203674316762e+00
6.054688453674316406e+00
6.000000953674316406e+00
5.946094703674316584e+00
5.891407203674316584e+00
5.835157203674316229e+00
5.777344703674316406e+00
5.720313453674316762e+00
5.662500953674316051e+00
5.603125953674316762e+00
5.537500953674316051e+00
5.472657203674316406e+00
5.406250953674316406e+00
5.340625953674316584e+00
5.273438453674316406e+00
5.208594703674316762e+00
5.145313453674316584e+00
5.080469703674316051e+00
5.015625953674316406e+00
4.950782203674316762e+00
4.889844703674316229e+00
4.828907203674316584e+00
4.767188453674316762e+00
4.707032203674316406e+00
4.646875953674316051e+00
4.584375953674316051e+00
4.517969703674316051e+00
4.447657203674316051e+00
4.372657204046845436e+00
4.295313454419374288e+00
4.214844704791903318e+00
4.132032205071300091e+00
4.049219693150371668e+00
3.967188431229442536e+00
3.885938419401645749e+00
3.803125907480716883e+00
3.720313395559787573e+00
3.638282133638858884e+00
3.556250871717929751e+00
3.475782109797000974e+00
3.395313347876071752e+00
3.315625835955143152e+00
3.237500824034214020e+00
3.160157062113285065e+00
3.082813300192356110e+00
3.006250788364559501e+00
2.929688276536762892e+00
2.853907014615833848e+00
2.779688252694904715e+00
2.705469490773976027e+00
2.632031978853047072e+00
2.557031966932117761e+00
2.483594455011188806e+00
2.410938193090260029e+00
2.338281931169331251e+00
2.266406919248402208e+00
2.196875657327473252e+00
2.128125645406544031e+00
2.060156883485615431e+00
1.992969371564686343e+00
1.926563109643757432e+00
1.860938097722828477e+00
1.796875585801899433e+00
1.734375573974102691e+00
1.672656812146306127e+00
1.608594300225377083e+00
1.544531788304448039e+00
1.481250526383519173e+00
1.418750514462590262e+00
1.357031752541661307e+00
1.294531740620732396e+00
1.232812978699803441e+00
1.172656716778874397e+00
1.114062954857945487e+00
1.056250442937016532e+00
1.000000431016087488e+00
9.460941690951585326e-01
8.929691571742296441e-01
8.429691452533006890e-01
7.953128833323717117e-01
7.484378714114428011e-01
7.023441094905138460e-01
6.570315975695848465e-01
6.117190856486558470e-01
5.679690737277269807e-01
5.250003118067979591e-01
4.828127998858690040e-01
4.406252879649400489e-01
4.007815260440111271e-01
3.625002641230821721e-01
3.304690022021531948e-01
3.007814902812242508e-01
2.742189783602952957e-01
2.492189664393663351e-01
2.257814545184373967e-01
2.015626925975084194e-01
1.781251806765794810e-01
1.562501687556505092e-01
1.359376568347215597e-01
1.179688949137926157e-01
9.921888299286366064e-02
8.203137107193470001e-02
6.718760924413799684e-02
5.312509741634130478e-02
3.984383549541235109e-02
2.968757357448339324e-02
2.109381165355444024e-02
1.484379973262548412e-02
1.093753743916749989e-02
7.812525145709514618e-03
6.250012852251529867e-03
5.468750651925802057e-03
5.468750651925802057e-03
5.468750651925802057e-03
4.687500558793545116e-03
4.687500558793545116e-03
4.687500558793545116e-03
4.687500558793545116e-03
4.687500558793545116e-03
4.687500558793545116e-03
4.687500558793545116e-03
4.687500558793545116e-03
4.687500558793545116e-03
4.687500558793545116e-03
4.687500558793545116e-03
3.906250465661287308e-03
3.125000372529029933e-03
3.125000372529029933e-03
3.125000372529029933e-03
3.125000372529029933e-03
3.125000372529029933e-03
3.125000372529029933e-03
3.125000372529029933e-03
3.125000372529029933e-03
3.125000372529029933e-03
3.125000372529029933e-03
3.125000372529029933e-03
3.125000372529029933e-03
3.125000372529029933e-03
3.125000372529029933e-03
3.125000372529029933e-03
3.125000372529029933e-03
3.125000372529029933e-03
2.343750279396772558e-03
1.562500186264514966e-03
1.562500186264514966e-03
1.562500186264514966e-03
1.562500186264514966e-03
1.562500186264514966e-03
1.562500186264514966e-03
1.562500186264514966e-03
1.562500186264514966e-03
1.562500186264514966e-03
1.562500186264514966e-03
1.562500186264514966e-03
1.562500186264514966e-03
1.562500186264514966e-03
1.562500186264514966e-03
1.562500186264514966e-03
1.562500186264514966e-03
1.562500186264514966e-03
1.562500186264514966e-03
1.562500186264514966e-03
1.562500186264514966e-03
1.562500186264514966e-03
1.562500186264514966e-03
1.562500186264514966e-03
1.562500186264514966e-03
1.562500186264514966e-03
1.562500186264514966e-03
1.562500186264514966e-03
1.562500186264514966e-03
1.562500186264514966e-03
1.562500186264514966e-03
1.562500186264514966e-03
1.562500186264514966e-03
1.562500186264514966e-03
1.562500186264514966e-03
1.562500186264514966e-03
1.562500186264514966e-03
1.562500186264514966e-03
1.562500186264514966e-03
7.812500931322574832e-04
0.000000000000000000e+00
0.000000000000000000e+00
0.000000000000000000e+00
0.000000000000000000e+00
0.000000000000000000e+00
0.000000000000000000e+00
0.000000000000000000e+00
0.000000000000000000e+00
0.000000000000000000e+00
0.000000000000000000e+00
0.000000000000000000e+00
0.000000000000000000e+00
0.000000000000000000e+00
0.000000000000000000e+00
0.000000000000000000e+00
0.000000000000000000e+00
0.000000000000000000e+00
0.000000000000000000e+00
0.000000000000000000e+00
0.000000000000000000e+00
0.000000000000000000e+00
0.000000000000000000e+00
0.000000000000000000e+00
0.000000000000000000e+00
0.000000000000000000e+00
0.000000000000000000e+00
0.000000000000000000e+00
0.000000000000000000e+00
0.000000000000000000e+00
0.000000000000000000e+00
0.000000000000000000e+00
0.000000000000000000e+00
0.000000000000000000e+00
0.000000000000000000e+00
0.000000000000000000e+00
0.000000000000000000e+00
0.000000000000000000e+00
0.000000000000000000e+00
0.000000000000000000e+00
0.000000000000000000e+00
0.000000000000000000e+00
0.000000000000000000e+00
0.000000000000000000e+00
0.000000000000000000e+00
0.000000000000000000e+00
0.000000000000000000e+00
0.000000000000000000e+00
0.000000000000000000e+00
-2.343750186264515010e-03
-2.343750186264515010e-03
-2.343750186264515010e-03
-2.343750186264515010e-03
-2.343750186264515010e-03
-2.343750186264515010e-03
-2.343750186264515010e-03
-2.343750186264515010e-03
-2.343750186264515010e-03
-2.343750186264515010e-03
-2.343750186264515010e-03
-2.343750186264515010e-03
-2.343750186264515010e-03
-2.343750186264515010e-03
-2.343750186264515010e-03
-2.343750186264515010e-03
-2.343750186264515010e-03
-2.343750186264515010e-03
-2.343750186264515010e-03
-2.343750186264515010e-03
-2.343750186264515010e-03
-2.343750186264515010e-03
-2.343750186264515010e-03
-2.343750186264515010e-03
-2.343750186264515010e-03
-2.343750186264515010e-03
-2.343750186264515010e-03
-2.343750186264515010e-03
-2.343750186264515010e-03
-2.343750186264515010e-03
-2.343750186264515010e-03
-2.343750186264515010e-03
-2.343750186264515010e-03
-2.343750186264515010e-03
-2.343750186264515010e-03
-2.343750186264515010e-03
-2.343750186264515010e-03
-2.343750186264515010e-03
-2.343750186264515010e-03
-2.343750186264515010e-03
-2.343750186264515010e-03
-2.343750186264515010e-03
-2.343750186264515010e-03
-2.343750186264515010e-03
-2.343750186264515010e-03
-2.343750186264515010e-03
-2.343750186264515010e-03
-2.343750186264515010e-03
-2.343750186264515010e-03
-2.343750186264515010e-03
-2.343750186264515010e-03
-2.343750186264515010e-03
-2.343750186264515010e-03
-2.343750186264515010e-03
-2.343750186264515010e-03
-2.343750186264515010e-03
-2.343750186264515010e-03
-2.343750186264515010e-03
-2.343750186264515010e-03
-2.343750186264515010e-03
-2.343750186264515010e-03
-2.343750186264515010e-03
-2.343750186264515010e-03
-2.343750186264515010e-03
-2.343750186264515010e-03
-2.343750186264515010e-03
-2.343750186264515010e-03
-2.343750186264515010e-03
-2.343750186264515010e-03
-2.343750186264515010e-03
-2.343750186264515010e-03
-2.343750186264515010e-03
-2.343750186264515010e-03
-2.343750186264515010e-03
-2.343750186264515010e-03
-2.343750186264515010e-03
-3.125000279396772385e-03
-3.906250372529030193e-03
-3.906250372529030193e-03
-3.906250372529030193e-03
-1.562500186264514966e-03
-1.562500186264514966e-03
-1.562500186264514966e-03
-1.562500186264514966e-03
-1.562500186264514966e-03
-1.562500186264514966e-03
-1.562500186264514966e-03
-1.562500186264514966e-03
-1.562500186264514966e-03
-1.562500186264514966e-03
-1.562500186264514966e-03
-1.562500186264514966e-03
-1.562500186264514966e-03
-1.562500186264514966e-03
-1.562500186264514966e-03
-1.562500186264514966e-03
-1.562500186264514966e-03
-1.562500186264514966e-03
-1.562500186264514966e-03
-1.562500186264514966e-03
-1.562500186264514966e-03
-1.562500186264514966e-03
-1.562500186264514966e-03
-1.562500186264514966e-03
-1.562500186264514966e-03
-1.562500186264514966e-03
-1.562500186264514966e-03
-1.562500186264514966e-03
-1.562500186264514966e-03
-1.562500186264514966e-03
-1.562500186264514966e-03
-1.562500186264514966e-03
-1.562500186264514966e-03
-1.562500186264514966e-03
-1.562500186264514966e-03
-1.562500186264514966e-03
-1.562500186264514966e-03
-1.562500186264514966e-03
-1.562500186264514966e-03
-1.562500186264514966e-03
-1.562500186264514966e-03
-1.562500186264514966e-03
-1.562500186264514966e-03
-1.562500186264514966e-03
-1.562500186264514966e-03
-1.562500186264514966e-03
-1.562500186264514966e-03
-1.562500186264514966e-03
-1.562500186264514966e-03
-1.562500186264514966e-03
-1.562500186264514966e-03
-1.562500186264514966e-03
-1.562500186264514966e-03
-1.562500186264514966e-03
-1.562500186264514966e-03
-2.343750279396772558e-03
-3.125000372529029933e-03
-3.125000372529029933e-03
-3.125000372529029933e-03
-3.125000372529029933e-03
-3.125000372529029933e-03
-3.125000372529029933e-03
-3.125000372529029933e-03
-3.125000372529029933e-03
-3.125000372529029933e-03
-3.125000372529029933e-03
-3.125000372529029933e-03
-3.125000372529029933e-03
-3.125000372529029933e-03
-3.125000372529029933e-03
-3.125000372529029933e-03
-3.125000372529029933e-03
-3.125000372529029933e-03
-3.125000372529029933e-03
-3.125000372529029933e-03
-3.125000372529029933e-03
-2.343750279396772558e-03
-1.562500186264514966e-03
-1.562500186264514966e-03
-1.562500186264514966e-03
-1.562500186264514966e-03
-1.562500186264514966e-03
-1.562500186264514966e-03
-1.562500186264514966e-03
-1.562500186264514966e-03
-1.562500186264514966e-03
-1.562500186264514966e-03
-1.562500186264514966e-03
-1.562500186264514966e-03
-1.562500186264514966e-03
-1.562500186264514966e-03
-1.562500186264514966e-03
-1.562500186264514966e-03
-1.562500186264514966e-03
-1.562500186264514966e-03
-1.562500186264514966e-03
-1.562500186264514966e-03
-1.562500186264514966e-03
-1.562500186264514966e-03
-1.562500186264514966e-03
-1.562500186264514966e-03
-1.562500186264514966e-03
-1.562500186264514966e-03
-1.562500186264514966e-03
-1.562500186264514966e-03
-1.562500186264514966e-03
-1.562500186264514966e-03
-1.562500186264514966e-03
-1.562500186264514966e-03
-1.562500186264514966e-03
-1.562500186264514966e-03
-1.562500186264514966e-03
-1.562500186264514966e-03
-1.562500186264514966e-03
-1.562500186264514966e-03
-1.562500186264514966e-03
-1.562500186264514966e-03
-1.562500186264514966e-03
-1.562500186264514966e-03
-1.562500186264514966e-03
-1.562500186264514966e-03
-1.562500186264514966e-03
-1.562500186264514966e-03
-1.562500186264514966e-03
-1.562500186264514966e-03
-1.562500186264514966e-03
-1.562500186264514966e-03
-1.562500186264514966e-03
-1.562500186264514966e-03
-1.562500186264514966e-03
-1.562500186264514966e-03
-1.562500186264514966e-03
-1.562500186264514966e-03
-1.562500186264514966e-03
-1.562500186264514966e-03
-7.812500931322574832e-04
-7.812500931322574832e-04
-7.812500931322574832e-04
-7.812500931322574832e-04
-7.812500931322574832e-04
-7.812500931322574832e-04
-7.812500931322574832e-04
-7.812500931322574832e-04
-7.812500931322574832e-04
-7.812500931322574832e-04
-7.812500931322574832e-04
-7.812500931322574832e-04
-7.812500931322574832e-04
-7.812500931322574832e-04
-7.812500931322574832e-04
-7.812500931322574832e-04
-7.812500931322574832e-04
-7.812500931322574832e-04
-7.812500931322574832e-04
-7.812500931322574832e-04
-7.812500931322574832e-04
-7.812500931322574832e-04
-7.812500931322574832e-04
-7.812500931322574832e-04
-7.812500931322574832e-04
-7.812500931322574832e-04
-7.812500931322574832e-04
-7.812500931322574832e-04
-7.812500931322574832e-04
-7.812500931322574832e-04
-7.812500931322574832e-04
-7.812500931322574832e-04
-7.812500931322574832e-04
-7.812500931322574832e-04
-7.812500931322574832e-04
-7.812500931322574832e-04
-7.812500931322574832e-04
-7.812500931322574832e-04
-7.812500931322574832e-04
-7.812500931322574832e-04
-7.812500931322574832e-04
-7.812500931322574832e-04
-7.812500931322574832e-04
-7.812500931322574832e-04
-7.812500931322574832e-04
-7.812500931322574832e-04
-7.812500931322574832e-04
-7.812500931322574832e-04
-7.812500931322574832e-04
-7.812500931322574832e-04
-7.812500931322574832e-04
-7.812500931322574832e-04
-7.812500931322574832e-04
-7.812500931322574832e-04
-7.812500931322574832e-04
-7.812500931322574832e-04
-7.812500931322574832e-04
-7.812500931322574832e-04
-7.812500931322574832e-04
-7.812500931322574832e-04
-7.812500931322574832e-04
-7.812500931322574832e-04
-7.812500931322574832e-04
-7.812500931322574832e-04
-7.812500931322574832e-04
-7.812500931322574832e-04
-7.812500931322574832e-04
-7.812500931322574832e-04
-7.812500931322574832e-04
-1.562500186264514966e-03
-2.343750279396772558e-03
-2.343750279396772558e-03
-2.343750279396772558e-03
-2.343750279396772558e-03
-2.343750279396772558e-03
-2.343750279396772558e-03
-2.343750279396772558e-03
-2.343750279396772558e-03
-2.343750279396772558e-03
-2.343750279396772558e-03
-2.343750279396772558e-03
-1.562500186264514966e-03
-1.562500186264514966e-03
-1.562500186264514966e-03
-1.562500186264514966e-03
-1.562500186264514966e-03
-1.562500186264514966e-03
-1.562500186264514966e-03
-1.562500186264514966e-03
-1.562500186264514966e-03
-1.562500186264514966e-03
-1.562500186264514966e-03
-1.562500186264514966e-03
-1.562500186264514966e-03
-1.562500186264514966e-03
-1.562500186264514966e-03
-1.562500186264514966e-03
-1.562500186264514966e-03
-1.562500186264514966e-03
-1.562500186264514966e-03
-1.562500186264514966e-03
-1.562500186264514966e-03
-1.562500186264514966e-03
-1.562500186264514966e-03
-1.562500186264514966e-03
-1.562500186264514966e-03
-1.562500186264514966e-03
-1.562500186264514966e-03
-1.562500186264514966e-03
-1.562500186264514966e-03
-1.562500186264514966e-03
-1.562500186264514966e-03
-1.562500186264514966e-03
-1.562500186264514966e-03
-1.562500186264514966e-03
-1.562500186264514966e-03
-1.562500186264514966e-03
-1.562500186264514966e-03
-1.562500186264514966e-03
-1.562500186264514966e-03
-1.562500186264514966e-03
-1.562500186264514966e-03
-1.562500186264514966e-03
-1.562500186264514966e-03
-1.562500186264514966e-03
-1.562500186264514966e-03
-1.562500186264514966e-03
-1.562500186264514966e-03
-1.562500186264514966e-03
-1.562500186264514966e-03
-1.562500186264514966e-03
-1.562500186264514966e-03
-1.562500186264514966e-03
-1.562500186264514966e-03
-1.562500186264514966e-03
-1.562500186264514966e-03
-1.562500186264514966e-03
-1.562500186264514966e-03
-1.562500186264514966e-03
-1.562500186264514966e-03
-1.562500186264514966e-03
-1.562500186264514966e-03
-1.562500186264514966e-03
-1.562500186264514966e-03
-1.562500186264514966e-03
-1.562500186264514966e-03
-1.562500186264514966e-03
-1.562500186264514966e-03
-1.562500186264514966e-03
-7.812500931322574832e-04
0.000000000000000000e+00
0.000000000000000000e+00
0.000000000000000000e+00
0.000000000000000000e+00
0.000000000000000000e+00
0.000000000000000000e+00
0.000000000000000000e+00
0.000000000000000000e+00
0.000000000000000000e+00
0.000000000000000000e+00
0.000000000000000000e+00
0.000000000000000000e+00
0.000000000000000000e+00
0.000000000000000000e+00
0.000000000000000000e+00
0.000000000000000000e+00
0.000000000000000000e+00
0.000000000000000000e+00
0.000000000000000000e+00
0.000000000000000000e+00
0.000000000000000000e+00
0.000000000000000000e+00
0.000000000000000000e+00
0.000000000000000000e+00
0.000000000000000000e+00
0.000000000000000000e+00
0.000000000000000000e+00
0.000000000000000000e+00
0.000000000000000000e+00
0.000000000000000000e+00
0.000000000000000000e+00
0.000000000000000000e+00
-7.812500931322574832e-04
-7.812500931322574832e-04
-7.812500931322574832e-04
-7.812500931322574832e-04
-7.812500931322574832e-04
1.562500093132257418e-03
2.343750279396772558e-03
2.343750279396772558e-03
2.343750279396772558e-03
1.562500093132257418e-03
2.343750186264515010e-03
3.125000279396772385e-03
3.125000279396772385e-03
3.125000279396772385e-03
3.125000279396772385e-03
3.125000279396772385e-03
3.125000279396772385e-03
3.125000279396772385e-03
3.125000279396772385e-03
3.125000279396772385e-03
3.125000279396772385e-03
3.125000279396772385e-03
3.125000279396772385e-03
3.125000279396772385e-03
3.125000279396772385e-03
3.125000279396772385e-03
3.125000279396772385e-03
3.125000279396772385e-03
3.125000279396772385e-03
3.125000279396772385e-03
3.125000279396772385e-03
3.125000279396772385e-03
3.125000279396772385e-03
3.125000279396772385e-03
3.125000279396772385e-03
3.125000279396772385e-03
3.125000279396772385e-03
3.125000279396772385e-03
3.125000279396772385e-03
3.125000279396772385e-03
3.125000279396772385e-03
3.125000279396772385e-03
3.125000279396772385e-03
7.812500931322574832e-04
-9.313225746154785673e-11
-9.313225746154785673e-11
-9.313225746154785673e-11
-9.313225746154785673e-11
-9.313225746154785673e-11
-9.313225746154785673e-11
-9.313225746154785673e-11
-9.313225746154785673e-11
-9.313225746154785673e-11
-9.313225746154785673e-11
-9.313225746154785673e-11
-9.313225746154785673e-11
-9.313225746154785673e-11
-9.313225746154785673e-11
-9.313225746154785673e-11
-9.313225746154785673e-11
2.343750093132257462e-03
3.125000279396772385e-03
3.125000279396772385e-03
7.812500931322574832e-04
7.812500931322574832e-04
2.343750279396772558e-03
7.812500931322574832e-04
7.812500931322574832e-04
7.812500931322574832e-04
7.812500931322574832e-04
7.812500931322574832e-04
7.812500931322574832e-04
7.812500931322574832e-04
7.812500931322574832e-04
7.812500931322574832e-04
7.812500931322574832e-04
7.812500931322574832e-04
7.812500931322574832e-04
7.812500931322574832e-04
7.812500931322574832e-04
1.562500186264514966e-03
1.562500186264514966e-03
1.562500186264514966e-03
1.562500186264514966e-03
1.562500186264514966e-03
