9.367484092712402344e+00
9.601552963256835938e+00
9.127016067504882812e+00
9.428176879882812500e+00
1.013176059722900391e+01
9.018904685974121094e+00
1.006666469573974609e+01
9.181312561035156250e+00
5.162520408630371094e+00
3.903349876403808594e+00
1.878346085548400879e+00
8.567438721656799316e-01
5.967437028884887695e-01
2.098677396774291992e+00
1.689242243766784668e+00
1.723982810974121094e+00
1.764599561691284180e+00
1.141360282897949219e+00
1.431120991706848145e+00
1.649114131927490234e+00
1.132819056510925293e+00
1.356483936309814453e+00
1.229921698570251465e+00
2.356594800949096680e+00
2.073587656021118164e+00
1.877142310142517090e+00
6.352616548538208008e-01
1.588319897651672363e+00
2.033979177474975586e+00
1.367841362953186035e+00
1.931161403656005859e+00
9.750857353210449219e-01
9.836482405662536621e-01
1.718270063400268555e+00
9.029164314270019531e-01
9.498423933982849121e-01
1.054867029190063477e+00
2.125778913497924805e+00
1.943453311920166016e+00
9.609230160713195801e-01
7.510845065116882324e-01
1.432793736457824707e+00
1.553063154220581055e+00
1.057127833366394043e+00
1.462935209274291992e+00
9.669415354728698730e-01
1.079237818717956543e+00
1.484047770500183105e+00
8.470804095268249512e-01
2.104720830917358398e+00
1.289607405662536621e+00
1.178548932075500488e+00
1.295929193496704102e+00
1.979252219200134277e+00
2.145338296890258789e+00
1.605225920677185059e+00
1.676951646804809570e+00
1.118906855583190918e+00
9.440904259681701660e-01
1.145613670349121094e+00
1.414427042007446289e+00
8.517556190490722656e-01
8.963426947593688965e-01
1.329236745834350586e+00
2.102507829666137695e+00
9.712005257606506348e-01
5.454440116882324219e-01
1.357734680175781250e+00
1.882175683975219727e+00
1.740207910537719727e+00
2.037329673767089844e+00
1.859961748123168945e+00
1.618789792060852051e+00
1.247918009757995605e+00
8.779394626617431641e-01
7.814730405807495117e-01
9.237969517707824707e-01
1.297532916069030762e+00
1.135283827781677246e+00
1.364340901374816895e+00
1.753561019897460938e+00
6.118167042732238770e-01
1.258253097534179688e+00
1.669614553451538086e+00
1.547308325767517090e+00
1.228345274925231934e+00
7.754938006401062012e-01
1.713868856430053711e+00
1.124995231628417969e+00
1.793023347854614258e+00
1.793756842613220215e+00
1.921368598937988281e+00
1.077737689018249512e+00
1.087249875068664551e+00
1.508265495300292969e+00
1.658420443534851074e+00
1.113113999366760254e+00
9.374533891677856445e-01
2.481283903121948242e+00
1.127558350563049316e+00
1.603373050689697266e+00
1.064851522445678711e+00
1.546169042587280273e+00
2.108675479888916016e+00
2.175713777542114258e+00
1.096476435661315918e+00
9.923092722892761230e-01
1.415732979774475098e+00
1.250081181526184082e+00
9.190709590911865234e-01
1.556713461875915527e+00
8.028148412704467773e-01
1.407032251358032227e+00
8.896827697753906250e-01
6.612929105758666992e-01
1.088749647140502930e+00
1.550999045372009277e+00
8.042852282524108887e-01
9.257309436798095703e-01
8.812178969383239746e-01
6.856219172477722168e-01
9.033235907554626465e-01
8.370383977890014648e-01
1.615913629531860352e+00
1.234321951866149902e+00
1.229975461959838867e+00
1.872850894927978516e+00
1.800495624542236328e+00
1.087515592575073242e+00
1.256857156753540039e+00
7.771800756454467773e-01
1.521034002304077148e+00
1.393108844757080078e+00
1.516443014144897461e+00
1.491170763969421387e+00
1.631748795509338379e+00
7.831035256385803223e-01
2.021518945693969727e+00
1.189932346343994141e+00
9.722887873649597168e-01
1.483884692192077637e+00
1.005847096443176270e+00
8.295267224311828613e-01
1.021690130233764648e+00
1.066317796707153320e+00
1.600990533828735352e+00
2.143023490905761719e+00
7.674296498298645020e-01
1.141236066818237305e+00
2.250129222869873047e+00
5.261597037315368652e-01
2.034504413604736328e+00
2.130382537841796875e+00
1.520607471466064453e+00
1.727925062179565430e+00
6.128258109092712402e-01
1.621895313262939453e+00
1.684632539749145508e+00
8.648899197578430176e-01
9.250990152359008789e-01
8.762683868408203125e-01
1.350949168205261230e+00
1.711625695228576660e+00
2.073520183563232422e+00
1.476799845695495605e+00
1.367055773735046387e+00
2.407354593276977539e+00
1.402992486953735352e+00
1.463488340377807617e+00
1.923254013061523438e+00
1.189801573753356934e+00
2.002750635147094727e+00
1.911469221115112305e+00
7.715010643005371094e-01
1.069009542465209961e+00
1.983531355857849121e+00
1.027104258537292480e+00
1.056872010231018066e+00
1.464496970176696777e+00
1.486156821250915527e+00
1.204132437705993652e+00
8.612481355667114258e-01
1.918947219848632812e+00
1.782438993453979492e+00
6.546521186828613281e-02
1.149989843368530273e+00
1.602394104003906250e+00
6.092721819877624512e-01
1.313578367233276367e+00
2.073929548263549805e+00
1.112475275993347168e+00
5.642009377479553223e-01
1.540448904037475586e+00
1.770129084587097168e+00
8.627808094024658203e-01
1.235895872116088867e+00
5.963495373725891113e-01
1.199849128723144531e+00
2.056604146957397461e+00
9.927366375923156738e-01
2.107798576354980469e+00
1.814037561416625977e+00
1.051182508468627930e+00
1.695507407188415527e+00
1.961205363273620605e+00
1.122527718544006348e+00
1.367576122283935547e+00
6.515306234359741211e-01
2.045091629028320312e+00
1.272751331329345703e+00
4.545510411262512207e-01
1.052282571792602539e+00
1.388478994369506836e+00
1.445991516113281250e+00
1.399939298629760742e+00
1.178750395774841309e+00
1.128877758979797363e+00
1.427648186683654785e+00
2.336208105087280273e+00
1.251222014427185059e+00
1.223657011985778809e+00
9.685800671577453613e-01
8.460763692855834961e-01
1.592399835586547852e+00
1.151956915855407715e+00
1.723097681999206543e+00
1.511793732643127441e+00
1.664170265197753906e+00
1.664549469947814941e+00
6.639783382415771484e-01
9.224613308906555176e-01
1.422754168510437012e+00
1.165626168251037598e+00
1.445712924003601074e+00
1.317088723182678223e+00
1.074106097221374512e+00
2.195420026779174805e+00
2.161498069763183594e+00
1.928414344787597656e+00
2.427262783050537109e+00
6.954651474952697754e-01
1.913183808326721191e+00
1.916873335838317871e+00
7.316325902938842773e-01
2.355102062225341797e+00
6.698146462440490723e-01
1.044423699378967285e+00
1.471451759338378906e+00
1.267431139945983887e+00
1.574161887168884277e+00
1.946220040321350098e+00
7.110431194305419922e-01
7.304446697235107422e-01
1.773552060127258301e+00
1.212752819061279297e+00
1.361309051513671875e+00
1.506567955017089844e+00
5.300508141517639160e-01
2.007425308227539062e+00
2.315552711486816406e+00
1.811980247497558594e+00
1.780315756797790527e+00
1.602076530456542969e+00
8.387646675109863281e-01
1.335659503936767578e+00
1.501057863235473633e+00
1.429411411285400391e+00
2.003155469894409180e+00
1.475297689437866211e+00
1.668246269226074219e+00
1.777282595634460449e+00
1.538454174995422363e+00
1.285813808441162109e+00
1.363121390342712402e+00
1.589200615882873535e+00
1.177956819534301758e+00
1.354086518287658691e+00
1.187966823577880859e+00
2.260710954666137695e+00
1.351693272590637207e+00
1.093226194381713867e+00
2.381136417388916016e+00
2.250519037246704102e+00
1.149174332618713379e+00
1.589027285575866699e+00
1.721680402755737305e+00
1.320171117782592773e+00
1.636005163192749023e+00
4.573467671871185303e-01
5.144132375717163086e-01
1.765118718147277832e+00
1.494235754013061523e+00
9.272530674934387207e-01
1.908615946769714355e+00
1.512976288795471191e+00
1.343051433563232422e+00
1.272604584693908691e+00
9.247696399688720703e-01
2.037890434265136719e+00
1.063073277473449707e+00
1.625887036323547363e+00
2.554009437561035156e+00
7.589001059532165527e-01
1.447726249694824219e+00
2.381038427352905273e+00
9.369785189628601074e-01
1.622529745101928711e+00
1.023698925971984863e+00
7.417127490043640137e-01
1.678774595260620117e+00
1.230116963386535645e+00
1.257647156715393066e+00
1.686376333236694336e+00
1.686130404472351074e+00
1.308280587196350098e+00
1.151250720024108887e+00
9.004248380661010742e-01
1.786137223243713379e+00
1.288955211639404297e+00
9.921193122863769531e-01
2.231859683990478516e+00
7.139395475387573242e-01
8.034095764160156250e-01
1.923040866851806641e+00
4.652102589607238770e-01
1.430671930313110352e+00
2.219410657882690430e+00
1.199700951576232910e+00
1.599393844604492188e+00
1.950542330741882324e+00
8.936939835548400879e-01
7.148312330245971680e-01
8.783213496208190918e-01
1.212765693664550781e+00
2.248778581619262695e+00
2.770827710628509521e-01
5.865586400032043457e-01
1.510769844055175781e+00
6.063269972801208496e-01
7.083188891410827637e-01
1.128096222877502441e+00
1.421572208404541016e+00
8.053001761436462402e-01
1.501702070236206055e+00
1.637977600097656250e+00
2.027064561843872070e+00
1.756550788879394531e+00
1.135427355766296387e+00
1.540614485740661621e+00
1.891598701477050781e+00
2.190258026123046875e+00
1.132757544517517090e+00
1.348662853240966797e+00
2.329459905624389648e+00
1.758374214172363281e+00
1.405024409294128418e+00
1.488644599914550781e+00
7.096351981163024902e-01
1.091540336608886719e+00
1.198255300521850586e+00
7.284837365150451660e-01
1.061040759086608887e+00
1.311950087547302246e+00
5.100811719894409180e-01
1.233799457550048828e+00
9.937322735786437988e-01
1.080431938171386719e+00
1.422560930252075195e+00
2.830706238746643066e-01
1.419617176055908203e+00
2.683718681335449219e+00
6.725017428398132324e-01
2.579721927642822266e+00
5.129510164260864258e-01
1.774928569793701172e+00
2.003598451614379883e+00
7.892748713493347168e-01
1.541129946708679199e+00
1.826746940612792969e+00
9.150872230529785156e-01
1.517077684402465820e+00
1.229458570480346680e+00
2.196128517389297485e-01
1.599314808845520020e+00
1.380669593811035156e+00
1.144626975059509277e+00
1.499538064002990723e+00
2.420287370681762695e+00
1.033741474151611328e+00
1.236055016517639160e+00
2.309030532836914062e+00
2.054108858108520508e+00
1.239438176155090332e+00
1.643759489059448242e+00
2.330612182617187500e+00
4.576712846755981445e-01
6.929715275764465332e-01
2.409308433532714844e+00
7.319710254669189453e-01
1.132642269134521484e+00
1.278896450996398926e+00
1.406184077262878418e+00
2.135968208312988281e+00
6.142202019691467285e-01
9.279645681381225586e-01
1.384662747383117676e+00
1.239691600203514099e-01
1.497088313102722168e+00
1.543346762657165527e+00
7.508622109889984131e-02
7.898337244987487793e-01
9.983686804771423340e-01
8.632277250289916992e-01
1.379631519317626953e+00
1.205112218856811523e+00
1.094656944274902344e+00
1.786785364151000977e+00
2.028773546218872070e+00
1.000544071197509766e+00
9.322172403335571289e-01
1.934489369392395020e+00
1.012103438377380371e+00
1.766961097717285156e+00
1.384054064750671387e+00
1.029111504554748535e+00
1.793461918830871582e+00
2.644184231758117676e-02
1.009481549263000488e+00
1.782131314277648926e+00
9.054062962532043457e-01
8.555368781089782715e-01
1.870568513870239258e+00
1.703039765357971191e+00
1.159640431404113770e+00
1.092552185058593750e+00
5.387102365493774414e-01
1.760834097862243652e+00
1.520176529884338379e+00
1.347208976745605469e+00
1.707498788833618164e+00
8.637714982032775879e-01
1.443490624427795410e+00
2.097158432006835938e+00
7.776794433593750000e-01
8.306720852851867676e-01
1.291018843650817871e+00
9.382206201553344727e-01
4.191262125968933105e-01
8.677359223365783691e-01
1.869980573654174805e+00
1.833426713943481445e+00
1.943513631820678711e+00
1.469105839729309082e+00
1.886092305183410645e+00
1.503858327865600586e+00
4.573425650596618652e-01
1.579036116600036621e+00
7.791074514389038086e-01
1.147615671157836914e+00
1.212994575500488281e+00
1.927897334098815918e+00
1.332140922546386719e+00
1.760408401489257812e+00
1.296985387802124023e+00
1.941329956054687500e+00
2.162432432174682617e+00
4.625815153121948242e-01
1.068767905235290527e+00
1.316731572151184082e+00
7.420104742050170898e-01
1.040114641189575195e+00
5.658661127090454102e-01
1.854885220527648926e+00
1.072557926177978516e+00
2.371134996414184570e+00
1.518094539642333984e+00
9.873384833335876465e-01
2.043690681457519531e+00
3.324584364891052246e-01
9.269561767578125000e-01
6.955587863922119141e-01
1.210043787956237793e+00
1.628597855567932129e+00
1.154774069786071777e+00
1.473805427551269531e+00
2.088903188705444336e+00
1.934971332550048828e+00
1.838644146919250488e+00
1.428319573402404785e+00
2.002389430999755859e-01
9.801223874092102051e-01
1.776637315750122070e+00
1.375015377998352051e+00
1.244596719741821289e+00
1.866046667098999023e+00
5.549124479293823242e-01
9.047207832336425781e-01
1.536405801773071289e+00
1.739533841609954834e-01
1.808057904243469238e+00
1.522707700729370117e+00
-1.210528910160064697e-01
1.754197239875793457e+00
1.028909325599670410e+00
4.579127430915832520e-01
1.522931337356567383e+00
2.042341470718383789e+00
1.438378334045410156e+00
2.379690647125244141e+00
1.521873235702514648e+00
1.226404905319213867e+00
1.723280072212219238e+00
2.036730051040649414e+00
1.286907196044921875e+00
1.658132672309875488e+00
9.735110998153686523e-01
6.884038448333740234e-01
1.640588164329528809e+00
5.251329541206359863e-01
1.085130810737609863e+00
1.540563106536865234e+00
1.046001791954040527e+00
1.059862613677978516e+00
9.941890239715576172e-01
4.646333754062652588e-01
2.000953674316406250e+00
8.915240764617919922e-01
6.301309913396835327e-02
1.938269615173339844e+00
1.350731372833251953e+00
1.353026986122131348e+00
2.158201694488525391e+00
1.026175618171691895e+00
1.861351609230041504e+00
2.798375606536865234e+00
8.557512164115905762e-01
1.131583333015441895e+00
1.651100635528564453e+00
1.434337496757507324e+00
1.594936490058898926e+00
1.490520000457763672e+00
1.437893629074096680e+00
1.383782148361206055e+00
1.923000812530517578e+00
7.707092165946960449e-01
1.593352079391479492e+00
2.233648061752319336e+00
1.294215083122253418e+00
3.194101452827453613e-01
1.778591990470886230e+00
1.822593688964843750e+00
1.143697381019592285e+00
1.044725894927978516e+00
1.333445549011230469e+00
1.299557805061340332e+00
2.158722400665283203e+00
1.796035408973693848e+00
1.696616411209106445e+00
2.138128757476806641e+00
1.106628298759460449e+00
1.169266223907470703e+00
1.876232028007507324e+00
1.598048329353332520e+00
1.870193004608154297e+00
7.546612620353698730e-01
7.190844416618347168e-01
1.059919834136962891e+00
1.303018450736999512e+00
1.994979739189147949e+00
2.202251911163330078e+00
1.000994920730590820e+00
1.433550834655761719e+00
1.355519890785217285e+00
3.846299648284912109e-01
1.014531731605529785e+00
2.616652965545654297e+00
6.135390996932983398e-01
1.856281161308288574e+00
2.285856962203979492e+00
8.913349509239196777e-01
1.344207763671875000e+00
1.306272268295288086e+00
2.065424680709838867e+00
1.557844400405883789e+00
1.109918117523193359e+00
1.749139070510864258e+00
5.392075181007385254e-01
1.695351719856262207e+00
1.850292086601257324e+00
4.039851427078247070e-01
1.253055334091186523e+00
1.451538324356079102e+00
6.677084565162658691e-01
1.055763602256774902e+00
1.021871566772460938e+00
1.204103469848632812e+00
3.373963534832000732e-01
2.227310895919799805e+00
6.738107800483703613e-01
1.208309650421142578e+00
1.541528701782226562e+00
9.547001719474792480e-01
1.546541929244995117e+00
2.439982652664184570e+00
1.233887076377868652e+00
1.389930009841918945e+00
1.985382676124572754e+00
9.194137454032897949e-01
1.298005938529968262e+00
1.315252304077148438e+00
1.341069936752319336e+00
1.855810284614562988e+00
1.479991316795349121e+00
4.672795534133911133e-01
1.810538530349731445e+00
1.110356926918029785e+00
1.258018612861633301e+00
1.405373573303222656e+00
1.810379266738891602e+00
1.080152630805969238e+00
6.537563800811767578e-01
1.220782279968261719e+00
1.543501734733581543e+00
1.380634069442749023e+00
1.322856664657592773e+00
1.852529883384704590e+00
1.180373430252075195e+00
5.458365082740783691e-01
1.185166358947753906e+00
1.523264050483703613e+00
1.268491506576538086e+00
1.278000950813293457e+00
1.879999399185180664e+00
8.422154784202575684e-01
1.177955865859985352e+00
1.946346998214721680e+00
8.862907886505126953e-01
2.040593385696411133e+00
2.273032665252685547e+00
9.602637290954589844e-01
3.473938703536987305e-01
9.178335666656494141e-01
1.483847022056579590e+00
1.663931012153625488e+00
7.155163884162902832e-01
1.611542463302612305e+00
2.111263990402221680e+00
1.138844251632690430e+00
1.571538090705871582e+00
1.379218220710754395e+00
7.666952610015869141e-01
1.561039090156555176e+00
1.298804759979248047e+00
1.208864092826843262e+00
2.108452081680297852e+00
1.246016249060630798e-01
1.587617993354797363e+00
2.095361948013305664e+00
1.163273334503173828e+00
1.498372435569763184e+00
1.322293519973754883e+00
5.459213852882385254e-01
1.861297130584716797e+00
1.227779865264892578e+00
1.859289050102233887e+00
1.370047807693481445e+00
4.995031058788299561e-01
8.426113724708557129e-01
2.465960502624511719e+00
1.999725103378295898e+00
2.002683401107788086e+00
2.149349451065063477e+00
1.794345140457153320e+00
1.837651610374450684e+00
1.931120514869689941e+00
1.289366960525512695e+00
2.592083930969238281e+00
4.947077929973602295e-01
1.233422040939331055e+00
1.784208297729492188e+00
4.450480043888092041e-01
1.423216462135314941e+00
1.426457166671752930e+00
4.079159796237945557e-01
1.334329485893249512e+00
1.165677428245544434e+00
5.394957065582275391e-01
2.276224136352539062e+00
1.481309533119201660e+00
1.439072847366333008e+00
2.403346061706542969e+00
1.141979217529296875e+00
1.635417342185974121e+00
1.276221752166748047e+00
1.493730902671813965e+00
2.174970626831054688e+00
2.001421928405761719e+00
1.463143110275268555e+00
1.238323807716369629e+00
6.649060845375061035e-01
1.255279898643493652e+00
9.581152200698852539e-01
1.561773538589477539e+00
1.921870350837707520e+00
2.013583183288574219e+00
1.300971627235412598e+00
1.306685447692871094e+00
8.484745025634765625e-01
1.010295391082763672e+00
4.552068710327148438e-01
2.299790620803833008e+00
2.009807109832763672e+00
5.091765522956848145e-01
1.653053522109985352e+00
1.675202131271362305e+00
7.060483098030090332e-01
1.563384532928466797e+00
1.145040392875671387e+00
7.298558950424194336e-01
1.950798988342285156e+00
1.412607669830322266e+00
7.775774002075195312e-01
9.688577055931091309e-01
1.374396443367004395e+00
1.251744866371154785e+00
1.167517542839050293e+00
1.419973134994506836e+00
1.031803250312805176e+00
1.008488774299621582e+00
8.641242384910583496e-01
1.274008512496948242e+00
8.350765109062194824e-01
1.296555995941162109e+00
2.454403400421142578e+00
2.206750869750976562e+00
9.450513720512390137e-01
1.442984580993652344e+00
2.047635793685913086e+00
1.861142396926879883e+00
8.767902851104736328e-01
1.426226019859313965e+00
1.065050482749938965e+00
1.819050431251525879e+00
1.998676538467407227e+00
1.752807855606079102e+00
7.369384169578552246e-01
1.883833050727844238e+00
1.309813737869262695e+00
1.640349030494689941e+00
6.985412240028381348e-01
9.348388910293579102e-01
1.388337373733520508e+00
9.003280997276306152e-01
1.085340142250061035e+00
9.495946764945983887e-01
1.502897381782531738e+00
1.717932343482971191e+00
1.659247756004333496e+00
5.829755663871765137e-01
2.078250646591186523e+00
2.560048580169677734e+00
1.000390052795410156e+00
2.142141342163085938e+00
1.229337096214294434e+00
1.100690007209777832e+00
1.681992292404174805e+00
1.542912840843200684e+00
1.639721751213073730e+00
1.047586321830749512e+00
3.892565667629241943e-01
1.605242252349853516e+00
1.193866729736328125e+00
3.379685580730438232e-01
2.047244787216186523e+00
1.615381717681884766e+00
2.573852837085723877e-01
2.326140880584716797e+00
2.463982820510864258e+00
1.220074176788330078e+00
1.134745001792907715e+00
2.459259510040283203e+00
1.868762016296386719e+00
2.542623758316040039e+00
1.758945703506469727e+00
2.080286741256713867e+00
1.197135329246520996e+00
2.262505531311035156e+00
4.840416908264160156e-01
1.804603457450866699e+00
1.068092584609985352e+00
6.703569293022155762e-01
1.759855747222900391e+00
1.521417140960693359e+00
1.774023056030273438e+00
7.830547094345092773e-01
1.319708228111267090e+00
1.673516631126403809e+00
1.528043627738952637e+00
2.261465191841125488e-01
1.400249004364013672e+00
1.485359668731689453e+00
1.854473710060119629e+00
1.384118914604187012e+00
1.077506780624389648e+00
1.371363282203674316e+00
2.340098381042480469e+00
1.283747076988220215e+00
1.956197142601013184e+00
4.735491573810577393e-01
2.151216030120849609e+00
8.387706875801086426e-01
1.570123076438903809e+00
1.406989574432373047e+00
9.571197032928466797e-01
1.930622696876525879e+00
1.811493992805480957e+00
1.198628664016723633e+00
8.302332758903503418e-01
1.269504308700561523e+00
-1.076362505555152893e-01
1.468263626098632812e+00
1.590114474296569824e+00
7.982390522956848145e-01
1.378237485885620117e+00
1.981438398361206055e+00
8.653624057769775391e-01
1.969421386718750000e+00
1.416344881057739258e+00
1.157163858413696289e+00
2.178324222564697266e+00
8.123307228088378906e-01
1.013474464416503906e+00
1.430769324302673340e+00
1.366208195686340332e+00
8.762486577033996582e-01
9.584542512893676758e-01
1.497305989265441895e+00
1.807702183723449707e+00
1.046046257019042969e+00
1.338579773902893066e+00
2.042978763580322266e+00
1.865746736526489258e+00
9.924098253250122070e-01
1.050995111465454102e+00
1.811141610145568848e+00
2.207365989685058594e+00
3.174341320991516113e-01
2.040082931518554688e+00
2.246547222137451172e+00
1.187121868133544922e+00
2.187671661376953125e+00
1.925903558731079102e+00
5.006777644157409668e-01
2.092798948287963867e+00
2.116298198699951172e+00
8.604140281677246094e-01
1.114223122596740723e+00
5.007364153861999512e-01
1.049043178558349609e+00
2.009398698806762695e+00
1.652232646942138672e+00
8.475279211997985840e-01
1.358680129051208496e+00
1.323493123054504395e+00
1.806608557701110840e+00
1.304182767868041992e+00
1.391706347465515137e+00
1.584443211555480957e+00
1.008867383003234863e+00
1.503450989723205566e+00
9.543505907058715820e-01
2.127167701721191406e+00
1.994282126426696777e+00
1.177971959114074707e+00
2.060557603836059570e+00
1.678019881248474121e+00
1.174526929855346680e+00
1.472979187965393066e+00
1.898843288421630859e+00
8.197506070137023926e-01
5.011205673217773438e-01
2.119307279586791992e+00
2.691282927989959717e-01
1.019899010658264160e+00
1.487078070640563965e+00
1.534733653068542480e+00
1.044324159622192383e+00
1.659260272979736328e+00
1.494326591491699219e+00
1.035441875457763672e+00
8.431178331375122070e-01
1.980087637901306152e+00
2.587011814117431641e+00
1.907016873359680176e+00
2.389065027236938477e+00
2.266675233840942383e+00
1.373234629631042480e+00
1.914865016937255859e+00
2.126862764358520508e+00
1.659690856933593750e+00
2.262631177902221680e+00
1.638922691345214844e+00
1.627823591232299805e+00
2.024647951126098633e+00
1.270108580589294434e+00
1.942163705825805664e+00
1.930600285530090332e+00
1.212995290756225586e+00
7.399615645408630371e-01
1.900787949562072754e+00
1.642172932624816895e+00
1.015465259552001953e+00
8.882752060890197754e-01
1.276283621788024902e+00
2.077281951904296875e+00
5.575221180915832520e-01
1.972534656524658203e+00
2.100546360015869141e+00
1.905559659004211426e+00
2.532473564147949219e+00
1.508869647979736328e+00
1.485689043998718262e+00
5.183278322219848633e-01
8.152091503143310547e-01
1.026071310043334961e+00
1.491541862487792969e+00
1.038160324096679688e+00
2.570519685745239258e+00
1.292867779731750488e+00
1.988065004348754883e+00
2.137495040893554688e+00
1.289271950721740723e+00
1.346357107162475586e+00
1.632677316665649414e+00
1.534567236900329590e+00
1.813119888305664062e+00
1.696173429489135742e+00
4.664276540279388428e-01
2.290452718734741211e+00
2.379926443099975586e+00
2.045586109161376953e+00
2.051782131195068359e+00
1.693385601043701172e+00
1.433022618293762207e+00
1.598779439926147461e+00
1.775579690933227539e+00
1.462876319885253906e+00
1.956941008567810059e+00
1.022946119308471680e+00
1.978920102119445801e+00
2.040883064270019531e+00
1.923147797584533691e+00
8.932244181632995605e-01
1.670730113983154297e+00
8.920111656188964844e-01
9.888396263122558594e-01
1.295122385025024414e+00
9.899928569793701172e-01
1.153753876686096191e+00
1.207106232643127441e+00
1.449440121650695801e+00
2.615926742553710938e+00
1.938698172569274902e+00
1.615340232849121094e+00
1.531694531440734863e+00
2.640835523605346680e+00
1.499750733375549316e+00
2.158142089843750000e+00
2.002128124237060547e+00
2.511834859848022461e+00
1.278406262397766113e+00
1.516068339347839355e+00
1.200943946838378906e+00
5.129734277725219727e-01
1.376946926116943359e+00
2.123077392578125000e+00
1.506236910820007324e+00
2.979407548904418945e+00
1.800246953964233398e+00
1.919295072555541992e+00
2.205470800399780273e+00
1.613221168518066406e+00
1.802209138870239258e+00
1.706404089927673340e+00
1.408692955970764160e+00
1.852097153663635254e+00
1.670480132102966309e+00
8.076347112655639648e-01
2.050849199295043945e+00
1.824551701545715332e+00
1.094405412673950195e+00
1.585730791091918945e+00
9.059658646583557129e-01
2.483666896820068359e+00
1.342023253440856934e+00
2.207242727279663086e+00
1.848330974578857422e+00
2.510911226272583008e+00
1.777087092399597168e+00
2.506208419799804688e+00
1.055108785629272461e+00
2.223080992698669434e-01
1.774279475212097168e+00
8.021627068519592285e-01
1.640419840812683105e+00
1.572562813758850098e+00
7.131615281105041504e-01
7.626850008964538574e-01
2.007271051406860352e+00
1.107986569404602051e+00
1.842355847358703613e+00
1.236614346504211426e+00
3.501586019992828369e-01
2.555056095123291016e+00
1.571647882461547852e+00
1.546081900596618652e+00
1.679705500602722168e+00
1.360737919807434082e+00
2.345844030380249023e+00
2.295351028442382812e+00
1.955910086631774902e+00
1.827772617340087891e+00
1.602893471717834473e+00
5.746933221817016602e-01
2.862589836120605469e+00
1.793690800666809082e+00
1.768968820571899414e+00
1.921219587326049805e+00
1.352060914039611816e+00
1.547192096710205078e+00
2.204046964645385742e+00
1.437068819999694824e+00
2.030860424041748047e+00
2.079282045364379883e+00
1.888885140419006348e+00
1.273302435874938965e+00
1.615313053131103516e+00
1.445064067840576172e+00
2.383824348449707031e+00
1.917477726936340332e+00
1.785291314125061035e+00
1.123589158058166504e+00
2.844270229339599609e+00
1.147050738334655762e+00
1.796691894531250000e+00
1.558442831039428711e+00
1.481417655944824219e+00
2.273052215576171875e+00
2.129393577575683594e+00
1.041465044021606445e+00
1.718108415603637695e+00
2.434843778610229492e+00
1.672284007072448730e+00
2.266176462173461914e+00
2.417599439620971680e+00
1.825502157211303711e+00
2.291870594024658203e+00
2.130479335784912109e+00
1.556701540946960449e+00
1.639857053756713867e+00
1.289477109909057617e+00
1.172617316246032715e+00
1.706703066825866699e+00
1.658829331398010254e+00
2.917027235031127930e+00
1.014088153839111328e+00
1.551556229591369629e+00
1.625186800956726074e+00
1.037842035293579102e+00
2.321072340011596680e+00
1.923624753952026367e+00
9.557037949562072754e-01
2.078589916229248047e+00
1.362680315971374512e+00
1.941317796707153320e+00
2.370673179626464844e+00
2.331203460693359375e+00
1.257431149482727051e+00
2.379224300384521484e+00
2.514975309371948242e+00
1.814116239547729492e+00
1.821539282798767090e+00
1.386647939682006836e+00
1.146253824234008789e+00
2.175277233123779297e+00
1.733784675598144531e+00
1.455877423286437988e+00
1.938131332397460938e+00
1.763348340988159180e+00
1.675661563873291016e+00
2.200824022293090820e+00
1.585373997688293457e+00
1.481978058815002441e+00
1.511077165603637695e+00
2.236014604568481445e+00
2.231312036514282227e+00
1.702780723571777344e+00
2.618382215499877930e+00
2.243542194366455078e+00
9.529269337654113770e-01
1.644256949424743652e+00
1.538868427276611328e+00
2.157205104827880859e+00
1.383944392204284668e+00
1.316931009292602539e+00
2.651013851165771484e+00
1.220218658447265625e+00
1.673433423042297363e+00
1.682352900505065918e+00
2.458280801773071289e+00
2.292215108871459961e+00
1.489344477653503418e+00
2.087410926818847656e+00
1.635369420051574707e+00
1.487723588943481445e+00
2.227544069290161133e+00
2.332997798919677734e+00
1.167417764663696289e+00
1.994125247001647949e+00
2.591519117355346680e+00
1.355534195899963379e+00
1.902562379837036133e+00
1.812215447425842285e+00
1.209278345108032227e+00
3.027254581451416016e+00
2.606868267059326172e+00
2.182662010192871094e+00
2.475397586822509766e+00
1.282162308692932129e+00
1.281654596328735352e+00
2.177194833755493164e+00
1.410444855690002441e+00
1.410167574882507324e+00
2.033118963241577148e+00
7.132537961006164551e-01
1.519073963165283203e+00
2.035044670104980469e+00
1.457173824310302734e+00
1.624984860420227051e+00
2.197358131408691406e+00
1.244122147560119629e+00
2.157990217208862305e+00
1.672530770301818848e+00
1.329327106475830078e+00
1.211458563804626465e+00
2.529234170913696289e+00
2.366469621658325195e+00
2.185348749160766602e+00
9.664536714553833008e-01
1.328189611434936523e+00
2.054377794265747070e+00
1.024193286895751953e+00
1.720391631126403809e+00
2.191024303436279297e+00
1.004774212837219238e+00
2.542201757431030273e+00
2.498492479324340820e+00
1.204578042030334473e+00
1.884065866470336914e+00
1.295101404190063477e+00
4.859425723552703857e-01
1.695667147636413574e+00
1.386727571487426758e+00
1.323760151863098145e+00
2.321929931640625000e+00
2.648741006851196289e+00
2.076348304748535156e+00
2.461919546127319336e+00
2.273674011230468750e+00
1.505113482475280762e+00
1.186592817306518555e+00
1.810632705688476562e+00
1.952152490615844727e+00
1.976817846298217773e+00
2.063226699829101562e+00
9.576541185379028320e-01
2.516179561614990234e+00
1.965088725090026855e+00
1.656507730484008789e+00
1.286019325256347656e+00
1.856082916259765625e+00
1.485320478677749634e-01
2.634561061859130859e+00
2.710297822952270508e+00
7.900444269180297852e-01
2.504461526870727539e+00
1.882744431495666504e+00
1.939350128173828125e+00
3.129073858261108398e+00
2.945736169815063477e+00
1.282433867454528809e+00
2.157529830932617188e+00
2.618052482604980469e+00
8.857219815254211426e-01
1.894404172897338867e+00
1.289518117904663086e+00
1.232915401458740234e+00
2.478816509246826172e+00
2.002512454986572266e+00
8.489836454391479492e-01
2.115838766098022461e+00
2.674067258834838867e+00
3.157076120376586914e+00
1.542349696159362793e+00
1.665242314338684082e+00
2.899580955505371094e+00
3.266348123550415039e+00
2.371530532836914062e+00
1.108739972114562988e+00
2.129273176193237305e+00
2.487390756607055664e+00
1.938967227935791016e+00
1.924629926681518555e+00
2.063507080078125000e+00
2.065912723541259766e+00
2.776139497756958008e+00
1.611253380775451660e+00
2.299190998077392578e+00
1.302435874938964844e+00
1.970098018646240234e+00
2.645916461944580078e+00
2.371977090835571289e+00
2.455155134201049805e+00
1.908562541007995605e+00
2.885805845260620117e+00
2.852194070816040039e+00
1.269780158996582031e+00
1.726121187210083008e+00
1.445745825767517090e+00
2.079801082611083984e+00
1.626977324485778809e+00
1.731947302818298340e+00
1.668096661567687988e+00
2.010379552841186523e+00
2.944811344146728516e+00
2.652515649795532227e+00
2.588697433471679688e+00
2.610237121582031250e+00
2.857094287872314453e+00
2.647729158401489258e+00
2.070248603820800781e+00
2.137449026107788086e+00
1.945869207382202148e+00
2.517109870910644531e+00
2.141927242279052734e+00
1.949179291725158691e+00
2.783765077590942383e+00
2.246499538421630859e+00
1.882128119468688965e+00
3.324931621551513672e+00
2.385551214218139648e+00
1.644609808921813965e+00
1.825007081031799316e+00
2.586364269256591797e+00
3.377773046493530273e+00
3.041994094848632812e+00
2.491925954818725586e+00
2.509654998779296875e+00
2.778438568115234375e+00
2.103145599365234375e+00
2.707608699798583984e+00
1.307024955749511719e+00
1.371202349662780762e+00
2.281730413436889648e+00
1.654352426528930664e+00
1.632185339927673340e+00
1.679949164390563965e+00
1.656600475311279297e+00
2.586476564407348633e+00
1.587128758430480957e+00
1.351272463798522949e+00
2.554767370223999023e+00
7.771553397178649902e-01
1.706525921821594238e+00
2.393464565277099609e+00
1.819957852363586426e+00
2.166361570358276367e+00
2.169857263565063477e+00
2.539735794067382812e+00
1.209147095680236816e+00
2.964696168899536133e+00
2.074829816818237305e+00
2.130254507064819336e+00
2.616205453872680664e+00
3.101829528808593750e+00
2.306680202484130859e+00
2.508134841918945312e+00
2.419852495193481445e+00
2.472990274429321289e+00
2.416217803955078125e+00
2.175776958465576172e+00
2.152349948883056641e+00
2.269108772277832031e+00
1.925892829895019531e+00
2.918406248092651367e+00
2.016001462936401367e+00
2.230024337768554688e+00
2.057522773742675781e+00
2.269340515136718750e+00
2.413986206054687500e+00
2.803251266479492188e+00
1.860130906105041504e+00
1.821703672409057617e+00
1.388694882392883301e+00
2.387320280075073242e+00
2.286300182342529297e+00
1.625977993011474609e+00
2.901982307434082031e+00
2.601975917816162109e+00
1.615590810775756836e+00
9.625513553619384766e-01
3.287038564682006836e+00
2.994430065155029297e+00
1.953005552291870117e+00
2.563865661621093750e+00
1.924328327178955078e+00
3.348495960235595703e+00
1.753312945365905762e+00
2.655299186706542969e+00
1.871425867080688477e+00
1.952779531478881836e+00
1.176004290580749512e+00
2.371530294418334961e+00
2.724380254745483398e+00
1.646763920783996582e+00
2.482689857482910156e+00
1.687052249908447266e+00
2.371128797531127930e+00
1.575770616531372070e+00
2.108400106430053711e+00
1.891957402229309082e+00
1.664047718048095703e+00
2.052083730697631836e+00
2.478747844696044922e+00
2.970532655715942383e+00
1.459980130195617676e+00
2.107579469680786133e+00
2.783824443817138672e+00
1.410925149917602539e+00
1.310193300247192383e+00
2.236090660095214844e+00
2.987775087356567383e+00
1.854182004928588867e+00
2.047694683074951172e+00
2.464246988296508789e+00
3.171035528182983398e+00
1.964873433113098145e+00
1.911443233489990234e+00
2.606480836868286133e+00
3.330841302871704102e+00
2.623909473419189453e+00
1.554277062416076660e+00
2.212222337722778320e+00
2.236375570297241211e+00
2.531980037689208984e+00
2.084422826766967773e+00
2.310632467269897461e+00
3.187032938003540039e+00
2.473779678344726562e+00
1.893508434295654297e+00
2.789868593215942383e+00
1.973219871520996094e+00
2.806017637252807617e+00
2.686505556106567383e+00
2.573510646820068359e+00
2.445719480514526367e+00
1.356308579444885254e+00
2.985392570495605469e+00
2.155614852905273438e+00
1.956296324729919434e+00
1.773778796195983887e+00
2.627213478088378906e+00
3.142942667007446289e+00
2.165110349655151367e+00
2.651838779449462891e+00
3.006591320037841797e+00
2.637946128845214844e+00
1.992465496063232422e+00
2.175098896026611328e+00
2.782631635665893555e+00
2.434077978134155273e+00
2.452208518981933594e+00
2.965948343276977539e+00
2.115905046463012695e+00
2.681634187698364258e+00
1.578617930412292480e+00
2.403909444808959961e+00
1.608635663986206055e+00
2.560100078582763672e+00
3.123552322387695312e+00
2.273605585098266602e+00
2.346343517303466797e+00
2.782513618469238281e+00
2.499717235565185547e+00
1.990904688835144043e+00
1.583770275115966797e+00
3.556616783142089844e+00
2.796632528305053711e+00
1.569939970970153809e+00
2.257303714752197266e+00
3.471817731857299805e+00
2.539495229721069336e+00
2.987382173538208008e+00
3.737216472625732422e+00
2.589509010314941406e+00
2.333112716674804688e+00
2.254781961441040039e+00
3.363634347915649414e+00
2.735936880111694336e+00
1.872451186180114746e+00
2.057336330413818359e+00
3.077226638793945312e+00
1.804437518119812012e+00
2.648492097854614258e+00
2.269309043884277344e+00
3.575124263763427734e+00
2.657340526580810547e+00
2.144260168075561523e+00
1.191506624221801758e+00
2.451996088027954102e+00
3.026977539062500000e+00
3.302050828933715820e+00
2.314743041992187500e+00
2.953183412551879883e+00
2.020320177078247070e+00
2.758165836334228516e+00
2.350198507308959961e+00
2.514515399932861328e+00
2.867816925048828125e+00
2.198793172836303711e+00
2.089498281478881836e+00
3.119878530502319336e+00
3.018656969070434570e+00
3.238252162933349609e+00
2.633241176605224609e+00
1.517478227615356445e+00
3.002226591110229492e+00
3.904700994491577148e+00
2.730276823043823242e+00
2.343139648437500000e+00
3.038808107376098633e+00
3.251822948455810547e+00
2.992204666137695312e+00
2.667980194091796875e+00
2.407925367355346680e+00
3.038503885269165039e+00
2.452313899993896484e+00
3.202390670776367188e+00
2.159952163696289062e+00
3.252585411071777344e+00
2.843489170074462891e+00
2.213905811309814453e+00
2.819724321365356445e+00
3.393201112747192383e+00
3.448639154434204102e+00
2.679163694381713867e+00
2.376536130905151367e+00
2.698766708374023438e+00
1.626961231231689453e+00
2.344389200210571289e+00
2.944068670272827148e+00
2.899490594863891602e+00
1.040600657463073730e+00
2.312362909317016602e+00
3.692188739776611328e+00
3.436614751815795898e+00
3.045007705688476562e+00
3.181229591369628906e+00
3.590745210647583008e+00
3.871316671371459961e+00
3.451058387756347656e+00
3.708664894104003906e+00
3.324785232543945312e+00
2.343758344650268555e+00
2.894415855407714844e+00
2.018262624740600586e+00
3.473123788833618164e+00
2.674813270568847656e+00
1.832728862762451172e+00
2.565918922424316406e+00
2.755824327468872070e+00
2.166420221328735352e+00
3.496615171432495117e+00
3.532989978790283203e+00
3.078407049179077148e+00
3.364115238189697266e+00
2.995487928390502930e+00
4.295287609100341797e+00
4.219864368438720703e+00
3.971264600753784180e+00
3.418133735656738281e+00
2.947139739990234375e+00
3.357320070266723633e+00
2.768766164779663086e+00
4.004179954528808594e+00
3.324258089065551758e+00
2.487329483032226562e+00
2.973991394042968750e+00
3.993451595306396484e+00
3.480090379714965820e+00
2.687681913375854492e+00
3.614140987396240234e+00
2.593733310699462891e+00
2.610172986984252930e+00
4.077547073364257812e+00
3.048104524612426758e+00
2.307091474533081055e+00
1.889928936958312988e+00
2.640891551971435547e+00
3.272286891937255859e+00
2.381291151046752930e+00
2.836720466613769531e+00
2.561785459518432617e+00
2.289532184600830078e+00
3.326903581619262695e+00
2.593757629394531250e+00
3.720680236816406250e+00
3.202706813812255859e+00
1.770870327949523926e+00
3.464395999908447266e+00
3.836231946945190430e+00
2.602889060974121094e+00
2.668029546737670898e+00
2.252624034881591797e+00
3.071396827697753906e+00
2.922480821609497070e+00
2.413428783416748047e+00
3.641487360000610352e+00
2.697414636611938477e+00
3.544681549072265625e+00
2.060922145843505859e+00
2.856693983078002930e+00
3.335529088973999023e+00
4.190446853637695312e+00
4.195082187652587891e+00
2.908119678497314453e+00
3.623359203338623047e+00
3.849495649337768555e+00
4.095446586608886719e+00
4.146148681640625000e+00
3.468390941619873047e+00
2.996762990951538086e+00
3.006550550460815430e+00
4.005571365356445312e+00
2.711474180221557617e+00
3.044358968734741211e+00
2.842413663864135742e+00
2.908650636672973633e+00
3.172191619873046875e+00
3.365476846694946289e+00
3.148808479309082031e+00
3.043066740036010742e+00
3.215395212173461914e+00
2.293838977813720703e+00
3.885316371917724609e+00
2.451324224472045898e+00
2.794846296310424805e+00
2.470444917678833008e+00
2.641460895538330078e+00
3.466551542282104492e+00
3.530185461044311523e+00
4.299436092376708984e+00
3.630760192871093750e+00
1.701813697814941406e+00
2.730921268463134766e+00
2.884731054306030273e+00
3.778186321258544922e+00
2.714025974273681641e+00
4.112387180328369141e+00
3.478631973266601562e+00
3.161688327789306641e+00
3.996005296707153320e+00
3.471975088119506836e+00
3.878032684326171875e+00
2.952123880386352539e+00
2.451779365539550781e+00
3.648968696594238281e+00
2.713548183441162109e+00
3.849766016006469727e+00
4.292500019073486328e+00
3.535459518432617188e+00
4.091854095458984375e+00
3.153285741806030273e+00
3.588913917541503906e+00
3.167948722839355469e+00
3.710616588592529297e+00
2.514923572540283203e+00
2.621536254882812500e+00
3.544780254364013672e+00
3.428316593170166016e+00
3.490940570831298828e+00
3.360263586044311523e+00
2.089961767196655273e+00
2.806337594985961914e+00
2.820399761199951172e+00
2.852653980255126953e+00
2.038134813308715820e+00
3.510698080062866211e+00
2.965114593505859375e+00
2.724554538726806641e+00
3.176548242568969727e+00
2.786648988723754883e+00
2.679258108139038086e+00
3.852297306060791016e+00
3.127098798751831055e+00
3.148238182067871094e+00
2.956775426864624023e+00
2.410915136337280273e+00
2.751221418380737305e+00
4.331793308258056641e+00
3.620787382125854492e+00
2.333517789840698242e+00
3.017593860626220703e+00
2.843191146850585938e+00
3.843397378921508789e+00
3.320008754730224609e+00
2.621361017227172852e+00
3.016601562500000000e+00
1.918921828269958496e+00
3.096638202667236328e+00
3.383286476135253906e+00
4.063042640686035156e+00
4.429495811462402344e+00
3.340116977691650391e+00
3.264621973037719727e+00
3.535433530807495117e+00
3.385472297668457031e+00
3.299181461334228516e+00
3.984401226043701172e+00
2.252441406250000000e+00
2.478105545043945312e+00
3.624430179595947266e+00
3.478750467300415039e+00
2.382050752639770508e+00
2.291062593460083008e+00
2.438263416290283203e+00
2.861432075500488281e+00
3.645221710205078125e+00
3.263088464736938477e+00
3.309721708297729492e+00
2.890897750854492188e+00
2.286866903305053711e+00
2.896437644958496094e+00
3.586760520935058594e+00
2.671730518341064453e+00
1.891981482505798340e+00
2.882927417755126953e+00
3.411426067352294922e+00
3.519263029098510742e+00
2.665195226669311523e+00
2.963249206542968750e+00
4.493116855621337891e+00
3.669126272201538086e+00
3.730057001113891602e+00
3.134766817092895508e+00
2.277934074401855469e+00
2.404165029525756836e+00
2.861666679382324219e+00
3.679719209671020508e+00
2.745641708374023438e+00
2.268674373626708984e+00
2.999390602111816406e+00
3.359386920928955078e+00
2.816436290740966797e+00
3.179572343826293945e+00
2.393747091293334961e+00
3.025594472885131836e+00
3.379066944122314453e+00
3.028878688812255859e+00
3.810020923614501953e+00
3.934661626815795898e+00
2.944381237030029297e+00
3.654744625091552734e+00
3.331449747085571289e+00
2.651754856109619141e+00
2.794105291366577148e+00
2.621714353561401367e+00
3.175952196121215820e+00
2.743624210357666016e+00
3.600290060043334961e+00
4.125316619873046875e+00
3.834048271179199219e+00
3.093173503875732422e+00
2.166322469711303711e+00
2.936794519424438477e+00
3.461125612258911133e+00
3.008124589920043945e+00
3.408847570419311523e+00
3.393239259719848633e+00
2.649342060089111328e+00
3.035516262054443359e+00
3.803586483001708984e+00
2.973698616027832031e+00
2.433374881744384766e+00
2.304512023925781250e+00
3.133674144744873047e+00
3.323413133621215820e+00
2.887062311172485352e+00
2.883626699447631836e+00
3.057338953018188477e+00
2.168264389038085938e+00
4.010446548461914062e+00
4.624972820281982422e+00
3.397914886474609375e+00
3.250423908233642578e+00
2.764598131179809570e+00
3.987200021743774414e+00
3.384913206100463867e+00
4.490418434143066406e+00
3.295526981353759766e+00
3.746739625930786133e+00
3.922367811203002930e+00
3.900885343551635742e+00
4.466809749603271484e+00
3.485672473907470703e+00
2.776666641235351562e+00
2.883598089218139648e+00
4.145953178405761719e+00
3.542667865753173828e+00
3.679976463317871094e+00
3.683599948883056641e+00
3.032878875732421875e+00
2.753224372863769531e+00
4.219004631042480469e+00
3.159709215164184570e+00
1.912489771842956543e+00
3.235695600509643555e+00
2.963295459747314453e+00
3.021533250808715820e+00
4.234591960906982422e+00
3.437474250793457031e+00
3.482125759124755859e+00
3.681661844253540039e+00
3.879873275756835938e+00
4.115996837615966797e+00
3.756739139556884766e+00
2.944039583206176758e+00
2.484782457351684570e+00
2.766697645187377930e+00
3.530411720275878906e+00
3.419214010238647461e+00
3.143520832061767578e+00
3.626425743103027344e+00
3.402082920074462891e+00
4.022905349731445312e+00
4.940724849700927734e+00
3.554766893386840820e+00
3.359148502349853516e+00
3.277545690536499023e+00
4.046263694763183594e+00
4.337483406066894531e+00
4.085684776306152344e+00
3.682885408401489258e+00
3.223351478576660156e+00
3.447976827621459961e+00
3.759308576583862305e+00
3.260853290557861328e+00
3.382906198501586914e+00
2.683639287948608398e+00
2.547871112823486328e+00
3.980324029922485352e+00
3.781419277191162109e+00
3.817701578140258789e+00
3.020416498184204102e+00
2.360778093338012695e+00
3.278447151184082031e+00
3.565186500549316406e+00
3.056968927383422852e+00
2.104638338088989258e+00
3.237714529037475586e+00
3.126151323318481445e+00
3.597909450531005859e+00
4.214455127716064453e+00
3.830545425415039062e+00
4.552703380584716797e+00
4.568929672241210938e+00
4.077451705932617188e+00
5.184209346771240234e+00
4.367534160614013672e+00
3.575404405593872070e+00
2.957901000976562500e+00
3.304148197174072266e+00
3.649420976638793945e+00
4.157971858978271484e+00
3.397838354110717773e+00
2.822761297225952148e+00
3.610876321792602539e+00
3.737699985504150391e+00
5.058493614196777344e+00
4.280545711517333984e+00
3.492890119552612305e+00
3.982663631439208984e+00
3.617368221282958984e+00
4.979454517364501953e+00
4.482108592987060547e+00
4.195034980773925781e+00
3.438034772872924805e+00
4.003965377807617188e+00
3.387212276458740234e+00
4.258590221405029297e+00
4.129553794860839844e+00
4.338518619537353516e+00
2.387948274612426758e+00
3.600095510482788086e+00
4.558830738067626953e+00
3.973861455917358398e+00
4.162175655364990234e+00
3.681219100952148438e+00
4.387921810150146484e+00
3.494906902313232422e+00
4.479541778564453125e+00
2.856027841567993164e+00
2.557955026626586914e+00
4.283348560333251953e+00
3.879303455352783203e+00
4.005598545074462891e+00
4.670485973358154297e+00
4.091531276702880859e+00
4.615763187408447266e+00
4.383203983306884766e+00
3.945101976394653320e+00
4.353747367858886719e+00
4.514276504516601562e+00
2.511824369430541992e+00
3.935945034027099609e+00
3.925756216049194336e+00
2.672509670257568359e+00
2.407931089401245117e+00
3.240031003952026367e+00
3.755213499069213867e+00
3.557008981704711914e+00
4.490476131439208984e+00
3.725970268249511719e+00
4.010682582855224609e+00
4.108689785003662109e+00
4.650067329406738281e+00
4.913793563842773438e+00
3.971009016036987305e+00
3.306622982025146484e+00
4.203526020050048828e+00
3.685134887695312500e+00
3.573773860931396484e+00
3.484098434448242188e+00
2.878078699111938477e+00
4.478246688842773438e+00
4.487349033355712891e+00
4.142832279205322266e+00
4.036721706390380859e+00
2.593307018280029297e+00
3.640573263168334961e+00
3.841376543045043945e+00
2.596961975097656250e+00
2.429715156555175781e+00
4.094748497009277344e+00
4.578573226928710938e+00
5.127022743225097656e+00
3.966350317001342773e+00
3.590211391448974609e+00
4.905879020690917969e+00
3.776489973068237305e+00
4.015551090240478516e+00
4.806932926177978516e+00
4.197475433349609375e+00
4.335612297058105469e+00
5.469683170318603516e+00
5.122667312622070312e+00
4.549470901489257812e+00
4.681870937347412109e+00
4.276670932769775391e+00
4.772922515869140625e+00
5.301609516143798828e+00
4.538698196411132812e+00
2.463615179061889648e+00
3.403735399246215820e+00
3.130722284317016602e+00
3.540549755096435547e+00
4.218538284301757812e+00
3.619936943054199219e+00
4.212115287780761719e+00
4.609912395477294922e+00
4.475705623626708984e+00
4.429604530334472656e+00
2.522230863571166992e+00
3.472720146179199219e+00
3.833305835723876953e+00
3.368705272674560547e+00
3.096743583679199219e+00
4.234673023223876953e+00
3.833801031112670898e+00
3.225807428359985352e+00
4.390641212463378906e+00
4.076987266540527344e+00
4.673289299011230469e+00
4.240822315216064453e+00
3.453432559967041016e+00
3.938422918319702148e+00
4.042953491210937500e+00
4.148109912872314453e+00
4.398064136505126953e+00
3.951683521270751953e+00
3.277182102203369141e+00
3.741907358169555664e+00
3.856177568435668945e+00
4.054856300354003906e+00
3.981571197509765625e+00
3.955426692962646484e+00
5.026144027709960938e+00
4.851403713226318359e+00
4.466804981231689453e+00
3.730302572250366211e+00
4.193252563476562500e+00
4.361302852630615234e+00
5.424664497375488281e+00
4.604088783264160156e+00
4.689917564392089844e+00
4.744279861450195312e+00
3.724855899810791016e+00
4.208062648773193359e+00
3.374761581420898438e+00
2.706297159194946289e+00
3.470669507980346680e+00
4.104142665863037109e+00
4.947674751281738281e+00
3.820332288742065430e+00
3.422742843627929688e+00
3.770307540893554688e+00
4.770421981811523438e+00
3.342005491256713867e+00
3.733411312103271484e+00
4.356881141662597656e+00
4.796744823455810547e+00
4.304952621459960938e+00
3.173928260803222656e+00
3.449232816696166992e+00
3.805574655532836914e+00
4.103393077850341797e+00
3.944659233093261719e+00
3.388419628143310547e+00
4.138026714324951172e+00
4.120874881744384766e+00
4.306784629821777344e+00
2.549191713333129883e+00
3.598592996597290039e+00
4.213268756866455078e+00
4.325635910034179688e+00
4.401784420013427734e+00
4.097860813140869141e+00
4.263788700103759766e+00
4.566098690032958984e+00
4.001890182495117188e+00
4.400867938995361328e+00
4.728800773620605469e+00
4.746251106262207031e+00
2.945587396621704102e+00
3.600709915161132812e+00
4.405195713043212891e+00
3.876122951507568359e+00
3.330580711364746094e+00
4.076606750488281250e+00
4.793429374694824219e+00
4.320100784301757812e+00
2.686748027801513672e+00
4.652962207794189453e+00
4.411952018737792969e+00
3.913269758224487305e+00
3.478807687759399414e+00
4.585178375244140625e+00
4.390299320220947266e+00
5.182082653045654297e+00
4.739919662475585938e+00
2.165067434310913086e+00
3.074549436569213867e+00
3.649474620819091797e+00
4.273956775665283203e+00
3.816283226013183594e+00
3.089938879013061523e+00
4.827422618865966797e+00
3.710986852645874023e+00
3.258794546127319336e+00
3.503052473068237305e+00
3.672643423080444336e+00
4.662986755371093750e+00
4.364966392517089844e+00
3.291636705398559570e+00
3.972484588623046875e+00
4.881307125091552734e+00
4.529835224151611328e+00
3.124038457870483398e+00
3.626436948776245117e+00
3.557125091552734375e+00
3.607014656066894531e+00
4.272639274597167969e+00
4.069997310638427734e+00
3.722090244293212891e+00
4.663468837738037109e+00
4.002841472625732422e+00
5.341242313385009766e+00
4.843926429748535156e+00
3.855161190032958984e+00
5.160677433013916016e+00
4.857242584228515625e+00
4.222085952758789062e+00
3.786139249801635742e+00
4.124609947204589844e+00
3.943341016769409180e+00
5.779382228851318359e+00
4.361936569213867188e+00
4.103526115417480469e+00
4.992895126342773438e+00
5.325422763824462891e+00
4.797315120697021484e+00
5.582584381103515625e+00
5.258140563964843750e+00
4.220442295074462891e+00
4.691385746002197266e+00
4.441606521606445312e+00
5.100758552551269531e+00
5.420238018035888672e+00
4.514704704284667969e+00
4.500685214996337891e+00
3.531846284866333008e+00
4.318263530731201172e+00
4.184679031372070312e+00
4.649359226226806641e+00
5.569143295288085938e+00
4.506993770599365234e+00
3.995605230331420898e+00
4.060993671417236328e+00
4.398339271545410156e+00
4.454254627227783203e+00
4.214178085327148438e+00
4.411522388458251953e+00
5.661065101623535156e+00
4.336755752563476562e+00
4.619293212890625000e+00
4.045513153076171875e+00
4.020264148712158203e+00
3.896872043609619141e+00
4.357409477233886719e+00
5.875108718872070312e+00
4.244605541229248047e+00
5.011708259582519531e+00
4.447768688201904297e+00
3.641719818115234375e+00
5.778276920318603516e+00
4.542678356170654297e+00
4.257721424102783203e+00
5.188774108886718750e+00
4.829894065856933594e+00
5.378632068634033203e+00
5.648328304290771484e+00
4.669553756713867188e+00
4.812572479248046875e+00
5.073994159698486328e+00
4.728742122650146484e+00
6.028811931610107422e+00
4.616364479064941406e+00
3.521191835403442383e+00
6.203539371490478516e+00
4.626377582550048828e+00
4.054894447326660156e+00
4.823622226715087891e+00
4.801855564117431641e+00
4.444123744964599609e+00
5.514297008514404297e+00
5.589615821838378906e+00
4.894474029541015625e+00
5.125510215759277344e+00
4.547163486480712891e+00
4.913712501525878906e+00
4.789956569671630859e+00
4.886734485626220703e+00
5.166024208068847656e+00
4.269370555877685547e+00
5.516242027282714844e+00
4.468854427337646484e+00
5.267992496490478516e+00
5.136597156524658203e+00
4.920251369476318359e+00
5.365206718444824219e+00
4.219614028930664062e+00
4.370326519012451172e+00
4.902241230010986328e+00
5.900799751281738281e+00
5.424060821533203125e+00
5.108592510223388672e+00
5.685630798339843750e+00
5.896221160888671875e+00
3.860565662384033203e+00
4.685688972473144531e+00
4.357494831085205078e+00
4.818504333496093750e+00
5.566180229187011719e+00
4.651868343353271484e+00
3.965053796768188477e+00
5.518794059753417969e+00
3.891472339630126953e+00
4.992449760437011719e+00
5.446622848510742188e+00
5.297751903533935547e+00
5.996265411376953125e+00
5.895822048187255859e+00
4.570202827453613281e+00
5.946961402893066406e+00
4.883295536041259766e+00
5.840960979461669922e+00
6.066337108612060547e+00
4.733221530914306641e+00
4.962676048278808594e+00
4.915887832641601562e+00
4.518114089965820312e+00
4.996075153350830078e+00
6.169542789459228516e+00
5.067415237426757812e+00
5.127120018005371094e+00
5.620738029479980469e+00
6.324274539947509766e+00
5.779160976409912109e+00
5.307798385620117188e+00
3.837410449981689453e+00
4.861083030700683594e+00
5.724760532379150391e+00
5.352172374725341797e+00
5.230257987976074219e+00
4.903593540191650391e+00
3.765072107315063477e+00
6.352392196655273438e+00
5.714068412780761719e+00
4.957180976867675781e+00
5.245569705963134766e+00
5.740327358245849609e+00
6.294660091400146484e+00
5.820937156677246094e+00
5.612739562988281250e+00
4.737433433532714844e+00
5.365711212158203125e+00
6.672526359558105469e+00
4.666815280914306641e+00
4.793702602386474609e+00
4.751677989959716797e+00
4.884382247924804688e+00
5.243179321289062500e+00
4.770114898681640625e+00
4.958824157714843750e+00
6.565926551818847656e+00
5.943397998809814453e+00
5.066445827484130859e+00
6.266965866088867188e+00
5.298416137695312500e+00
5.241477012634277344e+00
6.429193496704101562e+00
5.784614086151123047e+00
5.585905551910400391e+00
5.822884082794189453e+00
6.516713142395019531e+00
6.362999916076660156e+00
5.339725017547607422e+00
6.533817768096923828e+00
4.678148269653320312e+00
6.030166149139404297e+00
7.048695564270019531e+00
5.085803985595703125e+00
5.589344501495361328e+00
6.180559158325195312e+00
5.984820365905761719e+00
5.157878398895263672e+00
6.301200866699218750e+00
5.502502918243408203e+00
5.029257774353027344e+00
5.191258907318115234e+00
5.777871608734130859e+00
6.461634159088134766e+00
6.050682067871093750e+00
4.923231124877929688e+00
4.822986125946044922e+00
6.839146137237548828e+00
6.412889957427978516e+00
6.262033462524414062e+00
6.511338233947753906e+00
6.310640335083007812e+00
6.134534835815429688e+00
7.728857517242431641e+00
6.290826320648193359e+00
6.764191627502441406e+00
6.132260799407958984e+00
6.489342212677001953e+00
5.986233711242675781e+00
6.277643203735351562e+00
6.680544376373291016e+00
6.705698013305664062e+00
6.600201606750488281e+00
6.488092422485351562e+00
6.367180347442626953e+00
6.312623977661132812e+00
5.147638320922851562e+00
6.721541404724121094e+00
7.825682163238525391e+00
5.322015285491943359e+00
6.259738445281982422e+00
6.347290039062500000e+00
4.956088542938232422e+00
6.331404685974121094e+00
6.531530857086181641e+00
5.409040927886962891e+00
6.791196823120117188e+00
6.276696205139160156e+00
7.144868373870849609e+00
5.902603149414062500e+00
5.812350749969482422e+00
7.182650566101074219e+00
6.477346897125244141e+00
6.675271511077880859e+00
5.804931640625000000e+00
5.498687744140625000e+00
5.053002357482910156e+00
6.742242813110351562e+00
6.117887496948242188e+00
6.365524291992187500e+00
6.849844932556152344e+00
6.130404472351074219e+00
5.499353885650634766e+00
7.175918102264404297e+00
6.817151546478271484e+00
7.086091041564941406e+00
6.015347480773925781e+00
6.285078048706054688e+00
6.038534641265869141e+00
7.374836921691894531e+00
7.299632549285888672e+00
7.642856597900390625e+00
6.924795150756835938e+00
6.921184539794921875e+00
6.454999446868896484e+00
6.005327224731445312e+00
5.348266601562500000e+00
7.714859962463378906e+00
6.372928619384765625e+00
6.482476234436035156e+00
7.229249477386474609e+00
7.203998565673828125e+00
6.138679504394531250e+00
6.590041637420654297e+00
7.776786327362060547e+00
8.003234863281250000e+00
7.629425525665283203e+00
7.538647174835205078e+00
6.538150787353515625e+00
7.507007122039794922e+00
5.901103019714355469e+00
5.652619838714599609e+00
6.620271205902099609e+00
7.017026901245117188e+00
6.751332759857177734e+00
7.365242004394531250e+00
7.520171642303466797e+00
7.516096591949462891e+00
5.962753295898437500e+00
6.368277549743652344e+00
6.669907569885253906e+00
7.351736545562744141e+00
6.782688617706298828e+00
6.589389324188232422e+00
6.193940162658691406e+00
7.444272994995117188e+00
7.110043048858642578e+00
6.364222526550292969e+00
6.100440025329589844e+00
6.658384323120117188e+00
5.518256187438964844e+00
6.667010784149169922e+00
6.548378944396972656e+00
6.636028766632080078e+00
6.394510746002197266e+00
6.847748279571533203e+00
5.487685203552246094e+00
5.767032623291015625e+00
7.059276103973388672e+00
6.242234706878662109e+00
6.505864620208740234e+00
7.207747459411621094e+00
6.094760417938232422e+00
7.161115169525146484e+00
6.954891204833984375e+00
6.015237808227539062e+00
5.800564765930175781e+00
6.006521701812744141e+00
5.769095897674560547e+00
5.996447563171386719e+00
5.401751518249511719e+00
6.084624767303466797e+00
6.223739624023437500e+00
5.631337642669677734e+00
7.288437843322753906e+00
7.263055801391601562e+00
6.219401359558105469e+00
6.180272579193115234e+00
5.669554710388183594e+00
7.324086189270019531e+00
7.837967872619628906e+00
6.338847160339355469e+00
5.505137920379638672e+00
7.325453281402587891e+00
6.664511680603027344e+00
6.943288803100585938e+00
6.492703437805175781e+00
5.214657306671142578e+00
5.885044574737548828e+00
6.475246429443359375e+00
4.956069946289062500e+00
5.518478393554687500e+00
5.792605876922607422e+00
5.727705478668212891e+00
5.971303462982177734e+00
6.002467632293701172e+00
5.909108638763427734e+00
4.857827186584472656e+00
8.145138740539550781e+00
6.438353538513183594e+00
5.862764835357666016e+00
6.975223541259765625e+00
7.035397529602050781e+00
7.353634357452392578e+00
7.256503105163574219e+00
7.781618595123291016e+00
6.763714790344238281e+00
6.413271903991699219e+00
7.888679504394531250e+00
5.746992588043212891e+00
6.481290340423583984e+00
6.645540237426757812e+00
5.729610919952392578e+00
6.107655048370361328e+00
7.567894935607910156e+00
6.510321617126464844e+00
7.296541213989257812e+00
7.403440475463867188e+00
7.829270839691162109e+00
6.915134906768798828e+00
8.125675201416015625e+00
7.178582191467285156e+00
8.547375679016113281e+00
7.393519878387451172e+00
8.550178527832031250e+00
7.099326610565185547e+00
7.295587062835693359e+00
8.249578475952148438e+00
7.278046607971191406e+00
7.150944709777832031e+00
6.364182949066162109e+00
7.206840038299560547e+00
6.940353393554687500e+00
6.325209617614746094e+00
6.128366470336914062e+00
5.737922668457031250e+00
6.606211185455322266e+00
6.588006019592285156e+00
7.525184154510498047e+00
7.967367172241210938e+00
7.139981269836425781e+00
7.063417911529541016e+00
6.535284519195556641e+00
7.268865108489990234e+00
6.269618511199951172e+00
6.465672969818115234e+00
7.370375633239746094e+00
6.986982345581054688e+00
6.708995819091796875e+00
6.990807533264160156e+00
6.131052494049072266e+00
7.416837215423583984e+00
7.130171298980712891e+00
7.022222042083740234e+00
6.385684013366699219e+00
6.972825050354003906e+00
7.046658992767333984e+00
6.862040042877197266e+00
5.266445636749267578e+00
6.554912567138671875e+00
6.387920856475830078e+00
6.171675682067871094e+00
7.596044063568115234e+00
6.336365222930908203e+00
7.624653816223144531e+00
6.916920661926269531e+00
6.069332122802734375e+00
7.269762992858886719e+00
7.375022888183593750e+00
7.394289016723632812e+00
7.072045326232910156e+00
6.835817813873291016e+00
6.581778049468994141e+00
7.942692279815673828e+00
6.794720649719238281e+00
7.479897022247314453e+00
8.554306983947753906e+00
8.007345199584960938e+00
8.200677871704101562e+00
7.443086147308349609e+00
6.555825233459472656e+00
6.598473072052001953e+00
7.687371253967285156e+00
7.086527824401855469e+00
5.447035789489746094e+00
6.781617164611816406e+00
7.156156539916992188e+00
5.941740989685058594e+00
6.495598316192626953e+00
7.474590778350830078e+00
8.134230613708496094e+00
7.455399513244628906e+00
8.107662200927734375e+00
6.282251358032226562e+00
6.701059818267822266e+00
7.758222103118896484e+00
7.585338592529296875e+00
8.265160560607910156e+00
7.757982254028320312e+00
7.827279090881347656e+00
8.473783493041992188e+00
8.534754753112792969e+00
7.366376399993896484e+00
8.011482238769531250e+00
6.674133300781250000e+00
7.005946159362792969e+00
7.376623630523681641e+00
6.422291755676269531e+00
8.193802833557128906e+00
8.218758583068847656e+00
6.671203613281250000e+00
8.252271652221679688e+00
7.864305496215820312e+00
7.069993019104003906e+00
8.214694023132324219e+00
8.875862121582031250e+00
7.333033561706542969e+00
7.645400524139404297e+00
6.909428119659423828e+00
6.904870033264160156e+00
7.459150314331054688e+00
7.810379981994628906e+00
8.139087677001953125e+00
8.906141281127929688e+00
7.929546833038330078e+00
8.246652603149414062e+00
8.320694923400878906e+00
6.891212940216064453e+00
8.293831825256347656e+00
7.196621417999267578e+00
7.009294986724853516e+00
6.563199996948242188e+00
7.962235450744628906e+00
8.606110572814941406e+00
8.080101013183593750e+00
8.434891700744628906e+00
8.588776588439941406e+00
7.670448303222656250e+00
8.453240394592285156e+00
8.016528129577636719e+00
7.889030933380126953e+00
6.838908672332763672e+00
5.873443126678466797e+00
9.097229003906250000e+00
8.231283187866210938e+00
8.334228515625000000e+00
9.348231315612792969e+00
8.521630287170410156e+00
8.224989891052246094e+00
7.965781688690185547e+00
8.502397537231445312e+00
6.745824337005615234e+00
8.513950347900390625e+00
7.273440837860107422e+00
7.597846984863281250e+00
9.022116661071777344e+00
8.909895896911621094e+00
7.468686103820800781e+00
7.481394767761230469e+00
7.175722599029541016e+00
7.753471374511718750e+00
8.832580566406250000e+00
8.643384933471679688e+00
7.922420978546142578e+00
8.475781440734863281e+00
8.666029930114746094e+00
7.321167945861816406e+00
6.794188022613525391e+00
9.423246383666992188e+00
8.089956283569335938e+00
7.329990863800048828e+00
7.422032356262207031e+00
8.379296302795410156e+00
9.489892005920410156e+00
9.241859436035156250e+00
7.926334857940673828e+00
9.162772178649902344e+00
8.452479362487792969e+00
8.137560844421386719e+00
8.283911705017089844e+00
9.247246742248535156e+00
7.892397880554199219e+00
8.783625602722167969e+00
9.871056556701660156e+00
9.564114570617675781e+00
8.476324081420898438e+00
8.610258102416992188e+00
7.988061428070068359e+00
1.028148555755615234e+01
9.708940505981445312e+00
8.562444686889648438e+00
8.521441459655761719e+00
8.779066085815429688e+00
8.704523086547851562e+00
1.001700019836425781e+01
9.002490997314453125e+00
8.422967910766601562e+00
8.919310569763183594e+00
8.837622642517089844e+00
9.107480049133300781e+00
1.024488353729248047e+01
9.507937431335449219e+00
8.322026252746582031e+00
8.158651351928710938e+00
8.436586380004882812e+00
8.785302162170410156e+00
8.473654747009277344e+00
9.060727119445800781e+00
1.028299045562744141e+01
1.014744663238525391e+01
9.121598243713378906e+00
1.037268352508544922e+01
8.811975479125976562e+00
8.239234924316406250e+00
8.286938667297363281e+00
9.541368484497070312e+00
8.165081977844238281e+00
8.183995246887207031e+00
8.524183273315429688e+00
8.606951713562011719e+00
9.054079055786132812e+00
9.669013023376464844e+00
1.035268306732177734e+01
9.745592117309570312e+00
1.046106433868408203e+01
9.316496849060058594e+00
9.313676834106445312e+00
9.461072921752929688e+00
1.092396926879882812e+01
1.032604789733886719e+01
1.022408199310302734e+01
8.275362968444824219e+00
1.009971427917480469e+01
9.983168601989746094e+00
9.446590423583984375e+00
9.319342613220214844e+00
9.468496322631835938e+00
8.254367828369140625e+00
9.242128372192382812e+00
9.103203773498535156e+00
8.446030616760253906e+00
1.013369083404541016e+01
9.596961021423339844e+00
1.032161331176757812e+01
9.458881378173828125e+00
1.003291320800781250e+01
9.845746040344238281e+00
9.686602592468261719e+00
9.072491645812988281e+00
8.766086578369140625e+00
7.888502597808837891e+00
1.022472667694091797e+01
9.137725830078125000e+00
9.109479904174804688e+00
9.077054023742675781e+00
8.357645988464355469e+00
1.056288242340087891e+01
1.019009971618652344e+01
8.660468101501464844e+00
9.031637191772460938e+00
9.407749176025390625e+00
1.018270015716552734e+01
9.527872085571289062e+00
1.106841659545898438e+01
1.013700485229492188e+01
9.307601928710937500e+00
9.336972236633300781e+00
9.251937866210937500e+00
9.723662376403808594e+00
9.918679237365722656e+00
9.046671867370605469e+00
9.258246421813964844e+00
8.894508361816406250e+00
9.420678138732910156e+00
8.954195976257324219e+00
9.915987014770507812e+00
8.997125625610351562e+00
9.328005790710449219e+00
1.010109901428222656e+01
1.028694248199462891e+01
8.933796882629394531e+00
1.060400962829589844e+01
1.033736610412597656e+01
9.359572410583496094e+00
9.053419113159179688e+00
1.024193286895751953e+01
1.002343654632568359e+01
9.668416023254394531e+00
9.483398437500000000e+00
1.037287521362304688e+01
9.350984573364257812e+00
9.019234657287597656e+00
1.109856128692626953e+01
9.456016540527343750e+00
9.860388755798339844e+00
9.984978675842285156e+00
1.021989536285400391e+01
9.942789077758789062e+00
1.031722927093505859e+01
1.017819213867187500e+01
9.190491676330566406e+00
1.033903598785400391e+01
9.596834182739257812e+00
9.389930725097656250e+00
9.619053840637207031e+00
8.706936836242675781e+00
1.072066783905029297e+01
9.368674278259277344e+00
1.014746475219726562e+01
9.384280204772949219e+00
9.516894340515136719e+00
1.021380805969238281e+01
9.738049507141113281e+00
9.904630661010742188e+00
1.095507621765136719e+01
9.823530197143554688e+00
1.020285415649414062e+01
9.514624595642089844e+00
1.001426315307617188e+01
9.482372283935546875e+00
1.054581356048583984e+01
1.027346611022949219e+01
1.029689598083496094e+01
1.006447029113769531e+01
9.815484046936035156e+00
9.845323562622070312e+00
9.385164260864257812e+00
9.915345191955566406e+00
1.056639003753662109e+01
1.006664466857910156e+01
9.160219192504882812e+00
1.068269252777099609e+01
1.064698028564453125e+01
1.004995727539062500e+01
9.478048324584960938e+00
9.841235160827636719e+00
1.036928081512451172e+01
9.658664703369140625e+00
1.079047393798828125e+01
8.787879943847656250e+00
1.038850212097167969e+01
1.005909252166748047e+01
9.399504661560058594e+00
1.014666080474853516e+01
9.964911460876464844e+00
1.096341419219970703e+01
9.609912872314453125e+00
9.678453445434570312e+00
9.045948028564453125e+00
1.023476886749267578e+01
9.543863296508789062e+00
9.971742630004882812e+00
1.065021133422851562e+01
1.021069335937500000e+01
9.461933135986328125e+00
1.003447532653808594e+01
9.907994270324707031e+00
1.070901107788085938e+01
9.886402130126953125e+00
9.779441833496093750e+00
1.077856445312500000e+01
1.001907444000244141e+01
1.050476932525634766e+01
1.063995265960693359e+01
1.026769065856933594e+01
9.736801147460937500e+00
1.026782226562500000e+01
1.004287147521972656e+01
1.075921440124511719e+01
1.035843753814697266e+01
1.044526386260986328e+01
1.029853534698486328e+01
9.667944908142089844e+00
1.006870555877685547e+01
1.115931701660156250e+01
1.034611129760742188e+01
1.039748382568359375e+01
9.531489372253417969e+00
9.327687263488769531e+00
1.030797481536865234e+01
1.003863334655761719e+01
1.010486793518066406e+01
1.067391490936279297e+01
1.031563949584960938e+01
9.789622306823730469e+00
1.015187931060791016e+01
9.547324180603027344e+00
9.634644508361816406e+00
9.992881774902343750e+00
1.037549877166748047e+01
9.462882041931152344e+00
1.019698333740234375e+01
1.012658691406250000e+01
9.911612510681152344e+00
1.021968555450439453e+01
1.094806957244873047e+01
9.340883255004882812e+00
1.058206939697265625e+01
9.822754859924316406e+00
9.929397583007812500e+00
9.800179481506347656e+00
1.057296371459960938e+01
1.020883274078369141e+01
9.865990638732910156e+00
9.764422416687011719e+00
1.012301349639892578e+01
1.034618377685546875e+01
9.893774032592773438e+00
1.018205356597900391e+01
9.916538238525390625e+00
9.713363647460937500e+00
9.956629753112792969e+00
1.035212135314941406e+01
9.887370109558105469e+00
1.025210380554199219e+01
9.925783157348632812e+00
9.904416084289550781e+00
1.056363964080810547e+01
9.707996368408203125e+00
9.872232437133789062e+00
9.824096679687500000e+00
9.821202278137207031e+00
9.811219215393066406e+00
9.744487762451171875e+00
9.931906700134277344e+00
9.863892555236816406e+00
1.037557888031005859e+01
9.928213119506835938e+00
1.025436687469482422e+01
9.881053924560546875e+00
9.891278266906738281e+00
9.794262886047363281e+00
9.699201583862304688e+00
9.853513717651367188e+00
1.016627407073974609e+01
9.763557434082031250e+00
1.023789405822753906e+01
1.000466537475585938e+01
1.029146385192871094e+01
1.007151412963867188e+01
9.806390762329101562e+00
1.012480640411376953e+01
1.023739337921142578e+01
9.816130638122558594e+00
9.899381637573242188e+00
9.949007987976074219e+00
1.024029827117919922e+01
9.855801582336425781e+00
9.827015876770019531e+00
1.030788803100585938e+01
9.992630958557128906e+00
1.000027942657470703e+01
1.027143955230712891e+01
1.004281616210937500e+01
9.902219772338867188e+00
1.031495952606201172e+01
9.721589088439941406e+00
1.000107097625732422e+01
9.994544982910156250e+00
9.815711021423339844e+00
9.765803337097167969e+00
9.990006446838378906e+00
1.039435577392578125e+01
9.812456130981445312e+00
9.737988471984863281e+00
9.925333023071289062e+00
1.025673961639404297e+01
1.025958824157714844e+01
1.023571777343750000e+01
1.001681137084960938e+01
9.871664047241210938e+00
9.869677543640136719e+00
9.934215545654296875e+00
9.786703109741210938e+00
9.826873779296875000e+00
1.033601951599121094e+01
9.986184120178222656e+00
1.024401473999023438e+01
9.588920593261718750e+00
9.857136726379394531e+00
9.769174575805664062e+00
1.046162986755371094e+01
1.010907459259033203e+01
9.673321723937988281e+00
1.013228034973144531e+01
1.003733062744140625e+01
9.817726135253906250e+00
1.010850811004638672e+01
9.810159683227539062e+00
1.004215621948242188e+01
9.801683425903320312e+00
9.776735305786132812e+00
9.812537193298339844e+00
9.745879173278808594e+00
1.028869819641113281e+01
9.849472999572753906e+00
9.948237419128417969e+00
9.862316131591796875e+00
1.026071071624755859e+01
9.807091712951660156e+00
1.016683197021484375e+01
1.018489646911621094e+01
1.026108074188232422e+01
1.028022289276123047e+01
1.023307895660400391e+01
1.016671943664550781e+01
1.008185672760009766e+01
1.017686367034912109e+01
9.888086318969726562e+00
1.003225231170654297e+01
1.014154243469238281e+01
1.019702434539794922e+01
1.017831993103027344e+01
1.000952243804931641e+01
1.022232723236083984e+01
9.825081825256347656e+00
9.642093658447265625e+00
1.006623554229736328e+01
9.948580741882324219e+00
9.909847259521484375e+00
9.913702011108398438e+00
9.736229896545410156e+00
1.036843109130859375e+01
9.836151123046875000e+00
9.703138351440429688e+00
9.917695045471191406e+00
9.872405052185058594e+00
1.028404426574707031e+01
1.015006542205810547e+01
9.821894645690917969e+00
9.737716674804687500e+00
1.012217903137207031e+01
1.031822013854980469e+01
1.003600406646728516e+01
9.844012260437011719e+00
1.010568046569824219e+01
1.015447235107421875e+01
9.971756935119628906e+00
9.805790901184082031e+00
1.009672164916992188e+01
1.014389610290527344e+01
1.027715301513671875e+01
1.032389831542968750e+01
9.931807518005371094e+00
1.002421092987060547e+01
9.960915565490722656e+00
9.944964408874511719e+00
9.820833206176757812e+00
9.964844703674316406e+00
1.024158096313476562e+01
9.820282936096191406e+00
9.903649330139160156e+00
9.909132957458496094e+00
9.917248725891113281e+00
9.822041511535644531e+00
1.027420330047607422e+01
1.015663623809814453e+01
1.002215862274169922e+01
9.844347000122070312e+00
9.978238105773925781e+00
1.020252990722656250e+01
9.845909118652343750e+00
1.011477279663085938e+01
9.982896804809570312e+00
9.850619316101074219e+00
1.006877899169921875e+01
9.900000572204589844e+00
9.807666778564453125e+00
9.818683624267578125e+00
9.905023574829101562e+00
1.008452415466308594e+01
1.035273361206054688e+01
1.038688755035400391e+01
9.942154884338378906e+00
1.022961044311523438e+01
9.734532356262207031e+00
9.903834342956542969e+00
9.822093009948730469e+00
9.903922080993652344e+00
1.010630226135253906e+01
1.011036109924316406e+01
9.851084709167480469e+00
9.853678703308105469e+00
9.766343116760253906e+00
1.019026088714599609e+01
9.726941108703613281e+00
9.982400894165039062e+00
1.006232166290283203e+01
9.848601341247558594e+00
9.976021766662597656e+00
9.730265617370605469e+00
1.006357192993164062e+01
1.015562534332275391e+01
1.015616989135742188e+01
9.818589210510253906e+00
9.859100341796875000e+00
9.776036262512207031e+00
9.940368652343750000e+00
9.980668067932128906e+00
1.019312095642089844e+01
9.816329002380371094e+00
1.010822296142578125e+01
9.810789108276367188e+00
9.849705696105957031e+00
9.930246353149414062e+00
9.889082908630371094e+00
9.969317436218261719e+00
1.014193153381347656e+01
9.930786132812500000e+00
9.972740173339843750e+00
9.894724845886230469e+00
1.017920589447021484e+01
9.853728294372558594e+00
1.015300750732421875e+01
9.985615730285644531e+00
1.019569969177246094e+01
9.941171646118164062e+00
9.940221786499023438e+00
9.815454483032226562e+00
9.769099235534667969e+00
1.010498523712158203e+01
9.854029655456542969e+00
1.010437202453613281e+01
9.802283287048339844e+00
1.032527160644531250e+01
9.929274559020996094e+00
1.000309848785400391e+01
1.023879241943359375e+01
9.841258049011230469e+00
9.880485534667968750e+00
1.000075149536132812e+01
1.000445747375488281e+01
9.804121971130371094e+00
9.963835716247558594e+00
1.016695213317871094e+01
1.024817752838134766e+01
1.021063137054443359e+01
9.896268844604492188e+00
1.001701164245605469e+01
9.777889251708984375e+00
9.817688941955566406e+00
1.017126846313476562e+01
9.856093406677246094e+00
9.934699058532714844e+00
9.811266899108886719e+00
1.012970256805419922e+01
9.967148780822753906e+00
9.768683433532714844e+00
1.023581123352050781e+01
9.996442794799804688e+00
9.877912521362304688e+00
9.917417526245117188e+00
1.007090091705322266e+01
1.018842506408691406e+01
9.953529357910156250e+00
9.794944763183593750e+00
9.796232223510742188e+00
1.003525066375732422e+01
1.015295505523681641e+01
9.923341751098632812e+00
1.012034606933593750e+01
1.008362960815429688e+01
1.000520133972167969e+01
9.926437377929687500e+00
9.808530807495117188e+00
9.848122596740722656e+00
1.020412826538085938e+01
1.032417106628417969e+01
1.008198928833007812e+01
1.000454616546630859e+01
9.726180076599121094e+00
9.803565025329589844e+00
9.802246093750000000e+00
1.031418228149414062e+01
1.003217029571533203e+01
1.003000545501708984e+01
9.951143264770507812e+00
1.006976413726806641e+01
9.949152946472167969e+00
9.911685943603515625e+00
1.007153129577636719e+01
9.992975234985351562e+00
1.039001560211181641e+01
9.879150390625000000e+00
1.008043670654296875e+01
9.805066108703613281e+00
1.016265487670898438e+01
9.847586631774902344e+00
1.008701896667480469e+01
1.012695884704589844e+01
1.000987911224365234e+01
1.000674152374267578e+01
9.925203323364257812e+00
9.801985740661621094e+00
1.011741542816162109e+01
9.796359062194824219e+00
1.010862922668457031e+01
1.022172641754150391e+01
1.014092350006103516e+01
1.013939189910888672e+01
9.900777816772460938e+00
1.005502319335937500e+01
9.980064392089843750e+00
1.005860042572021484e+01
9.781044960021972656e+00
1.006330871582031250e+01
9.989038467407226562e+00
9.994836807250976562e+00
9.959348678588867188e+00
9.805037498474121094e+00
9.965535163879394531e+00
1.000823402404785156e+01
9.770561218261718750e+00
1.001103305816650391e+01
1.024417591094970703e+01
1.008423900604248047e+01
1.008463191986083984e+01
1.027911186218261719e+01
9.801832199096679688e+00
9.994844436645507812e+00
9.831140518188476562e+00
9.785616874694824219e+00
1.013990592956542969e+01
9.778294563293457031e+00
9.897098541259765625e+00
1.009284019470214844e+01
1.013302421569824219e+01
9.937889099121093750e+00
9.738370895385742188e+00
1.009666633605957031e+01
9.979941368103027344e+00
9.982045173645019531e+00
9.909142494201660156e+00
9.795164108276367188e+00
1.023397064208984375e+01
9.960920333862304688e+00
1.007879638671875000e+01
1.012031555175781250e+01
9.760519981384277344e+00
1.015639686584472656e+01
9.994859695434570312e+00
9.797099113464355469e+00
9.715213775634765625e+00
1.014696311950683594e+01
1.006690502166748047e+01
9.744902610778808594e+00
1.009625911712646484e+01
9.977156639099121094e+00
9.775803565979003906e+00
9.975958824157714844e+00
1.021225929260253906e+01
9.813660621643066406e+00
1.001498889923095703e+01
9.776919364929199219e+00
1.013701820373535156e+01
9.981396675109863281e+00
9.668424606323242188e+00
1.007044506072998047e+01
1.007548618316650391e+01
9.798452377319335938e+00
9.758732795715332031e+00
9.796996116638183594e+00
1.007580757141113281e+01
9.991990089416503906e+00
1.007108879089355469e+01
9.792931556701660156e+00
1.022713375091552734e+01
9.946355819702148438e+00
9.982636451721191406e+00
1.017594623565673828e+01
1.016974067687988281e+01
9.968076705932617188e+00
1.004927539825439453e+01
9.770177841186523438e+00
9.968718528747558594e+00
9.773056983947753906e+00
9.972702980041503906e+00
9.978185653686523438e+00
1.005969619750976562e+01
9.987113952636718750e+00
9.833405494689941406e+00
1.007589149475097656e+01
9.802964210510253906e+00
1.008323097229003906e+01
1.004199886322021484e+01
1.000469970703125000e+01
1.019882392883300781e+01
9.801285743713378906e+00
9.761758804321289062e+00
9.797773361206054688e+00
9.994164466857910156e+00
9.790689468383789062e+00
1.010086059570312500e+01
9.738463401794433594e+00
1.005275440216064453e+01
9.892717361450195312e+00
9.770469665527343750e+00
1.020460700988769531e+01
1.004709625244140625e+01
9.888806343078613281e+00
9.772970199584960938e+00
1.005422878265380859e+01
1.021318817138671875e+01
9.785448074340820312e+00
9.988798141479492188e+00
1.023449611663818359e+01
1.016070747375488281e+01
9.928494453430175781e+00
9.809247970581054688e+00
9.809747695922851562e+00
1.000979614257812500e+01
1.000934123992919922e+01
9.926712989807128906e+00
9.845595359802246094e+00
9.762644767761230469e+00
9.960833549499511719e+00
9.797145843505859375e+00
1.007060718536376953e+01
1.013694953918457031e+01
9.775826454162597656e+00
1.020730590820312500e+01
1.004733562469482422e+01
1.000661563873291016e+01
1.020479297637939453e+01
9.886499404907226562e+00
9.768443107604980469e+00
1.004845046997070312e+01
1.037113475799560547e+01
1.010219478607177734e+01
9.790719032287597656e+00
1.015217971801757812e+01
1.007833099365234375e+01
9.803740501403808594e+00
1.008233165740966797e+01
1.000360774993896484e+01
9.804166793823242188e+00
9.763890266418457031e+00
9.797587394714355469e+00
1.011507892608642578e+01
9.874823570251464844e+00
1.010644912719726562e+01
9.788399696350097656e+00
1.001752281188964844e+01
9.732673645019531250e+00
1.012515735626220703e+01
1.028212070465087891e+01
1.019790649414062500e+01
1.011735534667968750e+01
9.963018417358398438e+00
9.764328956604003906e+00
9.765267372131347656e+00
1.005205631256103516e+01
1.013542842864990234e+01
9.984149932861328125e+00
1.015932846069335938e+01
1.000488853454589844e+01
1.000215911865234375e+01
9.927836418151855469e+00
1.000857925415039062e+01
1.000852298736572266e+01
1.009578323364257812e+01
1.000571918487548828e+01
1.009121227264404297e+01
1.008157444000244141e+01
9.994532585144042969e+00
1.031571769714355469e+01
9.774813652038574219e+00
9.766092300415039062e+00
9.965941429138183594e+00
1.003871154785156250e+01
1.028505802154541016e+01
9.787137031555175781e+00
1.011826801300048828e+01
1.007747268676757812e+01
9.868908882141113281e+00
1.004500484466552734e+01
1.021259021759033203e+01
1.004861450195312500e+01
9.973117828369140625e+00
1.031761264801025391e+01
9.744420051574707031e+00
1.016851139068603516e+01
9.797549247741699219e+00
9.803879737854003906e+00
1.026855373382568359e+01
1.018892574310302734e+01
9.767828941345214844e+00
1.002278137207031250e+01
9.807649612426757812e+00
9.672913551330566406e+00
1.017456531524658203e+01
1.008251667022705078e+01
9.744700431823730469e+00
9.985180854797363281e+00
1.022882461547851562e+01
1.004935455322265625e+01
9.959397315979003906e+00
1.044414520263671875e+01
9.698056221008300781e+00
1.002519702911376953e+01
1.002255725860595703e+01
9.862684249877929688e+00
9.734702110290527344e+00
1.003482532501220703e+01
1.003786849975585938e+01
1.011989212036132812e+01
9.965242385864257812e+00
9.726516723632812500e+00
9.981314659118652344e+00
1.007624340057373047e+01
9.911459922790527344e+00
1.033910083770751953e+01
1.000603675842285156e+01
9.800501823425292969e+00
9.834260940551757812e+00
1.016573524475097656e+01
9.992580413818359375e+00
1.007631492614746094e+01
1.006656837463378906e+01
1.006692695617675781e+01
1.005606651306152344e+01
9.968506813049316406e+00
9.713801383972167969e+00
1.003526782989501953e+01
9.697550773620605469e+00
9.943578720092773438e+00
9.857978820800781250e+00
1.001930522918701172e+01
9.733724594116210938e+00
9.943387985229492188e+00
1.019957160949707031e+01
1.020325088500976562e+01
1.012176513671875000e+01
1.004216194152832031e+01
9.977122306823730469e+00
1.007389831542968750e+01
9.657584190368652344e+00
9.788642883300781250e+00
1.000033664703369141e+01
1.000204944610595703e+01
9.916570663452148438e+00
1.008197307586669922e+01
9.788773536682128906e+00
9.740960121154785156e+00
9.982807159423828125e+00
1.018597888946533203e+01
9.770573616027832031e+00
9.961653709411621094e+00
9.959967613220214844e+00
9.865072250366210938e+00
1.019769001007080078e+01
9.726597785949707031e+00
9.724187850952148438e+00
9.931227684020996094e+00
1.010698795318603516e+01
9.728528976440429688e+00
9.942686080932617188e+00
9.948759078979492188e+00
1.012626838684082031e+01
1.030694675445556641e+01
1.015363979339599609e+01
1.040482234954833984e+01
9.787221908569335938e+00
9.796916007995605469e+00
1.017799949645996094e+01
1.001078796386718750e+01
9.766968727111816406e+00
1.001052856445312500e+01
1.009724044799804688e+01
1.016996955871582031e+01
1.021011638641357422e+01
9.788460731506347656e+00
1.006949520111083984e+01
1.031493282318115234e+01
9.885553359985351562e+00
1.003895950317382812e+01
1.011928462982177734e+01
1.028372192382812500e+01
9.940815925598144531e+00
9.766548156738281250e+00
9.933455467224121094e+00
9.724988937377929688e+00
1.026721191406250000e+01
1.002370262145996094e+01
1.002906227111816406e+01
1.027553653717041016e+01
1.004052925109863281e+01
1.013873195648193359e+01
9.981862068176269531e+00
1.007834625244140625e+01
9.914465904235839844e+00
9.794298171997070312e+00
1.017590522766113281e+01
1.000750350952148438e+01
1.013933849334716797e+01
9.844270706176757812e+00
1.021366310119628906e+01
1.004828739166259766e+01
1.029302024841308594e+01
9.912914276123046875e+00
9.991436958312988281e+00
1.018922615051269531e+01
1.047126770019531250e+01
1.021575736999511719e+01
9.948451042175292969e+00
9.730419158935546875e+00
1.010884475708007812e+01
1.026592540740966797e+01
9.798032760620117188e+00
1.000268554687500000e+01
1.004752349853515625e+01
1.000658798217773438e+01
1.010068607330322266e+01
9.931077957153320312e+00
1.001420783996582031e+01
9.864394187927246094e+00
9.712290763854980469e+00
9.966845512390136719e+00
9.894709587097167969e+00
9.983516693115234375e+00
1.016227436065673828e+01
1.008579826354980469e+01
9.791049957275390625e+00
1.000266742706298828e+01
9.956307411193847656e+00
9.991499900817871094e+00
1.007413482666015625e+01
9.989323616027832031e+00
9.897480010986328125e+00
9.976944923400878906e+00
9.722028732299804688e+00
9.706621170043945312e+00
9.944270133972167969e+00
9.934483528137207031e+00
1.000736045837402344e+01
9.920029640197753906e+00
9.703309059143066406e+00
9.741204261779785156e+00
9.818830490112304688e+00
9.900084495544433594e+00
1.024031066894531250e+01
9.903938293457031250e+00
1.016712570190429688e+01
1.009193515777587891e+01
1.005702972412109375e+01
1.014815139770507812e+01
1.003369235992431641e+01
1.014514160156250000e+01
1.006358623504638672e+01
1.007490062713623047e+01
1.013204383850097656e+01
1.000619125366210938e+01
9.762623786926269531e+00
1.001468086242675781e+01
9.893585205078125000e+00
9.852287292480468750e+00
1.001515960693359375e+01
9.803429603576660156e+00
1.000941753387451172e+01
1.012176513671875000e+01
9.955095291137695312e+00
1.031958198547363281e+01
9.979969978332519531e+00
9.755932807922363281e+00
9.870615005493164062e+00
9.941627502441406250e+00
1.009756469726562500e+01
9.926334381103515625e+00
1.008717536926269531e+01
1.024365520477294922e+01
9.949183464050292969e+00
1.024045276641845703e+01
1.016034030914306641e+01
9.620408058166503906e+00
1.017124843597412109e+01
1.018036174774169922e+01
9.803527832031250000e+00
1.010810565948486328e+01
1.008308696746826172e+01
1.021887588500976562e+01
1.023704719543457031e+01
1.020418071746826172e+01
1.016967868804931641e+01
9.923219680786132812e+00
9.765377998352050781e+00
1.018926715850830078e+01
1.002407455444335938e+01
9.694128990173339844e+00
9.936642646789550781e+00
1.018505382537841797e+01
9.809055328369140625e+00
9.889899253845214844e+00
9.879451751708984375e+00
1.016400337219238281e+01
9.814627647399902344e+00
9.761313438415527344e+00
9.909067153930664062e+00
1.010192966461181641e+01
9.849441528320312500e+00
9.914103507995605469e+00
1.007374763488769531e+01
9.771646499633789062e+00
1.010178852081298828e+01
1.001231765747070312e+01
9.886409759521484375e+00
9.891146659851074219e+00
1.010911178588867188e+01
1.024084568023681641e+01
1.000004673004150391e+01
1.026713562011718750e+01
9.943081855773925781e+00
9.996856689453125000e+00
1.041724205017089844e+01
9.841731071472167969e+00
9.927184104919433594e+00
9.972468376159667969e+00
1.023279285430908203e+01
1.019860744476318359e+01
9.859554290771484375e+00
9.692043304443359375e+00
9.857846260070800781e+00
9.976038932800292969e+00
1.005824375152587891e+01
