2.145767211914062500e-06
7.708072662353515625e-03
1.463389396667480469e-02
2.160763740539550781e-02
2.850222587585449219e-02
3.606009483337402344e-02
4.258990287780761719e-02
4.993534088134765625e-02
5.708193778991699219e-02
6.463003158569335938e-02
7.088398933410644531e-02
7.725906372070312500e-02
8.377957344055175781e-02
9.013867378234863281e-02
9.846282005310058594e-02
1.026408672332763672e-01
1.063730716705322266e-01
1.096560955047607422e-01
1.123561859130859375e-01
1.151597499847412109e-01
1.177220344543457031e-01
1.201646327972412109e-01
1.253979206085205078e-01
1.278612613677978516e-01
1.311161518096923828e-01
1.337490081787109375e-01
1.357064247131347656e-01
1.387641429901123047e-01
1.411120891571044922e-01
1.431069374084472656e-01
1.457936763763427734e-01
1.481156349182128906e-01
1.506123542785644531e-01
1.531667709350585938e-01
1.554896831512451172e-01
1.581530570983886719e-01
1.605458259582519531e-01
1.635115146636962891e-01
1.666748523712158203e-01
1.695303916931152344e-01
1.722681522369384766e-01
1.742625236511230469e-01
1.762363910675048828e-01
1.785192489624023438e-01
1.806440353393554688e-01
1.839663982391357422e-01
1.864678859710693359e-01
1.885762214660644531e-01
1.915495395660400391e-01
1.936278343200683594e-01
1.962342262268066406e-01
1.986591815948486328e-01
2.006566524505615234e-01
2.031748294830322266e-01
2.058625221252441406e-01
2.082216739654541016e-01
2.106466293334960938e-01
2.133350372314453125e-01
2.162930965423583984e-01
2.195749282836914062e-01
2.223377227783203125e-01
2.253589630126953125e-01
2.277274131774902344e-01
2.303686141967773438e-01
2.324540615081787109e-01
2.351074218750000000e-01
2.376565933227539062e-01
2.402324676513671875e-01
2.430183887481689453e-01
2.459847927093505859e-01
2.486968040466308594e-01
2.515268325805664062e-01
2.541725635528564453e-01
2.568371295928955078e-01
2.596859931945800781e-01
2.625977993011474609e-01
2.652115821838378906e-01
2.675547599792480469e-01
2.702562808990478516e-01
2.729570865631103516e-01
2.753865718841552734e-01
2.784245014190673828e-01
2.809214591979980469e-01
2.837703227996826172e-01
2.868852615356445312e-01
2.905430793762207031e-01
2.933454513549804688e-01
2.966058254241943359e-01
2.991695404052734375e-01
3.019504547119140625e-01
3.047702312469482422e-01
3.077995777130126953e-01
3.105509281158447266e-01
3.132913112640380859e-01
3.162271976470947266e-01
3.196318149566650391e-01
3.242990970611572266e-01
3.283443450927734375e-01
3.332722187042236328e-01
3.377530574798583984e-01
3.422727584838867188e-01
3.463284969329833984e-01
3.513069152832031250e-01
3.552539348602294922e-01
3.596806526184082031e-01
3.640370368957519531e-01
3.683669567108154297e-01
3.724853992462158203e-01
3.762698173522949219e-01
3.805372714996337891e-01
3.846747875213623047e-01
3.893229961395263672e-01
3.943901062011718750e-01
3.993830680847167969e-01
4.043567180633544922e-01
4.082679748535156250e-01
4.133179187774658203e-01
4.182686805725097656e-01
4.229252338409423828e-01
4.283192157745361328e-01
4.329338073730468750e-01
4.373862743377685547e-01
4.422829151153564453e-01
4.467840194702148438e-01
4.513330459594726562e-01
4.552552700042724609e-01
4.612410068511962891e-01
4.658329486846923828e-01
4.697132110595703125e-01
4.743716716766357422e-01
4.793009757995605469e-01
4.843623638153076172e-01
4.882688522338867188e-01
4.923603534698486328e-01
4.973168373107910156e-01
5.012514591217041016e-01
5.044879913330078125e-01
5.083119869232177734e-01
5.122661590576171875e-01
5.160694122314453125e-01
5.202763080596923828e-01
5.249929428100585938e-01
5.293879508972167969e-01
5.343742370605468750e-01
5.390260219573974609e-01
5.428841114044189453e-01
5.473771095275878906e-01
5.523178577423095703e-01
5.578413009643554688e-01
5.622115135192871094e-01
5.672905445098876953e-01
5.719423294067382812e-01
5.758175849914550781e-01
5.804426670074462891e-01
5.853285789489746094e-01
5.895962715148925781e-01
5.935418605804443359e-01
5.977263450622558594e-01
6.017494201660156250e-01
6.062564849853515625e-01
6.103537082672119141e-01
6.148972511291503906e-01
6.192536354064941406e-01
6.243188381195068359e-01
6.289482116699218750e-01
6.327300071716308594e-01
6.362469196319580078e-01
6.403217315673828125e-01
6.440365314483642578e-01
6.483869552612304688e-01
6.533639430999755859e-01
6.582045555114746094e-01
6.622807979583740234e-01
6.665434837341308594e-01
6.715326309204101562e-01
6.763904094696044922e-01
6.805057525634765625e-01
6.847405433654785156e-01
6.889088153839111328e-01
6.945695877075195312e-01
6.993360519409179688e-01
7.043969631195068359e-01
7.086601257324218750e-01
7.132418155670166016e-01
7.177927494049072266e-01
7.217512130737304688e-01
7.257690429687500000e-01
7.305943965911865234e-01
7.352173328399658203e-01
7.397196292877197266e-01
7.436058521270751953e-01
7.477238178253173828e-01
7.523767948150634766e-01
7.562284469604492188e-01
7.610938549041748047e-01
7.663824558258056641e-01
7.713317871093750000e-01
7.763745784759521484e-01
7.805349826812744141e-01
7.847716808319091797e-01
7.889261245727539062e-01
7.941157817840576172e-01
7.982234954833984375e-01
8.022496700286865234e-01
8.062508106231689453e-01
8.097589015960693359e-01
8.136906623840332031e-01
8.183758258819580078e-01
8.229265213012695312e-01
8.275640010833740234e-01
8.323450088500976562e-01
8.363323211669921875e-01
8.403673171997070312e-01
8.448829650878906250e-01
8.487865924835205078e-01
8.534417152404785156e-01
8.582143783569335938e-01
8.624434471130371094e-01
8.662571907043457031e-01
8.703920841217041016e-01
8.754284381866455078e-01
8.796522617340087891e-01
8.844938278198242188e-01
8.894772529602050781e-01
8.943295478820800781e-01
8.993015289306640625e-01
9.042706489562988281e-01
9.090645313262939453e-01
9.129858016967773438e-01
9.172744750976562500e-01
9.218037128448486328e-01
9.259855747222900391e-01
9.298689365386962891e-01
9.343357086181640625e-01
9.393570423126220703e-01
9.443311691284179688e-01
9.486253261566162109e-01
9.524776935577392578e-01
9.560303688049316406e-01
9.643926620483398438e-01
9.684658050537109375e-01
9.733414649963378906e-01
9.782941341400146484e-01
9.832715988159179688e-01
9.883391857147216797e-01
9.933221340179443359e-01
9.972927570343017578e-01
1.001663446426391602e+00
1.005851745605468750e+00
1.010298728942871094e+00
1.014639616012573242e+00
1.018274784088134766e+00
1.022362709045410156e+00
1.026232242584228516e+00
1.030306339263916016e+00
1.034673452377319336e+00
1.039397478103637695e+00
1.043454885482788086e+00
1.048495531082153320e+00
1.052924394607543945e+00
1.057044744491577148e+00
1.063915967941284180e+00
1.067764282226562500e+00
1.072257518768310547e+00
1.076490402221679688e+00
1.080977678298950195e+00
1.085354328155517578e+00
1.090098381042480469e+00
1.095553159713745117e+00
1.100267648696899414e+00
1.105234384536743164e+00
1.109306573867797852e+00
1.113261938095092773e+00
1.117284059524536133e+00
1.121793746948242188e+00
1.126774549484252930e+00
1.130923032760620117e+00
1.135158061981201172e+00
1.138951301574707031e+00
1.142687797546386719e+00
1.146308660507202148e+00
1.150433540344238281e+00
1.154770135879516602e+00
1.159162998199462891e+00
1.163519859313964844e+00
1.167812347412109375e+00
1.171460151672363281e+00
1.175356149673461914e+00
1.179827690124511719e+00
1.184203863143920898e+00
1.188360929489135742e+00
1.193259239196777344e+00
1.198285102844238281e+00
1.203345775604248047e+00
1.207717895507812500e+00
1.212022542953491211e+00
1.216494083404541016e+00
1.221328496932983398e+00
1.227773427963256836e+00
1.232365369796752930e+00
1.235852479934692383e+00
1.240349054336547852e+00
1.244208812713623047e+00
1.249125003814697266e+00
1.253270149230957031e+00
1.257513761520385742e+00
1.263345241546630859e+00
1.268248796463012695e+00
1.273322343826293945e+00
1.277885913848876953e+00
1.281903028488159180e+00
1.285816192626953125e+00
1.290256500244140625e+00
1.296588659286499023e+00
1.300225973129272461e+00
1.304030179977416992e+00
1.308050394058227539e+00
1.312049150466918945e+00
1.316049814224243164e+00
1.319851875305175781e+00
1.324976444244384766e+00
1.330210447311401367e+00
1.334275007247924805e+00
1.339487075805664062e+00
1.344273328781127930e+00
1.349222898483276367e+00
1.353940963745117188e+00
1.359240531921386719e+00
1.363811254501342773e+00
1.367976188659667969e+00
1.372454404830932617e+00
1.376951456069946289e+00
1.380768775939941406e+00
1.384907484054565430e+00
1.389329433441162109e+00
1.394601583480834961e+00
1.399313449859619141e+00
1.404350996017456055e+00
1.409032583236694336e+00
1.413370847702026367e+00
1.418397903442382812e+00
1.422545194625854492e+00
1.427038192749023438e+00
1.431265115737915039e+00
1.435950517654418945e+00
1.440023899078369141e+00
1.443816184997558594e+00
1.447741031646728516e+00
1.452402591705322266e+00
1.455986976623535156e+00
1.462586164474487305e+00
1.466856718063354492e+00
1.470875263214111328e+00
1.474919319152832031e+00
1.479269504547119141e+00
1.484341859817504883e+00
1.488473653793334961e+00
1.492999792098999023e+00
1.497316598892211914e+00
1.501810789108276367e+00
1.506449460983276367e+00
1.511393070220947266e+00
1.516272068023681641e+00
1.521350622177124023e+00
1.526343584060668945e+00
1.531196832656860352e+00
1.535233974456787109e+00
1.540379762649536133e+00
1.544939756393432617e+00
1.549427747726440430e+00
1.553323745727539062e+00
1.558682918548583984e+00
1.565378665924072266e+00
1.569294929504394531e+00
1.574309349060058594e+00
1.579319238662719727e+00
1.583209753036499023e+00
1.586777448654174805e+00
1.590279579162597656e+00
1.594196081161499023e+00
1.598419189453125000e+00
1.602552175521850586e+00
1.606460332870483398e+00
1.610334396362304688e+00
1.614542961120605469e+00
1.618492603302001953e+00
1.622013092041015625e+00
1.626640319824218750e+00
1.631245851516723633e+00
1.635205268859863281e+00
1.638991594314575195e+00
1.642592906951904297e+00
1.645991086959838867e+00
1.649821519851684570e+00
1.654363393783569336e+00
1.659176349639892578e+00
1.663875102996826172e+00
1.667766332626342773e+00
1.672270298004150391e+00
1.675824880599975586e+00
1.680088043212890625e+00
1.684506893157958984e+00
1.689362525939941406e+00
1.693879127502441406e+00
1.698341131210327148e+00
1.702574968338012695e+00
1.707024574279785156e+00
1.711255073547363281e+00
1.715477943420410156e+00
1.719625473022460938e+00
1.723245620727539062e+00
1.729127883911132812e+00
1.732877492904663086e+00
1.737279415130615234e+00
1.741906881332397461e+00
1.746065616607666016e+00
1.750048637390136719e+00
1.754054069519042969e+00
1.759375095367431641e+00
1.763379573822021484e+00
1.767604827880859375e+00
1.772113561630249023e+00
1.777198314666748047e+00
1.781421184539794922e+00
1.785933017730712891e+00
1.790241718292236328e+00
1.794630527496337891e+00
1.799279928207397461e+00
1.803516387939453125e+00
1.808076143264770508e+00
1.813310146331787109e+00
1.817778348922729492e+00
1.822351217269897461e+00
1.827679872512817383e+00
1.831423997879028320e+00
1.835325956344604492e+00
1.839892864227294922e+00
1.844205617904663086e+00
1.847555637359619141e+00
1.851670980453491211e+00
1.856373548507690430e+00
1.861548662185668945e+00
1.865564823150634766e+00
1.869896650314331055e+00
1.873920202255249023e+00
1.877712011337280273e+00
1.881185770034790039e+00
1.884816408157348633e+00
1.888651371002197266e+00
1.893230438232421875e+00
1.899443626403808594e+00
1.903188943862915039e+00
1.907730102539062500e+00
1.911794900894165039e+00
1.916040182113647461e+00
1.920428037643432617e+00
1.924363136291503906e+00
1.928611278533935547e+00
1.932842969894409180e+00
1.937314748764038086e+00
1.942299842834472656e+00
1.947121858596801758e+00
1.951356887817382812e+00
1.955973386764526367e+00
1.963631391525268555e+00
1.967334747314453125e+00
1.970969200134277344e+00
1.973977088928222656e+00
1.978373050689697266e+00
1.983361959457397461e+00
1.988304138183593750e+00
1.992572784423828125e+00
1.996634006500244141e+00
2.000182390213012695e+00
2.003983736038208008e+00
2.007901906967163086e+00
2.011974096298217773e+00
2.015547752380371094e+00
2.019901037216186523e+00
2.024021863937377930e+00
2.028521060943603516e+00
2.032868623733520508e+00
2.037295103073120117e+00
2.041499376296997070e+00
2.045984745025634766e+00
2.050605297088623047e+00
2.055270671844482422e+00
2.061930418014526367e+00
2.067183971405029297e+00
2.070653676986694336e+00
2.074138402938842773e+00
2.077881574630737305e+00
2.081879377365112305e+00
2.085190296173095703e+00
2.089484691619873047e+00
2.095017433166503906e+00
2.099189996719360352e+00
2.103482961654663086e+00
2.107217073440551758e+00
2.111401319503784180e+00
2.116368770599365234e+00
2.121383428573608398e+00
2.125912189483642578e+00
2.130202770233154297e+00
2.134377479553222656e+00
2.138558387756347656e+00
2.143633842468261719e+00
2.147597074508666992e+00
2.151447296142578125e+00
2.155224084854125977e+00
2.159855365753173828e+00
2.163297891616821289e+00
2.167480945587158203e+00
2.172342061996459961e+00
2.176380395889282227e+00
2.180992126464843750e+00
2.185415267944335938e+00
2.190336704254150391e+00
2.195677042007446289e+00
2.200204372406005859e+00
2.204402208328247070e+00
2.208009481430053711e+00
2.212347745895385742e+00
2.216774940490722656e+00
2.220992088317871094e+00
2.224918365478515625e+00
2.230248212814331055e+00
2.234738826751708984e+00
2.239007234573364258e+00
2.242864131927490234e+00
2.246613025665283203e+00
2.251281261444091797e+00
2.256244659423828125e+00
2.261590957641601562e+00
2.265927314758300781e+00
2.270240545272827148e+00
2.274465560913085938e+00
2.278465986251831055e+00
2.282895088195800781e+00
2.286857843399047852e+00
2.290887355804443359e+00
2.296216487884521484e+00
2.299976587295532227e+00
2.303920269012451172e+00
2.307716369628906250e+00
2.311622619628906250e+00
2.315479516983032227e+00
2.319183349609375000e+00
2.322465181350708008e+00
2.325683116912841797e+00
2.329547643661499023e+00
2.333673238754272461e+00
2.338309049606323242e+00
2.342495203018188477e+00
2.346522569656372070e+00
2.350682973861694336e+00
2.354520559310913086e+00
2.359781742095947266e+00
2.364712715148925781e+00
2.369150161743164062e+00
2.373296260833740234e+00
2.377768993377685547e+00
2.382259607315063477e+00
2.387343883514404297e+00
2.392260789871215820e+00
2.397813081741333008e+00
2.401929855346679688e+00
2.407008171081542969e+00
2.411233901977539062e+00
2.415710210800170898e+00
2.419426441192626953e+00
2.424339056015014648e+00
2.429786682128906250e+00
2.433885812759399414e+00
2.438235998153686523e+00
2.442036151885986328e+00
2.445729255676269531e+00
2.449623823165893555e+00
2.453642845153808594e+00
2.457532644271850586e+00
2.467351198196411133e+00
2.471251726150512695e+00
2.475891590118408203e+00
2.480144262313842773e+00
2.484520673751831055e+00
2.489321708679199219e+00
2.494280815124511719e+00
2.499274969100952148e+00
2.503694534301757812e+00
2.507479906082153320e+00
2.511742115020751953e+00
2.516265392303466797e+00
2.519989728927612305e+00
2.523622274398803711e+00
2.527700424194335938e+00
2.531855344772338867e+00
2.535581827163696289e+00
2.540334701538085938e+00
2.545347452163696289e+00
2.550307750701904297e+00
2.554897069931030273e+00
2.558692455291748047e+00
2.563856124877929688e+00
2.568067789077758789e+00
2.572675943374633789e+00
2.576462984085083008e+00
2.580198764801025391e+00
2.584329128265380859e+00
2.588890790939331055e+00
2.592871904373168945e+00
2.596794605255126953e+00
2.599867582321166992e+00
2.603408336639404297e+00
2.606965541839599609e+00
2.610670804977416992e+00
2.614806175231933594e+00
2.618816137313842773e+00
2.623106718063354492e+00
2.629353761672973633e+00
2.633428335189819336e+00
2.638092279434204102e+00
2.642727851867675781e+00
2.647310256958007812e+00
2.652250766754150391e+00
2.657218933105468750e+00
2.662835121154785156e+00
2.667167186737060547e+00
2.671217441558837891e+00
2.674693584442138672e+00
2.678216695785522461e+00
2.681834459304809570e+00
2.686067342758178711e+00
2.689527034759521484e+00
2.695865869522094727e+00
2.699821233749389648e+00
2.703888416290283203e+00
2.708212137222290039e+00
2.713472127914428711e+00
2.717916250228881836e+00
2.722289800643920898e+00
2.728238821029663086e+00
2.732813358306884766e+00
2.737327575683593750e+00
2.741371631622314453e+00
2.745815277099609375e+00
2.749866485595703125e+00
2.754307985305786133e+00
2.759294748306274414e+00
2.765644073486328125e+00
2.769809007644653320e+00
2.773898839950561523e+00
2.777855157852172852e+00
2.781858682632446289e+00
2.786029815673828125e+00
2.789883136749267578e+00
2.795380592346191406e+00
2.799875736236572266e+00
2.804105520248413086e+00
2.808280706405639648e+00
2.812718629837036133e+00
2.817070722579956055e+00
2.821246862411499023e+00
2.826257944107055664e+00
2.832246541976928711e+00
2.836720943450927734e+00
2.840825796127319336e+00
2.844938516616821289e+00
2.849274158477783203e+00
2.853763580322265625e+00
2.858300209045410156e+00
2.864103794097900391e+00
2.867969274520874023e+00
2.872282028198242188e+00
2.876447439193725586e+00
2.880725622177124023e+00
2.885313749313354492e+00
2.890247821807861328e+00
2.895453929901123047e+00
2.899599790573120117e+00
2.903553485870361328e+00
2.907859802246093750e+00
2.912204504013061523e+00
2.916324138641357422e+00
2.921315193176269531e+00
2.926259994506835938e+00
2.932079792022705078e+00
2.935748815536499023e+00
2.939824104309082031e+00
2.943160772323608398e+00
2.947263240814208984e+00
2.951375007629394531e+00
2.955831289291381836e+00
2.961365938186645508e+00
2.966982126235961914e+00
2.971172094345092773e+00
2.975419521331787109e+00
2.979689121246337891e+00
2.984468221664428711e+00
2.989141464233398438e+00
2.993411064147949219e+00
2.997408151626586914e+00
3.002399206161499023e+00
3.006679296493530273e+00
3.011219024658203125e+00
3.015319585800170898e+00
3.019174098968505859e+00
3.023364305496215820e+00
3.028348445892333984e+00
3.031911849975585938e+00
3.035270929336547852e+00
3.039578676223754883e+00
3.043910264968872070e+00
3.047846078872680664e+00
3.051669120788574219e+00
3.055325984954833984e+00
3.059372663497924805e+00
3.063789844512939453e+00
3.069299459457397461e+00
3.073613405227661133e+00
3.077390193939208984e+00
3.080583095550537109e+00
3.084169149398803711e+00
3.088257551193237305e+00
3.092738389968872070e+00
3.097285509109497070e+00
3.102304458618164062e+00
3.107462644577026367e+00
3.112476825714111328e+00
3.117031812667846680e+00
3.121320962905883789e+00
3.126282691955566406e+00
3.131287574768066406e+00
3.136203289031982422e+00
3.139811277389526367e+00
3.143569231033325195e+00
3.147298812866210938e+00
3.150992631912231445e+00
3.154857873916625977e+00
3.158643484115600586e+00
3.162819623947143555e+00
3.167248725891113281e+00
3.171427249908447266e+00
3.175267219543457031e+00
3.178694963455200195e+00
3.182350873947143555e+00
3.186388015747070312e+00
3.191215991973876953e+00
3.197343111038208008e+00
3.201723575592041016e+00
3.206219434738159180e+00
3.210159778594970703e+00
3.214579105377197266e+00
3.219341278076171875e+00
3.223613023757934570e+00
3.227599859237670898e+00
3.232431888580322266e+00
3.236313581466674805e+00
3.241323232650756836e+00
3.245780706405639648e+00
3.250221729278564453e+00
3.254343986511230469e+00
3.258238315582275391e+00
3.263468503952026367e+00
3.267260074615478516e+00
3.272247552871704102e+00
3.276053428649902344e+00
3.280376195907592773e+00
3.284660816192626953e+00
3.288587093353271484e+00
3.293319940567016602e+00
3.298819780349731445e+00
3.302932977676391602e+00
3.307187080383300781e+00
3.311183452606201172e+00
3.316297054290771484e+00
3.320771932601928711e+00
3.325145721435546875e+00
3.330225944519042969e+00
3.334358453750610352e+00
3.338556766510009766e+00
3.342859506607055664e+00
3.346897840499877930e+00
3.350864171981811523e+00
3.354964494705200195e+00
3.359089374542236328e+00
3.364411830902099609e+00
3.368513107299804688e+00
3.372246980667114258e+00
3.376432895660400391e+00
3.381323099136352539e+00
3.386314153671264648e+00
3.391269207000732422e+00
3.397293090820312500e+00
3.401324033737182617e+00
3.405642271041870117e+00
3.409688472747802734e+00
3.413784027099609375e+00
3.417904615402221680e+00
3.422354459762573242e+00
3.428421735763549805e+00
3.432980060577392578e+00
3.437255620956420898e+00
3.441216230392456055e+00
3.445238828659057617e+00
3.450014829635620117e+00
3.454246759414672852e+00
3.458715677261352539e+00
3.466660976409912109e+00
3.471271514892578125e+00
3.475895404815673828e+00
3.479512214660644531e+00
3.484196901321411133e+00
3.489333391189575195e+00
3.494260072708129883e+00
3.499268531799316406e+00
3.504343986511230469e+00
3.508216619491577148e+00
3.512939929962158203e+00
3.517271518707275391e+00
3.522317171096801758e+00
3.526460647583007812e+00
3.530653476715087891e+00
3.534391403198242188e+00
3.538203954696655273e+00
3.542321205139160156e+00
3.546614170074462891e+00
3.551304101943969727e+00
3.555503845214843750e+00
3.559867382049560547e+00
3.566171169281005859e+00
3.569923877716064453e+00
3.574048280715942383e+00
3.578327655792236328e+00
3.583308696746826172e+00
3.588196516036987305e+00
3.595203876495361328e+00
3.599855661392211914e+00
3.604268312454223633e+00
3.609264850616455078e+00
3.614301919937133789e+00
3.618543624877929688e+00
3.622967720031738281e+00
3.628409385681152344e+00
3.632842540740966797e+00
3.636694669723510742e+00
3.641386985778808594e+00
3.645763158798217773e+00
3.650276899337768555e+00
3.654676914215087891e+00
3.659226655960083008e+00
3.664313316345214844e+00
3.668029069900512695e+00
3.672082662582397461e+00
3.676033258438110352e+00
3.680809020996093750e+00
3.684165000915527344e+00
3.689070701599121094e+00
3.693693161010742188e+00
3.698293447494506836e+00
3.702198982238769531e+00
3.706611633300781250e+00
3.710478782653808594e+00
3.715254306793212891e+00
3.720317602157592773e+00
3.725320100784301758e+00
3.734337568283081055e+00
3.738893032073974609e+00
3.743265628814697266e+00
3.748117208480834961e+00
3.753332853317260742e+00
3.758251190185546875e+00
3.764755249023437500e+00
3.768609046936035156e+00
3.772810459136962891e+00
3.776510715484619141e+00
3.780436992645263672e+00
3.783693075180053711e+00
3.786803483963012695e+00
3.790497541427612305e+00
3.795186519622802734e+00
3.800771236419677734e+00
3.804419517517089844e+00
3.807765722274780273e+00
3.810812711715698242e+00
3.813959598541259766e+00
3.817261457443237305e+00
3.820422410964965820e+00
3.823804616928100586e+00
3.827777147293090820e+00
3.831826448440551758e+00
3.835305690765380859e+00
3.839410781860351562e+00
3.842995405197143555e+00
3.847394227981567383e+00
3.851187467575073242e+00
3.855031490325927734e+00
3.859347105026245117e+00
3.863540172576904297e+00
3.867207050323486328e+00
3.871439218521118164e+00
3.875891447067260742e+00
3.880324840545654297e+00
3.885296583175659180e+00
3.890312433242797852e+00
3.897885084152221680e+00
3.902014970779418945e+00
3.906349182128906250e+00
3.910186529159545898e+00
3.913892745971679688e+00
3.918366909027099609e+00
3.922885894775390625e+00
3.928369998931884766e+00
3.933319330215454102e+00
3.938323736190795898e+00
3.943300962448120117e+00
3.948488712310791016e+00
3.953141927719116211e+00
3.957211017608642578e+00
3.962658166885375977e+00
3.967005968093872070e+00
3.971287250518798828e+00
3.975426197052001953e+00
3.979825973510742188e+00
3.984117269515991211e+00
3.989307880401611328e+00
3.995331764221191406e+00
4.000294923782348633e+00
4.005139827728271484e+00
4.008699893951416016e+00
4.012262344360351562e+00
4.015767335891723633e+00
4.019756793975830078e+00
4.023623228073120117e+00
4.029760360717773438e+00
4.033340692520141602e+00
4.037476301193237305e+00
4.041432857513427734e+00
4.046261787414550781e+00
4.051316499710083008e+00
4.055546522140502930e+00
4.059327840805053711e+00
4.064152002334594727e+00
4.068202257156372070e+00
4.073266983032226562e+00
4.077192068099975586e+00
4.081563949584960938e+00
4.086091995239257812e+00
4.090427160263061523e+00
4.095246076583862305e+00
4.100334167480468750e+00
4.105314731597900391e+00
4.109289646148681641e+00
4.113013982772827148e+00
4.117177486419677734e+00
4.121090173721313477e+00
4.124793052673339844e+00
4.129920005798339844e+00
4.134324312210083008e+00
4.139302968978881836e+00
4.143617630004882812e+00
4.147140979766845703e+00
4.151483297348022461e+00
4.156090736389160156e+00
4.159541130065917969e+00
4.165327310562133789e+00
4.169490575790405273e+00
4.174136161804199219e+00
4.179122209548950195e+00
4.183542966842651367e+00
4.188186645507812500e+00
4.192281007766723633e+00
4.198507308959960938e+00
4.203459024429321289e+00
4.207836151123046875e+00
4.211528062820434570e+00
4.216335773468017578e+00
4.221322298049926758e+00
4.226214170455932617e+00
4.231724977493286133e+00
4.236073970794677734e+00
4.240207672119140625e+00
4.244997501373291016e+00
4.248414754867553711e+00
4.252169847488403320e+00
4.256578922271728516e+00
4.261440992355346680e+00
4.267038106918334961e+00
4.271318197250366211e+00
4.276568174362182617e+00
4.280858516693115234e+00
4.285260677337646484e+00
4.290318727493286133e+00
4.297381639480590820e+00
4.302031278610229492e+00
4.306037664413452148e+00
4.310290813446044922e+00
4.315334081649780273e+00
4.319188117980957031e+00
4.323452711105346680e+00
4.328308582305908203e+00
4.332828521728515625e+00
4.337306022644042969e+00
4.342327833175659180e+00
4.347255706787109375e+00
4.352251052856445312e+00
4.356899499893188477e+00
4.361494779586791992e+00
4.365664958953857422e+00
4.369913101196289062e+00
4.374230623245239258e+00
4.378142356872558594e+00
4.382116079330444336e+00
4.386940002441406250e+00
4.391347885131835938e+00
4.398981809616088867e+00
4.403237342834472656e+00
4.407614946365356445e+00
4.411879777908325195e+00
4.415875196456909180e+00
4.419960021972656250e+00
4.424097061157226562e+00
4.429934978485107422e+00
4.433614015579223633e+00
4.437707424163818359e+00
4.441324472427368164e+00
4.445499897003173828e+00
4.449624776840209961e+00
4.453614234924316406e+00
4.457431316375732422e+00
4.461991786956787109e+00
4.466600179672241211e+00
4.470708847045898438e+00
4.474870443344116211e+00
4.479233026504516602e+00
4.483695507049560547e+00
4.488307952880859375e+00
4.493195295333862305e+00
4.497895479202270508e+00
4.502527236938476562e+00
4.506147623062133789e+00
4.510039806365966797e+00
4.513856887817382812e+00
4.517211914062500000e+00
4.520853042602539062e+00
4.524646282196044922e+00
4.530123472213745117e+00
4.533919095993041992e+00
4.538163900375366211e+00
4.543067216873168945e+00
4.547452688217163086e+00
4.551772117614746094e+00
4.556034803390502930e+00
4.560669660568237305e+00
4.565660476684570312e+00
4.569696903228759766e+00
4.574258327484130859e+00
4.579225301742553711e+00
4.584328413009643555e+00
4.589319944381713867e+00
4.594263076782226562e+00
4.599874496459960938e+00
4.604327678680419922e+00
4.608426332473754883e+00
4.612425327301025391e+00
4.617038726806640625e+00
4.620589256286621094e+00
4.625271558761596680e+00
4.631242513656616211e+00
4.635428190231323242e+00
4.639113187789916992e+00
4.643172502517700195e+00
4.646926641464233398e+00
4.650629281997680664e+00
4.654769897460937500e+00
4.658103704452514648e+00
4.663273096084594727e+00
4.668045043945312500e+00
4.673224687576293945e+00
4.677355766296386719e+00
4.681245803833007812e+00
4.685198068618774414e+00
4.689258575439453125e+00
4.693417310714721680e+00
4.698268413543701172e+00
4.701378107070922852e+00
4.705270528793334961e+00
4.709695577621459961e+00
4.713770389556884766e+00
4.717400312423706055e+00
4.720875501632690430e+00
4.725202083587646484e+00
4.730996131896972656e+00
4.735251665115356445e+00
4.740234851837158203e+00
4.744707107543945312e+00
4.748889684677124023e+00
4.753030061721801758e+00
4.756798267364501953e+00
4.761237144470214844e+00
4.764882087707519531e+00
4.768842697143554688e+00
4.774525642395019531e+00
4.778900861740112305e+00
4.783600091934204102e+00
4.788073062896728516e+00
4.792180776596069336e+00
4.800198316574096680e+00
4.804195165634155273e+00
4.808790922164916992e+00
4.813446760177612305e+00
4.817860841751098633e+00
4.822318315505981445e+00
4.827265739440917969e+00
4.831602334976196289e+00
4.835153102874755859e+00
4.839329004287719727e+00
4.843966245651245117e+00
4.848227024078369141e+00
4.852691173553466797e+00
4.856859922409057617e+00
4.861197710037231445e+00
4.865341663360595703e+00
4.869317054748535156e+00
4.873346090316772461e+00
4.878207683563232422e+00
4.882295131683349609e+00
4.887238502502441406e+00
4.892312526702880859e+00
4.898455142974853516e+00
4.902992010116577148e+00
4.907291650772094727e+00
4.912158727645874023e+00
4.916260242462158203e+00
4.920434951782226562e+00
4.924334526062011719e+00
4.928572177886962891e+00
4.932702302932739258e+00
4.936306476593017578e+00
4.941297531127929688e+00
4.946204423904418945e+00
4.950341463088989258e+00
4.954204320907592773e+00
4.958163022994995117e+00
4.962160825729370117e+00
4.966578006744384766e+00
4.970651149749755859e+00
4.975251436233520508e+00
4.979837656021118164e+00
4.983929634094238281e+00
4.988304853439331055e+00
4.993331909179687500e+00
4.997939586639404297e+00
5.002354621887207031e+00
5.007253885269165039e+00
5.012487649917602539e+00
5.016625881195068359e+00
5.020856857299804688e+00
5.025293588638305664e+00
5.030338764190673828e+00
5.034209966659545898e+00
5.038275241851806641e+00
5.041794538497924805e+00
5.045762538909912109e+00
5.049181699752807617e+00
5.052937269210815430e+00
5.056998968124389648e+00
5.061302661895751953e+00
5.065640926361083984e+00
5.069667577743530273e+00
5.073215723037719727e+00
5.077213048934936523e+00
5.081991195678710938e+00
5.085832357406616211e+00
5.090210676193237305e+00
5.094212532043457031e+00
5.098544120788574219e+00
5.102635860443115234e+00
5.106516599655151367e+00
5.111386537551879883e+00
5.115652322769165039e+00
5.119826316833496094e+00
5.124156951904296875e+00
5.129153966903686523e+00
5.133510112762451172e+00
5.137404203414916992e+00
5.140959739685058594e+00
5.145505189895629883e+00
5.150021314620971680e+00
5.154480218887329102e+00
5.159193277359008789e+00
5.163189172744750977e+00
5.167384624481201172e+00
5.171479701995849609e+00
5.175490856170654297e+00
5.180799007415771484e+00
5.184904098510742188e+00
5.189274072647094727e+00
5.192920923233032227e+00
5.196378469467163086e+00
5.199289083480834961e+00
5.202531814575195312e+00
5.205115556716918945e+00
5.207803487777709961e+00
5.211100339889526367e+00
5.214228868484497070e+00
5.216729879379272461e+00
5.219223737716674805e+00
5.221722126007080078e+00
5.224228143692016602e+00
5.227141857147216797e+00
5.230644941329956055e+00
5.233416080474853516e+00
5.236352443695068359e+00
5.239056110382080078e+00
5.241867303848266602e+00
5.244870662689208984e+00
5.247907638549804688e+00
5.251253128051757812e+00
5.254109859466552734e+00
5.256790637969970703e+00
5.259493350982666016e+00
5.262334585189819336e+00
5.265246629714965820e+00
5.267456293106079102e+00
5.270208120346069336e+00
5.272491216659545898e+00
5.275117397308349609e+00
5.278464555740356445e+00
5.281058073043823242e+00
5.283103466033935547e+00
5.285630702972412109e+00
5.287546396255493164e+00
5.289383888244628906e+00
5.291026353836059570e+00
5.294047594070434570e+00
5.298619985580444336e+00
5.301101922988891602e+00
5.303325176239013672e+00
5.305751085281372070e+00
5.307812452316284180e+00
5.310214757919311523e+00
5.312320232391357422e+00
5.314596891403198242e+00
5.316668272018432617e+00
5.318847417831420898e+00
5.321158170700073242e+00
5.323328733444213867e+00
5.325821161270141602e+00
5.328684806823730469e+00
5.330737590789794922e+00
5.333238363265991211e+00
5.335354804992675781e+00
5.338010072708129883e+00
5.341118574142456055e+00
5.344192028045654297e+00
5.346479892730712891e+00
5.349189996719360352e+00
5.351341962814331055e+00
5.353789329528808594e+00
5.356843948364257812e+00
5.359298467636108398e+00
5.362077474594116211e+00
5.364762306213378906e+00
5.368158340454101562e+00
5.371711254119873047e+00
5.374806165695190430e+00
5.378263711929321289e+00
5.381563901901245117e+00
5.384969234466552734e+00
5.388180971145629883e+00
5.391263008117675781e+00
5.394231796264648438e+00
5.400404930114746094e+00
5.404289484024047852e+00
5.407847881317138672e+00
5.411747217178344727e+00
5.415136098861694336e+00
5.418865680694580078e+00
5.422412157058715820e+00
5.426215171813964844e+00
5.430775165557861328e+00
5.434460639953613281e+00
5.438247203826904297e+00
5.441833257675170898e+00
5.445248365402221680e+00
5.448373556137084961e+00
5.451670885086059570e+00
5.454765319824218750e+00
5.458139419555664062e+00
5.463674783706665039e+00
5.467461585998535156e+00
5.471695184707641602e+00
5.475356817245483398e+00
5.478891372680664062e+00
5.482405424118041992e+00
5.486247539520263672e+00
5.489723443984985352e+00
5.493466138839721680e+00
5.496856927871704102e+00
5.499980449676513672e+00
5.504209280014038086e+00
5.507985353469848633e+00
5.511749505996704102e+00
5.515495300292968750e+00
5.519208192825317383e+00
5.522965908050537109e+00
5.526740789413452148e+00
5.531130552291870117e+00
5.534346103668212891e+00
5.537085056304931641e+00
5.539861440658569336e+00
5.542736530303955078e+00
5.546191215515136719e+00
5.549242019653320312e+00
5.552106380462646484e+00
5.555920839309692383e+00
5.559521675109863281e+00
5.562743186950683594e+00
5.566500902175903320e+00
5.569546699523925781e+00
5.572723627090454102e+00
5.576630115509033203e+00
5.580384254455566406e+00
5.583887338638305664e+00
5.587540864944458008e+00
5.591127157211303711e+00
5.594381809234619141e+00
5.598929166793823242e+00
5.601849079132080078e+00
5.605765819549560547e+00
5.608976364135742188e+00
5.612404823303222656e+00
5.615354537963867188e+00
5.618322372436523438e+00
5.621542692184448242e+00
5.625057458877563477e+00
5.629480361938476562e+00
5.633250474929809570e+00
5.637245178222656250e+00
5.640923261642456055e+00
5.644233465194702148e+00
5.647794485092163086e+00
5.651133537292480469e+00
5.654492139816284180e+00
5.657112598419189453e+00
5.659712791442871094e+00
5.662424087524414062e+00
5.665644884109497070e+00
5.669127702713012695e+00
5.671636104583740234e+00
5.674123764038085938e+00
5.676894664764404297e+00
5.680153369903564453e+00
5.682906627655029297e+00
5.686299324035644531e+00
5.689757347106933594e+00
5.692579507827758789e+00
5.696468830108642578e+00
5.700224161148071289e+00
5.704003572463989258e+00
5.707726478576660156e+00
5.711315631866455078e+00
5.714353799819946289e+00
5.717250347137451172e+00
5.720182180404663086e+00
5.724021911621093750e+00
5.727979421615600586e+00
5.731617689132690430e+00
5.734482049942016602e+00
5.737482070922851562e+00
5.740387678146362305e+00
5.744361400604248047e+00
5.747919797897338867e+00
5.751310110092163086e+00
5.754861831665039062e+00
5.758363246917724609e+00
5.761674642562866211e+00
5.766455650329589844e+00
5.770189046859741211e+00
5.773469924926757812e+00
5.776721000671386719e+00
5.779878616333007812e+00
5.783138990402221680e+00
5.786372184753417969e+00
5.789346456527709961e+00
5.792320013046264648e+00
5.796692848205566406e+00
5.802117586135864258e+00
5.805182218551635742e+00
5.808974504470825195e+00
5.812763690948486328e+00
5.816210269927978516e+00
5.819365024566650391e+00
5.822926282882690430e+00
5.826097965240478516e+00
5.829112529754638672e+00
5.832361459732055664e+00
5.836256742477416992e+00
5.840415477752685547e+00
5.843816757202148438e+00
5.847259521484375000e+00
5.850403785705566406e+00
5.853862524032592773e+00
5.857197046279907227e+00
5.860228538513183594e+00
5.863505840301513672e+00
5.867162704467773438e+00
5.870662689208984375e+00
5.873994588851928711e+00
5.877328395843505859e+00
5.881303310394287109e+00
5.885183334350585938e+00
5.888375759124755859e+00
5.891135454177856445e+00
5.893833398818969727e+00
5.897317171096801758e+00
5.899412393569946289e+00
5.901588201522827148e+00
5.903556346893310547e+00
5.906397581100463867e+00
5.909060716629028320e+00
5.912127494812011719e+00
5.914161920547485352e+00
5.916167259216308594e+00
5.918151140213012695e+00
5.920415163040161133e+00
5.922608852386474609e+00
5.924528598785400391e+00
5.926780462265014648e+00
5.929572820663452148e+00
5.932079792022705078e+00
5.934170722961425781e+00
5.936043739318847656e+00
5.938412666320800781e+00
5.940436840057373047e+00
5.942356586456298828e+00
5.945359230041503906e+00
5.948109626770019531e+00
5.950416326522827148e+00
5.952461242675781250e+00
5.954859733581542969e+00
5.956820487976074219e+00
5.958943843841552734e+00
5.961160182952880859e+00
5.964507341384887695e+00
5.966829776763916016e+00
5.968858003616333008e+00
5.971053838729858398e+00
5.973029375076293945e+00
5.974778413772583008e+00
5.977377653121948242e+00
5.979687213897705078e+00
5.981525421142578125e+00
5.983815193176269531e+00
5.986081838607788086e+00
5.988187789916992188e+00
5.990201473236083984e+00
5.992305517196655273e+00
5.994440078735351562e+00
5.997275114059448242e+00
5.999564886093139648e+00
6.002048730850219727e+00
6.004179000854492188e+00
6.006192207336425781e+00
6.008181095123291016e+00
6.010784626007080078e+00
6.013319969177246094e+00
6.015183925628662109e+00
6.017438650131225586e+00
6.020058155059814453e+00
6.022176027297973633e+00
6.024448633193969727e+00
6.026774168014526367e+00
6.029048204421997070e+00
6.031105041503906250e+00
6.033165931701660156e+00
6.035034656524658203e+00
6.036758899688720703e+00
6.040057659149169922e+00
6.042117595672607422e+00
6.045160531997680664e+00
6.047420978546142578e+00
6.049446821212768555e+00
6.051442384719848633e+00
6.053431510925292969e+00
6.055552482604980469e+00
6.057919502258300781e+00
6.060457468032836914e+00
6.063552856445312500e+00
6.065648317337036133e+00
6.067557573318481445e+00
6.069569110870361328e+00
6.071552515029907227e+00
6.073565483093261719e+00
6.075831890106201172e+00
6.078691959381103516e+00
6.081073045730590820e+00
6.083163499832153320e+00
6.085456609725952148e+00
6.088081598281860352e+00
6.090190887451171875e+00
6.092556715011596680e+00
6.094687700271606445e+00
6.097778558731079102e+00
6.099645853042602539e+00
6.101547479629516602e+00
6.103808879852294922e+00
6.105828762054443359e+00
6.107523679733276367e+00
6.110105514526367188e+00
6.112481832504272461e+00
6.115082979202270508e+00
6.117602586746215820e+00
6.119825601577758789e+00
6.121742010116577148e+00
6.123535871505737305e+00
6.126038551330566406e+00
6.127783298492431641e+00
6.131038188934326172e+00
6.133074283599853516e+00
6.135421991348266602e+00
6.137416601181030273e+00
6.139439344406127930e+00
6.141575098037719727e+00
6.144448757171630859e+00
6.147021770477294922e+00
6.149006605148315430e+00
6.150650262832641602e+00
6.152552604675292969e+00
6.154394865036010742e+00
6.156157970428466797e+00
6.158002853393554688e+00
6.159777879714965820e+00
6.161678552627563477e+00
6.164781570434570312e+00
6.166815757751464844e+00
6.169082880020141602e+00
6.171520471572875977e+00
6.173841238021850586e+00
6.176350116729736328e+00
6.179102420806884766e+00
6.181418895721435547e+00
6.183574676513671875e+00
6.186219930648803711e+00
6.188169002532958984e+00
6.190423250198364258e+00
6.192705631256103516e+00
6.195281028747558594e+00
6.198031663894653320e+00
6.200046539306640625e+00
6.202777385711669922e+00
6.205195903778076172e+00
6.207401514053344727e+00
6.209700107574462891e+00
6.211804866790771484e+00
6.213767766952514648e+00
6.215659618377685547e+00
6.218058109283447266e+00
6.220165967941284180e+00
6.222032070159912109e+00
6.223640203475952148e+00
6.225771665573120117e+00
6.228447675704956055e+00
6.231176614761352539e+00
6.233160018920898438e+00
6.235169887542724609e+00
6.237190961837768555e+00
6.239189147949218750e+00
6.241179704666137695e+00
6.243728876113891602e+00
6.245806932449340820e+00
6.248064041137695312e+00
6.250187158584594727e+00
6.252556085586547852e+00
6.254531621932983398e+00
6.256454944610595703e+00
6.258157730102539062e+00
6.260160923004150391e+00
6.262530088424682617e+00
6.265449523925781250e+00
6.267672538757324219e+00
6.270019054412841797e+00
6.272016525268554688e+00
6.274628639221191406e+00
6.278033494949340820e+00
6.280347824096679688e+00
6.283357858657836914e+00
6.285734653472900391e+00
6.287821292877197266e+00
6.289803981781005859e+00
6.291800975799560547e+00
6.293810129165649414e+00
6.296921014785766602e+00
6.300058841705322266e+00
6.302570104598999023e+00
6.305311441421508789e+00
6.307705879211425781e+00
6.310330629348754883e+00
6.312559604644775391e+00
6.314560890197753906e+00
6.316619873046875000e+00
6.318693399429321289e+00
6.321078777313232422e+00
6.323195695877075195e+00
6.325464248657226562e+00
6.328070878982543945e+00
6.331100940704345703e+00
6.333752870559692383e+00
6.336035251617431641e+00
6.338041067123413086e+00
6.340624570846557617e+00
6.342778205871582031e+00
6.344857692718505859e+00
6.347044706344604492e+00
6.349040508270263672e+00
6.351060867309570312e+00
6.353187322616577148e+00
6.355191469192504883e+00
6.357300996780395508e+00
6.359427690505981445e+00
6.361447572708129883e+00
6.364022254943847656e+00
6.366578340530395508e+00
6.369149923324584961e+00
6.371441364288330078e+00
6.374092340469360352e+00
6.376768350601196289e+00
6.379008054733276367e+00
6.381045818328857422e+00
6.383181095123291016e+00
6.385772705078125000e+00
6.387657165527343750e+00
6.389766931533813477e+00
6.391657114028930664e+00
6.393537044525146484e+00
6.396096467971801758e+00
6.400034189224243164e+00
6.402119636535644531e+00
6.404184818267822266e+00
6.406628847122192383e+00
6.409055233001708984e+00
6.411577463150024414e+00
6.414575815200805664e+00
6.417034626007080078e+00
6.419639348983764648e+00
6.422072410583496094e+00
6.424682855606079102e+00
6.427110195159912109e+00
6.430210828781127930e+00
6.432532310485839844e+00
6.435104846954345703e+00
6.437725543975830078e+00
6.440106868743896484e+00
6.442317724227905273e+00
6.444707155227661133e+00
6.446844577789306641e+00
6.449176549911499023e+00
6.451284408569335938e+00
6.454431056976318359e+00
6.456502437591552734e+00
6.458707094192504883e+00
6.460525751113891602e+00
6.463259220123291016e+00
6.465584516525268555e+00
6.467803239822387695e+00
6.469794511795043945e+00
6.471810579299926758e+00
6.473808050155639648e+00
6.476073741912841797e+00
6.478866815567016602e+00
6.481035947799682617e+00
6.483197450637817383e+00
6.485585451126098633e+00
6.487811088562011719e+00
6.489806890487670898e+00
6.491831779479980469e+00
6.494028091430664062e+00
6.496349096298217773e+00
6.498515129089355469e+00
6.500551223754882812e+00
6.502564668655395508e+00
6.504533052444458008e+00
6.506648063659667969e+00
6.508918046951293945e+00
6.511771440505981445e+00
6.514073133468627930e+00
6.516164541244506836e+00
6.518275976181030273e+00
6.520516872406005859e+00
6.523138761520385742e+00
6.525683879852294922e+00
6.527546882629394531e+00
6.530645132064819336e+00
6.533060789108276367e+00
6.535165071487426758e+00
6.537656307220458984e+00
6.540108203887939453e+00
6.542333364486694336e+00
6.545092821121215820e+00
6.547201871871948242e+00
6.549154996871948242e+00
6.551006317138671875e+00
6.553140401840209961e+00
6.555170774459838867e+00
6.557312726974487305e+00
6.559725046157836914e+00
6.562257528305053711e+00
6.565832376480102539e+00
6.568078041076660156e+00
6.570543527603149414e+00
6.572699546813964844e+00
6.574800491333007812e+00
6.577069759368896484e+00
6.579295396804809570e+00
6.581554651260375977e+00
6.584093093872070312e+00
6.586520671844482422e+00
6.589106798171997070e+00
6.591163635253906250e+00
6.593765258789062500e+00
6.597276687622070312e+00
6.599790573120117188e+00
6.602307081222534180e+00
6.604527711868286133e+00
6.607070684432983398e+00
6.609879493713378906e+00
6.612201213836669922e+00
6.614412307739257812e+00
6.616472005844116211e+00
6.618415594100952148e+00
6.620461940765380859e+00
6.623061656951904297e+00
6.625358581542968750e+00
6.627500057220458984e+00
6.630352735519409180e+00
6.632527589797973633e+00
6.634540081024169922e+00
6.636504411697387695e+00
6.638787508010864258e+00
6.640786409378051758e+00
6.643233060836791992e+00
6.645664930343627930e+00
6.647811412811279297e+00
6.650059700012207031e+00
6.652517080307006836e+00
6.654808998107910156e+00
6.656803607940673828e+00
6.659032106399536133e+00
6.661031961441040039e+00
6.663951158523559570e+00
6.666603565216064453e+00
6.669166564941406250e+00
6.671561241149902344e+00
6.674106121063232422e+00
6.676712036132812500e+00
6.679404258728027344e+00
6.681807756423950195e+00
6.684064149856567383e+00
6.686556100845336914e+00
6.689029455184936523e+00
6.691041469573974609e+00
6.693048954010009766e+00
6.695057630538940430e+00
6.698036670684814453e+00
6.700418710708618164e+00
6.703032732009887695e+00
6.705301523208618164e+00
6.707548141479492188e+00
6.710230588912963867e+00
6.712594032287597656e+00
6.714801549911499023e+00
6.717133998870849609e+00
6.719729185104370117e+00
6.721808910369873047e+00
6.724067926406860352e+00
6.726450443267822266e+00
6.728451251983642578e+00
6.731248617172241211e+00
6.733469486236572266e+00
6.735776901245117188e+00
6.737800598144531250e+00
6.739786624908447266e+00
6.742051601409912109e+00
6.744526624679565430e+00
6.747173309326171875e+00
6.749557018280029297e+00
6.751569747924804688e+00
6.754033327102661133e+00
6.756154060363769531e+00
6.758272647857666016e+00
6.760512113571166992e+00
6.763885974884033203e+00
6.766035795211791992e+00
6.768010377883911133e+00
6.770448207855224609e+00
6.772576093673706055e+00
6.774402618408203125e+00
6.776517629623413086e+00
6.779041528701782227e+00
6.781009674072265625e+00
6.782770156860351562e+00
6.785048723220825195e+00
6.787402391433715820e+00
6.789680004119873047e+00
6.792156934738159180e+00
6.794088840484619141e+00
6.798619747161865234e+00
6.801136255264282227e+00
6.803327798843383789e+00
6.805408716201782227e+00
6.807011365890502930e+00
6.809116840362548828e+00
6.811622619628906250e+00
6.813805818557739258e+00
6.816248416900634766e+00
6.818667173385620117e+00
6.820547819137573242e+00
6.822540760040283203e+00
6.824919223785400391e+00
6.827757596969604492e+00
6.830664157867431641e+00
6.832903623580932617e+00
6.835333585739135742e+00
6.837579011917114258e+00
6.840327024459838867e+00
6.842797756195068359e+00
6.845456123352050781e+00
6.848073959350585938e+00
6.850602388381958008e+00
6.853079319000244141e+00
6.855654001235961914e+00
6.857836484909057617e+00
6.860527038574218750e+00
6.863449811935424805e+00
6.866377830505371094e+00
6.868712186813354492e+00
6.871425390243530273e+00
6.874191284179687500e+00
6.877055883407592773e+00
6.879847764968872070e+00
6.882057666778564453e+00
6.884306907653808594e+00
6.886554002761840820e+00
6.888682842254638672e+00
6.891034603118896484e+00
6.893520355224609375e+00
6.896345615386962891e+00
6.900574207305908203e+00
6.903188705444335938e+00
6.905776500701904297e+00
6.908096551895141602e+00
6.910472869873046875e+00
6.913025617599487305e+00
6.915061235427856445e+00
6.917075157165527344e+00
6.919661283493041992e+00
6.922909975051879883e+00
6.926262378692626953e+00
6.928956508636474609e+00
6.932156562805175781e+00
6.934469223022460938e+00
6.936516761779785156e+00
6.938523530960083008e+00
6.940529823303222656e+00
6.943403720855712891e+00
6.946026325225830078e+00
6.948186874389648438e+00
6.950635910034179688e+00
6.953222274780273438e+00
6.955699443817138672e+00
6.958244562149047852e+00
6.961061716079711914e+00
6.963868379592895508e+00
6.966190099716186523e+00
6.968617439270019531e+00
6.971333026885986328e+00
6.974417209625244141e+00
6.977632761001586914e+00
6.979586362838745117e+00
6.981670141220092773e+00
6.983794927597045898e+00
6.986494302749633789e+00
6.988840818405151367e+00
6.991055011749267578e+00
6.993401288986206055e+00
6.995572328567504883e+00
6.998269319534301758e+00
7.000964641571044922e+00
7.004131793975830078e+00
7.007106065750122070e+00
7.009942293167114258e+00
7.013088703155517578e+00
7.015824794769287109e+00
7.018768072128295898e+00
7.021947145462036133e+00
7.024784326553344727e+00
7.027705907821655273e+00
7.031358242034912109e+00
7.034539937973022461e+00
7.037751197814941406e+00
7.040830850601196289e+00
7.043675661087036133e+00
7.046189308166503906e+00
7.048622608184814453e+00
7.051645994186401367e+00
7.054208755493164062e+00
7.056695699691772461e+00
7.059203386306762695e+00
7.062080144882202148e+00
7.065308809280395508e+00
7.067664623260498047e+00
7.070373296737670898e+00
7.073178052902221680e+00
7.075625181198120117e+00
7.078198194503784180e+00
7.080744504928588867e+00
7.083273887634277344e+00
7.086106300354003906e+00
7.088737010955810547e+00
7.091040372848510742e+00
7.093227624893188477e+00
7.096085071563720703e+00
7.099876642227172852e+00
7.102798461914062500e+00
7.105578184127807617e+00
7.108104228973388672e+00
7.111058712005615234e+00
7.114391088485717773e+00
7.117381572723388672e+00
7.120347261428833008e+00
7.123372793197631836e+00
7.126616477966308594e+00
7.129805803298950195e+00
7.132362365722656250e+00
7.134868860244750977e+00
7.137473106384277344e+00
7.140874624252319336e+00
7.144164562225341797e+00
7.147232294082641602e+00
7.150200843811035156e+00
7.152860403060913086e+00
7.155893564224243164e+00
7.158781290054321289e+00
7.161347627639770508e+00
7.164323329925537109e+00
7.167041063308715820e+00
7.170201539993286133e+00
7.173358201980590820e+00
7.176329135894775391e+00
7.179214954376220703e+00
7.182053565979003906e+00
7.185414314270019531e+00
7.188732862472534180e+00
7.191765308380126953e+00
7.194574832916259766e+00
7.197458744049072266e+00
7.200699806213378906e+00
7.204104185104370117e+00
7.207415819168090820e+00
7.210830688476562500e+00
7.213859081268310547e+00
7.216194868087768555e+00
7.218557119369506836e+00
7.221203565597534180e+00
7.223259687423706055e+00
7.225830554962158203e+00
7.229183912277221680e+00
7.233269691467285156e+00
7.236107349395751953e+00
7.239067554473876953e+00
7.242170333862304688e+00
7.244884252548217773e+00
7.247746467590332031e+00
7.250773668289184570e+00
7.254112958908081055e+00
7.257212400436401367e+00
7.260217189788818359e+00
7.263166666030883789e+00
7.266350746154785156e+00
7.268877744674682617e+00
7.271603822708129883e+00
7.274480342864990234e+00
7.278126478195190430e+00
7.280853509902954102e+00
7.283602476119995117e+00
7.286481618881225586e+00
7.289228916168212891e+00
7.292250394821166992e+00
7.295087099075317383e+00
7.299312829971313477e+00
7.302639484405517578e+00
7.305970668792724609e+00
7.309245347976684570e+00
7.312556505203247070e+00
7.315898656845092773e+00
7.319139242172241211e+00
7.322076559066772461e+00
7.325016260147094727e+00
7.327544212341308594e+00
7.330530166625976562e+00
7.333214044570922852e+00
7.335790634155273438e+00
7.338717699050903320e+00
7.341221332550048828e+00
7.344196796417236328e+00
7.347070932388305664e+00
7.350164890289306641e+00
7.353689193725585938e+00
7.356636524200439453e+00
7.359825134277343750e+00
7.363331556320190430e+00
7.366772651672363281e+00
7.369589328765869141e+00
7.372042417526245117e+00
7.374516487121582031e+00
7.377428770065307617e+00
7.380853176116943359e+00
7.384126663208007812e+00
7.387480020523071289e+00
7.390203237533569336e+00
7.393441677093505859e+00
7.397301673889160156e+00
7.403741598129272461e+00
7.408236265182495117e+00
7.413118600845336914e+00
7.416628837585449219e+00
7.421191215515136719e+00
7.425673723220825195e+00
7.430290460586547852e+00
7.435204982757568359e+00
7.439833879470825195e+00
7.444328308105468750e+00
7.448841333389282227e+00
7.452733039855957031e+00
7.457181453704833984e+00
7.461682558059692383e+00
7.466093778610229492e+00
7.469676733016967773e+00
7.473411083221435547e+00
7.477278232574462891e+00
7.481301784515380859e+00
7.485270977020263672e+00
7.490324735641479492e+00
7.495182991027832031e+00
7.499388933181762695e+00
7.503392219543457031e+00
7.507653474807739258e+00
7.511666059494018555e+00
7.516228199005126953e+00
7.521186828613281250e+00
7.526229143142700195e+00
7.532240152359008789e+00
7.536382198333740234e+00
7.540627241134643555e+00
7.545216083526611328e+00
7.550223827362060547e+00
7.555320501327514648e+00
7.560125350952148438e+00
7.564509391784667969e+00
7.568818807601928711e+00
7.572797775268554688e+00
7.576725482940673828e+00
7.580945968627929688e+00
7.585344552993774414e+00
7.589343786239624023e+00
7.593315839767456055e+00
7.597298145294189453e+00
7.602731466293334961e+00
7.606520414352416992e+00
7.610307931900024414e+00
7.614300727844238281e+00
7.618531703948974609e+00
7.622290849685668945e+00
7.625783920288085938e+00
7.629267930984497070e+00
7.633509635925292969e+00
7.637661457061767578e+00
7.641820907592773438e+00
7.646240234375000000e+00
7.650611400604248047e+00
7.654609441757202148e+00
7.657753705978393555e+00
7.661264896392822266e+00
7.665511131286621094e+00
7.668552160263061523e+00
7.672615051269531250e+00
7.675850391387939453e+00
7.679969310760498047e+00
7.683856725692749023e+00
7.688310623168945312e+00
7.693397283554077148e+00
7.698709011077880859e+00
7.703154563903808594e+00
7.708123445510864258e+00
7.713027954101562500e+00
7.717317581176757812e+00
7.722419977188110352e+00
7.727262973785400391e+00
7.732428789138793945e+00
7.736476182937622070e+00
7.740959644317626953e+00
7.745246887207031250e+00
7.749495983123779297e+00
7.753756523132324219e+00
7.758122205734252930e+00
7.762497663497924805e+00
7.767147779464721680e+00
7.771342039108276367e+00
7.775753259658813477e+00
7.780138015747070312e+00
7.784709930419921875e+00
7.788578510284423828e+00
7.791616439819335938e+00
7.795261621475219727e+00
7.802770137786865234e+00
7.806780099868774414e+00
7.811114788055419922e+00
7.815312623977661133e+00
7.819468975067138672e+00
7.824385643005371094e+00
7.828693628311157227e+00
7.833246231079101562e+00
7.837921380996704102e+00
7.842487335205078125e+00
7.846287012100219727e+00
7.850299119949340820e+00
7.854580640792846680e+00
7.859181404113769531e+00
7.863284111022949219e+00
7.867463588714599609e+00
7.871528148651123047e+00
7.876180887222290039e+00
7.880738019943237305e+00
7.885198831558227539e+00
7.889172315597534180e+00
7.893362522125244141e+00
7.897762537002563477e+00
7.904096126556396484e+00
7.907615900039672852e+00
7.911631107330322266e+00
7.915177583694458008e+00
7.918820381164550781e+00
7.922489881515502930e+00
7.926238059997558594e+00
7.930783987045288086e+00
7.936185121536254883e+00
7.940505504608154297e+00
7.944515228271484375e+00
7.948155164718627930e+00
7.952227830886840820e+00
7.956424951553344727e+00
7.960490703582763672e+00
7.965643167495727539e+00
7.969821691513061523e+00
7.973787307739257812e+00
7.977938413619995117e+00
7.981791973114013672e+00
7.985137701034545898e+00
7.988935947418212891e+00
7.993232250213623047e+00
7.997433185577392578e+00
8.001517057418823242e+00
8.005563020706176758e+00
8.009274721145629883e+00
8.013928174972534180e+00
8.017778635025024414e+00
8.022228240966796875e+00
8.026295185089111328e+00
8.030853033065795898e+00
8.034812450408935547e+00
8.039189815521240234e+00
8.044141769409179688e+00
8.047995805740356445e+00
8.052195787429809570e+00
8.056235790252685547e+00
8.060364246368408203e+00
8.065198421478271484e+00
8.069557189941406250e+00
8.073615074157714844e+00
8.077696800231933594e+00
8.082180738449096680e+00
8.087241888046264648e+00
8.091861724853515625e+00
8.095964193344116211e+00
8.100507497787475586e+00
8.104365587234497070e+00
8.108116865158081055e+00
8.112730264663696289e+00
8.116768360137939453e+00
8.120907545089721680e+00
8.125264644622802734e+00
8.128849506378173828e+00
8.134152889251708984e+00
8.137922048568725586e+00
8.141477108001708984e+00
8.145631313323974609e+00
8.150221824645996094e+00
8.154519557952880859e+00
8.158100366592407227e+00
8.161349534988403320e+00
8.166273117065429688e+00
8.170420885086059570e+00
8.174268245697021484e+00
8.178341865539550781e+00
8.182490348815917969e+00
8.185838222503662109e+00
8.189113378524780273e+00
8.192371606826782227e+00
8.195958137512207031e+00
8.201243162155151367e+00
8.205583333969116211e+00
8.209306716918945312e+00
8.213409185409545898e+00
8.217742443084716797e+00
8.221445083618164062e+00
8.225675106048583984e+00
8.229338169097900391e+00
8.234116554260253906e+00
8.237857103347778320e+00
8.241611242294311523e+00
8.246174812316894531e+00
8.250431060791015625e+00
8.255219459533691406e+00
8.259598016738891602e+00
8.264275312423706055e+00
8.269150257110595703e+00
8.272981166839599609e+00
8.276455879211425781e+00
8.280400514602661133e+00
8.284235715866088867e+00
8.288686275482177734e+00
8.293216228485107422e+00
8.297261476516723633e+00
8.304168462753295898e+00
8.308777093887329102e+00
8.313240051269531250e+00
8.317512750625610352e+00
8.321769714355468750e+00
8.325877189636230469e+00
8.330404758453369141e+00
8.334590911865234375e+00
8.338642358779907227e+00
8.342253923416137695e+00
8.347006320953369141e+00
8.351534605026245117e+00
8.356333732604980469e+00
8.360094070434570312e+00
8.363907337188720703e+00
8.368275165557861328e+00
8.373053789138793945e+00
8.377217769622802734e+00
8.381173849105834961e+00
8.385423898696899414e+00
8.389239549636840820e+00
8.393218278884887695e+00
8.398281097412109375e+00
8.404732465744018555e+00
8.409164905548095703e+00
8.413426160812377930e+00
8.418230533599853516e+00
8.423177003860473633e+00
8.428278684616088867e+00
8.433255672454833984e+00
8.437574386596679688e+00
8.441472291946411133e+00
8.446257114410400391e+00
8.451246738433837891e+00
8.455793619155883789e+00
8.460397481918334961e+00
8.465482234954833984e+00
8.469415903091430664e+00
8.472972154617309570e+00
8.477197647094726562e+00
8.481870889663696289e+00
8.486128568649291992e+00
8.490292787551879883e+00
8.494754552841186523e+00
8.499135255813598633e+00
8.503174781799316406e+00
8.507404327392578125e+00
8.511474370956420898e+00
8.516165256500244141e+00
8.521284818649291992e+00
8.525663137435913086e+00
8.530209541320800781e+00
8.535212278366088867e+00
8.540183305740356445e+00
8.544608354568481445e+00
8.549275875091552734e+00
8.553535461425781250e+00
8.557788610458374023e+00
8.561718225479125977e+00
8.567111968994140625e+00
8.571262121200561523e+00
8.576141834259033203e+00
8.580128431320190430e+00
8.584528684616088867e+00
8.588548898696899414e+00
8.592581987380981445e+00
8.597289562225341797e+00
8.601606607437133789e+00
8.605232954025268555e+00
8.609136581420898438e+00
8.614147186279296875e+00
8.618741512298583984e+00
8.623214960098266602e+00
8.628261089324951172e+00
8.633232831954956055e+00
8.637205600738525391e+00
8.641167163848876953e+00
8.644941091537475586e+00
8.648644208908081055e+00
8.652356863021850586e+00
8.655493736267089844e+00
8.659112930297851562e+00
8.662932634353637695e+00
8.667881965637207031e+00
8.671641349792480469e+00
8.675590038299560547e+00
8.679904937744140625e+00
8.684182405471801758e+00
8.688917636871337891e+00
8.693188667297363281e+00
8.696797132492065430e+00
8.701210975646972656e+00
8.705147027969360352e+00
8.708512783050537109e+00
8.712683439254760742e+00
8.716653108596801758e+00
8.719949245452880859e+00
8.724269866943359375e+00
8.728180646896362305e+00
8.732660055160522461e+00
8.736127614974975586e+00
8.739881038665771484e+00
8.744420289993286133e+00
8.747753620147705078e+00
8.751686573028564453e+00
8.755096673965454102e+00
8.758506298065185547e+00
8.761830568313598633e+00
8.764902591705322266e+00
8.769632101058959961e+00
8.773283958435058594e+00
8.777756690979003906e+00
8.781669139862060547e+00
8.785146474838256836e+00
8.788688659667968750e+00
8.792616128921508789e+00
8.796212673187255859e+00
8.803776264190673828e+00
8.807845830917358398e+00
8.811623096466064453e+00
8.815395355224609375e+00
8.819131374359130859e+00
8.823179960250854492e+00
8.827577352523803711e+00
8.831815719604492188e+00
8.835669517517089844e+00
8.839395999908447266e+00
8.844450235366821289e+00
8.849163055419921875e+00
8.854341745376586914e+00
8.859223127365112305e+00
8.863652706146240234e+00
8.867959976196289062e+00
8.872428655624389648e+00
8.877259492874145508e+00
8.881555318832397461e+00
8.885889053344726562e+00
8.890154600143432617e+00
8.894155740737915039e+00
8.898194074630737305e+00
8.904223680496215820e+00
8.908661127090454102e+00
8.913207769393920898e+00
8.917385101318359375e+00
8.922144651412963867e+00
8.926794290542602539e+00
8.931240081787109375e+00
8.936663866043090820e+00
8.940920591354370117e+00
8.944864511489868164e+00
8.949277877807617188e+00
8.953722715377807617e+00
8.958266735076904297e+00
8.963282108306884766e+00
8.968097209930419922e+00
8.972384691238403320e+00
8.977417469024658203e+00
8.981653451919555664e+00
8.986250877380371094e+00
8.990293264389038086e+00
8.994425058364868164e+00
8.998420953750610352e+00
9.003490686416625977e+00
9.008227825164794922e+00
9.012497901916503906e+00
9.016802310943603516e+00
9.021239519119262695e+00
9.025761127471923828e+00
9.029641389846801758e+00
9.033484935760498047e+00
9.036490440368652344e+00
9.039895772933959961e+00
9.043517827987670898e+00
9.047259569168090820e+00
9.052181720733642578e+00
9.056215286254882812e+00
9.060305833816528320e+00
9.064148187637329102e+00
9.068251132965087891e+00
9.072099685668945312e+00
9.077352046966552734e+00
9.081471443176269531e+00
9.085425615310668945e+00
9.090232849121093750e+00
9.094865560531616211e+00
9.099416732788085938e+00
9.103202581405639648e+00
9.107085227966308594e+00
9.111484766006469727e+00
9.115872383117675781e+00
9.120193719863891602e+00
9.123708724975585938e+00
9.127892494201660156e+00
9.132024049758911133e+00
9.140168666839599609e+00
9.145217657089233398e+00
9.150160789489746094e+00
9.154758453369140625e+00
9.159255981445312500e+00
9.163807392120361328e+00
9.168228626251220703e+00
9.172471761703491211e+00
9.177393674850463867e+00
9.180769920349121094e+00
9.184432744979858398e+00
9.188370466232299805e+00
9.192663431167602539e+00
9.196775913238525391e+00
9.201303243637084961e+00
9.206247091293334961e+00
9.211163759231567383e+00
9.216203927993774414e+00
9.220269441604614258e+00
9.223873376846313477e+00
9.227973937988281250e+00
9.232409477233886719e+00
9.236398696899414062e+00
9.243719339370727539e+00
9.248123884201049805e+00
9.252228975296020508e+00
9.255768775939941406e+00
9.259874105453491211e+00
9.263907194137573242e+00
9.269284009933471680e+00
9.273755311965942383e+00
9.278185606002807617e+00
9.283207654953002930e+00
9.287740468978881836e+00
9.291680335998535156e+00
9.295691490173339844e+00
9.301342248916625977e+00
9.306157350540161133e+00
9.310630798339843750e+00
9.314227342605590820e+00
9.317237854003906250e+00
9.320921182632446289e+00
9.324093103408813477e+00
9.327788114547729492e+00
9.331722021102905273e+00
9.335665702819824219e+00
9.339646816253662109e+00
9.344081640243530273e+00
9.347345352172851562e+00
9.351114988327026367e+00
9.355146408081054688e+00
9.359417200088500977e+00
9.363681316375732422e+00
9.367682695388793945e+00
9.371875047683715820e+00
9.376176118850708008e+00
9.380379915237426758e+00
9.384173154830932617e+00
9.389269590377807617e+00
9.393160104751586914e+00
9.396597385406494141e+00
9.402095079421997070e+00
9.406102418899536133e+00
9.410150527954101562e+00
9.414803743362426758e+00
9.418946504592895508e+00
9.423325538635253906e+00
9.427134037017822266e+00
9.431294918060302734e+00
9.435755968093872070e+00
9.440262794494628906e+00
9.444524049758911133e+00
9.449159145355224609e+00
9.454436302185058594e+00
9.459113836288452148e+00
9.463145494461059570e+00
9.467782258987426758e+00
9.472251653671264648e+00
9.476399183273315430e+00
9.480880975723266602e+00
9.485321998596191406e+00
9.490169286727905273e+00
9.494435548782348633e+00
9.499170064926147461e+00
9.503854990005493164e+00
9.507541894912719727e+00
9.512122154235839844e+00
9.516132116317749023e+00
9.519435644149780273e+00
9.523910045623779297e+00
9.528373718261718750e+00
9.532509326934814453e+00
9.536831140518188477e+00
9.541287660598754883e+00
9.545662641525268555e+00
9.550282001495361328e+00
9.555240154266357422e+00
9.560390233993530273e+00
9.564703702926635742e+00
9.569462537765502930e+00
9.573554515838623047e+00
9.577661752700805664e+00
9.581640481948852539e+00
9.585595846176147461e+00
9.590371847152709961e+00
9.594490528106689453e+00
9.598786354064941406e+00
9.604192018508911133e+00
9.608105897903442383e+00
9.612359046936035156e+00
9.616323471069335938e+00
9.620119333267211914e+00
9.623918056488037109e+00
9.628226280212402344e+00
9.636384487152099609e+00
9.640484809875488281e+00
9.645213127136230469e+00
9.649862289428710938e+00
9.654162883758544922e+00
9.658595085144042969e+00
9.662521839141845703e+00
9.666102886199951172e+00
9.669722318649291992e+00
9.673896312713623047e+00
9.678202867507934570e+00
9.683173418045043945e+00
9.687087535858154297e+00
9.690890550613403320e+00
9.694573879241943359e+00
9.698066473007202148e+00
9.701822757720947266e+00
9.706125259399414062e+00
9.711104393005371094e+00
9.714678287506103516e+00
9.719173669815063477e+00
9.724209785461425781e+00
9.728803634643554688e+00
9.734119653701782227e+00
9.739464998245239258e+00
9.744198322296142578e+00
9.748152732849121094e+00
9.752688407897949219e+00
9.756603240966796875e+00
9.761270999908447266e+00
9.766248226165771484e+00
9.770454883575439453e+00
9.775194168090820312e+00
9.779684305191040039e+00
9.784241199493408203e+00
9.788856983184814453e+00
9.793129444122314453e+00
9.797719717025756836e+00
9.802541255950927734e+00
9.806622266769409180e+00
9.810837507247924805e+00
9.815406560897827148e+00
9.820179224014282227e+00
9.824675083160400391e+00
9.828102588653564453e+00
9.831683635711669922e+00
9.835882425308227539e+00
9.840156793594360352e+00
9.844808816909790039e+00
9.848745107650756836e+00
9.853114128112792969e+00
9.857069730758666992e+00
9.860893726348876953e+00
9.864769935607910156e+00
9.870324373245239258e+00
9.875150680541992188e+00
9.880094766616821289e+00
9.884595632553100586e+00
9.888803482055664062e+00
9.893156528472900391e+00
9.898223400115966797e+00
9.902734518051147461e+00
9.907267093658447266e+00
9.911632061004638672e+00
9.916186332702636719e+00
9.921226263046264648e+00
9.926126956939697266e+00
9.930128335952758789e+00
9.935099601745605469e+00
9.939422369003295898e+00
9.943481683731079102e+00
9.947341680526733398e+00
9.951222419738769531e+00
9.955585241317749023e+00
9.960174560546875000e+00
9.964549779891967773e+00
9.968769073486328125e+00
9.972151279449462891e+00
9.976376771926879883e+00
9.980298995971679688e+00
9.984306097030639648e+00
9.988169670104980469e+00
9.992438316345214844e+00
9.996365547180175781e+00
1.000198531150817871e+01
1.000615835189819336e+01
1.001086950302124023e+01
1.001511645317077637e+01
1.001922774314880371e+01
1.002349495887756348e+01
1.002735710144042969e+01
1.003172135353088379e+01
1.003647089004516602e+01
1.004039454460144043e+01
1.004476928710937500e+01
1.004921865463256836e+01
1.005422329902648926e+01
1.005925083160400391e+01
1.006346130371093750e+01
1.006813120841979980e+01
1.007279372215270996e+01
1.007766437530517578e+01
1.008154940605163574e+01
1.008622360229492188e+01
1.009086322784423828e+01
1.009464263916015625e+01
1.009844040870666504e+01
1.010343289375305176e+01
1.010749650001525879e+01
1.011107182502746582e+01
1.011480665206909180e+01
1.011843967437744141e+01
1.012208104133605957e+01
1.012634634971618652e+01
1.013025689125061035e+01
1.013728022575378418e+01
1.014146018028259277e+01
1.014618396759033203e+01
1.015041589736938477e+01
1.015513038635253906e+01
1.015956735610961914e+01
1.016356658935546875e+01
1.016783761978149414e+01
1.017207980155944824e+01
1.017638993263244629e+01
1.018050527572631836e+01
1.018515896797180176e+01
1.019014811515808105e+01
1.019419622421264648e+01
1.019842696189880371e+01
1.020273756980895996e+01
1.020713067054748535e+01
1.021221947669982910e+01
1.021685552597045898e+01
1.022125315666198730e+01
1.022536253929138184e+01
1.022919750213623047e+01
1.023345160484313965e+01
1.023806309700012207e+01
1.024232292175292969e+01
1.024711441993713379e+01
1.025071263313293457e+01
1.025474786758422852e+01
1.025911426544189453e+01
1.026420402526855469e+01
1.026939272880554199e+01
1.027354288101196289e+01
1.027766370773315430e+01
1.028178906440734863e+01
1.028582358360290527e+01
1.028957915306091309e+01
1.029373860359191895e+01
1.029825925827026367e+01
1.030316066741943359e+01
1.030718469619750977e+01
1.031226730346679688e+01
1.031649470329284668e+01
1.032122540473937988e+01
1.032615780830383301e+01
1.033122324943542480e+01
1.033616757392883301e+01
1.034130477905273438e+01
1.034550452232360840e+01
1.034941244125366211e+01
1.035311484336853027e+01
1.035617947578430176e+01
1.036013007164001465e+01
1.036388325691223145e+01
1.036931133270263672e+01
1.037375092506408691e+01
1.037830042839050293e+01
1.038225626945495605e+01
1.038630533218383789e+01
1.039037322998046875e+01
1.039537262916564941e+01
1.039983940124511719e+01
1.040469574928283691e+01
1.040936541557312012e+01
1.041379547119140625e+01
1.041831827163696289e+01
1.042222595214843750e+01
1.042654228210449219e+01
1.043086147308349609e+01
1.043474078178405762e+01
1.043922710418701172e+01
1.044369578361511230e+01
1.044808530807495117e+01
1.045210456848144531e+01
1.045583677291870117e+01
1.045959997177124023e+01
1.046412134170532227e+01
1.046838831901550293e+01
1.047263669967651367e+01
1.047726297378540039e+01
1.048161315917968750e+01
1.048571395874023438e+01
1.048962998390197754e+01
1.049419593811035156e+01
1.049852633476257324e+01
1.050313425064086914e+01
1.050708675384521484e+01
1.051111006736755371e+01
1.051435828208923340e+01
1.051788973808288574e+01
1.052108478546142578e+01
1.052430963516235352e+01
1.052770996093750000e+01
1.053138256072998047e+01
1.053608584403991699e+01
1.053986740112304688e+01
1.054413795471191406e+01
1.054916715621948242e+01
1.055426263809204102e+01
1.055912780761718750e+01
1.056356477737426758e+01
1.056829833984375000e+01
1.057192325592041016e+01
1.057626795768737793e+01
1.057990527153015137e+01
1.058348965644836426e+01
1.058809232711791992e+01
1.059317398071289062e+01
1.059822654724121094e+01
1.060310602188110352e+01
1.060746312141418457e+01
1.061217713356018066e+01
1.061710405349731445e+01
1.062133836746215820e+01
1.062526750564575195e+01
1.062892389297485352e+01
1.063182282447814941e+01
1.063621091842651367e+01
1.064065861701965332e+01
1.064522027969360352e+01
1.064913940429687500e+01
1.065329384803771973e+01
1.065741920471191406e+01
1.066237187385559082e+01
1.066691279411315918e+01
1.067123675346374512e+01
1.067640495300292969e+01
1.068119716644287109e+01
1.068567061424255371e+01
1.068978428840637207e+01
1.069412779808044434e+01
1.069784760475158691e+01
1.070161390304565430e+01
1.070526194572448730e+01
1.071013498306274414e+01
1.071521639823913574e+01
1.072017192840576172e+01
1.072516894340515137e+01
1.073028635978698730e+01
1.073429417610168457e+01
1.074063634872436523e+01
1.074488806724548340e+01
1.074879455566406250e+01
1.075287723541259766e+01
1.075718331336975098e+01
1.076126861572265625e+01
1.076540327072143555e+01
1.077012968063354492e+01
1.077563500404357910e+01
1.077963352203369141e+01
1.078330850601196289e+01
1.078747534751892090e+01
1.079223918914794922e+01
1.079665589332580566e+01
1.080200910568237305e+01
1.080612683296203613e+01
1.081120276451110840e+01
1.081622481346130371e+01
1.082085084915161133e+01
1.082517004013061523e+01
1.082989716529846191e+01
1.083337259292602539e+01
1.083789801597595215e+01
1.084269618988037109e+01
1.084647345542907715e+01
1.085018825531005859e+01
1.085427546501159668e+01
1.085831761360168457e+01
1.086235380172729492e+01
1.086639356613159180e+01
1.087152385711669922e+01
1.087577986717224121e+01
1.088017582893371582e+01
1.088445711135864258e+01
1.088823413848876953e+01
1.089246463775634766e+01
1.089632463455200195e+01
1.090042328834533691e+01
1.090427660942077637e+01
1.090810394287109375e+01
1.091244792938232422e+01
1.091725707054138184e+01
1.092218160629272461e+01
1.092667508125305176e+01
1.093122744560241699e+01
1.093699049949645996e+01
1.094118428230285645e+01
1.094575548171997070e+01
1.095015263557434082e+01
1.095530748367309570e+01
1.096012377738952637e+01
1.096448206901550293e+01
1.096856927871704102e+01
1.097250366210937500e+01
1.097695517539978027e+01
1.098125338554382324e+01
1.098622846603393555e+01
1.099115419387817383e+01
1.099624896049499512e+01
1.100079655647277832e+01
1.100618696212768555e+01
1.101118731498718262e+01
1.101593518257141113e+01
1.102033805847167969e+01
1.102435588836669922e+01
1.102812528610229492e+01
1.103246569633483887e+01
1.103758692741394043e+01
1.104322433471679688e+01
1.104738426208496094e+01
1.105235171318054199e+01
1.105625224113464355e+01
1.106103825569152832e+01
1.106431484222412109e+01
1.106863522529602051e+01
1.107265305519104004e+01
1.107721853256225586e+01
1.108176231384277344e+01
1.108627390861511230e+01
1.109120988845825195e+01
1.109563875198364258e+01
1.109909248352050781e+01
1.110307931900024414e+01
1.110719966888427734e+01
1.111166954040527344e+01
1.111615681648254395e+01
1.112089347839355469e+01
1.112514495849609375e+01
1.112870907783508301e+01
1.113203549385070801e+01
1.113569092750549316e+01
1.114030241966247559e+01
1.114423489570617676e+01
1.114811563491821289e+01
1.115232515335083008e+01
1.115610742568969727e+01
1.116066718101501465e+01
1.116485452651977539e+01
1.116921019554138184e+01
1.117415452003479004e+01
1.117852425575256348e+01
1.118213725090026855e+01
1.118619346618652344e+01
1.119022345542907715e+01
1.119555449485778809e+01
1.120023703575134277e+01
1.120421600341796875e+01
1.120877313613891602e+01
1.121288609504699707e+01
1.121724605560302734e+01
1.122222447395324707e+01
1.122639322280883789e+01
1.123069286346435547e+01
1.123635935783386230e+01
1.124167871475219727e+01
1.124621820449829102e+01
1.125115919113159180e+01
1.125569725036621094e+01
1.126013445854187012e+01
1.126520609855651855e+01
1.127016592025756836e+01
1.127516746520996094e+01
1.127955842018127441e+01
1.128285622596740723e+01
1.128687262535095215e+01
1.129123711585998535e+01
1.129614639282226562e+01
1.130215954780578613e+01
1.130647015571594238e+01
1.131115055084228516e+01
1.131596112251281738e+01
1.132024574279785156e+01
1.132470107078552246e+01
1.132809615135192871e+01
1.133258175849914551e+01
1.133674907684326172e+01
1.134117078781127930e+01
1.134626102447509766e+01
1.135086750984191895e+01
1.135511517524719238e+01
1.135924839973449707e+01
1.136419320106506348e+01
1.137005901336669922e+01
1.137417650222778320e+01
1.137887525558471680e+01
1.138313364982604980e+01
1.138765573501586914e+01
1.139211153984069824e+01
1.139678859710693359e+01
1.140064740180969238e+01
1.140488791465759277e+01
1.141013240814208984e+01
1.141441202163696289e+01
1.141843175888061523e+01
1.142184948921203613e+01
1.142524790763854980e+01
1.143025922775268555e+01
1.143612837791442871e+01
1.144117236137390137e+01
1.144524669647216797e+01
1.144927954673767090e+01
1.145314645767211914e+01
1.145690178871154785e+01
1.146081519126892090e+01
1.146521615982055664e+01
1.146970987319946289e+01
1.147352910041809082e+01
1.147786641120910645e+01
1.148147249221801758e+01
1.148617482185363770e+01
1.149058699607849121e+01
1.149533176422119141e+01
1.149960136413574219e+01
1.150406980514526367e+01
1.150818514823913574e+01
1.151264095306396484e+01
1.151691913604736328e+01
1.152114415168762207e+01
1.152517747879028320e+01
1.152909278869628906e+01
1.153236746788024902e+01
1.153746223449707031e+01
1.154182291030883789e+01
1.154523849487304688e+01
1.154874467849731445e+01
1.155225181579589844e+01
1.155569028854370117e+01
1.155934047698974609e+01
1.156309914588928223e+01
1.156633806228637695e+01
1.157032012939453125e+01
1.157408118247985840e+01
1.157816600799560547e+01
1.158213543891906738e+01
1.158587121963500977e+01
1.158981943130493164e+01
1.159413194656372070e+01
1.159930300712585449e+01
1.160482287406921387e+01
1.160947346687316895e+01
1.161419057846069336e+01
1.161835813522338867e+01
1.162208914756774902e+01
1.162547850608825684e+01
1.162918806076049805e+01
1.163353848457336426e+01
1.163966417312622070e+01
1.164412641525268555e+01
1.164785861968994141e+01
1.165154409408569336e+01
1.165636372566223145e+01
1.166122007369995117e+01
1.166564297676086426e+01
1.166998958587646484e+01
1.167424583435058594e+01
1.167816162109375000e+01
1.168321990966796875e+01
1.168795061111450195e+01
1.169214200973510742e+01
1.169700098037719727e+01
1.170129179954528809e+01
1.170498013496398926e+01
1.170945191383361816e+01
1.171419239044189453e+01
1.171885752677917480e+01
1.172318935394287109e+01
1.172767543792724609e+01
1.173198056221008301e+01
1.173847651481628418e+01
1.174312210083007812e+01
1.174739456176757812e+01
1.175162434577941895e+01
1.175504970550537109e+01
1.175974345207214355e+01
1.176357746124267578e+01
1.176816272735595703e+01
1.177219295501708984e+01
1.177673339843750000e+01
1.178122830390930176e+01
1.178620910644531250e+01
1.178979492187500000e+01
1.179422497749328613e+01
1.179931235313415527e+01
1.180445504188537598e+01
1.180919766426086426e+01
1.181282567977905273e+01
1.181699132919311523e+01
1.182114839553833008e+01
1.182570052146911621e+01
1.182947945594787598e+01
1.183382439613342285e+01
1.183768463134765625e+01
1.184225273132324219e+01
1.184712266921997070e+01
1.185175728797912598e+01
1.185578179359436035e+01
1.186033248901367188e+01
1.186478090286254883e+01
1.186971330642700195e+01
1.187419819831848145e+01
1.187908172607421875e+01
1.188305759429931641e+01
1.188640022277832031e+01
1.189019012451171875e+01
1.189424085617065430e+01
1.189842200279235840e+01
1.190311908721923828e+01
1.190781879425048828e+01
1.191146969795227051e+01
1.191596460342407227e+01
1.192036986351013184e+01
1.192529058456420898e+01
1.193020796775817871e+01
1.193471479415893555e+01
1.193935275077819824e+01
1.194321489334106445e+01
1.194789361953735352e+01
1.195262384414672852e+01
1.195635676383972168e+01
1.196072626113891602e+01
1.196547818183898926e+01
1.197108530998229980e+01
1.197540664672851562e+01
1.197936654090881348e+01
1.198369979858398438e+01
1.198763394355773926e+01
1.199157547950744629e+01
1.199553680419921875e+01
1.199989080429077148e+01
1.200427579879760742e+01
1.200817584991455078e+01
1.201247835159301758e+01
1.201710438728332520e+01
1.202221584320068359e+01
1.202734923362731934e+01
1.203162264823913574e+01
1.203722238540649414e+01
1.204217767715454102e+01
1.204664015769958496e+01
1.205112767219543457e+01
1.205533885955810547e+01
1.205945634841918945e+01
1.206380248069763184e+01
1.206717777252197266e+01
1.207184171676635742e+01
1.207618570327758789e+01
1.208025574684143066e+01
1.208446335792541504e+01
1.208861684799194336e+01
1.209320259094238281e+01
1.209775400161743164e+01
1.210355877876281738e+01
1.210813212394714355e+01
1.211256551742553711e+01
1.211685371398925781e+01
1.212116146087646484e+01
1.212568354606628418e+01
1.212984204292297363e+01
1.213413667678833008e+01
1.214039587974548340e+01
1.214473915100097656e+01
1.214924168586730957e+01
1.215347099304199219e+01
1.215751409530639648e+01
1.216161990165710449e+01
1.216541194915771484e+01
1.216979432106018066e+01
1.217419481277465820e+01
1.217914915084838867e+01
1.218255829811096191e+01
1.218735122680664062e+01
1.219079041481018066e+01
1.219417500495910645e+01
1.219836521148681641e+01
1.220311975479125977e+01
1.220763134956359863e+01
1.221170473098754883e+01
1.221548247337341309e+01
1.222021532058715820e+01
1.222504186630249023e+01
1.222960138320922852e+01
1.223413491249084473e+01
1.224139237403869629e+01
1.224613666534423828e+01
1.225065112113952637e+01
1.225469660758972168e+01
1.225873637199401855e+01
1.226258277893066406e+01
1.226631689071655273e+01
1.227059626579284668e+01
1.227535295486450195e+01
1.228020644187927246e+01
1.228536272048950195e+01
1.228964424133300781e+01
1.229425263404846191e+01
1.229911208152770996e+01
1.230333018302917480e+01
1.230762553215026855e+01
1.231144189834594727e+01
1.231570911407470703e+01
1.232009458541870117e+01
1.232516837120056152e+01
1.232914876937866211e+01
1.233382272720336914e+01
1.233776307106018066e+01
1.234144473075866699e+01
1.234606003761291504e+01
1.235073089599609375e+01
1.235520696640014648e+01
1.236019849777221680e+01
1.236510658264160156e+01
1.237042188644409180e+01
1.237423419952392578e+01
1.237919640541076660e+01
1.238426518440246582e+01
1.238862180709838867e+01
1.239223861694335938e+01
1.239657568931579590e+01
1.240108799934387207e+01
1.240516233444213867e+01
1.241011190414428711e+01
1.241449499130249023e+01
1.241921734809875488e+01
1.242360186576843262e+01
1.242820811271667480e+01
1.243237352371215820e+01
1.243724203109741211e+01
1.244201993942260742e+01
1.244658589363098145e+01
1.245118141174316406e+01
1.245614099502563477e+01
1.246008038520812988e+01
1.246516227722167969e+01
1.246964859962463379e+01
1.247409224510192871e+01
1.247820830345153809e+01
1.248207330703735352e+01
1.248610758781433105e+01
1.248960041999816895e+01
1.249346804618835449e+01
1.249808287620544434e+01
1.250223278999328613e+01
1.250570583343505859e+01
1.250977802276611328e+01
1.251410150527954102e+01
1.251859498023986816e+01
1.252320766448974609e+01
1.252762317657470703e+01
1.253225851058959961e+01
1.253759646415710449e+01
1.254214596748352051e+01
1.254678750038146973e+01
1.255116438865661621e+01
1.255588269233703613e+01
1.255986714363098145e+01
1.256382703781127930e+01
1.256754136085510254e+01
1.257180881500244141e+01
1.257724928855895996e+01
1.258117794990539551e+01
1.258478856086730957e+01
1.258813977241516113e+01
1.259173607826232910e+01
1.259569883346557617e+01
1.260031247138977051e+01
1.260556864738464355e+01
1.261015343666076660e+01
1.261383938789367676e+01
1.261759328842163086e+01
1.262148261070251465e+01
1.262609839439392090e+01
1.262963342666625977e+01
1.263312959671020508e+01
1.263776659965515137e+01
1.264369487762451172e+01
1.264815449714660645e+01
1.265284276008605957e+01
1.265729212760925293e+01
1.266148042678833008e+01
1.266595005989074707e+01
1.267057156562805176e+01
1.267454361915588379e+01
1.267871642112731934e+01
1.268318486213684082e+01
1.268664073944091797e+01
1.269055867195129395e+01
1.269464039802551270e+01
1.269919133186340332e+01
1.270410633087158203e+01
1.270839881896972656e+01
1.271217274665832520e+01
1.271585130691528320e+01
1.271990299224853516e+01
1.272407913208007812e+01
1.272849464416503906e+01
1.273212313652038574e+01
1.273521852493286133e+01
1.274307060241699219e+01
1.274713349342346191e+01
1.275155067443847656e+01
1.275532698631286621e+01
1.275930285453796387e+01
1.276436567306518555e+01
1.276868391036987305e+01
1.277368235588073730e+01
1.277805209159851074e+01
1.278331375122070312e+01
1.278784418106079102e+01
1.279204010963439941e+01
1.279633808135986328e+01
1.280074858665466309e+01
1.280514597892761230e+01
1.280936980247497559e+01
1.281412625312805176e+01
1.281906604766845703e+01
1.282308053970336914e+01
1.282822823524475098e+01
1.283332133293151855e+01
1.283780598640441895e+01
1.284164476394653320e+01
1.284617257118225098e+01
1.285079836845397949e+01
1.285481119155883789e+01
1.285855531692504883e+01
1.286253356933593750e+01
1.286678671836853027e+01
1.287070655822753906e+01
1.287486457824707031e+01
1.287859630584716797e+01
1.288330245018005371e+01
1.288821339607238770e+01
1.289242649078369141e+01
1.289713835716247559e+01
1.290147113800048828e+01
1.290551710128784180e+01
1.291008257865905762e+01
1.291411185264587402e+01
1.291835236549377441e+01
1.292253804206848145e+01
1.292658972740173340e+01
1.293067336082458496e+01
1.293506574630737305e+01
1.294018149375915527e+01
1.294522929191589355e+01
1.294914817810058594e+01
1.295351648330688477e+01
1.295766830444335938e+01
1.296218204498291016e+01
1.296691560745239258e+01
1.297136402130126953e+01
1.297617793083190918e+01
1.298066425323486328e+01
1.298525285720825195e+01
1.298885703086853027e+01
1.299221420288085938e+01
1.299567723274230957e+01
1.299915313720703125e+01
1.300470280647277832e+01
1.300918221473693848e+01
1.301362419128417969e+01
1.301831793785095215e+01
1.302228498458862305e+01
1.302611899375915527e+01
1.303078031539916992e+01
1.303465819358825684e+01
1.303841972351074219e+01
1.304272460937500000e+01
1.304711365699768066e+01
1.305187582969665527e+01
1.305634212493896484e+01
1.306061840057373047e+01
1.306475329399108887e+01
1.306874108314514160e+01
1.307347846031188965e+01
1.307886314392089844e+01
1.308244252204895020e+01
1.308540558815002441e+01
1.308839869499206543e+01
1.309317016601562500e+01
1.309820556640625000e+01
1.310274982452392578e+01
1.310823297500610352e+01
1.311320137977600098e+01
1.311748671531677246e+01
1.312207603454589844e+01
1.312626409530639648e+01
1.313024282455444336e+01
1.313475060462951660e+01
1.314161682128906250e+01
1.314525747299194336e+01
1.314951705932617188e+01
1.315378499031066895e+01
1.315817809104919434e+01
1.316247272491455078e+01
1.316713643074035645e+01
1.317139577865600586e+01
1.317620134353637695e+01
1.318005824089050293e+01
1.318461060523986816e+01
1.318928790092468262e+01
1.319325208663940430e+01
1.319718813896179199e+01
1.320219945907592773e+01
1.320650935173034668e+01
1.321108913421630859e+01
1.321518707275390625e+01
1.321936082839965820e+01
1.322308874130249023e+01
1.322819828987121582e+01
1.323314833641052246e+01
1.324111104011535645e+01
1.324556374549865723e+01
1.324944758415222168e+01
1.325336241722106934e+01
1.325741171836853027e+01
1.326137351989746094e+01
1.326550173759460449e+01
1.326943445205688477e+01
1.327517366409301758e+01
1.327960586547851562e+01
1.328419518470764160e+01
1.328878641128540039e+01
1.329319047927856445e+01
1.329726910591125488e+01
1.330114412307739258e+01
1.330535411834716797e+01
1.330946016311645508e+01
1.331345915794372559e+01
1.331711268424987793e+01
1.332184696197509766e+01
1.332616853713989258e+01
1.333040857315063477e+01
1.333513140678405762e+01
1.333934760093688965e+01
1.334414505958557129e+01
1.334811687469482422e+01
1.335246753692626953e+01
1.335673165321350098e+01
1.336062717437744141e+01
1.336443901062011719e+01
1.336866402626037598e+01
1.337389445304870605e+01
1.337852025032043457e+01
1.338261985778808594e+01
1.338639760017395020e+01
1.338989901542663574e+01
1.339431858062744141e+01
1.339804196357727051e+01
1.340126252174377441e+01
1.340614652633666992e+01
1.341044950485229492e+01
1.341420245170593262e+01
1.341830968856811523e+01
1.342249250411987305e+01
1.342720293998718262e+01
1.343216967582702637e+01
1.343795800209045410e+01
1.344254374504089355e+01
1.344716954231262207e+01
1.345210647583007812e+01
1.345618486404418945e+01
1.346039223670959473e+01
1.346523523330688477e+01
1.347101640701293945e+01
1.347556591033935547e+01
1.348014020919799805e+01
1.348522472381591797e+01
1.349047231674194336e+01
1.349441480636596680e+01
1.349874949455261230e+01
1.350257229804992676e+01
1.350901222229003906e+01
1.351311206817626953e+01
1.351735877990722656e+01
1.352124762535095215e+01
1.352504801750183105e+01
1.352834773063659668e+01
1.353174257278442383e+01
1.353500723838806152e+01
1.353919267654418945e+01
1.354344940185546875e+01
1.354638767242431641e+01
1.355057668685913086e+01
1.355414342880249023e+01
1.355783963203430176e+01
1.356209778785705566e+01
