-2.588067531585693359e+00
1.919704318046569824e+00
-2.932736873626708984e-01
4.968874529004096985e-02
2.044354677200317383e+00
-1.502101302146911621e+00
8.592051267623901367e-02
-8.809880614280700684e-01
-9.148634076118469238e-01
8.873533606529235840e-01
-1.483276367187500000e+00
1.392517924308776855e+00
1.267799377441406250e+00
-2.707914113998413086e+00
1.022325396537780762e+00
5.513167381286621094e-01
-1.375239133834838867e+00
-2.690723896026611328e+00
4.771726727485656738e-01
9.304645657539367676e-01
6.562855243682861328e-01
-2.459391504526138306e-01
-1.697098970413208008e+00
7.616068422794342041e-02
1.706411957740783691e+00
1.171528697013854980e+00
1.011062979698181152e+00
1.506542563438415527e-01
1.320393681526184082e-01
-3.007110059261322021e-01
-4.352795779705047607e-01
-6.031833291053771973e-01
-6.264879703521728516e-01
-5.458678603172302246e-01
-1.280319988727569580e-01
3.062834739685058594e-01
5.942456722259521484e-01
1.941986531019210815e-01
1.180695295333862305e-01
-2.549574971199035645e-01
-6.763126254081726074e-01
-6.557612419128417969e-01
-3.074540495872497559e-01
-3.054056465625762939e-01
-1.492570936679840088e-01
3.700349628925323486e-01
6.177394390106201172e-01
5.667663812637329102e-01
2.991363406181335449e-01
-1.407933235168457031e-01
-6.155921816825866699e-01
-6.802232265472412109e-01
-5.804138183593750000e-01
-8.297724723815917969e-01
-8.923131823539733887e-01
-2.251925319433212280e-01
-1.328914165496826172e-01
-1.252217143774032593e-01
1.091905087232589722e-01
-3.544494509696960449e-03
1.902483850717544556e-01
-2.823191583156585693e-01
-6.823801398277282715e-01
-7.497035264968872070e-01
-4.230676591396331787e-01
-9.260611236095428467e-02
1.424363851547241211e-01
5.618086457252502441e-01
1.201521828770637512e-01
-3.703839182853698730e-01
-8.571768403053283691e-01
-1.205556273460388184e+00
-1.181417346000671387e+00
-8.725568056106567383e-01
-3.163244426250457764e-01
-8.278253674507141113e-02
2.296872735023498535e-01
3.503087460994720459e-01
4.021833837032318115e-01
2.054761499166488647e-01
-4.042871296405792236e-01
-1.044142469763755798e-01
-1.248489543795585632e-01
1.907012313604354858e-01
7.591714262962341309e-01
8.096235990524291992e-01
1.266351193189620972e-01
-6.748090982437133789e-01
-1.449728608131408691e+00
-1.708538413047790527e+00
-1.295974373817443848e+00
-1.378112792968750000e+00
-9.802237749099731445e-01
-5.618077516555786133e-01
-3.568407297134399414e-01
-2.414457052946090698e-01
-7.852761447429656982e-02
-2.415643334388732910e-01
-6.172410249710083008e-01
-8.182828128337860107e-02
8.551852703094482422e-01
8.036142587661743164e-01
-8.405489921569824219e-01
-1.190838456153869629e+00
-1.202649116516113281e+00
-1.083174109458923340e+00
5.556315183639526367e-03
7.609771192073822021e-02
2.750113978981971741e-02
8.632948249578475952e-02
4.103348553180694580e-01
6.791787147521972656e-01
9.778470396995544434e-01
6.162436604499816895e-01
-1.930589526891708374e-01
-1.232270359992980957e+00
-1.253192186355590820e+00
-7.578147649765014648e-01
-3.779011070728302002e-01
-5.041891336441040039e-01
-7.632585763931274414e-01
-2.932886779308319092e-01
7.682625055313110352e-01
1.287950634956359863e+00
3.666567206382751465e-01
-7.535659074783325195e-01
-5.670846700668334961e-01
1.865675300359725952e-01
2.241220474243164062e-01
9.948839247226715088e-02
-6.052543520927429199e-01
-5.570426583290100098e-01
1.936545819044113159e-01
1.089839220046997070e+00
1.124710798263549805e+00
2.742385864257812500e-01
-7.000387310981750488e-01
-8.878834843635559082e-01
-7.438773512840270996e-01
-1.038113534450531006e-01
5.436293482780456543e-01
-1.555331945419311523e-01
-6.986384391784667969e-01
-6.144152283668518066e-01
-3.991684317588806152e-02
3.602622747421264648e-01
5.368237495422363281e-01
3.707329332828521729e-01
-3.511354923248291016e-01
-6.573573946952819824e-01
4.379608333110809326e-01
1.024286389350891113e+00
9.340174794197082520e-01
7.814847677946090698e-02
-2.590984106063842773e-01
2.409851104021072388e-01
7.291774749755859375e-01
5.217336416244506836e-01
-1.663541346788406372e-01
-1.617046713829040527e+00
-2.056649923324584961e+00
3.103271126747131348e-03
1.950531125068664551e+00
1.136729717254638672e+00
-2.515821933746337891e+00
2.651294171810150146e-01
1.618724226951599121e+00
1.783186554908752441e+00
5.169193148612976074e-01
-2.213401079177856445e+00
-6.862499713897705078e-01
8.784081339836120605e-01
-2.957803606986999512e-01
-1.458174109458923340e+00
1.576655030250549316e+00
1.736666083335876465e+00
-1.074315786361694336e+00
-4.312905371189117432e-01
2.607501268386840820e+00
2.660691142082214355e-01
-3.221775054931640625e+00
-7.345815896987915039e-01
4.749499857425689697e-01
-4.379425644874572754e-01
-1.660014748573303223e+00
-1.112231492996215820e+00
7.951822876930236816e-01
1.700915694236755371e+00
-5.799195915460586548e-02
-1.303228020668029785e+00
1.182036280632019043e+00
2.590037822723388672e+00
-2.597429275512695312e+00
-2.454356908798217773e+00
7.757107615470886230e-01
5.382229685783386230e-01
-1.476890921592712402e+00
-3.176900148391723633e-01
2.037370920181274414e+00
1.387420415878295898e+00
-3.780443370342254639e-01
8.348882794380187988e-01
8.058002591133117676e-01
-2.299187183380126953e+00
-1.158538460731506348e+00
6.971722841262817383e-01
3.767969310283660889e-01
-5.781247019767761230e-01
-1.833495140075683594e+00
-2.314881831407546997e-01
1.285947859287261963e-01
9.729827642440795898e-01
6.995114088058471680e-01
-2.799115888774394989e-02
-8.617425560951232910e-01
-7.354393601417541504e-01
-3.299139440059661865e-02
5.247789025306701660e-01
2.964647412300109863e-01
-2.899371385574340820e-01
-5.981238484382629395e-01
-2.635729610919952393e-01
3.507096469402313232e-01
2.930263280868530273e-01
-2.057442665100097656e-01
-1.033754944801330566e+00
-9.646027088165283203e-01
-1.989826261997222900e-01
-2.725028991699218750e-02
-1.168136298656463623e-02
-7.229458093643188477e-01
-7.096970081329345703e-01
-4.289424121379852295e-01
8.543894439935684204e-02
1.742755472660064697e-01
-1.094941139221191406e+00
-1.195331931114196777e+00
-9.683887958526611328e-01
-1.783117055892944336e-01
2.326348721981048584e-01
-1.270735859870910645e-01
-2.861758470535278320e-01
2.357674986124038696e-01
9.352078437805175781e-01
1.022323407232761383e-02
-1.372927784919738770e+00
-1.537108540534973145e+00
-1.213623762130737305e+00
-7.146278619766235352e-01
-3.963301777839660645e-01
1.786530464887619019e-01
-1.035683676600456238e-01
-6.417466998100280762e-01
-5.423892736434936523e-01
2.526680827140808105e-01
9.600456953048706055e-01
2.583468556404113770e-01
-9.189607501029968262e-01
-1.470148921012878418e+00
-1.115796327590942383e+00
-4.561063647270202637e-02
2.425581403076648712e-02
3.528515994548797607e-02
3.297308385372161865e-01
4.796826839447021484e-01
7.207093834877014160e-01
8.685166835784912109e-01
2.708243727684020996e-01
-1.177738070487976074e+00
-1.491515755653381348e+00
-6.897574663162231445e-01
-2.317487150430679321e-01
-2.006795257329940796e-01
-5.625405311584472656e-01
-7.307824492454528809e-01
2.388515323400497437e-02
1.048166275024414062e+00
1.150132536888122559e+00
-3.250210732221603394e-02
-5.404496788978576660e-01
-8.304483890533447266e-01
-1.666508316993713379e-01
-8.314453065395355225e-02
-4.460924863815307617e-02
-3.593502044677734375e-01
-5.922800302505493164e-01
-1.229687780141830444e-02
4.652305841445922852e-01
1.071214437484741211e+00
5.289548039436340332e-01
-4.679414033889770508e-01
-8.441069722175598145e-01
-4.690878689289093018e-01
3.709957301616668701e-01
3.142695128917694092e-01
-3.783699572086334229e-01
-8.845718502998352051e-01
-1.229553818702697754e-01
5.521920919418334961e-01
5.978759527206420898e-01
1.664719432592391968e-01
-2.445488870143890381e-01
-7.831997871398925781e-01
-6.921880245208740234e-01
8.600717782974243164e-01
1.597720742225646973e+00
2.661567032337188721e-01
-1.464785218238830566e+00
6.388536691665649414e-01
2.014508485794067383e+00
-7.016723752021789551e-01
-3.183302879333496094e+00
-2.382400333881378174e-01
9.714582562446594238e-01
7.529426217079162598e-01
-2.052206248044967651e-01
-1.042899847030639648e+00
-9.711230397224426270e-01
7.631484866142272949e-01
2.220605850219726562e+00
1.713950872421264648e+00
-2.495641469955444336e+00
-8.031911849975585938e-01
9.307657480239868164e-01
3.980188965797424316e-01
-9.551562070846557617e-01
1.184242367744445801e+00
1.605526447296142578e+00
-9.071524739265441895e-01
3.817573189735412598e-01
2.226191282272338867e+00
-6.993264555931091309e-01
-3.401458740234375000e+00
-1.208397626876831055e+00
1.202106177806854248e-01
2.207655608654022217e-01
-9.014970660209655762e-01
-4.877978265285491943e-01
5.368410944938659668e-01
1.119147658348083496e+00
1.163943529129028320e+00
6.074612736701965332e-01
-9.593740105628967285e-01
-2.060280561447143555e+00
-3.978385329246520996e-01
1.081188678741455078e+00
6.614890098571777344e-01
-1.193140387535095215e+00
-1.501636028289794922e+00
4.794595241546630859e-01
1.746791958808898926e+00
-1.218289881944656372e-02
-1.017082333564758301e+00
-2.206024229526519775e-01
-5.517247915267944336e-01
-2.380692511796951294e-01
1.115962862968444824e-02
-4.465291798114776611e-01
-1.259912371635437012e+00
-5.780254006385803223e-01
2.265992164611816406e-01
1.146674513816833496e+00
7.965041995048522949e-01
-5.953921675682067871e-01
-8.876328468322753906e-01
-2.145692706108093262e-01
1.972381919622421265e-01
1.751555800437927246e-01
-1.722047775983810425e-01
-5.077818632125854492e-01
-4.934863150119781494e-01
1.744345575571060181e-01
1.918320357799530029e-01
-5.018445849418640137e-01
-8.391094803810119629e-01
-6.487129330635070801e-01
-4.391212761402130127e-01
-2.563846111297607422e-02
-1.657879352569580078e-02
-9.809250384569168091e-02
-4.865905642509460449e-01
-7.614688873291015625e-01
-9.820502251386642456e-02
1.851489990949630737e-01
1.298132687807083130e-01
-9.373432397842407227e-01
-1.132692813873291016e+00
-1.000852227210998535e+00
2.778457403182983398e-01
3.132138848304748535e-01
1.126919686794281006e-01
-2.676806747913360596e-01
-5.690242648124694824e-01
-9.251502901315689087e-02
4.633188545703887939e-01
5.064872503280639648e-01
-7.866430878639221191e-01
-1.658528089523315430e+00
-1.432628035545349121e+00
-1.394354581832885742e+00
-6.190173029899597168e-01
-3.564778268337249756e-01
3.901540488004684448e-02
-3.042160570621490479e-01
-4.991120696067810059e-01
2.043092064559459686e-02
9.386439919471740723e-01
5.523291230201721191e-01
-9.227709770202636719e-01
-1.362813711166381836e+00
-1.486854076385498047e+00
-7.359185814857482910e-01
3.936178237199783325e-02
-6.296686083078384399e-02
1.044670790433883667e-01
3.356961011886596680e-01
5.302941203117370605e-01
7.074311971664428711e-01
7.185826897621154785e-01
-6.809359788894653320e-02
-1.056830763816833496e+00
-1.468122482299804688e+00
-7.661234736442565918e-01
-2.384946793317794800e-01
-5.418715476989746094e-01
-5.687496066093444824e-01
-5.731952786445617676e-01
1.751969158649444580e-01
1.338770747184753418e+00
7.877995371818542480e-01
-1.679524332284927368e-01
-6.525473594665527344e-01
7.714377343654632568e-02
3.204063773155212402e-01
5.813013017177581787e-02
-5.657249093055725098e-01
-4.018766582012176514e-01
-1.240703370422124863e-02
6.012390851974487305e-01
1.119348764419555664e+00
4.358049631118774414e-01
-7.204056382179260254e-01
-1.394030213356018066e+00
2.454136312007904053e-02
2.849748134613037109e-01
3.726769983768463135e-01
-1.590787768363952637e-01
-1.106192588806152344e+00
-4.037663638591766357e-01
-8.984121680259704590e-02
6.074564456939697266e-01
7.172238230705261230e-01
-9.626202285289764404e-03
-3.191080689430236816e-01
-3.756309747695922852e-01
2.452170252799987793e-01
1.667571365833282471e-01
1.039208889007568359e+00
3.197209835052490234e-01
-2.575828135013580322e-01
-2.688422799110412598e-01
5.638872981071472168e-01
7.616747021675109863e-01
-5.240893959999084473e-01
-1.084506273269653320e+00
1.855910658836364746e+00
2.293267965316772461e+00
-9.113953709602355957e-01
-2.200989246368408203e+00
2.564500272274017334e-01
1.702286481857299805e+00
1.350445747375488281e+00
-6.775496602058410645e-01
-1.883797764778137207e+00
-1.732707142829895020e+00
1.481904238462448120e-01
1.544849991798400879e+00
2.860912680625915527e-01
-7.932076454162597656e-01
-7.290438562631607056e-02
2.026602983474731445e+00
5.630782246589660645e-01
-1.441123485565185547e+00
1.520788311958312988e+00
1.448006629943847656e+00
-2.662826299667358398e+00
-2.331767320632934570e+00
-2.017278373241424561e-01
2.234079539775848389e-01
-3.902730941772460938e-01
-6.178802251815795898e-01
-4.134775996208190918e-01
1.047314032912254333e-01
1.565961003303527832e+00
1.806387543678283691e+00
2.075178921222686768e-01
-2.401355504989624023e+00
-1.576661109924316406e+00
1.381256103515625000e+00
1.167488336563110352e+00
-2.286433935165405273e+00
7.430312037467956543e-02
1.447966456413269043e+00
-1.509011387825012207e-01
-2.704703807830810547e-02
1.953684806823730469e+00
1.485301256179809570e-01
-3.037874698638916016e+00
-7.926636338233947754e-01
3.957969546318054199e-01
8.640460968017578125e-01
-3.005224466323852539e-01
-3.205677986145019531e+00
-1.403133869171142578e-01
5.136160850524902344e-01
9.554922580718994141e-01
8.650084733963012695e-01
2.111689150333404541e-01
-7.294012308120727539e-01
-3.234486579895019531e-01
2.836749851703643799e-01
3.985577821731567383e-01
4.429281651973724365e-01
-3.586807548999786377e-01
-5.657907724380493164e-01
-1.846885234117507935e-01
2.862364351749420166e-01
2.917411029338836670e-01
-7.139790058135986328e-01
-8.841249942779541016e-01
-1.252082705497741699e+00
-4.593163430690765381e-01
-2.749381065368652344e-01
-1.363374292850494385e-02
-2.223931998014450073e-01
-1.076802372932434082e+00
-4.033972620964050293e-01
1.227365434169769287e-01
2.658730149269104004e-01
-5.245395302772521973e-01
-1.184959650039672852e+00
-9.838709831237792969e-01
5.101253986358642578e-01
5.130918025970458984e-01
3.564343452453613281e-01
-2.179660499095916748e-01
-2.676248550415039062e-01
6.222938001155853271e-02
3.758500218391418457e-01
7.081754803657531738e-01
1.942829936742782593e-01
-1.090849876403808594e+00
-1.468323707580566406e+00
-1.579596161842346191e+00
-1.000553250312805176e+00
-2.727450430393218994e-01
-2.687028646469116211e-01
-2.479004859924316406e-01
-6.004537940025329590e-01
-3.063313364982604980e-01
3.158366382122039795e-01
9.553634524345397949e-01
1.156627461314201355e-01
-1.380721211433410645e+00
-1.119984865188598633e+00
-2.956945598125457764e-01
-4.699070751667022705e-02
1.073046997189521790e-01
1.537918746471405029e-01
3.145114183425903320e-01
6.571491360664367676e-01
9.568931460380554199e-01
2.040114700794219971e-01
-4.772364497184753418e-01
-1.489823698997497559e+00
-1.605681538581848145e+00
-6.872103214263916016e-01
-3.557848334312438965e-01
-4.418308138847351074e-01
-7.894940376281738281e-01
1.131517812609672546e-01
9.720811843872070312e-01
1.054252505302429199e+00
1.259693354368209839e-01
-8.794003129005432129e-01
-5.569306015968322754e-01
3.146862387657165527e-01
2.212533652782440186e-01
-3.147977292537689209e-01
-5.633266568183898926e-01
-9.766317158937454224e-02
7.953323721885681152e-01
1.234380483627319336e+00
6.748632788658142090e-01
-1.700388640165328979e-01
-1.146500945091247559e+00
-8.158488869667053223e-01
-1.965849846601486206e-01
2.217852622270584106e-01
-4.501943886280059814e-01
-7.532268166542053223e-01
-5.458351969718933105e-01
2.179673612117767334e-01
8.052712082862854004e-01
5.320457220077514648e-01
1.602285504341125488e-01
-2.534868717193603516e-01
-6.556870341300964355e-01
1.977901905775070190e-01
1.027299284934997559e+00
1.212841391563415527e+00
6.407730579376220703e-01
6.309194862842559814e-02
-5.544874072074890137e-01
-4.765935540199279785e-01
1.969988942146301270e-01
1.237792730331420898e+00
1.714788526296615601e-01
-2.864360809326171875e+00
2.273918241262435913e-01
2.070294380187988281e+00
-1.030344963073730469e+00
-1.587203621864318848e+00
1.383330225944519043e+00
1.732796072959899902e+00
-6.318925023078918457e-01
-1.332630515098571777e+00
-6.089999079704284668e-01
9.930068999528884888e-02
2.248821854591369629e-01
2.744038403034210205e-01
-1.354114264249801636e-01
-8.124372363090515137e-02
6.485303640365600586e-01
9.581736326217651367e-01
7.141971588134765625e-01
3.226832449436187744e-01
3.510334193706512451e-01
-5.280051231384277344e-01
-3.170526027679443359e+00
-2.604635059833526611e-01
1.106959939002990723e+00
-5.416677892208099365e-02
-1.652362823486328125e+00
-5.365860462188720703e-01
1.816228866577148438e+00
1.571157217025756836e+00
-4.032058268785476685e-02
-8.290905356407165527e-01
5.576957464218139648e-01
4.639371633529663086e-01
-1.341300845146179199e+00
-2.071292638778686523e+00
1.589350461959838867e+00
1.246980071067810059e+00
-2.272437095642089844e+00
1.001320123672485352e+00
3.171896934509277344e+00
-1.713698506355285645e-01
-3.258742094039916992e+00
3.707958757877349854e-01
1.163128763437271118e-01
-2.712521851062774658e-01
-1.111150622367858887e+00
-9.748890399932861328e-01
-4.751087129116058350e-01
9.855292737483978271e-02
7.401689291000366211e-01
5.594832301139831543e-01
-1.136464849114418030e-01
-1.242211580276489258e+00
-7.707132101058959961e-01
1.960885673761367798e-01
4.790903031826019287e-01
1.934169530868530273e-01
-6.114419102668762207e-01
-4.296209216117858887e-01
2.417124956846237183e-01
4.430180191993713379e-01
1.505110263824462891e-01
-6.128761172294616699e-01
-8.802936673164367676e-01
-8.010613322257995605e-01
-6.726327538490295410e-01
-1.369015127420425415e-02
-4.902140423655509949e-02
-7.093905210494995117e-01
-8.612025380134582520e-01
-8.783490955829620361e-02
1.347637027502059937e-01
1.184548214077949524e-01
-1.038439512252807617e+00
-1.174157381057739258e+00
-3.864302039146423340e-01
1.893276721239089966e-01
3.505119979381561279e-01
-3.348938822746276855e-01
-5.619042515754699707e-01
8.389127999544143677e-02
7.545742988586425781e-01
1.354181766510009766e-01
-1.259413957595825195e+00
-1.772981643676757812e+00
-1.304835796356201172e+00
-8.165387511253356934e-01
-5.140603780746459961e-01
-1.973240971565246582e-01
-1.699151843786239624e-01
-7.297596931457519531e-01
-6.341207027435302734e-01
4.694058746099472046e-02
7.589290142059326172e-01
6.095552444458007812e-01
-5.927636623382568359e-01
-1.265760302543640137e+00
-1.444570302963256836e+00
-9.118639230728149414e-01
-2.044641524553298950e-01
2.290239185094833374e-02
1.035672128200531006e-01
2.438554614782333374e-01
3.873070478439331055e-01
7.591969370841979980e-01
7.879647016525268555e-01
2.995791733264923096e-01
-5.471796989440917969e-01
-1.453542828559875488e+00
-8.697502017021179199e-01
-3.138597309589385986e-01
-3.534616231918334961e-01
-7.445625662803649902e-01
-9.944982528686523438e-01
2.609975337982177734e-01
1.038914680480957031e+00
8.270650506019592285e-01
1.303624957799911499e-01
-5.082724094390869141e-01
-7.171220183372497559e-01
-2.861937284469604492e-01
2.833437621593475342e-01
2.726805806159973145e-01
-2.189824730157852173e-01
-3.569550216197967529e-01
-1.296770870685577393e-01
3.109060525894165039e-01
1.331333875656127930e+00
8.116276860237121582e-01
-9.346618056297302246e-01
-1.073785424232482910e+00
-5.797640681266784668e-01
4.481990933418273926e-01
1.322368234395980835e-01
-6.966872215270996094e-01
-7.306960225105285645e-01
-3.286936879158020020e-01
1.467745453119277954e-01
6.692620515823364258e-01
1.719133406877517700e-01
-3.732943236827850342e-01
-5.096038579940795898e-01
-3.712283074855804443e-01
2.727883458137512207e-01
9.017378091812133789e-01
6.099944710731506348e-01
-1.758807450532913208e-01
-2.963204383850097656e-01
3.276698887348175049e-01
7.902385592460632324e-01
-2.094750702381134033e-01
-1.281311035156250000e+00
-1.727258443832397461e+00
-1.108320713043212891e+00
1.608801484107971191e+00
2.217518329620361328e+00
-2.708404302597045898e+00
1.736844480037689209e-01
2.197968721389770508e+00
1.475825309753417969e+00
-2.237670898437500000e+00
-2.198955059051513672e+00
3.313626646995544434e-01
1.229171037673950195e+00
-2.846011519432067871e-01
-1.263984680175781250e+00
7.100855708122253418e-01
9.392711520195007324e-01
7.303308844566345215e-01
-8.967009186744689941e-02
-1.344216912984848022e-01
2.030787467956542969e+00
-2.128180742263793945e+00
-3.073282241821289062e+00
8.581734895706176758e-01
1.071507096290588379e+00
-6.628258228302001953e-01
-1.901818037033081055e+00
5.500923991203308105e-01
2.283643722534179688e+00
1.059777140617370605e+00
-8.491039872169494629e-01
-1.059611216187477112e-01
4.633634686470031738e-01
-6.041997075080871582e-01
-2.225466728210449219e+00
4.494504034519195557e-01
2.149395465850830078e+00
-1.482173562049865723e+00
2.220640420913696289e+00
2.599025487899780273e+00
-1.987722277641296387e+00
-1.819910645484924316e+00
3.695686757564544678e-01
-4.199533537030220032e-02
-2.334964573383331299e-01
-1.016282320022583008e+00
-8.045954704284667969e-01
-5.533856153488159180e-01
2.195529639720916748e-01
1.064478039741516113e+00
7.986019849777221680e-01
-2.351098209619522095e-01
-9.820659160614013672e-01
-4.209092855453491211e-01
1.205550879240036011e-01
4.638712406158447266e-01
1.004165038466453552e-01
-6.096300482749938965e-01
-6.556138396263122559e-01
-2.627095580101013184e-01
4.071609377861022949e-01
2.086076587438583374e-01
-5.417854189872741699e-01
-6.238673329353332520e-01
-8.946503996849060059e-01
-5.152604579925537109e-01
7.188585400581359863e-02
-1.496391296386718750e-01
-6.185988783836364746e-01
-3.058695793151855469e-01
9.565734863281250000e-02
1.322098523378372192e-01
-9.454048871994018555e-01
-9.127020239830017090e-01
-6.251152753829956055e-01
1.204625591635704041e-01
3.573262393474578857e-01
-1.294008642435073853e-01
-4.501595497131347656e-01
-7.224405556917190552e-02
6.304304599761962891e-01
2.008814662694931030e-01
-1.095976114273071289e+00
-1.683433175086975098e+00
-1.692692875862121582e+00
-1.112269997596740723e+00
-1.001768112182617188e+00
-7.239720225334167480e-02
-6.398751586675643921e-02
-7.879807353019714355e-01
-7.120549678802490234e-01
2.737174369394779205e-02
8.988366723060607910e-01
4.510220587253570557e-01
-1.133311748504638672e+00
-1.549657702445983887e+00
-3.672976791858673096e-01
2.478152513504028320e-02
1.515449732542037964e-01
1.500818580389022827e-01
5.209288001060485840e-01
8.212708830833435059e-01
2.773710787296295166e-01
-5.429324507713317871e-01
-1.380420446395874023e+00
-1.249010801315307617e+00
-8.614574670791625977e-01
-4.317474365234375000e-01
-5.326415300369262695e-01
-2.852514386177062988e-01
-6.361395120620727539e-01
-2.117194086313247681e-01
8.550657629966735840e-01
1.411681294441223145e+00
1.119663476943969727e+00
1.305686086416244507e-01
-6.206114888191223145e-01
-9.154288172721862793e-01
-4.218135774135589600e-01
1.175555065274238586e-01
1.820902675390243530e-01
-1.404580324888229370e-01
-5.646756291389465332e-01
-5.039890408515930176e-01
-1.885115802288055420e-01
3.896070420742034912e-01
1.072174906730651855e+00
5.826634764671325684e-01
-6.500676870346069336e-01
-1.143054127693176270e+00
-8.375823497772216797e-01
-1.933383047580718994e-01
7.275902032852172852e-01
-9.719303995370864868e-02
-9.051237702369689941e-01
-2.117414474487304688e-01
6.741006970405578613e-01
1.976270377635955811e-01
5.218259990215301514e-02
-2.846330404281616211e-01
-8.417733907699584961e-01
-2.955765128135681152e-01
4.805278480052947998e-01
7.968477010726928711e-01
-1.113662421703338623e-01
-7.951822876930236816e-01
-4.250110313296318054e-02
7.092145085334777832e-01
2.229471504688262939e-02
-3.093458652496337891e+00
-1.530045270919799805e+00
1.432337641716003418e+00
1.793266296386718750e+00
-2.113348245620727539e+00
-1.155307531356811523e+00
1.307379126548767090e+00
1.176154255867004395e+00
-3.325490653514862061e-01
-1.970290064811706543e+00
-1.671922087669372559e+00
4.759085923433303833e-02
1.357791423797607422e+00
8.352011442184448242e-01
-7.632191777229309082e-01
9.483322501182556152e-04
1.607393026351928711e+00
1.150760650634765625e+00
-9.130784869194030762e-02
-7.935963273048400879e-01
1.486863374710083008e+00
-1.479135513305664062e+00
-3.540940046310424805e+00
-1.896291822195053101e-01
1.272010922431945801e+00
-1.474172472953796387e-01
-2.187941074371337891e+00
2.606796026229858398e-01
2.232949495315551758e+00
8.843712210655212402e-01
-4.240539073944091797e-01
-5.193582773208618164e-01
5.144312381744384766e-01
1.268417388200759888e-01
-1.393945455551147461e+00
-1.985002636909484863e+00
8.949458599090576172e-01
1.823756575584411621e+00
-2.373120784759521484e+00
3.704208135604858398e-01
3.155529022216796875e+00
-2.534590661525726318e-01
-3.378768205642700195e+00
1.237958669662475586e-02
-3.793322294950485229e-02
-1.900881528854370117e-01
-4.639413654804229736e-01
-7.488775253295898438e-01
-1.360871076583862305e+00
-6.008364260196685791e-02
7.014818787574768066e-01
9.745796322822570801e-01
4.409784078598022461e-01
-8.997565507888793945e-01
-4.437689781188964844e-01
2.714743316173553467e-01
4.735192358493804932e-01
1.424127966165542603e-01
-5.705555677413940430e-01
-5.342081785202026367e-01
1.491701453924179077e-01
4.738152027130126953e-01
-1.249106675386428833e-01
-7.911404371261596680e-01
-1.103983521461486816e+00
-8.563594222068786621e-01
-5.120544433593750000e-01
-1.019583344459533691e-01
-1.252214312553405762e-01
-7.095275521278381348e-01
-3.784210681915283203e-01
1.026886254549026489e-01
1.877139210700988770e-01
-5.238864421844482422e-01
-1.432389497756958008e+00
3.170702606439590454e-02
3.467762172222137451e-01
5.157508254051208496e-01
-3.705287277698516846e-01
-3.594179451465606689e-01
1.278654783964157104e-01
8.291861414909362793e-01
1.825747489929199219e-01
-1.330165505409240723e+00
-1.806913137435913086e+00
-1.712910294532775879e+00
-9.349989891052246094e-01
-3.876515030860900879e-01
-7.247056812047958374e-02
-5.146470069885253906e-01
-7.129129767417907715e-01
-3.222493827342987061e-02
6.825506091117858887e-01
8.114327788352966309e-01
-3.618532121181488037e-01
-1.524457097053527832e+00
-9.695357680320739746e-01
-2.178812623023986816e-01
-5.617128685116767883e-03
6.090776994824409485e-03
2.387266308069229126e-01
3.029650449752807617e-01
6.127478480339050293e-01
8.547629117965698242e-01
1.990543305873870850e-01
-8.245179057121276855e-01
-1.443995714187622070e+00
-1.336117506027221680e+00
-7.527562975883483887e-01
-1.910170316696166992e-01
-6.188175678253173828e-01
-5.830506086349487305e-01
-4.671619236469268799e-01
6.050223112106323242e-02
1.241191864013671875e+00
9.506566524505615234e-01
4.829312860965728760e-02
-8.749939203262329102e-01
-2.091866880655288696e-01
6.635168194770812988e-02
1.192883178591728210e-01
-2.264513522386550903e-01
-5.539273619651794434e-01
-2.579369843006134033e-01
3.536896109580993652e-01
1.036642432212829590e+00
9.667819738388061523e-01
-1.572950333356857300e-01
-1.226200103759765625e+00
-9.671608209609985352e-01
2.020637243986129761e-01
6.975604593753814697e-02
-1.195730417966842651e-01
-1.107232570648193359e+00
-6.274329423904418945e-01
2.106349170207977295e-01
7.168177962303161621e-01
4.455894529819488525e-01
1.483073383569717407e-01
-6.574087142944335938e-01
-3.889135122299194336e-01
7.168256640434265137e-01
1.064476966857910156e+00
2.215913832187652588e-01
-2.745320796966552734e-01
-5.776942968368530273e-01
5.080280900001525879e-01
8.463592529296875000e-01
-4.535563290119171143e-02
-2.676734924316406250e+00
-2.219655513763427734e-01
2.350118398666381836e+00
1.327457785606384277e+00
-2.403938770294189453e+00
-1.333891272544860840e+00
9.042899608612060547e-01
1.624191880226135254e+00
1.141761302947998047e+00
-1.302476644515991211e+00
-1.822560071945190430e+00
4.555664956569671631e-01
1.466302275657653809e+00
-1.270930469036102295e-02
-1.265328049659729004e+00
5.658391714096069336e-01
2.085592746734619141e+00
-1.007741168141365051e-01
-1.767869234085083008e+00
1.735331892967224121e+00
1.534938573837280273e+00
-4.637778401374816895e-01
-3.106133222579956055e+00
-2.132109880447387695e+00
-1.900338977575302124e-01
-3.325418010354042053e-02
-6.767919063568115234e-01
-2.148195207118988037e-01
5.798899382352828979e-02
3.131775557994842529e-01
8.476018905639648438e-01
7.964559793472290039e-01
4.470711350440979004e-01
-7.150322198867797852e-01
-2.033921957015991211e+00
1.260372996330261230e-01
1.676246523857116699e+00
5.947157740592956543e-02
-2.828571557998657227e+00
2.109562397003173828e+00
1.939030885696411133e+00
-2.920340001583099365e-01
-2.549160242080688477e+00
3.305988311767578125e-01
2.474399358034133911e-01
-8.383830189704895020e-01
-5.690620541572570801e-01
-5.682873129844665527e-01
-1.217947602272033691e+00
-5.434854030609130859e-01
1.178414076566696167e-01
8.844499588012695312e-01
6.386141777038574219e-01
-2.736666202545166016e-01
-1.005612134933471680e+00
-4.088493585586547852e-01
3.073802590370178223e-01
5.372842550277709961e-01
2.341322600841522217e-01
-6.128069758415222168e-01
-5.821897387504577637e-01
2.931268811225891113e-01
3.805618584156036377e-01
-2.903108894824981689e-01
-9.723286032676696777e-01
-9.976963996887207031e-01
-5.415322184562683105e-01
-3.052969276905059814e-01
1.404205858707427979e-01
-4.116733670234680176e-01
-6.414788961410522461e-01
-8.924735188484191895e-01
3.322741016745567322e-02
4.059896245598793030e-02
-1.254637688398361206e-01
-1.156972050666809082e+00
-1.631576776504516602e+00
-5.608816742897033691e-01
2.297793924808502197e-01
3.911921977996826172e-01
1.501729786396026611e-01
-3.205232322216033936e-01
6.363146007061004639e-02
5.790011882781982422e-01
6.283443570137023926e-01
-8.729379773139953613e-01
-1.611474037170410156e+00
-1.422121405601501465e+00
-9.843736886978149414e-01
-8.361451029777526855e-01
-2.551254630088806152e-01
-5.124829411506652832e-01
-6.657392978668212891e-01
-3.085921108722686768e-01
1.166930347681045532e-01
9.734051227569580078e-01
4.437042176723480225e-01
-4.405590593814849854e-01
-1.540328621864318848e+00
-1.380033969879150391e+00
-7.078381180763244629e-01
3.152960538864135742e-02
2.365213632583618164e-02
1.058256253600120544e-01
2.429223507642745972e-01
4.672381281852722168e-01
7.650438547134399414e-01
7.875637412071228027e-01
2.813341319561004639e-01
-3.816718161106109619e-01
-9.535349607467651367e-01
-1.370690941810607910e+00
-5.234159827232360840e-01
-3.857454657554626465e-01
-3.825840055942535400e-01
-7.315919995307922363e-01
-4.664303958415985107e-01
2.602140605449676514e-01
1.294482946395874023e+00
9.668022990226745605e-01
-5.312814712524414062e-01
-6.813426613807678223e-01
-3.383508920669555664e-01
1.507833003997802734e-01
1.341497302055358887e-01
-2.695662975311279297e-01
-6.998845934867858887e-01
-9.843432158231735229e-02
7.929851412773132324e-01
1.088045358657836914e+00
3.719386756420135498e-01
-2.049641311168670654e-01
-1.140648841857910156e+00
-9.671055674552917480e-01
-7.039288282394409180e-01
-2.785713970661163330e-01
2.977193892002105713e-01
1.412818878889083862e-01
-1.562466770410537720e-01
-1.885772496461868286e-01
-8.209215998649597168e-01
-9.744020104408264160e-01
-6.688336133956909180e-01
-1.392887085676193237e-01
1.425978690385818481e-01
6.463108658790588379e-01
5.850903391838073730e-01
2.009869962930679321e-01
5.714848265051841736e-02
-6.001998782157897949e-01
-9.882614016532897949e-01
-7.540251016616821289e-01
1.924625635147094727e-01
4.365260601043701172e-01
8.423319458961486816e-01
9.859204888343811035e-01
6.541630625724792480e-01
2.403091192245483398e-01
-2.593463659286499023e-01
-3.480621576309204102e-01
-5.744922161102294922e-01
6.000935286283493042e-02
6.894609928131103516e-01
1.119803190231323242e+00
6.826027035713195801e-01
1.814417392015457153e-01
-1.532618850469589233e-01
-1.248539805412292480e+00
-2.577874183654785156e+00
-1.822693586349487305e+00
5.200360715389251709e-02
1.740490198135375977e+00
1.943750143051147461e+00
1.442658782005310059e+00
-3.410136103630065918e-01
-2.195166110992431641e+00
-2.582874059677124023e+00
-7.862660288810729980e-01
5.749092698097229004e-01
1.583486199378967285e+00
1.891555428504943848e+00
1.770677328109741211e+00
1.068781614303588867e+00
-6.285746097564697266e-01
-1.901898741722106934e+00
-2.050441741943359375e+00
-1.787159800529479980e+00
3.490521311759948730e-01
1.078881859779357910e+00
1.041066884994506836e+00
3.584509193897247314e-01
-9.317979812622070312e-01
-1.357624411582946777e+00
-7.865528762340545654e-02
1.745987296104431152e+00
1.700845003128051758e+00
1.501711308956146240e-01
-8.456137180328369141e-01
-7.320009917020797729e-02
2.105148792266845703e+00
1.808447957038879395e+00
-1.262198328971862793e+00
-3.065041065216064453e+00
-2.661664724349975586e+00
-1.701058745384216309e-01
7.414301037788391113e-01
6.513135880231857300e-02
-1.089329242706298828e+00
-1.041761398315429688e+00
-1.014504581689834595e-01
1.358669996261596680e+00
2.050970315933227539e+00
1.483947992324829102e+00
-1.368499517440795898e+00
-1.905443429946899414e+00
4.177004396915435791e-01
8.307560086250305176e-01
-4.493699669837951660e-01
-2.172287940979003906e+00
-8.174496293067932129e-01
1.510493040084838867e+00
1.284791350364685059e+00
-2.255925178527832031e+00
4.932236671447753906e-02
3.404785633087158203e+00
1.165211558341979980e+00
-2.461370229721069336e+00
-2.127856254577636719e+00
8.846066147089004517e-02
1.315857768058776855e-01
-5.281476974487304688e-01
-5.833144783973693848e-01
-8.390861749649047852e-01
-1.268889546394348145e+00
-7.918472290039062500e-01
-3.230753839015960693e-01
2.344977259635925293e-01
9.583390355110168457e-01
7.869408726692199707e-01
-3.645009547472000122e-02
-9.836189746856689453e-01
-7.619333863258361816e-01
-2.533402740955352783e-01
1.196171045303344727e-01
4.026628732681274414e-01
2.272763848304748535e-01
9.224651753902435303e-02
-3.523578345775604248e-01
-6.458532214164733887e-01
-6.406531333923339844e-01
1.173888146877288818e-02
4.852806925773620605e-01
4.851197302341461182e-01
4.723413381725549698e-03
-7.875743508338928223e-01
-7.897822856903076172e-01
-1.002427935600280762e+00
-2.819848954677581787e-01
-2.831926345825195312e-01
-3.137031197547912598e-02
-3.377652764320373535e-01
-5.270472168922424316e-01
-9.625096917152404785e-01
-6.388962864875793457e-01
-1.261900812387466431e-01
8.990512043237686157e-02
1.052033603191375732e-01
-3.110728561878204346e-01
-9.452667832374572754e-01
-1.165140032768249512e+00
-9.272323250770568848e-01
2.097273468971252441e-01
3.620539903640747070e-01
4.272031784057617188e-01
2.240044325590133667e-01
-4.364628493785858154e-01
-5.299702286720275879e-01
1.805423945188522339e-02
5.726643800735473633e-01
7.593007087707519531e-01
2.977941036224365234e-01
-9.452673792839050293e-01
-1.417255163192749023e+00
-1.772123456001281738e+00
-1.511729478836059570e+00
-1.166027784347534180e+00
-9.908536076545715332e-01
-3.627099692821502686e-01
-2.821727991104125977e-01
-2.310488075017929077e-01
-4.355684518814086914e-01
-4.738086462020874023e-01
-4.769398868083953857e-01
-3.046616166830062866e-02
9.360777139663696289e-01
8.284884095191955566e-01
2.745815515518188477e-01
-6.875679492950439453e-01
-1.136394500732421875e+00
-1.302783012390136719e+00
-8.053852319717407227e-01
-4.485574364662170410e-01
-2.057782262563705444e-01
3.243094682693481445e-02
1.135321035981178284e-01
-9.758765995502471924e-02
4.013059437274932861e-01
3.219952285289764404e-01
7.195969820022583008e-01
7.226961851119995117e-01
3.593103587627410889e-01
-4.256904125213623047e-01
-1.561048865318298340e+00
-1.163795113563537598e+00
-8.674743175506591797e-01
-3.577134609222412109e-01
-2.314574569463729858e-01
-2.814733088016510010e-01
-5.729637145996093750e-01
-9.345884323120117188e-01
7.463754713535308838e-02
6.902067065238952637e-01
1.285341501235961914e+00
5.821505188941955566e-01
-3.223713338375091553e-01
-5.655360221862792969e-01
-7.696436047554016113e-01
4.216179251670837402e-02
1.993168145418167114e-01
7.736086845397949219e-02
-1.216632127761840820e-01
-3.156341910362243652e-01
-5.447626709938049316e-01
-4.229065403342247009e-02
3.840556144714355469e-01
1.139904022216796875e+00
9.504762887954711914e-01
1.267898082733154297e-01
-6.053804159164428711e-01
-1.135686039924621582e+00
-8.771021366119384766e-01
-1.485967040061950684e-01
4.574506729841232300e-02
3.864340484142303467e-01
-1.588665097951889038e-01
-7.706045508384704590e-01
-6.398304700851440430e-01
-4.799206256866455078e-01
-1.984618455171585083e-01
1.505590081214904785e-01
4.069014787673950195e-01
7.780113220214843750e-01
7.050797343254089355e-01
2.357606440782546997e-01
4.302387312054634094e-02
-1.990452557802200317e-01
-6.091188192367553711e-01
-6.064791083335876465e-01
-2.172616124153137207e-01
2.683700993657112122e-02
3.165340125560760498e-01
8.566222786903381348e-01
1.391332864761352539e+00
1.127439618110656738e+00
7.970072627067565918e-01
3.214387297630310059e-01
7.742805778980255127e-02
-4.407292902469635010e-01
-4.898691177368164062e-01
-3.972294628620147705e-01
2.580914199352264404e-01
8.610688447952270508e-01
7.661561369895935059e-01
4.146839380264282227e-01
2.046790570020675659e-01
-1.101772561669349670e-01
-2.424271106719970703e+00
-2.900290250778198242e+00
-1.714759230613708496e+00
2.998237609863281250e-01
1.821746468544006348e+00
2.084865570068359375e+00
1.682016968727111816e+00
5.816366076469421387e-01
-1.502417445182800293e+00
-2.200673341751098633e+00
-2.076901912689208984e+00
1.141253113746643066e-02
1.129239082336425781e+00
1.878444314002990723e+00
2.021738290786743164e+00
1.838343620300292969e+00
6.472230553627014160e-01
-1.464683294296264648e+00
-2.308009147644042969e+00
-2.140877246856689453e+00
-1.297768950462341309e+00
2.273568063974380493e-01
7.362178564071655273e-01
1.162890434265136719e+00
6.618726253509521484e-01
-7.722997665405273438e-01
-1.694653630256652832e+00
-1.265892863273620605e+00
9.026920795440673828e-01
2.236994266510009766e+00
2.244511127471923828e+00
5.716521143913269043e-01
-9.665809273719787598e-01
-1.847052216529846191e+00
-1.150034189224243164e+00
1.101622343063354492e+00
1.894887328147888184e+00
2.066753625869750977e+00
6.055759191513061523e-01
-1.171339869499206543e+00
-2.789475440979003906e+00
-3.484562635421752930e+00
-3.011890172958374023e+00
-6.478327512741088867e-01
2.006975859403610229e-01
2.110123634338378906e-03
-2.015145570039749146e-01
-2.844032645225524902e-01
-5.827145576477050781e-01
-1.310632109642028809e+00
-1.152224183082580566e+00
-7.888160347938537598e-01
-4.373554587364196777e-01
1.567647755146026611e-01
1.209387183189392090e+00
1.101123929023742676e+00
9.875686168670654297e-01
9.230523109436035156e-01
6.342909932136535645e-01
4.019136428833007812e-01
-4.623627290129661560e-02
-5.136098861694335938e-01
-9.913424253463745117e-01
-1.241187214851379395e+00
-1.119765639305114746e+00
-1.027195453643798828e+00
-5.377894043922424316e-01
-1.185228973627090454e-01
-4.654590785503387451e-02
-2.124899327754974365e-01
8.321636915206909180e-02
-2.783316969871520996e-01
-3.489639461040496826e-01
-4.777535498142242432e-01
-3.964912891387939453e-01
5.672982335090637207e-02
2.483901977539062500e-01
9.299519658088684082e-01
1.485293984413146973e+00
1.191256642341613770e+00
8.077629804611206055e-01
-1.189582347869873047e-01
-8.661762475967407227e-01
-1.261000156402587891e+00
-2.097512960433959961e+00
-1.780943036079406738e+00
-5.994679331779479980e-01
-5.295003056526184082e-01
2.408372908830642700e-01
5.265539884567260742e-01
2.427921593189239502e-01
-3.877996206283569336e-01
-1.031453371047973633e+00
-1.658545494079589844e+00
-1.701058506965637207e+00
-7.101863622665405273e-01
-1.425832360982894897e-01
-8.624930679798126221e-02
3.904018998146057129e-01
5.911804437637329102e-01
9.984583854675292969e-01
7.000178694725036621e-01
5.492519140243530273e-01
3.572616726160049438e-02
-1.911008656024932861e-01
-9.000943303108215332e-01
-1.195045113563537598e+00
-8.434869647026062012e-01
-4.741068929433822632e-02
4.369825124740600586e-01
5.206795930862426758e-01
6.836410760879516602e-01
4.567201733589172363e-01
2.624670565128326416e-01
-1.637567132711410522e-01
-4.096108376979827881e-01
-6.998531222343444824e-01
-2.903034687042236328e-01
-5.322136282920837402e-01
-9.642294049263000488e-02
3.160165250301361084e-01
4.312843084335327148e-01
3.656026721000671387e-01
3.016498684883117676e-01
4.701957106590270996e-02
-2.830165624618530273e-01
-8.687022924423217773e-01
-8.801133036613464355e-01
-6.983270645141601562e-01
-1.064258694648742676e+00
-9.869502186775207520e-01
-6.934257745742797852e-01
-4.446196258068084717e-01
1.975456476211547852e-01
-2.625411748886108398e-01
4.539278522133827209e-02
8.463710546493530273e-04
-4.577101469039916992e-01
-6.527965664863586426e-01
-6.500149965286254883e-01
-7.261754274368286133e-01
-1.441529691219329834e-01
1.025172770023345947e-01
1.138424873352050781e-01
1.542380899190902710e-01
-2.871463000774383545e-01
-3.642208278179168701e-01
-8.374444246292114258e-01
-1.299688100814819336e+00
-1.361587285995483398e+00
-3.273609578609466553e-01
1.976448446512222290e-01
3.589141368865966797e-01
4.885980188846588135e-01
5.757910013198852539e-01
2.076875865459442139e-01
-3.934542536735534668e-01
-3.064825832843780518e-01
-3.000274300575256348e-01
-1.226324960589408875e-01
1.541753113269805908e-01
3.643775880336761475e-01
1.001185297966003418e+00
4.904089570045471191e-01
-1.981556415557861328e-01
-8.436146974563598633e-01
-1.567727208137512207e+00
-1.919259190559387207e+00
-1.575959682464599609e+00
-1.482114911079406738e+00
-9.677926301956176758e-01
-7.733221054077148438e-01
-7.064304947853088379e-01
-3.122510910034179688e-01
-3.556854426860809326e-01
-3.600705564022064209e-01
9.430840611457824707e-03
-4.501346349716186523e-01
-4.578035771846771240e-01
-4.350534677505493164e-01
-7.166914343833923340e-01
-2.788885235786437988e-01
1.241997554898262024e-01
5.757470726966857910e-01
8.942388892173767090e-01
7.969561815261840820e-01
4.235908389091491699e-01
-3.657387495040893555e-01
-9.003665447235107422e-01
-1.388224720954895020e+00
-1.739287614822387695e+00
-1.550249218940734863e+00
-1.256637334823608398e+00
-2.063700556755065918e-01
-4.065251946449279785e-01
-1.689819544553756714e-01
-3.650460243225097656e-01
9.131672978401184082e-02
-7.585061341524124146e-02
5.105886980891227722e-02
2.361530065536499023e-01
4.778425097465515137e-01
6.172080636024475098e-01
8.414615392684936523e-01
9.163886308670043945e-01
7.728059887886047363e-01
2.827000916004180908e-01
-2.150091230869293213e-01
-8.322412371635437012e-01
-1.264484286308288574e+00
-1.578299760818481445e+00
-1.413009405136108398e+00
-1.024667859077453613e+00
-3.598442673683166504e-01
-1.186576485633850098e-01
-2.987609803676605225e-01
-5.425314903259277344e-01
-9.498857259750366211e-01
-7.640834450721740723e-01
-7.961198091506958008e-01
-5.675864815711975098e-01
-3.940221965312957764e-01
2.158213406801223755e-02
6.722303032875061035e-01
1.185511350631713867e+00
1.233141422271728516e+00
6.263626813888549805e-01
-3.951588273048400879e-02
-3.428645730018615723e-01
-6.837219595909118652e-01
-8.138622641563415527e-01
-5.613259077072143555e-01
-1.983267366886138916e-01
-2.390483766794204712e-01
2.812824845314025879e-01
1.169385015964508057e-01
1.667083650827407837e-01
5.372717976570129395e-02
-1.587056070566177368e-01
-5.480639338493347168e-01
-6.000477075576782227e-01
-1.583517193794250488e-01
-8.823229372501373291e-02
3.821358680725097656e-01
9.241257905960083008e-01
1.412692546844482422e+00
1.187388896942138672e+00
6.894901990890502930e-01
4.245462268590927124e-02
-5.362153053283691406e-01
-8.325437903404235840e-01
-1.113672137260437012e+00
-7.408227920532226562e-01
-5.267603397369384766e-01
-3.139611706137657166e-02
4.120309948921203613e-01
6.575425714254379272e-02
2.238251119852066040e-01
-1.627521961927413940e-01
-3.875997960567474365e-01
-9.803251624107360840e-01
-1.004395723342895508e+00
-6.390385031700134277e-01
-3.948869109153747559e-01
1.169620379805564880e-01
4.191289246082305908e-01
6.387607455253601074e-01
6.148301959037780762e-01
4.389899969100952148e-01
2.398323416709899902e-01
1.521153301000595093e-01
-2.037044167518615723e-01
-5.659826993942260742e-01
-1.000299572944641113e+00
-9.712786078453063965e-01
-9.071146249771118164e-01
3.424968719482421875e-01
1.693965911865234375e+00
1.445776343345642090e+00
1.335035324096679688e+00
4.219428300857543945e-01
-1.337153673171997070e+00
-2.432912588119506836e+00
-6.004215478897094727e-01
1.041733384132385254e+00
2.056781291961669922e+00
2.167402267456054688e+00
1.898996114730834961e+00
-1.564675807952880859e+00
-2.937070131301879883e+00
-3.151689767837524414e+00
-1.029249787330627441e+00
3.965736925601959229e-01
8.904821872711181641e-01
1.271362066268920898e+00
1.105465650558471680e+00
7.677457928657531738e-01
-4.985841214656829834e-01
-1.543321251869201660e+00
-1.513222217559814453e+00
-1.398643493652343750e+00
2.000675201416015625e-01
1.694523096084594727e+00
1.828500390052795410e+00
1.891820669174194336e+00
1.613247513771057129e+00
-2.902083694934844971e-01
-1.560148119926452637e+00
-1.675016283988952637e+00
-6.073388457298278809e-01
1.859958022832870483e-01
5.662696957588195801e-01
6.375565528869628906e-01
-8.495658636093139648e-01
-2.065620899200439453e+00
-1.468263149261474609e+00
4.768877327442169189e-01
1.613475441932678223e+00
2.509667634963989258e+00
2.209485054016113281e+00
-1.546194255352020264e-01
-1.862477779388427734e+00
-2.043701171875000000e+00
2.709002196788787842e-01
1.791701197624206543e+00
2.591156959533691406e+00
2.713495254516601562e+00
2.084414064884185791e-01
-2.567570686340332031e+00
-3.910661935806274414e+00
-1.160068750381469727e+00
-2.179011702537536621e-01
2.746005654335021973e-01
4.749187231063842773e-01
-9.917765855789184570e-02
-5.835651159286499023e-01
-1.474619626998901367e+00
-1.661619186401367188e+00
-1.289077997207641602e+00
-9.103357791900634766e-02
9.244163036346435547e-01
1.634568810462951660e+00
1.567836642265319824e+00
8.076966404914855957e-01
-5.489931106567382812e-01
-1.253879785537719727e+00
-5.163241624832153320e-01
5.241766571998596191e-01
2.321718931198120117e+00
1.371674776077270508e+00
-9.137215614318847656e-01
-3.204781770706176758e+00
-3.322872877120971680e+00
-1.821551799774169922e+00
-2.072664052248001099e-01
8.311389088630676270e-01
1.709700584411621094e+00
1.538440227508544922e+00
-1.011558845639228821e-01
-1.427771449089050293e+00
-2.090785741806030273e+00
-1.682159304618835449e+00
-1.572585105895996094e-01
9.845520257949829102e-01
1.607391595840454102e+00
1.299346566200256348e+00
3.972064852714538574e-01
5.714876949787139893e-02
-4.941859841346740723e-01
-7.161719799041748047e-01
-2.241735011339187622e-01
7.779545336961746216e-02
-3.292596638202667236e-01
-2.457387000322341919e-01
-3.754435852169990540e-02
-8.630527555942535400e-02
-2.447165548801422119e-01
-4.450084269046783447e-01
-1.244844198226928711e-01
-1.010624766349792480e+00
-1.147314906120300293e+00
-8.045843839645385742e-01
-2.374284714460372925e-01
-1.228077188134193420e-01
2.165762633085250854e-01
7.298269271850585938e-01
9.565539956092834473e-01
9.529273509979248047e-01
3.533114194869995117e-01
4.319082200527191162e-02
-1.004566907882690430e+00
-2.047850847244262695e+00
-7.959101796150207520e-01
-1.106611192226409912e-01
4.851142466068267822e-01
7.673552632331848145e-01
4.123512804508209229e-01
4.922066628932952881e-02
-3.405759036540985107e-01
-6.986857652664184570e-01
-7.679220438003540039e-01
-6.380705237388610840e-01
-3.550115227699279785e-01
1.373523622751235962e-01
5.013486742973327637e-01
3.846715390682220459e-01
1.649027615785598755e-01
-3.995720148086547852e-01
-1.000535249710083008e+00
-1.073668956756591797e+00
-9.015178680419921875e-01
-5.587095022201538086e-01
-4.528404474258422852e-01
-3.175682127475738525e-01
-2.575245797634124756e-01
2.347894608974456787e-01
1.436134278774261475e-01
-1.055835634469985962e-01
-3.932983875274658203e-01
-6.816995143890380859e-01
-5.983963012695312500e-01
-2.966073751449584961e-01
7.417031377553939819e-02
1.701465249061584473e-01
1.959642767906188965e-01
-1.847236752510070801e-01
-6.937842965126037598e-01
-1.218354463577270508e+00
-1.257066965103149414e+00
-1.219811916351318359e+00
-4.509361982345581055e-01
-6.100788712501525879e-03
5.588927865028381348e-01
5.501642823219299316e-01
-1.774402111768722534e-01
-2.580482959747314453e-01
-5.264297723770141602e-01
-5.262703299522399902e-01
-1.924938559532165527e-01
2.623591572046279907e-02
2.934374809265136719e-01
6.194030046463012695e-01
6.073377132415771484e-01
1.917883455753326416e-01
-1.983892619609832764e-01
-1.277346968650817871e+00
-1.592297673225402832e+00
-1.549919605255126953e+00
-1.056510329246520996e+00
-5.664947032928466797e-01
-3.573250472545623779e-01
-1.115791648626327515e-01
2.682248353958129883e-01
1.978174299001693726e-01
-2.951124608516693115e-01
-4.422620236873626709e-01
-1.308360695838928223e-01
3.511202037334442139e-01
9.759772419929504395e-01
8.374832868576049805e-01
4.346737265586853027e-01
-6.522949934005737305e-01
-1.354575753211975098e+00
-1.410705685615539551e+00
-1.454382538795471191e+00
-1.291508197784423828e+00
-6.707573533058166504e-01
-4.138763546943664551e-01
-1.757758855819702148e-02
-1.940970122814178467e-01
-3.312918543815612793e-02
-5.713093653321266174e-02
6.873080134391784668e-02
1.035318151116371155e-01
3.565505445003509521e-01
6.226195693016052246e-01
6.969906091690063477e-01
7.609935402870178223e-01
5.714267492294311523e-01
1.706801205873489380e-01
-4.498872458934783936e-01
-1.052467942237854004e+00
-1.593710899353027344e+00
-1.111433267593383789e+00
-3.460255265235900879e-01
-3.829138875007629395e-01
-4.263078570365905762e-01
-1.588573753833770752e-01
-4.716842770576477051e-01
-6.159693002700805664e-01
-1.881865113973617554e-01
7.772345095872879028e-03
9.752531647682189941e-01
1.330412030220031738e+00
6.610518097877502441e-01
4.433036968111991882e-02
-7.144554257392883301e-01
-1.083529472351074219e+00
-5.524033308029174805e-01
-7.699221372604370117e-02
1.449943482875823975e-01
1.395697593688964844e-01
-5.604147911071777344e-03
-6.264098286628723145e-01
-6.901916265487670898e-01
-4.883532524108886719e-01
-2.526775300502777100e-01
1.143634021282196045e-01
9.394514560699462891e-01
1.064778804779052734e+00
6.976644396781921387e-01
-4.245340824127197266e-02
-8.723366856575012207e-01
-1.171437621116638184e+00
-5.739855766296386719e-01
-2.379122376441955566e-01
4.635924696922302246e-01
3.426688313484191895e-01
1.118116751313209534e-01
-7.825036346912384033e-02
-6.514649391174316406e-01
-8.448575139045715332e-01
-6.323459744453430176e-01
-2.401084639132022858e-02
6.100537776947021484e-01
6.558930873870849609e-01
6.117770671844482422e-01
2.363278269767761230e-01
-5.979500710964202881e-04
-5.788341760635375977e-01
-1.049908518791198730e+00
-7.001518607139587402e-01
9.880026429891586304e-02
5.059974193572998047e-01
9.910452365875244141e-01
8.554243445396423340e-01
2.931776940822601318e-01
-2.549955844879150391e-01
-7.420517206192016602e-01
-8.148133754730224609e-01
1.808420717716217041e-01
9.627620577812194824e-01
9.286574125289916992e-01
5.312597751617431641e-01
-1.060927748680114746e+00
-3.168606996536254883e+00
-1.099227070808410645e+00
1.099955081939697266e+00
2.049499511718750000e+00
3.339849412441253662e-01
-1.955871820449829102e+00
-1.564528822898864746e+00
4.618014991283416748e-01
1.621035218238830566e+00
2.123116970062255859e+00
1.638297319412231445e+00
-3.998403549194335938e-01
-1.466112375259399414e+00
-1.539602518081665039e+00
-1.577163457870483398e+00
-5.972578525543212891e-01
-4.334537684917449951e-02
-5.381792783737182617e-02
-1.006203740835189819e-01
1.698969304561614990e-01
7.862567901611328125e-02
-4.457924365997314453e-01
1.784848719835281372e-01
-2.053235471248626709e-02
1.869622021913528442e-01
7.211403846740722656e-01
1.064883351325988770e+00
7.164074182510375977e-01
1.636609435081481934e-01
1.964654028415679932e-02
-1.563102126121520996e+00
-2.593324184417724609e+00
-2.620801925659179688e+00
3.924609422683715820e-01
5.259666442871093750e-01
-1.247305154800415039e+00
-1.522213697433471680e+00
1.871954321861267090e+00
2.125369548797607422e+00
-1.284332513809204102e+00
1.935820132493972778e-01
1.835141301155090332e+00
-3.167547702789306641e+00
-1.831412911415100098e+00
1.652786850929260254e+00
3.700523674488067627e-01
-2.478821754455566406e+00
-2.522733807563781738e-01
1.569181323051452637e+00
9.827365875244140625e-01
-1.092129647731781006e-01
1.029805094003677368e-02
-5.989745855331420898e-01
-8.347324728965759277e-01
-4.216012358665466309e-02
2.000121176242828369e-01
-2.303832322359085083e-01
-1.192875623703002930e+00
-7.544072270393371582e-01
-1.274422556161880493e-01
9.188571572303771973e-01
7.520907521247863770e-01
-8.626982569694519043e-03
-7.639048695564270020e-01
-5.860881209373474121e-01
-1.107405424118041992e-01
3.966644704341888428e-01
-2.773465216159820557e-01
-7.885059714317321777e-01
-6.350669860839843750e-01
-6.247045099735260010e-02
4.391266703605651855e-01
9.059777110815048218e-02
-3.390047848224639893e-01
-8.524799346923828125e-01
-9.532871842384338379e-01
-1.594363600015640259e-01
1.336060613393783569e-01
3.062180876731872559e-01
-1.942032873630523682e-01
-4.444984197616577148e-01
-3.557492494583129883e-01
1.997269243001937866e-01
3.038906455039978027e-01
-3.724350631237030029e-01
-1.083376884460449219e+00
-1.241758704185485840e+00
-6.077195405960083008e-01
-5.494952201843261719e-03
3.487870693206787109e-01
-9.522472321987152100e-02
-4.231911599636077881e-01
-3.980565369129180908e-01
8.537793904542922974e-02
7.252817749977111816e-01
2.354751229286193848e-01
-4.383802115917205811e-01
-1.813782095909118652e+00
-1.607900261878967285e+00
-1.475626349449157715e+00
-6.430928707122802734e-01
5.285004153847694397e-02
1.481493711471557617e-01
-3.431921303272247314e-01
-3.600103259086608887e-01
4.728067219257354736e-01
8.401624560356140137e-01
4.138427972793579102e-02
-1.307707905769348145e+00
-1.233856201171875000e+00
-6.454376578330993652e-01
-7.032909393310546875e-01
-3.489475250244140625e-01
-3.402611911296844482e-01
5.279986560344696045e-02
2.033271789550781250e-01
5.323930978775024414e-01
7.324427366256713867e-01
5.590530112385749817e-02
-5.548304319381713867e-01
-1.464353919029235840e+00
-9.008033871650695801e-01
-1.425382494926452637e-02
-3.406040072441101074e-01
-3.253034651279449463e-01
-6.388269066810607910e-01
2.273235023021697998e-01
1.275032997131347656e+00
7.784793972969055176e-01
-2.142909914255142212e-01
-7.107126116752624512e-01
-7.964054942131042480e-01
-7.341722398996353149e-02
-6.390538066625595093e-02
-2.362999320030212402e-01
-1.050773859024047852e+00
-2.122244089841842651e-01
7.509137690067291260e-02
1.098273396492004395e+00
8.253507614135742188e-01
-6.962456107139587402e-01
-9.967381954193115234e-01
-3.656343817710876465e-01
3.370399773120880127e-02
4.013152420520782471e-01
-1.322392821311950684e-01
-4.667016565799713135e-01
-4.630146622657775879e-01
7.635023444890975952e-02
5.816459059715270996e-01
3.070317506790161133e-01
-9.726488590240478516e-02
-6.367355585098266602e-01
-1.027448415756225586e+00
-4.532259404659271240e-01
4.440840780735015869e-01
5.641578435897827148e-01
2.485518753528594971e-01
-5.868291854858398438e-01
-6.276429891586303711e-01
3.006730973720550537e-01
9.651098251342773438e-01
2.398600578308105469e-01
-6.951115131378173828e-01
-2.703102350234985352e+00
2.299622446298599243e-01
2.569217681884765625e+00
3.367042541503906250e-01
-2.066606044769287109e+00
-8.998960256576538086e-01
1.315688610076904297e+00
2.304044961929321289e+00
2.112389802932739258e-01
-2.017860412597656250e+00
-2.152448892593383789e+00
-2.557298541069030762e-01
3.907270133495330811e-01
-1.937685906887054443e-02
-6.168338656425476074e-01
-7.269953489303588867e-01
3.075868785381317139e-01
6.168418526649475098e-01
6.488938331604003906e-01
6.688261628150939941e-01
5.533746480941772461e-01
-2.202986478805541992e-01
-2.363963127136230469e+00
-2.758236646652221680e+00
7.571169137954711914e-01
6.429163813591003418e-01
-3.602413535118103027e-01
-1.767098069190979004e+00
9.578045010566711426e-01
2.091543912887573242e+00
5.653125643730163574e-01
-1.217182159423828125e+00
-4.955639243125915527e-01
2.171858102083206177e-01
1.622599363327026367e-01
-1.935463428497314453e+00
-2.039192676544189453e+00
9.706153273582458496e-01
9.323344230651855469e-01
-2.378130912780761719e+00
5.996751040220260620e-02
3.172153234481811523e+00
2.034179210662841797e+00
-1.731654405593872070e+00
-9.297888278961181641e-01
1.581498086452484131e-01
8.470034599304199219e-01
3.557040393352508545e-01
-7.356915473937988281e-01
-1.471895217895507812e+00
-2.075274944305419922e+00
6.028313040733337402e-01
6.309899687767028809e-01
8.352546095848083496e-01
7.675922513008117676e-01
-4.392523318529129028e-02
-8.563787937164306641e-01
-1.076613306999206543e+00
-1.479172259569168091e-01
4.175484180450439453e-02
3.107165992259979248e-01
-2.801516652107238770e-01
-1.097918272018432617e+00
-1.127554535865783691e+00
-3.284668028354644775e-01
2.422147691249847412e-01
3.548618555068969727e-01
4.809199273586273193e-02
-6.200626492500305176e-01
-7.135524749755859375e-01
-1.899100244045257568e-01
1.324346959590911865e-01
4.484206438064575195e-01
-1.813318878412246704e-01
-7.727460861206054688e-01
-4.823855161666870117e-01
3.902751021087169647e-03
5.947870016098022461e-02
-7.668952345848083496e-01
-1.297429203987121582e+00
-1.564806461334228516e+00
-2.587744593620300293e-01
9.163403511047363281e-02
-5.027051568031311035e-01
-4.402341544628143311e-01
-3.536161780357360840e-01
1.076463460922241211e-01
7.782257795333862305e-01
3.808789327740669250e-02
-1.445600390434265137e+00
-1.507737398147583008e+00
-1.078843712806701660e+00
-5.121967196464538574e-01
-1.845576167106628418e-01
5.675973892211914062e-01
3.205018341541290283e-01
-2.681743800640106201e-01
2.150064148008823395e-02
8.976079225540161133e-01
6.215261220932006836e-01
-4.238076210021972656e-01
-1.513394594192504883e+00
-1.302639842033386230e+00
-1.025056958198547363e+00
-9.398564100265502930e-01
-4.782921075820922852e-01
-3.911323845386505127e-01
1.268329471349716187e-01
3.828704655170440674e-01
9.035873413085937500e-01
5.424641370773315430e-01
-2.351669222116470337e-01
-1.254531860351562500e+00
-8.310830593109130859e-01
-2.220914512872695923e-01
-1.502127349376678467e-01
-3.875272274017333984e-01
-6.257382631301879883e-01
3.409812152385711670e-01
1.263687729835510254e+00
1.106544137001037598e+00
-4.295036792755126953e-01
-1.140763878822326660e+00
-9.190819263458251953e-01
-4.403972625732421875e-01
1.893290877342224121e-02
-6.684830784797668457e-01
-7.394280433654785156e-01
-9.517811536788940430e-01
-4.795639961957931519e-02
1.065019249916076660e+00
7.216179966926574707e-01
-1.389117240905761719e-01
-9.077050089836120605e-01
-1.815542131662368774e-01
3.084668219089508057e-01
2.654974162578582764e-01
5.910531058907508850e-02
-3.080638051033020020e-01
-2.926090061664581299e-01
6.146749258041381836e-01
6.100735068321228027e-01
1.243346109986305237e-01
-5.690791010856628418e-01
-1.082847833633422852e+00
-6.490427255630493164e-01
8.361623436212539673e-02
8.761523962020874023e-01
9.328047931194305420e-02
-4.028030931949615479e-01
-6.084101200103759766e-01
4.286431521177291870e-02
8.550897836685180664e-01
6.980685889720916748e-02
-8.741592168807983398e-01
-1.427497506141662598e+00
-4.087617099285125732e-01
2.019371747970581055e+00
2.068408489227294922e+00
-2.141597568988800049e-01
-2.113049983978271484e+00
-3.804062008857727051e-01
2.397337675094604492e+00
2.770863056182861328e+00
-2.217730283737182617e+00
-2.685424327850341797e+00
-1.513104885816574097e-01
4.183487594127655029e-01
-8.102387785911560059e-01
-1.763797283172607422e+00
4.916620552539825439e-01
1.558771014213562012e+00
-9.299284815788269043e-01
-1.987178802490234375e+00
1.445282340049743652e+00
2.490981817245483398e+00
-2.440785467624664307e-01
-2.707698106765747070e+00
-1.920073509216308594e+00
1.645190268754959106e-01
1.208132147789001465e+00
1.447317004203796387e-01
-9.659328460693359375e-01
-8.824708461761474609e-01
1.985249996185302734e+00
2.423106193542480469e+00
4.630703330039978027e-01
-1.294690966606140137e+00
2.740300446748733521e-02
1.654741406440734863e+00
-8.785470724105834961e-01
-4.050061225891113281e+00
-2.615836560726165771e-01
1.135941028594970703e+00
4.221221804618835449e-01
-1.996931433677673340e+00
-2.741060495376586914e+00
6.638228297233581543e-01
-1.941708922386169434e-01
-3.266837894916534424e-01
1.377996921539306641e+00
7.721928358078002930e-01
-1.102419853210449219e+00
-2.320134639739990234e+00
2.175149440765380859e+00
7.268165349960327148e-01
-1.103983163833618164e+00
-2.535238027572631836e+00
1.314171075820922852e+00
1.338830351829528809e+00
9.435330331325531006e-02
-2.538771629333496094e-01
-5.996802449226379395e-01
-1.141938686370849609e+00
-4.456181228160858154e-01
8.536098897457122803e-02
-9.285286068916320801e-03
-7.539712190628051758e-01
-1.020427584648132324e+00
-5.221834778785705566e-01
-1.187341287732124329e-01
3.248781263828277588e-01
-3.611967265605926514e-01
-5.703278779983520508e-01
-4.597378969192504883e-01
8.758306503295898438e-02
3.209539651870727539e-01
4.099469482898712158e-01
5.083626136183738708e-02
-4.617906510829925537e-01
-3.199971914291381836e-01
4.804389178752899170e-02
2.790091745555400848e-02
-1.277858495712280273e+00
-1.791021466255187988e+00
-7.954653501510620117e-01
-3.222134113311767578e-01
-6.850109994411468506e-02
-7.519342303276062012e-01
-1.009326577186584473e+00
-1.829212009906768799e-01
3.548690676689147949e-01
4.801919758319854736e-01
-4.728960096836090088e-01
-1.366407394409179688e+00
-1.143904089927673340e+00
-7.338745594024658203e-01
1.411631703376770020e-03
3.179202377796173096e-01
1.206895709037780762e-02
-2.149245440959930420e-01
-3.526746630668640137e-01
9.491495788097381592e-02
7.513003945350646973e-01
7.544841766357421875e-01
-3.445112407207489014e-01
-1.265780091285705566e+00
-1.648945450782775879e+00
-1.477386951446533203e+00
-8.539872765541076660e-01
-5.980670452117919922e-01
-3.190706372261047363e-01
-3.316631317138671875e-01
-3.064818978309631348e-01
1.383384019136428833e-01
6.641066670417785645e-01
7.447277307510375977e-01
1.539265811443328857e-01
-8.374086618423461914e-01
-1.506831049919128418e+00
-1.930328458547592163e-01
7.295736670494079590e-02
-3.072638809680938721e-02
-2.878741323947906494e-01
-3.156914412975311279e-01
1.307888984680175781e+00
8.761816620826721191e-01
-5.865575075149536133e-01
-1.146804451942443848e+00
-8.142010569572448730e-01
-4.424104094505310059e-01
-4.723584949970245361e-01
-7.029168605804443359e-01
-1.069681882858276367e+00
-8.171460032463073730e-01
-1.681784689426422119e-01
6.378541588783264160e-01
7.820512056350708008e-01
-1.071668416261672974e-02
-6.795338988304138184e-01
-8.084632754325866699e-01
1.661062985658645630e-01
7.229772210121154785e-01
4.612950980663299561e-02
-2.665268480777740479e-01
-3.545274138450622559e-01
9.641133248805999756e-02
6.991035342216491699e-01
4.928446412086486816e-01
-3.440023660659790039e-01
-1.387292146682739258e+00
-2.246188879013061523e+00
4.637539386749267578e-02
1.619547843933105469e+00
1.344939827919006348e+00
-2.757058382034301758e+00
-7.059212028980255127e-02
1.647584438323974609e+00
6.277970671653747559e-01
-1.695914268493652344e+00
-1.862214326858520508e+00
4.239379167556762695e-01
1.002861499786376953e+00
4.812531471252441406e-01
1.334671974182128906e-01
-2.385102659463882446e-01
1.978952903300523758e-03
2.710393071174621582e-01
9.570809602737426758e-01
7.872154712677001953e-01
-1.350116133689880371e-01
-9.635943174362182617e-01
-1.703473329544067383e+00
-1.714715957641601562e+00
-1.076949357986450195e+00
4.135740101337432861e-01
1.189278125762939453e+00
-5.392509102821350098e-01
-1.938125133514404297e+00
1.944833099842071533e-01
1.960251688957214355e+00
1.456637144088745117e+00
-7.293618321418762207e-01
-2.136401176452636719e+00
4.540075957775115967e-01
4.847395420074462891e-01
-7.450793385505676270e-01
-1.811758756637573242e+00
1.417706847190856934e+00
2.060274124145507812e+00
-5.963025093078613281e-01
-1.031374812126159668e+00
2.402584552764892578e+00
2.135915756225585938e+00
-2.936746120452880859e+00
-2.323260784149169922e+00
6.210512518882751465e-01
2.965937852859497070e-01
-2.609870672225952148e+00
-2.828777432441711426e-01
1.210730552673339844e+00
-3.377294912934303284e-02
-3.990572094917297363e-01
2.675144910812377930e+00
4.979050755500793457e-01
-3.008403778076171875e+00
3.323916494846343994e-01
1.305914044380187988e+00
3.994086682796478271e-01
-9.720883369445800781e-01
-4.662887156009674072e-01
-8.426538109779357910e-02
5.461450815200805664e-01
8.870584368705749512e-01
4.677091538906097412e-01
-8.226324915885925293e-01
-1.057601094245910645e+00
-8.656693100929260254e-01
4.552823305130004883e-02
1.243772879242897034e-01
-4.104547202587127686e-02
-1.085763096809387207e+00
-7.548643946647644043e-01
-2.252454310655593872e-01
4.395239055156707764e-01
2.842543423175811768e-01
-3.807030618190765381e-01
-4.923532605171203613e-01
-5.493731498718261719e-01
-2.464583367109298706e-01
2.837491929531097412e-01
5.495415925979614258e-01
-1.972821354866027832e-01
-5.901609063148498535e-01
-3.359287977218627930e-01
-1.670472323894500732e-02
1.141469925642013550e-02
-1.138724088668823242e+00
-1.683811664581298828e+00
-1.630212306976318359e+00
-1.142309755086898804e-01
7.818434387445449829e-02
-7.457225322723388672e-01
-6.513872742652893066e-01
-9.460069984197616577e-02
4.480267763137817383e-01
6.792652010917663574e-01
9.526532888412475586e-02
-1.195986151695251465e+00
-1.361464977264404297e+00
-7.394078373908996582e-01
2.941719442605972290e-02
5.098434090614318848e-01
2.564828097820281982e-01
-1.581616401672363281e-01
-2.010063976049423218e-01
-1.181500777602195740e-01
6.443369388580322266e-01
9.700227379798889160e-01
-4.918108582496643066e-01
-1.652966976165771484e+00
-1.631144165992736816e+00
-1.258192896842956543e+00
-9.591943025588989258e-01
-7.454806566238403320e-01
-4.019013345241546631e-01
-2.401389032602310181e-01
7.838120311498641968e-02
6.502842903137207031e-01
9.308790564537048340e-01
3.237417936325073242e-01
-8.614431023597717285e-01
-1.045830488204956055e+00
-6.056964993476867676e-01
-2.133234888315200806e-01
1.748020499944686890e-01
-4.700014293193817139e-01
-1.066036522388458252e-01
4.543446004390716553e-01
1.315085887908935547e+00
1.903281509876251221e-01
-1.064034461975097656e+00
-1.044334769248962402e+00
-6.645511984825134277e-01
-5.541698932647705078e-01
-5.461823940277099609e-01
-8.265675902366638184e-01
-1.228055477142333984e+00
-5.849794149398803711e-01
-7.270339876413345337e-02
7.717615962028503418e-01
9.710075855255126953e-01
5.950044393539428711e-01
-8.203150629997253418e-01
-4.128713309764862061e-01
5.081551074981689453e-01
5.220751762390136719e-01
6.195695698261260986e-02
-7.266393899917602539e-01
-5.759771466255187988e-01
7.896488904953002930e-02
6.905789375305175781e-01
1.474643647670745850e-01
-5.160188674926757812e-01
-1.380552768707275391e+00
-1.326334834098815918e+00
3.696489334106445312e-01
1.414042711257934570e+00
2.870049774646759033e-01
-2.191684722900390625e+00
-2.480629920959472656e+00
5.365563035011291504e-01
2.403811216354370117e+00
-1.532667636871337891e+00
-3.104055404663085938e+00
1.557104289531707764e-01
1.088677883148193359e+00
7.967455983161926270e-01
7.282630801200866699e-01
-4.838927090167999268e-01
-1.651655316352844238e+00
1.493597626686096191e-01
2.246453285217285156e+00
5.643793344497680664e-01
-2.069778680801391602e+00
-2.115041732788085938e+00
1.720249652862548828e-01
9.570847749710083008e-01
-9.025482535362243652e-01
-1.557510733604431152e+00
5.087847113609313965e-01
1.180758118629455566e+00
1.086992993950843811e-01
-1.005009055137634277e+00
9.756992459297180176e-01
9.307613372802734375e-01
-2.551481246948242188e+00
-3.073967218399047852e+00
1.140155121684074402e-01
1.421677708625793457e+00
-1.804334998130798340e+00
-2.183528661727905273e+00
2.048711776733398438e+00
1.443598151206970215e+00
-1.019731402397155762e+00
1.549680829048156738e-01
2.401035785675048828e+00
-2.105601310729980469e+00
-3.348465681076049805e+00
1.611115634441375732e-01
1.920541763305664062e+00
4.083011150360107422e-01
-2.860532045364379883e+00
-6.687852144241333008e-01
1.494984030723571777e+00
1.446767896413803101e-02
1.674091070890426636e-01
-1.607888638973236084e-01
-8.819895386695861816e-01
-5.333409309387207031e-01
-1.719434857368469238e-01
-3.699541687965393066e-01
-9.007982015609741211e-01
-9.903306961059570312e-01
-4.759161472320556641e-01
1.856826543807983398e-01
7.922484874725341797e-01
3.999473452568054199e-01
-4.126454293727874756e-01
-1.396926879882812500e+00
-3.807477355003356934e-01
6.884996891021728516e-01
2.695495784282684326e-01
-5.864476561546325684e-01
-9.985678791999816895e-01
-7.300270795822143555e-01
-1.279346495866775513e-01
2.318663299083709717e-01
1.884863525629043579e-01
-5.001914501190185547e-01
-8.383440375328063965e-01
-8.551798462867736816e-01
-4.767830371856689453e-01
-2.451125830411911011e-01
1.933996975421905518e-01
-1.912455111742019653e-01
-7.339762449264526367e-01
-3.812377452850341797e-01
-5.125613510608673096e-02
-2.894385531544685364e-02
-7.347697615623474121e-01
-1.455149412155151367e+00
-8.623720407485961914e-01
-2.347095757722854614e-01
2.338941842317581177e-01
1.637274324893951416e-01
-5.983388423919677734e-01
-5.074359476566314697e-02
6.924960017204284668e-01
1.560818254947662354e-01
-1.443999767303466797e+00
-1.839649796485900879e+00
-1.159484505653381348e+00
-5.800299644470214844e-01
-5.590397119522094727e-01
-4.388019815087318420e-02
6.984546780586242676e-02
-2.297917902469635010e-01
-3.598420023918151855e-01
2.300754934549331665e-01
8.263956904411315918e-01
2.077301293611526489e-01
-9.467093944549560547e-01
-1.971428871154785156e+00
-1.431075334548950195e+00
-7.406600713729858398e-01
-4.188261628150939941e-01
-7.810158133506774902e-01
-3.023971021175384521e-01
-1.126142293214797974e-01
4.361467063426971436e-02
6.767528653144836426e-01
5.907391309738159180e-01
1.205027550458908081e-01
-1.028766751289367676e+00
-2.217906236648559570e+00
-1.050809979438781738e+00
-6.996166706085205078e-01
-3.941979110240936279e-01
-7.596809267997741699e-01
-9.742304682731628418e-01
-6.163712143898010254e-01
2.324848622083663940e-01
1.289199590682983398e+00
1.147149503231048584e-01
-1.166040658950805664e+00
-1.141674160957336426e+00
-6.769747138023376465e-01
5.488361418247222900e-02
-3.675291538238525391e-01
-9.526969790458679199e-01
-1.104440569877624512e+00
-8.473765850067138672e-01
-5.082923173904418945e-01
-1.141011063009500504e-02
7.096974253654479980e-01
6.004443168640136719e-01
-4.400762021541595459e-01
-1.418212294578552246e+00
-1.424331545829772949e+00
-2.445203363895416260e-01
-2.145363241434097290e-01
-4.392973184585571289e-01
-1.020274400711059570e+00
-9.328730106353759766e-01
-4.294260740280151367e-01
7.730914652347564697e-02
2.298638522624969482e-01
-4.004462156444787979e-03
-5.495259761810302734e-01
-1.041381597518920898e+00
-7.807627916336059570e-01
4.392717778682708740e-02
3.927209675312042236e-01
-1.814597398042678833e-01
-8.660930395126342773e-01
-2.791949510574340820e-01
-3.594297543168067932e-02
1.050546467304229736e-01
-3.600190877914428711e-01
-1.345338582992553711e+00
-1.563158512115478516e+00
-1.131124854087829590e+00
-2.102726399898529053e-01
1.450659185647964478e-01
-6.287558376789093018e-02
-9.793894290924072266e-01
-7.844819426536560059e-01
4.451438784599304199e-02
1.403090715408325195e+00
-8.594832420349121094e-01
-3.865393877029418945e+00
-3.096292018890380859e-01
3.633700609207153320e-01
4.121541976928710938e-01
-5.530546233057975769e-02
-1.010201811790466309e+00
-1.085981369018554688e+00
-2.415642142295837402e-02
7.012252807617187500e-01
7.825969457626342773e-01
-8.167303204536437988e-01
-4.185616016387939453e+00
-6.488218903541564941e-01
-6.946319341659545898e-01
-8.560087680816650391e-01
-2.102546215057373047e+00
-1.128930091857910156e+00
6.605365872383117676e-01
1.367168545722961426e+00
-3.200624883174896240e-01
-1.280035376548767090e+00
1.470199108123779297e+00
8.571915328502655029e-02
-3.798364162445068359e+00
-1.244401335716247559e+00
1.414273381233215332e+00
-1.079438328742980957e+00
-2.585578918457031250e+00
6.503245234489440918e-01
3.498319983482360840e-01
-1.466704964637756348e+00
-6.261405348777770996e-02
5.645626783370971680e-01
-1.154019951820373535e+00
-4.074862003326416016e+00
1.920254677534103394e-01
1.852833628654479980e-01
-2.943364381790161133e-01
-2.209306240081787109e+00
-3.179136514663696289e+00
-2.156672775745391846e-01
3.456037640571594238e-01
1.201994866132736206e-01
3.002588450908660889e-02
-1.327444195747375488e+00
-1.720589399337768555e+00
-1.183210015296936035e+00
-4.257918894290924072e-01
-2.684487402439117432e-01
-6.637138724327087402e-01
-1.178076982498168945e+00
-1.069470643997192383e+00
-1.142703175544738770e+00
-6.471647620201110840e-01
-2.782577276229858398e-01
-7.110440731048583984e-01
-1.090128660202026367e+00
-1.330555796623229980e+00
-1.253685116767883301e+00
-8.611727952957153320e-01
-5.542501211166381836e-01
-8.165982961654663086e-01
-1.182410120964050293e+00
-1.223837375640869141e+00
-6.207470893859863281e-01
-5.541672110557556152e-01
-9.755066037178039551e-01
-1.859551072120666504e+00
-1.809217095375061035e+00
-1.144776701927185059e+00
-1.031254231929779053e-01
-7.984682917594909668e-01
-9.379438161849975586e-01
-1.027120590209960938e+00
-4.352700114250183105e-01
-1.462335884571075439e-01
-7.862154841423034668e-01
-1.997900009155273438e+00
-2.340276956558227539e+00
-1.773964881896972656e+00
-1.392729759216308594e+00
-1.258655428886413574e+00
-1.088665485382080078e+00
-7.641196250915527344e-01
-1.308485984802246094e+00
-1.150289416313171387e+00
-4.334775805473327637e-01
-4.108367487788200378e-02
-5.128845572471618652e-01
-1.814397811889648438e+00
-2.181568622589111328e+00
-2.085304737091064453e+00
-1.227415680885314941e+00
-1.152987122535705566e+00
-1.020077109336853027e+00
-9.551582932472229004e-01
-6.160014271736145020e-01
-6.233386993408203125e-01
-2.859645485877990723e-01
-2.130769640207290649e-01
-6.788929104804992676e-01
-1.363010764122009277e+00
-2.037194967269897461e+00
-2.471325159072875977e+00
-1.907902359962463379e+00
-1.345380783081054688e+00
-1.416947722434997559e+00
-1.510263800621032715e+00
-1.530726671218872070e+00
-1.318386554718017578e+00
-7.794848680496215820e-01
5.385077744722366333e-02
-1.855121403932571411e-01
-1.218055725097656250e+00
-1.844180822372436523e+00
-1.375471472740173340e+00
-1.091954350471496582e+00
-1.231899142265319824e+00
-1.302536249160766602e+00
-2.203084468841552734e+00
-1.597538709640502930e+00
-9.508118629455566406e-01
-5.252483487129211426e-01
-9.230782836675643921e-02
-7.743695974349975586e-01
-2.089095115661621094e+00
-2.119997262954711914e+00
-1.232465505599975586e+00
-9.468741416931152344e-01
-1.444868803024291992e+00
-1.641248106956481934e+00
-1.518232107162475586e+00
-1.177511692047119141e+00
-7.771056294441223145e-01
-8.970881700515747070e-01
-1.013088107109069824e+00
-1.573998928070068359e+00
-1.759454369544982910e+00
-1.426834940910339355e+00
-9.261940121650695801e-01
-6.678599715232849121e-01
-1.031645536422729492e+00
-1.626822948455810547e+00
-1.327070116996765137e+00
-6.429173350334167480e-01
-7.667652964591979980e-01
-1.681946039199829102e+00
-2.586321115493774414e+00
-2.260342359542846680e+00
-9.866543412208557129e-01
-1.022212624549865723e+00
-1.337041616439819336e+00
-1.641680836677551270e+00
-1.488630056381225586e+00
-8.135786056518554688e-01
-1.385427862405776978e-01
-7.442870736122131348e-01
-2.196099042892456055e+00
-3.508806943893432617e+00
-1.416051387786865234e+00
6.195721402764320374e-02
-3.604592084884643555e-01
-2.776434898376464844e+00
-1.098131537437438965e+00
3.264731466770172119e-01
-4.832967370748519897e-02
-2.415142059326171875e+00
-1.809282422065734863e+00
3.382852971553802490e-01
-3.066441059112548828e+00
-3.856163978576660156e+00
-1.471728682518005371e+00
-1.181210756301879883e+00
-1.592370986938476562e+00
-2.631141662597656250e+00
-2.246873140335083008e+00
-6.249627470970153809e-01
3.198500871658325195e-01
-5.783168077468872070e-01
-2.258961200714111328e+00
-1.484690546989440918e+00
7.077679783105850220e-02
-2.478604793548583984e+00
-4.765210628509521484e+00
-6.692011952400207520e-01
-3.763637244701385498e-01
-2.190032005310058594e+00
-4.161817550659179688e+00
-2.918425798416137695e-01
-2.684270590543746948e-02
-1.711408138275146484e+00
-1.907167553901672363e+00
-4.147585034370422363e-01
-8.521974682807922363e-01
-4.211956501007080078e+00
-2.301009416580200195e+00
-4.301401376724243164e-01
-9.364101290702819824e-01
-2.046291112899780273e+00
-4.240271568298339844e+00
-9.090023636817932129e-01
-4.420953392982482910e-01
-3.062126398086547852e+00
-2.645312547683715820e+00
4.816613346338272095e-02
-5.354490280151367188e-01
-1.383650898933410645e+00
-2.611092090606689453e+00
-3.411096334457397461e+00
-1.470102310180664062e+00
-1.391881346702575684e+00
-2.099255323410034180e+00
-2.183161258697509766e+00
-2.272754907608032227e+00
-2.025555372238159180e+00
-1.903411149978637695e+00
-1.446202874183654785e+00
-1.464722156524658203e+00
-2.328259706497192383e+00
-2.088161230087280273e+00
-2.963274002075195312e+00
-2.004327297210693359e+00
-2.324108362197875977e+00
-1.943384170532226562e+00
-1.885343432426452637e+00
-2.325751543045043945e+00
-2.585688352584838867e+00
-2.287086009979248047e+00
-1.739291071891784668e+00
-1.974093556404113770e+00
-2.510414361953735352e+00
-2.937622308731079102e+00
-3.099220514297485352e+00
-1.880622148513793945e+00
-1.516045689582824707e+00
-1.917456746101379395e+00
-2.399163961410522461e+00
-2.056017875671386719e+00
-1.941468238830566406e+00
-1.371978878974914551e+00
-1.346755862236022949e+00
-2.996335506439208984e+00
-3.462825298309326172e+00
-3.370235919952392578e+00
-3.245737314224243164e+00
-3.117972135543823242e+00
-2.406559705734252930e+00
-2.191071271896362305e+00
-2.176048517227172852e+00
-2.758172750473022461e+00
-2.350962400436401367e+00
-1.677724838256835938e+00
-1.209004402160644531e+00
-1.367081880569458008e+00
-2.823586463928222656e+00
-3.134363651275634766e+00
-3.273598194122314453e+00
-2.842839956283569336e+00
-2.607736110687255859e+00
-2.548013925552368164e+00
-2.032462358474731445e+00
-2.123321533203125000e+00
-2.065910339355468750e+00
-1.963569521903991699e+00
-1.495088696479797363e+00
-1.627530694007873535e+00
-2.329879045486450195e+00
-2.855521202087402344e+00
-3.235300302505493164e+00
-3.062906503677368164e+00
-2.516727209091186523e+00
-2.650053739547729492e+00
-2.939563989639282227e+00
-2.999736070632934570e+00
-2.295391082763671875e+00
-2.238636493682861328e+00
-1.295496463775634766e+00
-1.067900896072387695e+00
-2.266057252883911133e+00
-2.947601556777954102e+00
-2.712716817855834961e+00
-2.665572166442871094e+00
-2.063588142395019531e+00
-2.630977392196655273e+00
-3.159195184707641602e+00
-2.848949193954467773e+00
-2.592456579208374023e+00
-1.994914889335632324e+00
-1.363575696945190430e+00
-1.485202431678771973e+00
-2.368869781494140625e+00
-3.025509834289550781e+00
-3.266458749771118164e+00
-2.380555629730224609e+00
-2.141486644744873047e+00
-2.715052127838134766e+00
-2.993086814880371094e+00
-3.108102083206176758e+00
-2.961906433105468750e+00
-2.487797260284423828e+00
-2.059343814849853516e+00
-2.172041893005371094e+00
-2.595683336257934570e+00
-2.871134281158447266e+00
-2.996228694915771484e+00
-3.179692983627319336e+00
-2.448511600494384766e+00
-1.927443623542785645e+00
-2.214509010314941406e+00
-3.011266708374023438e+00
-2.894080877304077148e+00
-2.205654621124267578e+00
-2.170671701431274414e+00
-2.704069375991821289e+00
-3.613549232482910156e+00
-3.604398488998413086e+00
-3.501751184463500977e+00
-2.683737993240356445e+00
-2.470195293426513672e+00
-2.605484008789062500e+00
-2.631994724273681641e+00
-3.395620584487915039e+00
-3.059397935867309570e+00
-2.147239685058593750e+00
-2.004508018493652344e+00
-2.895413875579833984e+00
-3.551238775253295898e+00
-4.321431159973144531e+00
-3.552502155303955078e+00
-2.972031593322753906e+00
-2.036645650863647461e+00
-2.856365680694580078e+00
-3.325748682022094727e+00
-3.628929376602172852e+00
-1.962996244430541992e+00
-2.050591468811035156e+00
-2.181676387786865234e+00
-2.705575942993164062e+00
-3.460410594940185547e+00
-4.412896156311035156e+00
-4.882320404052734375e+00
-5.090238571166992188e+00
-2.661999940872192383e+00
-2.154875040054321289e+00
-3.075875043869018555e+00
-4.700232028961181641e+00
-3.503741502761840820e+00
-1.588681101799011230e+00
-2.416806697845458984e+00
-4.663808822631835938e+00
-1.441281795501708984e+00
-1.549589753150939941e+00
-6.187844753265380859e+00
-3.750159263610839844e+00
-3.872615337371826172e+00
-5.181123733520507812e+00
-3.071461915969848633e+00
-1.819425225257873535e+00
-4.738213539123535156e+00
-5.648526191711425781e+00
-2.067216873168945312e+00
-1.165387868881225586e+00
-2.859837055206298828e+00
-5.009757041931152344e+00
-2.754950284957885742e+00
-3.050066471099853516e+00
-5.989584445953369141e+00
-2.149125576019287109e+00
-2.991576194763183594e+00
-4.719602108001708984e+00
-5.431106090545654297e+00
-3.769806385040283203e+00
-2.797142267227172852e+00
-3.165394544601440430e+00
-4.246623992919921875e+00
-1.305032610893249512e+00
-3.613305330276489258e+00
-6.113111019134521484e+00
-3.153534173965454102e+00
-3.066939115524291992e+00
-3.327355384826660156e+00
-3.134743452072143555e+00
-3.887750864028930664e+00
-4.440839767456054688e+00
-4.210999011993408203e+00
-3.322756528854370117e+00
-3.405711412429809570e+00
-4.044506549835205078e+00
-4.264885902404785156e+00
-3.833543539047241211e+00
-4.546627998352050781e+00
-3.983083963394165039e+00
-3.933475494384765625e+00
-3.660705089569091797e+00
-3.939816236495971680e+00
-4.163330554962158203e+00
-4.531526088714599609e+00
-4.729237556457519531e+00
-3.635693550109863281e+00
-3.857043504714965820e+00
-3.865929126739501953e+00
-4.397978305816650391e+00
-4.927027702331542969e+00
-4.536758899688720703e+00
-3.686004638671875000e+00
-3.893105983734130859e+00
-3.974159955978393555e+00
-4.360310554504394531e+00
-4.260806560516357422e+00
-3.991089820861816406e+00
-4.181847095489501953e+00
-3.507994890213012695e+00
-4.162249088287353516e+00
-4.712866783142089844e+00
-5.104925155639648438e+00
-5.474783420562744141e+00
-5.618771076202392578e+00
-5.517787933349609375e+00
-4.808645725250244141e+00
-4.402923107147216797e+00
-4.141837120056152344e+00
-4.569447517395019531e+00
-4.286612510681152344e+00
-4.410454750061035156e+00
-3.547239303588867188e+00
-3.852903842926025391e+00
-3.879762172698974609e+00
-4.944177150726318359e+00
-5.737935066223144531e+00
-5.648968696594238281e+00
-5.602030277252197266e+00
-4.924606800079345703e+00
-4.957974433898925781e+00
-4.625896930694580078e+00
-4.429909229278564453e+00
-4.848486423492431641e+00
-4.503288745880126953e+00
-4.540050029754638672e+00
-4.039069652557373047e+00
-3.964863300323486328e+00
-3.970713138580322266e+00
-4.308628082275390625e+00
-4.645800590515136719e+00
-5.438667774200439453e+00
-5.843433856964111328e+00
-4.899894714355468750e+00
-5.251032352447509766e+00
-4.949512481689453125e+00
-5.251589298248291016e+00
-5.319311141967773438e+00
-5.108405113220214844e+00
-4.338440418243408203e+00
-3.862656831741333008e+00
-3.857040405273437500e+00
-4.573732376098632812e+00
-5.096260547637939453e+00
-5.289130210876464844e+00
-5.623290061950683594e+00
-5.135275840759277344e+00
-4.659749984741210938e+00
-5.159698486328125000e+00
-5.085579872131347656e+00
-5.190540790557861328e+00
-5.233081340789794922e+00
-4.639086723327636719e+00
-4.458874702453613281e+00
-4.150900363922119141e+00
-4.350175857543945312e+00
-4.141216278076171875e+00
-5.698596954345703125e+00
-5.665932655334472656e+00
-5.083638668060302734e+00
-4.795113086700439453e+00
-5.236180782318115234e+00
-4.982488632202148438e+00
-5.960088253021240234e+00
-5.628989219665527344e+00
-5.529428958892822266e+00
-4.970032215118408203e+00
-4.981537818908691406e+00
-4.718951702117919922e+00
-5.118226051330566406e+00
-5.310845375061035156e+00
-5.509927272796630859e+00
-5.500867366790771484e+00
-4.758679389953613281e+00
-4.740785598754882812e+00
-4.480664730072021484e+00
-5.440631866455078125e+00
-5.735052585601806641e+00
-5.492465019226074219e+00
-4.666757106781005859e+00
-5.169936180114746094e+00
-5.735983371734619141e+00
-6.350798130035400391e+00
-6.629601478576660156e+00
-6.704763412475585938e+00
-6.295071125030517578e+00
-5.475831985473632812e+00
-5.587754726409912109e+00
-5.638722896575927734e+00
-5.621868133544921875e+00
-5.773205757141113281e+00
-5.502240180969238281e+00
-5.195418357849121094e+00
-4.705102443695068359e+00
-4.802365779876708984e+00
-5.702136993408203125e+00
-6.614174842834472656e+00
-6.467959880828857422e+00
-6.509040355682373047e+00
-5.874402999877929688e+00
-5.922059535980224609e+00
-6.068707466125488281e+00
-5.121221065521240234e+00
-5.558612346649169922e+00
-5.695402145385742188e+00
-6.126974582672119141e+00
-6.549642562866210938e+00
-3.884703874588012695e+00
-4.810727596282958984e+00
-8.508853912353515625e+00
-5.881479740142822266e+00
-5.474838256835937500e+00
-8.730452537536621094e+00
-8.428349494934082031e+00
-5.325825691223144531e+00
-5.235767841339111328e+00
-6.121816158294677734e+00
-7.525094509124755859e+00
-5.132847309112548828e+00
-4.121083736419677734e+00
-7.019391536712646484e+00
-6.989517211914062500e+00
-3.584405422210693359e+00
-6.246386051177978516e+00
-8.161462783813476562e+00
-5.518107414245605469e+00
-5.332531929016113281e+00
-9.324373245239257812e+00
-6.233263015747070312e+00
-4.859887123107910156e+00
-7.767782211303710938e+00
-8.319036483764648438e+00
-4.813104629516601562e+00
-6.073297023773193359e+00
-8.581474304199218750e+00
-4.614221572875976562e+00
-3.488231658935546875e+00
-4.679990768432617188e+00
-8.178771018981933594e+00
-5.112168788909912109e+00
-5.897279262542724609e+00
-9.226265907287597656e+00
-5.059524059295654297e+00
-7.181428432464599609e+00
-9.377926826477050781e+00
-5.746850967407226562e+00
-6.805587291717529297e+00
-9.678599357604980469e+00
-7.075256824493408203e+00
-6.815551757812500000e+00
-6.167518615722656250e+00
-6.305370330810546875e+00
-6.315461635589599609e+00
-6.874144077301025391e+00
-7.256139278411865234e+00
-7.255518436431884766e+00
-7.384329319000244141e+00
-6.856618404388427734e+00
-6.592892169952392578e+00
-6.232416629791259766e+00
-6.203965663909912109e+00
-6.665742397308349609e+00
-7.325949668884277344e+00
-7.454914093017578125e+00
-7.277583122253417969e+00
-7.147571563720703125e+00
-6.679831027984619141e+00
-6.912741661071777344e+00
-7.198732376098632812e+00
-7.830982208251953125e+00
-7.770380496978759766e+00
-8.116814613342285156e+00
-8.342329978942871094e+00
-7.995963096618652344e+00
-7.834723472595214844e+00
-7.527625560760498047e+00
-7.375713825225830078e+00
-7.565639019012451172e+00
-7.677165985107421875e+00
-7.616464614868164062e+00
-7.630829811096191406e+00
-7.023231983184814453e+00
-6.622153759002685547e+00
-7.197053909301757812e+00
-7.263203144073486328e+00
-7.587160110473632812e+00
-7.865293025970458984e+00
-8.218506813049316406e+00
-8.352192878723144531e+00
-7.117800712585449219e+00
-6.975661277770996094e+00
-7.043914318084716797e+00
-7.366367816925048828e+00
-8.009402275085449219e+00
-7.744914531707763672e+00
-7.867461681365966797e+00
-7.267529487609863281e+00
-7.283284664154052734e+00
-7.703857421875000000e+00
-7.792362689971923828e+00
-8.438405990600585938e+00
-9.173329353332519531e+00
-9.140362739562988281e+00
-9.003300666809082031e+00
-9.015185356140136719e+00
-8.634910583496093750e+00
-8.095726013183593750e+00
-7.996755599975585938e+00
-7.803900718688964844e+00
-7.479103088378906250e+00
-7.980675220489501953e+00
-8.117293357849121094e+00
-7.974715709686279297e+00
-7.937307834625244141e+00
-7.002798080444335938e+00
-7.414960384368896484e+00
-7.976237297058105469e+00
-8.789055824279785156e+00
-9.465832710266113281e+00
-9.712004661560058594e+00
-9.390810966491699219e+00
-9.225343704223632812e+00
-8.840077400207519531e+00
-8.662233352661132812e+00
-8.284972190856933594e+00
-8.475116729736328125e+00
-8.498027801513671875e+00
-7.959558010101318359e+00
-7.706392765045166016e+00
-6.920116901397705078e+00
-7.637836456298828125e+00
-7.975087165832519531e+00
-8.165761947631835938e+00
-8.751943588256835938e+00
-9.079533576965332031e+00
-9.266224861145019531e+00
-9.352991104125976562e+00
-8.950150489807128906e+00
-9.210416793823242188e+00
-8.825618743896484375e+00
-8.682518005371093750e+00
-9.239748954772949219e+00
-9.481113433837890625e+00
-9.298899650573730469e+00
-9.097558021545410156e+00
-8.661500930786132812e+00
