9.651147842407226562e+00
9.267842292785644531e+00
8.879993756612142519e+00
7.433036267757415771e+00
6.477019834518432440e+00
5.508336842060089111e+00
5.021548151969909668e+00
4.447270959615707397e+00
4.135475436846415498e+00
3.901549363136291415e+00
3.608232205564325668e+00
3.427475482225418091e+00
3.208456231997563357e+00
3.074864489691598202e+00
2.988095561663309585e+00
2.864558592438697815e+00
2.835003979065839008e+00
2.769475400447845459e+00
2.793132399257860499e+00
2.775268751382827581e+00
2.721003492673238267e+00
2.721906884150071537e+00
2.648299180943033182e+00
2.632514561216036331e+00
2.616010785102844238e+00
2.584910438610957151e+00
2.591956659599586654e+00
2.586981373173849796e+00
2.622920636473030864e+00
2.607723013559977154e+00
2.580870216892611424e+00
2.589949768036603928e+00
2.587412310369086921e+00
2.586788230082567974e+00
2.554302641323634493e+00
2.516776836580700394e+00
2.488982107188250747e+00
2.470690275493421240e+00
2.464814913578522670e+00
2.455194288492202670e+00
2.436113494198496543e+00
2.421103962830134737e+00
2.390641966531442897e+00
2.361329829150980331e+00
2.350772237777710050e+00
2.339828587096670187e+00
2.320944042915993766e+00
2.312621268133322250e+00
2.304047114995061207e+00
2.281572432518005566e+00
2.267087508650387218e+00
2.258836931907213685e+00
2.254000360111020562e+00
2.236683622554496598e+00
2.223035704005848157e+00
2.196158213274819637e+00
2.187585516979819733e+00
2.176940841921444658e+00
2.160287764112827968e+00
2.148750869433085242e+00
2.133169414567165578e+00
2.121622852740749021e+00
2.118511678680540911e+00
2.119440523907542229e+00
2.111505634968097400e+00
2.110991812113559796e+00
2.106047767311779229e+00
2.097955032306558998e+00
2.092313828675643084e+00
2.081174860681806127e+00
2.073631892741565785e+00
2.080484504501024734e+00
2.071163048482921099e+00
2.057679775598886707e+00
2.056706088383992714e+00
2.051848111968291644e+00
2.044623768174802958e+00
2.036260941089727883e+00
2.027477501313897701e+00
2.024322280287742526e+00
1.929591643810272261e+00
1.840962852537632033e+00
1.749588952958583743e+00
1.729812908172607466e+00
1.707450903952121735e+00
1.723407717049121768e+00
1.717849251627922014e+00
1.734219811856746674e+00
1.736062768101692244e+00
1.725289014726877124e+00
1.732313173264265149e+00
1.743498881906270892e+00
1.755480021983385042e+00
1.764335741847753436e+00
1.771629533916711852e+00
1.775607728213071779e+00
1.758683439344167709e+00
1.765719083696603686e+00
1.750032851845026105e+00
1.729426245391368910e+00
1.727590799331665039e+00
1.715836386382579848e+00
1.722091658413410276e+00
1.720457147061824843e+00
1.716186375916004092e+00
1.712945137917995408e+00
1.691504754126071930e+00
1.681232726573944181e+00
1.639668012037873268e+00
1.625033170357346624e+00
1.615663479641079814e+00
1.594956393912434489e+00
1.590429072454571768e+00
1.571268034353852316e+00
1.564986758306622594e+00
1.571709658578038127e+00
1.572890591993928000e+00
1.569518077746033580e+00
1.548929600790142969e+00
1.534939875081181571e+00
1.540834731236100152e+00
1.544212448969483287e+00
1.544820286706090062e+00
1.552485615387559026e+00
1.539502657577395350e+00
1.543361836299300238e+00
1.554492294415831477e+00
1.557747983559966132e+00
1.557928523048758507e+00
1.562430345639586493e+00
1.564916362985968590e+00
1.566284627839922949e+00
1.566397757455706641e+00
1.562796879932284444e+00
1.562216595932841345e+00
1.576505796238780066e+00
1.583117644116282419e+00
1.580456423386931375e+00
1.579718775674700648e+00
1.572721206024289220e+00
1.574107821658253581e+00
1.578263244405388788e+00
1.572521712258458049e+00
1.568195417895913213e+00
1.567295782640576451e+00
1.556029525771737143e+00
1.552568214014172554e+00
1.547566189244389490e+00
1.540475610271096141e+00
1.531739411130547568e+00
1.527188535407185466e+00
1.511465424671769142e+00
1.501394335553050130e+00
1.495263711735606238e+00
1.490514821931719691e+00
1.478113998845219657e+00
1.483318525925278575e+00
1.490542559698224023e+00
1.491362324729561761e+00
1.484321084991097495e+00
1.484322268143296153e+00
1.477078768983483226e+00
1.492493433132767722e+00
1.495836419239640280e+00
1.505839173868298575e+00
1.503921375051140874e+00
1.495818472281098321e+00
1.492083533480763391e+00
1.489884700253605754e+00
1.504846605286002115e+00
1.503461326286196664e+00
1.507076520845294088e+00
1.519165065512061208e+00
1.507399493083357855e+00
1.501108279451727867e+00
1.501922674104571254e+00
1.505732734128832906e+00
1.510397301241755530e+00
1.506980014964938164e+00
1.529922327771782831e+00
1.533106872811913490e+00
1.527897017076611519e+00
1.528874788060784251e+00
1.518631618097424418e+00
1.515760577097535089e+00
1.515829678252339274e+00
1.517867385223507837e+00
1.522708315029740245e+00
1.543665964901447252e+00
1.551821734011173293e+00
1.559575830399990037e+00
1.565275762975215867e+00
1.554043860733508975e+00
1.561025917530059814e+00
1.562732319533824965e+00
1.572383458912372634e+00
1.572790810465812594e+00
1.566677747666835874e+00
1.579286664724349976e+00
1.569159770384430885e+00
1.557987654581665993e+00
1.554886937513947576e+00
1.555069430544972375e+00
1.555828029289841652e+00
1.563514524325728461e+00
1.560808160528540656e+00
1.550031679496169046e+00
1.539053767547011287e+00
1.530578407272696451e+00
1.534487868472933725e+00
1.538764378055930138e+00
1.527532596513629048e+00
1.531187109276652247e+00
1.528709848597645804e+00
1.521852726861834482e+00
1.514916060492396355e+00
1.497786181792616800e+00
1.499796983227133840e+00
1.511659353598952205e+00
1.512952991202473729e+00
1.521209130063652992e+00
1.519475675001740411e+00
1.518322395160794258e+00
1.520307536795735270e+00
1.507078239321708590e+00
1.508225604891777039e+00
1.506839835643768222e+00
1.513963432610034854e+00
1.517430461943149567e+00
1.526896238327026367e+00
1.526019009947776839e+00
1.518550217151641846e+00
1.518207422643899962e+00
1.530084123462438495e+00
1.528009789437055677e+00
1.541844575107097715e+00
1.536785084009170577e+00
1.530373194813728244e+00
1.528987570106983274e+00
1.533633077144622714e+00
1.521191307902336032e+00
1.525498193502426103e+00
1.526654124259948730e+00
1.534132708609104112e+00
1.532087974250316620e+00
1.519843129068612964e+00
1.517952452600002333e+00
1.519134078919887498e+00
1.514699539542198270e+00
1.513866993784904524e+00
1.516560274362564131e+00
1.501160733401775360e+00
1.496239663660526187e+00
1.506299544870853380e+00
1.494218140095472380e+00
1.483242706209421113e+00
1.487267800420522645e+00
1.481009986251592636e+00
1.480474812537431628e+00
1.464114867895841554e+00
1.462322180718183429e+00
1.452012270689010620e+00
1.437886960804462433e+00
1.445456175506115049e+00
1.440927408635616302e+00
1.435764765739441007e+00
1.430338574200868518e+00
1.426455929130315825e+00
1.417404768615960986e+00
1.413770965486764952e+00
1.413181047886610031e+00
1.418203093856573060e+00
1.422315283864736601e+00
1.424340929836034775e+00
1.436513965576887042e+00
1.416005656868219331e+00
1.407615891098976224e+00
1.415944096446037248e+00
1.410403685271739871e+00
1.426096523925661996e+00
1.433801005408167795e+00
1.427285572513937950e+00
1.431444422528147742e+00
1.426183139905333519e+00
1.411302031204104468e+00
1.397506630793213800e+00
1.397006665542721793e+00
1.401063010469079106e+00
1.407389761880040169e+00
1.408520082011818886e+00
1.397364037111401558e+00
1.391415009275078773e+00
1.380476481094956354e+00
1.384385421499609858e+00
1.398643543198704764e+00
1.400634368136525199e+00
1.413069337978959172e+00
1.410129392519593239e+00
1.400644237175583839e+00
1.409511921182274863e+00
1.395830589905381114e+00
1.395171536877751306e+00
1.398153531923890025e+00
1.401417874172329991e+00
1.420765691250562623e+00
1.428991071134805724e+00
1.433568830043077558e+00
1.423937906324863389e+00
1.421498394012451261e+00
1.428813783824443906e+00
1.439845015108585313e+00
1.459823170304298312e+00
1.478556938469409943e+00
1.476987783610820726e+00
1.484971924126148313e+00
1.484655673801899001e+00
1.474249437451362610e+00
1.468051183968782425e+00
1.469532375782728106e+00
1.471124386042356402e+00
1.471208082884550183e+00
1.460918253660202115e+00
1.447362357378005893e+00
1.430454348027706102e+00
1.425280581414699599e+00
1.430038865655660629e+00
1.421514603495597884e+00
1.426606822013855025e+00
1.429780301451683000e+00
1.413747940957546190e+00
1.408780768513679504e+00
1.410661254823207811e+00
1.395337055623531386e+00
1.380733691900968507e+00
1.374273681640624911e+00
1.385903270542621524e+00
1.390683805942535489e+00
1.376121533662080676e+00
1.381822782009840100e+00
1.390449947863817259e+00
1.378451174497604459e+00
1.378654926270246550e+00
1.389160741120576859e+00
1.374271526932716370e+00
1.375066421926021576e+00
1.379330211877822787e+00
1.386601593345403671e+00
1.384273093193769455e+00
1.389157635718583972e+00
1.386704105883836746e+00
1.384404569119215056e+00
1.379820791631936938e+00
1.374302469938993410e+00
1.373152818530797958e+00
1.361966886371374086e+00
1.359077348560094878e+00
1.360830532014369876e+00
1.367411164939403623e+00
1.368225748836994216e+00
1.368951891362667039e+00
1.360035841166973070e+00
1.361928544938564301e+00
1.350701409578323409e+00
1.357468557357788042e+00
1.368821562826633365e+00
1.381023187190294266e+00
1.386583476513624236e+00
1.393860254436731339e+00
1.388394912332296283e+00
1.373872864246368453e+00
1.374603170156478926e+00
1.385207389295101121e+00
1.385426825284957975e+00
1.391990740597248033e+00
1.392640946805477231e+00
1.398969501256942749e+00
1.398907284438610121e+00
1.400398136675357730e+00
1.390645118802785962e+00
1.384452181309461682e+00
1.387180734425783157e+00
1.390521860867738768e+00
1.386965096741914705e+00
1.381166047602891966e+00
1.374812521785497621e+00
1.365576725453138351e+00
1.352045505493879363e+00
1.354640069603920027e+00
1.355590498447418302e+00
1.338987754285335452e+00
1.332518807053566068e+00
1.322678785026073500e+00
1.300299311429262250e+00
1.292487699538469315e+00
1.278113642334937960e+00
1.258072594180703163e+00
1.252219447121024176e+00
1.254144871607422829e+00
1.252143553271889642e+00
1.252604888752102852e+00
1.248560335114598185e+00
1.261655225977301509e+00
1.270853378996253058e+00
1.271298363432288081e+00
1.269489556178450496e+00
1.282808825001120479e+00
1.307560720667243048e+00
1.298557790741324380e+00
1.302106679603457495e+00
1.312934362515807196e+00
1.314131673797965139e+00
1.313043090328574136e+00
1.318343819305300757e+00
1.325419906154274852e+00
1.341983618214726448e+00
1.332190963253378824e+00
1.319429359212517694e+00
1.315862868353724568e+00
1.293324888870120093e+00
1.283835512027144521e+00
1.290721576288342387e+00
1.307674493268132121e+00
1.298350083455443338e+00
1.305982984974980443e+00
1.313191910460591361e+00
1.313476060703396842e+00
1.312321116402745291e+00
1.307470810785889670e+00
1.308732644096016973e+00
1.329134858027100519e+00
1.332025258615612939e+00
1.339431894198060080e+00
1.351691247895359993e+00
1.352377793565392450e+00
1.360141015425324396e+00
1.363695491477847188e+00
1.365562599524855703e+00
1.360841928049921989e+00
1.377648874744772822e+00
1.375496354326605886e+00
1.385497836396098137e+00
1.382954877242446035e+00
1.395078804716467946e+00
1.383354529365897090e+00
1.385904949530959218e+00
1.378527272865176290e+00
1.367927176877856255e+00
1.356328464671969325e+00
1.354665115103125483e+00
1.352100356295704797e+00
1.355305086448788554e+00
1.348491043969988867e+00
1.344211826846003488e+00
1.344483548030257269e+00
1.336467697843909175e+00
1.320051221922039941e+00
1.302882345020770938e+00
1.303582453727722079e+00
1.323999609798192978e+00
1.326308675855398134e+00
1.337938237935304642e+00
1.331479296833276704e+00
1.327661942690610886e+00
1.317358571290969893e+00
1.319877867400646165e+00
1.322519643604755490e+00
1.338464924693107516e+00
1.343129943311214491e+00
1.355178281664848328e+00
1.357575941085815474e+00
1.357083000242710114e+00
1.355188909173011824e+00
1.370471718162298291e+00
1.374944844096898988e+00
1.380562685430049896e+00
1.389280645921826318e+00
1.402252301201224238e+00
1.398559057340025946e+00
1.392120837047696069e+00
1.395819938555359796e+00
1.412688050046563060e+00
1.405056204274296672e+00
1.388492286950349763e+00
1.396734676510095641e+00
1.401509747654199556e+00
1.387370718270540149e+00
1.383111732453107923e+00
1.387187597900628955e+00
1.395624361187219664e+00
1.388758570700883821e+00
1.396819830685853914e+00
1.394148000329732850e+00
1.405585504323244139e+00
1.415491301566362381e+00
1.419924864917993634e+00
1.439169828593730882e+00
1.451132961362600282e+00
1.465259183198213577e+00
1.470473266392946288e+00
1.473400446027517408e+00
1.485164316743612378e+00
1.480920433253049895e+00
1.499557808041572571e+00
1.501004920899867923e+00
1.492574918270111128e+00
1.484433269500732511e+00
1.487463191151618958e+00
1.489838211238384336e+00
1.480603949725627810e+00
1.463415831327438354e+00
1.461448411643505141e+00
1.454153190553188368e+00
1.437316748499870345e+00
1.429707607626915067e+00
1.423704145848751157e+00
1.429004207998514131e+00
1.435892511159181595e+00
1.436741126328706653e+00
1.426131647080183029e+00
1.427659668773412660e+00
1.421809332817792981e+00
1.423349290341138884e+00
1.419821939617395445e+00
1.431687129288911731e+00
1.438963892310857862e+00
1.443557906895875931e+00
1.446916959434747740e+00
1.453909050673246384e+00
1.452341937273740724e+00
1.458123572915792421e+00
1.455888604372739703e+00
1.463560710847377822e+00
1.471023753285408020e+00
1.468688490986824080e+00
1.461188741773366884e+00
1.462256144732236862e+00
1.469913236424326808e+00
1.471954382583498866e+00
1.462956104800105184e+00
1.465887814387679011e+00
1.460810796543955847e+00
1.457728266343474299e+00
1.466936801001429647e+00
1.479045316949486821e+00
1.485401642695069357e+00
1.491565676406025887e+00
1.492571331933140844e+00
1.492859049513935998e+00
1.489046657457947731e+00
1.497836652770638377e+00
1.499582411721348763e+00
1.506669776514172554e+00
1.509271921589970589e+00
1.516614728048443883e+00
1.517064202204346568e+00
1.531668136641383127e+00
1.530456350371241614e+00
1.522338864579796835e+00
1.524683764204382896e+00
1.511513804271817252e+00
1.507682033255696386e+00
1.508145508542656943e+00
1.514642329514026553e+00
1.515902997553348452e+00
1.512869916856288910e+00
1.505321386456489607e+00
1.484584963321685880e+00
1.485313314199447676e+00
1.468279477953910783e+00
1.469435440003871829e+00
1.459334629029035657e+00
1.448173793777823404e+00
1.432419319078326314e+00
1.420598189160227731e+00
1.405533245578408197e+00
1.393927720561623618e+00
1.395669912174344107e+00
1.393441552296280861e+00
1.412078345194458961e+00
1.414318429306149483e+00
1.408147511258721396e+00
1.403881250694394067e+00
1.395273059979081243e+00
1.393138739839196116e+00
1.401810703054070517e+00
1.415660879388451532e+00
1.413853213563561528e+00
1.419201809540390880e+00
1.422194840386509895e+00
1.410236112400889308e+00
1.403203414008021399e+00
1.393347199633717448e+00
1.397158703580498651e+00
1.395258675888180644e+00
1.390785762295126959e+00
1.392359341308474496e+00
1.385203402861952870e+00
1.367894695326685950e+00
1.356520440801978200e+00
1.361577099189162254e+00
1.365063161775469824e+00
1.368141261860728264e+00
1.366269334778189570e+00
1.365320801362395198e+00
1.363598276302218526e+00
1.363058897480368570e+00
1.363088094815611884e+00
1.354761696979403407e+00
1.367164092883467630e+00
1.372372372075915337e+00
1.388343271240592092e+00
1.391887530311942012e+00
1.395400796458125203e+00
1.386538461968302771e+00
1.394113746657967612e+00
1.418366297706961543e+00
1.430914046987891153e+00
1.433211691305041224e+00
1.434790877625346184e+00
1.436394017562270253e+00
1.436091570183634758e+00
1.432659209892153784e+00
1.415100258961319968e+00
1.406432274356484324e+00
1.399002787843346640e+00
1.392335254326462657e+00
1.382743432000279382e+00
1.384559196606278464e+00
1.378074403479695231e+00
1.376965459063649089e+00
1.374460558965802104e+00
1.362638681754469783e+00
1.363246233388781592e+00
1.357336008176207587e+00
1.357073573395609856e+00
1.352494215592741966e+00
1.352687784656882330e+00
1.368054578080773354e+00
1.371511817350983709e+00
1.377162442728877112e+00
1.365833575651049570e+00
1.364353850111365229e+00
1.371103125438094095e+00
1.367570314928889363e+00
1.373984284326434047e+00
1.389486133679747493e+00
1.406334068998694509e+00
1.408697352930903479e+00
1.404977281764149710e+00
1.408163953199982554e+00
1.416946713253855794e+00
1.432612631469964981e+00
1.430463921278715134e+00
1.433539903908968016e+00
1.441333305835723833e+00
1.433896808326244443e+00
1.420500791072845548e+00
1.414710368216037795e+00
1.405683755874633789e+00
1.390539598837494895e+00
1.388521556928753897e+00
1.393553926423191980e+00
1.397645606473088220e+00
1.404440500214696019e+00
1.405071044340729713e+00
1.402843797579407692e+00
1.408117056265473455e+00
1.406010945513844534e+00
1.402165013179182962e+00
1.411084126308560283e+00
1.428831987455487340e+00
1.448184598609805196e+00
1.444694245979189828e+00
1.458882338926196010e+00
1.461703564599156291e+00
1.469697226956486746e+00
1.475768833234906152e+00
1.488308149948716075e+00
1.504077509418130010e+00
1.505439181998372122e+00
1.503689317777752832e+00
1.507958998158574149e+00
1.512710160389542535e+00
1.502532861009240106e+00
1.493750572577118962e+00
1.489892709627747447e+00
1.490696670487523079e+00
1.492502628639340356e+00
1.484395498409867287e+00
1.469477353990078061e+00
1.458596269786357924e+00
1.454378871619701474e+00
1.452863126993179321e+00
1.451927261054515750e+00
1.442579168081283614e+00
1.421135878562927335e+00
1.400281123071908995e+00
1.385271777957677752e+00
1.391302844136953265e+00
1.380254586040973619e+00
1.382261554896831557e+00
1.382782945781946271e+00
1.397838613390922635e+00
1.400278872251510709e+00
1.394304628670215651e+00
1.401654282212257296e+00
1.402512012422084897e+00
1.403152577579021454e+00
1.395340196788311005e+00
1.388083305954933122e+00
1.383338930457830518e+00
1.383070433139800937e+00
1.369439657032489821e+00
1.378071299195289701e+00
1.379469013214111417e+00
1.378260527551174119e+00
1.376109523326158435e+00
1.366709778457880109e+00
1.371191459149122327e+00
1.367864132672548250e+00
1.372559215873479843e+00
1.376879880577325910e+00
1.376547583192586854e+00
1.371213337033986956e+00
1.362922503799200102e+00
1.371149893850088120e+00
1.386372730880975679e+00
1.393706639856099994e+00
1.408176182210445493e+00
1.403103926777839572e+00
1.414486216008663089e+00
1.417875593900680631e+00
1.432390314340591386e+00
1.438202871382236570e+00
1.438931815326213837e+00
1.450798100233078092e+00
1.448141981661319688e+00
1.452289339900016740e+00
1.457926136255264238e+00
1.471274819597601979e+00
1.471972719952464148e+00
1.467186615988612219e+00
1.448264662548899739e+00
1.432564711943268732e+00
1.420011307671666057e+00
1.415420006588101298e+00
1.403572053089737981e+00
1.396211940422654063e+00
1.399347188696265176e+00
1.404706313833594233e+00
1.401890623196959451e+00
1.389345346018671989e+00
1.401288699731230825e+00
1.406229477748274892e+00
1.415410174056887627e+00
1.404248715564608618e+00
1.411379304155707448e+00
1.404369111731648356e+00
1.392143798246979758e+00
1.384820104017853826e+00
1.374953937157988637e+00
1.379544067010283426e+00
1.377236406132578805e+00
1.370738012716174126e+00
1.376069596037268639e+00
1.383319358155131296e+00
1.386741640791296915e+00
1.398960578069090799e+00
1.399684153124689967e+00
1.412627267837524458e+00
1.406442777812480838e+00
1.408827687799930617e+00
1.404765406250953585e+00
1.417374867200851485e+00
1.437456941604614347e+00
1.451223915815353482e+00
1.467732297629118055e+00
1.478372637182474136e+00
1.474692308157682374e+00
1.492312327027320862e+00
1.491516110301017717e+00
1.509645294398069382e+00
1.503771256655454636e+00
1.508679304271936417e+00
1.524117594212293536e+00
1.516189204901456922e+00
1.526012473553419069e+00
1.532199951261282056e+00
1.545725233107805296e+00
1.544433871656656354e+00
1.548428453505039215e+00
1.547835137695074081e+00
1.557844901829958051e+00
1.548587042838335037e+00
1.550078291445970535e+00
1.540681012719869569e+00
1.550387148559093431e+00
1.563781103491783231e+00
1.558524742722511292e+00
1.557939796149730771e+00
1.553285428881645114e+00
1.553133751451969191e+00
1.559467433393001645e+00
1.566757698357105211e+00
1.580287100374698550e+00
1.565745544433593706e+00
1.545315709710121110e+00
1.537442375719547227e+00
1.528886988759040833e+00
1.532886676490306854e+00
1.523242367804050534e+00
1.516792362928390592e+00
1.510978366434574172e+00
1.509481246769428298e+00
1.504479655623435885e+00
1.507172742485999972e+00
1.519169285893440247e+00
1.513591323792934373e+00
1.512502647936344147e+00
1.526761591434478760e+00
1.517858476936817080e+00
1.522423566877841861e+00
1.536716377735138028e+00
1.540114962309598878e+00
1.545693143457174346e+00
1.553405892103910446e+00
1.564289427548646971e+00
1.572015056759119123e+00
1.579061726480722516e+00
1.583381346613168761e+00
1.575638922303915113e+00
1.570519033819437027e+00
1.562772341817617372e+00
1.566167231649160385e+00
1.562972617894410998e+00
1.574522138386964754e+00
1.561255573481321379e+00
1.566017849743366330e+00
1.579870140552520841e+00
1.584788955748081207e+00
1.604372455924749419e+00
1.599111212044954211e+00
1.610146143287420228e+00
1.631924965232610658e+00
1.629312900453805835e+00
1.629298996180295944e+00
1.631245606392621950e+00
1.618676378577947661e+00
1.618291185051202730e+00
1.621210537105798766e+00
1.621566971391439349e+00
1.611821926385164305e+00
1.599851290136575788e+00
1.587545225769281476e+00
1.572750610858201892e+00
1.562359894067049115e+00
1.562847908586263657e+00
1.557743114978074939e+00
1.548145391792058900e+00
1.535354690998792737e+00
1.538046012073755353e+00
1.530587089806795031e+00
1.539022012799978301e+00
1.546607495099306062e+00
1.548469073325395629e+00
1.545687519758939699e+00
1.534545526653528169e+00
1.529031961411237761e+00
1.519832281023263842e+00
1.538195962458849042e+00
1.537177117913961499e+00
1.550544546544551761e+00
1.550458091497421309e+00
1.555057235062122345e+00
1.554201127588748843e+00
1.569191899895667985e+00
1.565677651762962252e+00
1.570246951282024295e+00
1.576882210373878435e+00
1.578617879748344333e+00
1.574849303811788559e+00
1.572424607723951429e+00
1.565721108764410063e+00
1.567573995143175081e+00
1.561325242370366961e+00
1.579413802176713899e+00
1.590315993875265121e+00
1.602717388421297073e+00
1.614076658338308379e+00
1.635441293567418963e+00
1.654259385913610547e+00
1.676235536485910504e+00
1.690460359305143268e+00
1.692057592421770007e+00
1.700273030251264528e+00
1.709458266943693072e+00
1.724322267621755556e+00
1.741598903387785002e+00
1.750152132660150572e+00
1.737359478324651763e+00
1.752875529974698976e+00
1.758260927349329039e+00
1.760009638220071837e+00
1.772455117851495787e+00
1.782067053765058473e+00
1.789626147598028183e+00
1.794512554258108183e+00
1.792420994490385056e+00
1.796568586677312895e+00
1.797571729868650436e+00
1.800278224796056703e+00
1.812027677148580596e+00
1.817923180013895079e+00
1.798823658376932144e+00
1.794657916575670198e+00
1.787441555410623550e+00
1.790611330419778824e+00
1.793069992214441299e+00
1.788983357697725207e+00
1.782356099039316133e+00
1.766110274940729141e+00
1.764169961959123567e+00
1.751978222280740738e+00
1.746378060430288315e+00
1.758164108544588045e+00
1.764533380419015973e+00
1.761880456656217619e+00
1.770409875363111452e+00
1.768676770478486926e+00
1.760832112282514572e+00
1.763232382386922925e+00
1.776214086264371828e+00
1.788049978762864978e+00
1.806843181699514300e+00
1.816665851324796632e+00
1.821350451558828354e+00
1.811212255060672849e+00
1.809541326016187668e+00
1.819604609161615372e+00
1.825160885602235883e+00
1.817020215839147523e+00
1.809887752681970552e+00
1.806635857373475984e+00
1.796706222742795900e+00
1.785475886613130614e+00
1.787546440213918730e+00
1.796795316785573915e+00
1.818513587862253145e+00
1.832127175480127379e+00
1.837840647250413850e+00
1.846292708069086075e+00
1.839056807011365979e+00
1.837574081867933362e+00
1.843739099055528685e+00
1.852381020039320036e+00
1.859394287317991168e+00
1.874904633313417390e+00
1.883472571521997541e+00
1.899695029109716327e+00
1.907481793314218521e+00
1.917850048840045840e+00
1.917996433377265886e+00
1.916274179518222764e+00
1.916509453952312425e+00
1.919148419797420457e+00
1.909283158183097795e+00
1.912862701714038938e+00
1.894084401428699493e+00
1.876329672336578325e+00
1.853180317580700009e+00
1.828329755365848630e+00
1.805852445960044905e+00
1.793686661124229476e+00
1.783982543647289365e+00
1.771184783428907394e+00
1.746893472224473998e+00
1.723159896582365125e+00
1.707919608801603317e+00
1.692422430962324142e+00
1.684997782856225923e+00
1.670646226406097501e+00
1.670157065987587064e+00
1.665481950342655226e+00
1.652631846070289567e+00
1.635302536189556122e+00
1.616087204217910855e+00
1.610837756097316831e+00
1.601940415054559752e+00
1.592639816552400500e+00
1.584289265424013049e+00
1.584107168763875917e+00
1.570966146886348724e+00
1.574662327766418457e+00
1.578354312479496091e+00
1.574944335222244307e+00
1.578297214210033328e+00
1.588680031895637557e+00
1.593043039739131972e+00
1.592100788652896837e+00
1.593222530186176211e+00
1.599979910254478499e+00
1.600680235028266951e+00
1.598571102321147963e+00
1.601331093907356173e+00
1.587387153506278903e+00
1.574682308733463376e+00
1.570255851745605558e+00
1.574719533324241638e+00
1.576952664554119199e+00
1.591412559151649475e+00
1.601539131999015764e+00
1.607728511095046997e+00
1.616592553257942155e+00
1.614304864406585605e+00
1.615487018227577121e+00
1.617789281904697507e+00
1.629926457256078765e+00
1.640653045475482852e+00
1.648122909665107771e+00
1.651965439319610596e+00
1.659682974219322205e+00
1.659621706604957669e+00
1.663243311643600508e+00
1.672091941535472914e+00
1.673156234622001692e+00
1.669610867649316877e+00
1.656115736067295119e+00
1.626855915784835904e+00
1.612472005188465118e+00
1.594822905957698822e+00
1.594791442155838013e+00
1.585774778574705168e+00
1.581908329576253935e+00
1.578459464758634523e+00
1.565447226911783174e+00
1.553120253235101611e+00
1.549104539304971606e+00
1.537827710062265485e+00
1.531890202313661575e+00
1.528198362141847566e+00
1.524401401728391559e+00
1.518288747966289431e+00
1.526250006258487613e+00
1.529683184623718217e+00
1.536359743773937137e+00
1.533282701671123460e+00
1.518870201706886247e+00
1.511848177760839462e+00
1.516261649876832873e+00
1.520060124248266309e+00
1.528949514776468233e+00
1.535217372328042895e+00
1.529024187475442886e+00
1.530434570461511656e+00
1.529228170961141497e+00
1.538264975696802095e+00
1.545103219896554858e+00
1.553223059326410249e+00
1.568521133810281798e+00
1.588716957718133926e+00
1.602902711927890689e+00
1.605434609949588864e+00
1.615651792287826627e+00
1.643429087102413089e+00
1.661405429244041443e+00
1.685021413862705320e+00
1.692507138848304837e+00
1.711243773251772016e+00
1.712086997181177184e+00
1.716234964877366931e+00
1.725212783366441682e+00
1.747864286601543471e+00
1.753550915420055478e+00
1.759984317421913191e+00
1.773146598041057675e+00
1.774594230949878781e+00
1.776042990386486053e+00
1.771891336143016860e+00
1.776562629640102475e+00
1.780472218990325928e+00
1.785704664885997772e+00
1.782212525606155396e+00
1.783095587790012315e+00
1.767796936631202742e+00
1.771283596754074097e+00
1.777751836180686995e+00
1.779734279215335890e+00
1.767992378771304995e+00
1.762968768179416612e+00
1.747960931807756468e+00
1.732949391752481416e+00
1.718127814680337817e+00
1.699688752740621478e+00
1.682041809707879976e+00
1.675903765112161548e+00
1.676168762892484621e+00
1.680474097281694501e+00
1.680362748354673474e+00
1.661127830296754926e+00
1.647796492278575942e+00
1.636737218499183744e+00
1.647118967771530107e+00
1.638056139647960707e+00
1.630899237096309573e+00
1.625158256292343228e+00
1.632568562775850385e+00
1.641593052446842282e+00
1.651376639306545213e+00
1.646162687242031186e+00
1.653891783952712968e+00
1.653635662794113115e+00
1.660870998352766081e+00
1.665305884927511304e+00
1.662702355533838272e+00
1.667845860868692354e+00
1.660400994867086366e+00
1.642852231115102812e+00
1.642408070713281543e+00
1.636061393469572023e+00
1.648301810771226839e+00
1.662153645604848906e+00
1.694430893659591764e+00
1.715189906954765364e+00
1.731174457073211714e+00
1.741008865833282515e+00
1.762106136977672488e+00
1.805758404731750533e+00
1.844345650821924254e+00
1.886454126983881041e+00
1.900831196457147598e+00
1.907268574088811786e+00
1.917114145308733031e+00
1.932057369500398636e+00
1.955659014731645495e+00
1.975441965460777327e+00
1.981865872442722276e+00
1.993200284242629960e+00
2.000176373124122442e+00
1.995029529929161161e+00
1.973601522296667188e+00
1.977183332294225604e+00
1.977816637605428696e+00
1.983359121531248048e+00
1.967948058992624372e+00
1.961054854840040163e+00
1.939883015304803893e+00
1.919128835946321443e+00
1.917421574145555585e+00
1.911217017471790403e+00
1.905693948268890381e+00
1.892927108705043882e+00
1.867387304455041974e+00
1.843814083188772157e+00
1.827337832748889834e+00
1.814544260501861572e+00
1.810895018279552460e+00
1.806432376801967665e+00
1.814806583523750350e+00
1.806921650469303087e+00
1.810726267099380449e+00
1.809852491319179579e+00
1.806364302337169603e+00
1.808315335214138120e+00
1.821202811598777727e+00
1.830095285177230746e+00
1.827452841401100203e+00
1.831577663123607591e+00
1.841182057559490159e+00
1.851359559595584958e+00
1.863686912506818727e+00
1.870508547872304916e+00
1.883874776214361280e+00
1.890246903151273639e+00
1.908282578736543611e+00
1.896573331952094987e+00
1.882384516298770905e+00
1.869135773181915372e+00
1.863528634607791945e+00
1.877453964948654130e+00
1.887058173865079791e+00
1.897846738249063581e+00
1.898686396330595105e+00
1.907390273362398192e+00
1.909930034726858183e+00
1.914952064305543988e+00
1.930917545408010527e+00
1.940800999850034625e+00
1.951044783741235689e+00
1.966900923103094057e+00
1.973719469457864806e+00
1.971498081833124250e+00
1.985711475461721331e+00
2.004349366575479685e+00
2.015778201073408216e+00
2.028284347802400411e+00
2.048319178074598401e+00
2.069546019285917193e+00
2.072009483724832624e+00
2.069067359715700327e+00
2.065808612853288651e+00
2.059046769887209027e+00
2.044951067119836985e+00
2.023599038273096173e+00
2.001762453466653824e+00
1.995876625925302461e+00
1.978376542776822955e+00
1.937412632256746203e+00
1.911616592854261443e+00
1.881810461729764850e+00
1.866638756543397948e+00
1.861510465294122785e+00
1.842233250290155500e+00
1.831041707843542143e+00
1.812381095439195677e+00
1.803623201698064893e+00
1.798858755081891969e+00
1.785487978905439421e+00
1.770021478086710065e+00
1.758663570135831744e+00
1.778554317355155900e+00
1.777112725377082869e+00
1.769276669621467679e+00
1.751287718862295062e+00
1.749100872129201845e+00
1.746802783757448241e+00
1.751447131484746844e+00
1.770839052647352307e+00
1.769987370818853378e+00
1.783277317881584167e+00
1.784099058806896121e+00
1.777660474926233247e+00
1.786314633488655046e+00
1.797286921739578158e+00
1.813798741251230195e+00
1.829315587133169219e+00
1.833469837158918425e+00
1.833487983793020248e+00
1.824539314955472946e+00
1.826880905777215958e+00
1.818973820656538010e+00
1.808096235245466143e+00
1.812575279921293303e+00
1.823893623799085706e+00
1.818903357535600618e+00
1.807769676297902972e+00
1.809688364714383990e+00
1.816022901982069060e+00
1.814441978186368987e+00
1.813039708882570267e+00
1.824210426956415221e+00
1.854686055332422256e+00
1.860042855888605073e+00
1.894003542512655347e+00
1.901479908078908876e+00
1.922243249416351274e+00
1.944311825931072324e+00
1.966530567407608121e+00
1.986355032026767775e+00
1.998240555822849318e+00
2.018584673106670557e+00
2.025483353435993283e+00
2.039640329778194427e+00
2.048405683040618985e+00
2.056889979541301816e+00
2.062076483666896998e+00
2.048262773454189389e+00
2.051150180399417877e+00
2.041543565690517426e+00
2.051122002303600311e+00
2.051333524286746979e+00
2.053414689004421145e+00
2.031691163778305054e+00
2.009977230429649264e+00
1.992089058458805129e+00
1.970982377231121019e+00
1.961107708513736725e+00
1.947128707170486361e+00
1.946608342230319977e+00
1.943486857414245650e+00
1.930974374711513564e+00
1.931485770642757505e+00
1.928936262428760484e+00
1.917147235572338015e+00
1.929263840615749404e+00
1.932377786934375674e+00
1.937701746821403503e+00
1.956770558655261949e+00
1.956849089264869779e+00
1.953596104681491807e+00
1.964779347181320190e+00
1.969488349556922868e+00
1.985734403133392334e+00
2.002680502831935883e+00
2.012480741739273160e+00
2.028695239126682370e+00
2.042009168863296420e+00
2.054654696583747775e+00
2.070554174482822418e+00
2.092808353900909246e+00
2.100612452626228421e+00
2.108125200867652982e+00
2.116086584329605280e+00
2.140202868729829788e+00
2.136258267611265360e+00
2.151348244398832321e+00
2.154317084699869156e+00
2.158635095506906687e+00
2.156311590224504471e+00
2.160495009273290634e+00
2.175858249515294940e+00
2.187747675180435003e+00
2.194667972624301910e+00
2.204653665423393250e+00
2.218580779433250605e+00
2.226705208420753479e+00
2.245228287577629267e+00
2.260826286673546015e+00
2.275762608647346585e+00
2.284901973605156122e+00
2.306449042260646731e+00
2.316130045056342901e+00
2.319897276163101374e+00
2.321989288926124662e+00
2.334456028044223697e+00
2.347909516096115201e+00
2.359806625545024961e+00
2.360859899222850888e+00
2.358933821320533752e+00
2.365948972105980097e+00
2.350885660946369082e+00
2.319260691106319605e+00
2.309193605184554965e+00
2.275928381085395635e+00
2.257204224169254481e+00
2.246773034334182739e+00
2.240315754711628138e+00
2.227108490467071711e+00
2.216719299554824829e+00
2.195907607674598694e+00
2.167384625971317202e+00
2.157157634198665797e+00
2.134242397546768366e+00
2.125182792544364929e+00
2.117212077975273221e+00
2.119205689430236905e+00
2.126245507597923190e+00
2.118080240488052546e+00
2.125970616936683655e+00
2.114881509542465121e+00
2.110884374380111783e+00
2.111428470909595401e+00
2.130951285362243652e+00
2.139953778684139163e+00
2.162097078561783015e+00
2.174277648329734802e+00
2.183774700760841458e+00
2.184934356808662326e+00
2.176656609773635953e+00
2.181707447767257779e+00
2.198231633007526220e+00
2.200212833285331904e+00
2.216278696060180575e+00
2.243722018599510371e+00
2.246513015031814664e+00
2.235242180526256561e+00
2.225838954746722997e+00
2.221942983567714691e+00
2.233984495699405493e+00
2.238092631101608276e+00
2.238621294498443604e+00
2.259898164868354709e+00
2.276956674456596552e+00
2.300482255220413386e+00
2.327007678151130854e+00
2.348778384923934759e+00
2.371613064408302218e+00
2.399434295296669184e+00
2.413795524835586459e+00
2.410576814413070590e+00
2.400846159458160489e+00
2.408237022161483942e+00
2.413330078125000000e+00
2.410703250765800387e+00
2.431060990691185086e+00
2.433729052543640137e+00
2.444503520429134547e+00
2.440437667071819305e+00
2.459027336537837893e+00
2.464911623299121946e+00
2.458985908329486936e+00
2.465552097558975309e+00
2.472787132859230130e+00
2.464804938435554593e+00
2.439496429264545352e+00
2.421403083205222906e+00
2.393357549607753931e+00
2.368409043550491422e+00
2.356952857971191584e+00
2.348474824428558261e+00
2.335450768470764160e+00
2.331459471583366305e+00
2.334496584534645258e+00
2.333617791533470154e+00
2.337504842877387912e+00
2.340149819850921631e+00
2.334203726053238004e+00
2.330335077643394648e+00
2.341622312366962610e+00
2.340828721225261866e+00
2.346977669000625433e+00
2.350746187567710699e+00
2.363626019656658084e+00
2.381173135340213687e+00
2.397851860523223966e+00
2.402372366189956754e+00
2.403918446600437075e+00
2.415969461202621460e+00
2.418008053302764804e+00
2.436286276578903287e+00
2.454687465727329432e+00
2.461300204694270910e+00
2.467543716728687109e+00
2.474808694422244937e+00
2.473418918251991450e+00
2.460439410805702387e+00
2.455453304946422666e+00
2.466766281425953000e+00
2.465115188062191098e+00
2.462625776231289088e+00
2.470624087750911801e+00
2.485831524431705297e+00
2.496065606176853358e+00
2.513117724657058627e+00
2.519291347265243619e+00
2.539389660954475492e+00
2.565859857201576055e+00
2.580142299830913366e+00
2.605840280652046204e+00
2.616466069221496493e+00
2.622976291179656805e+00
2.627681495249271304e+00
2.618176163733005435e+00
2.612689183652400882e+00
2.608980546891689123e+00
2.616892430186271490e+00
2.626919132471084772e+00
2.614619310200214208e+00
2.612441439926624476e+00
2.616564138233661740e+00
2.614081515371799558e+00
2.586663529276847839e+00
2.580918934941291987e+00
2.549189788103103815e+00
2.512527751922607244e+00
2.478107887506484808e+00
2.450123161077499390e+00
2.413692049682140350e+00
2.384191407263279050e+00
2.375729937851429163e+00
2.371511574089526952e+00
2.341099745035171598e+00
2.328106279671191992e+00
2.319322572648525149e+00
2.319626112282276331e+00
2.313739256560802371e+00
2.320038579404354095e+00
2.318433277308940887e+00
2.306733916699886144e+00
2.305803643167018802e+00
2.317560209333896726e+00
2.311094224452972412e+00
2.304183457791805445e+00
2.315387405455112457e+00
2.333012339472770869e+00
2.348558972775935949e+00
2.360389155149460017e+00
2.379087172448635101e+00
2.381832809746265323e+00
2.391828392446041285e+00
2.403628696501255213e+00
2.425695718824863345e+00
2.430529268085956485e+00
2.436555419862270533e+00
2.426816630363464178e+00
2.427559021115302862e+00
2.436834204196929754e+00
2.456127646565437139e+00
2.460675248503684909e+00
2.472517451643943875e+00
2.485735005140304654e+00
2.501242431998252691e+00
2.506793686747550876e+00
2.504184857010841370e+00
2.514703336358070196e+00
2.532467685639858246e+00
2.545133076608181000e+00
2.559456752240657718e+00
2.567042063176631750e+00
2.564807333052158356e+00
2.571108861267566770e+00
2.580556370317935944e+00
2.605672889947891147e+00
2.625840035080909907e+00
2.650641639530658900e+00
2.678137712180614471e+00
2.689448392391204923e+00
2.688062742352485657e+00
2.699419233202934088e+00
2.708597761392593561e+00
2.713122519850730718e+00
2.701084220409393222e+00
2.692432370781898676e+00
2.671065607666969210e+00
2.641479581594467163e+00
2.623868560791015714e+00
2.588047833740711123e+00
2.576579916477203192e+00
2.561783143877983004e+00
2.551845888793468298e+00
2.540338395535945981e+00
2.540930084884166718e+00
2.539539580047130762e+00
2.532701645791530787e+00
2.522168977558612912e+00
2.524863694608211695e+00
2.522934459149837494e+00
2.527385002374649137e+00
2.515761002898216248e+00
2.513651636242866694e+00
2.507015576958656400e+00
2.512369064986705869e+00
2.490415841341018677e+00
2.496412923932075589e+00
2.507856452465057284e+00
2.512491899728774847e+00
2.506872233748436152e+00
2.510369820892810910e+00
2.524557898938655676e+00
2.522891624271869748e+00
2.528062833845615476e+00
2.549501731991767883e+00
2.553196987509727567e+00
2.559798416495323359e+00
2.547669553756713778e+00
2.555329763889312655e+00
2.550706303119659513e+00
2.569519630074501126e+00
2.588248264789581476e+00
2.601892560720443726e+00
2.627955126762389959e+00
2.660774178802967072e+00
2.689392057061195551e+00
2.713339552283287048e+00
2.741553664207458496e+00
2.767319741845130743e+00
2.809027171134948819e+00
2.831711032986640841e+00
2.862252497673034579e+00
2.883289793133735568e+00
2.893255117535590948e+00
2.903765305876731873e+00
2.925364413857459933e+00
2.946795842051506131e+00
2.969667817652225317e+00
2.981659285724163055e+00
2.970796127617359339e+00
2.945040068030357450e+00
2.936295431852340876e+00
2.927967876195907593e+00
2.921680799126625150e+00
2.920765179395675482e+00
2.913196575641632258e+00
2.908405455946922125e+00
2.887907797098159701e+00
2.868978516757488162e+00
2.871674893796444028e+00
2.849659933149814695e+00
2.841600315272807986e+00
2.846746556460857391e+00
2.841789309680462061e+00
2.827214340865611852e+00
2.813289262354373932e+00
2.797125633060931982e+00
2.788374026119709193e+00
2.779638074338436127e+00
2.788568891584873199e+00
2.788198228180408300e+00
2.781959734857082367e+00
2.783791188895702540e+00
2.780136699974536718e+00
2.787125386297702789e+00
2.802506740391254247e+00
2.824224282801151453e+00
2.860785807669162573e+00
2.885792522132396787e+00
2.910067000985145480e+00
2.925145669281482785e+00
2.938910521566867828e+00
2.954969772696494967e+00
2.967699417471885592e+00
2.967759749293327420e+00
2.965590369701385676e+00
2.961857697367668241e+00
2.963669244945049464e+00
2.972669158875942408e+00
2.990358786284923465e+00
3.003523217141628177e+00
3.034372864663601010e+00
3.058887638151645660e+00
3.086905221641063513e+00
3.117238135635852725e+00
3.155190637707710355e+00
3.176325389742851169e+00
3.208837449550628662e+00
3.248193681240081787e+00
3.289956882596015930e+00
3.318788045644760043e+00
3.339714050292968750e+00
3.370991626381873996e+00
3.398997777700424106e+00
3.425665405392646967e+00
3.454822276532650172e+00
3.478358291089534760e+00
3.513939370214939295e+00
3.533366955816745758e+00
3.555180014669895083e+00
3.561694560945034116e+00
3.561319427192211062e+00
3.571065793931484045e+00
3.558681224286556422e+00
3.561403284966945471e+00
3.565564648807048709e+00
3.563339667022228152e+00
3.544542331993580042e+00
3.527527101337909698e+00
3.488783492147922605e+00
3.462108813226222992e+00
3.444459973275661557e+00
3.437474147975444705e+00
3.422888712584972293e+00
3.402389664947986780e+00
3.379222480952739804e+00
3.351445366442203699e+00
3.327819465100765317e+00
3.310484926402568640e+00
3.313371746242046445e+00
3.331882184743881314e+00
3.350436249375343234e+00
3.359705042839050471e+00
3.355958276987075717e+00
3.359437426924705594e+00
3.351517605781554998e+00
3.370934072136878790e+00
3.405578500032425016e+00
3.441733293235301971e+00
3.454180701076984494e+00
3.481005392968654633e+00
3.512268237769603729e+00
3.530103738605975927e+00
3.532491715252399356e+00
3.553603281080722986e+00
3.566134111583232791e+00
3.568464882671833038e+00
3.574043463170528234e+00
3.580025978386402130e+00
3.565485306084156036e+00
3.575019417703151792e+00
3.580118660628795801e+00
3.595748920738697230e+00
3.605980198085307897e+00
3.619980229437351316e+00
3.642011453211307703e+00
3.655634348094463526e+00
3.668214197456836523e+00
3.685817213356494815e+00
3.708330972492694944e+00
3.747235985100269229e+00
3.764151190221309840e+00
3.781745789945125669e+00
3.788553683459758847e+00
3.802091352641582489e+00
3.828761141002178015e+00
3.867397506535053431e+00
3.905462044477462591e+00
3.910552325844764532e+00
3.927575051784515381e+00
3.945603281259536743e+00
3.938335999846458435e+00
3.934414544701576144e+00
3.926411402225494562e+00
3.904792031645774930e+00
3.893476322293281555e+00
3.879870709776878535e+00
3.866135272383689703e+00
3.835574263334274203e+00
3.822350400686263860e+00
3.806422069668769836e+00
3.799031338095665067e+00
3.786879605054855435e+00
3.773313057422638117e+00
3.746983891725540250e+00
3.728393438458442510e+00
3.709101366996764959e+00
3.687425205111503512e+00
3.670258364081382840e+00
3.648738956451416104e+00
3.639778298139572321e+00
3.646236005425453008e+00
3.628053700923919767e+00
3.625840067863464355e+00
3.602664130926132025e+00
3.583699327707290827e+00
3.572286596894264310e+00
3.575524768233299344e+00
3.573447084426879972e+00
3.590056782960891812e+00
3.601667413115501315e+00
3.605134168267249972e+00
3.604909536242485224e+00
3.612561559677124112e+00
3.619468685984611689e+00
3.633964800834655673e+00
3.649987927079200833e+00
3.671098828315734863e+00
3.692836600542068304e+00
3.710659518837928772e+00
3.715897387266159146e+00
3.695055589079856873e+00
3.690765297412872403e+00
3.706831926107406527e+00
3.713354721665382385e+00
3.727237191796302973e+00
3.745878791809082120e+00
3.751867556571960360e+00
3.757822328805923373e+00
3.776445817947387873e+00
3.795456570386886774e+00
3.810659122467041193e+00
3.827886706590652555e+00
3.867230093479156583e+00
3.887999472022056757e+00
3.911154273152351202e+00
3.937848401069641291e+00
3.949904111027717768e+00
3.968466648459434420e+00
4.009774917364120839e+00
4.019758203625679371e+00
4.024673131108284174e+00
4.031693395972252070e+00
4.041675618290900829e+00
4.032181271910667775e+00
4.016095677018165944e+00
4.013781014084815801e+00
3.995001465082168579e+00
3.982980978488922297e+00
3.963496226072311224e+00
3.932074457406997681e+00
3.900203877687454135e+00
3.881751435995101751e+00
3.870655190944671808e+00
3.861976882815361112e+00
3.852368569374084561e+00
3.829188457131385892e+00
3.806213426589965643e+00
3.793587732315063299e+00
3.773174726963043124e+00
3.765247702598571777e+00
3.764321818947792053e+00
3.772180417180061252e+00
3.785395035147666842e+00
3.799240201711654663e+00
3.791596537828445523e+00
3.788932320475578486e+00
3.777755689620971857e+00
3.788514095544814886e+00
3.782799535989761264e+00
3.793396541476249606e+00
3.797534441947937101e+00
3.797378903627395719e+00
3.792760998010635376e+00
3.797211295366287320e+00
3.803637820482253851e+00
3.817742070555687040e+00
3.838707494735717596e+00
3.859997075796127497e+00
3.872476148605346502e+00
3.884303355216979892e+00
3.877761441469192327e+00
3.895987835526466547e+00
3.902745160460471929e+00
3.926187029480934232e+00
3.932308909296989619e+00
3.946714085340500056e+00
3.962648358941078364e+00
3.979376465082168579e+00
3.998648577928543002e+00
4.020397031307220814e+00
4.048651725053787231e+00
4.066188234090804876e+00
4.088583859801292242e+00
4.120217606425285339e+00
4.138206455111503423e+00
4.152003672719001948e+00
4.155966430902481079e+00
4.171042126417160212e+00
4.177346476912498829e+00
4.190044152736663641e+00
4.229750952124595287e+00
4.252556136250495555e+00
4.269392743706703186e+00
4.278893294930457891e+00
4.295215916633606135e+00
4.296420317888260065e+00
4.288242733478545787e+00
4.280599355697631836e+00
4.266167068481445668e+00
4.251807194948196589e+00
4.222570395469665172e+00
4.199796530604362310e+00
4.174956819415092113e+00
4.150305172801017406e+00
4.124045106768607916e+00
4.118897131085395458e+00
4.110763624310493469e+00
4.110709729790687383e+00
4.086078071594238637e+00
4.077182042598724188e+00
4.071921041607856395e+00
4.064715194702148260e+00
4.048219174146652222e+00
4.069679972529411494e+00
4.068994763493537725e+00
4.058985346555710194e+00
4.060472455620765864e+00
4.049357956647872570e+00
4.036290162801742909e+00
4.045828205347061335e+00
4.070726984739303944e+00
4.096582603454590021e+00
4.122791275382041931e+00
4.142046675086021423e+00
4.160031884908676147e+00
4.174728551506996510e+00
4.180902376770973206e+00
4.198163917660712841e+00
4.217731449007987798e+00
4.229115822911262867e+00
4.237227663397789001e+00
4.229232403635978521e+00
4.229955378174781622e+00
4.249674388766289113e+00
4.271960380673408331e+00
4.305597037076950073e+00
4.321290966868400751e+00
4.344204992055892944e+00
4.367388010025024414e+00
4.383386272192001165e+00
4.392414459586143849e+00
4.415328645706177113e+00
4.447545629739761530e+00
4.481761300563812611e+00
4.500787934660911205e+00
4.514994671940803173e+00
4.519733169674873707e+00
4.524867311120033264e+00
4.532771593332290294e+00
4.538935297727585194e+00
4.560268712043762385e+00
4.571074241399765370e+00
4.574853116273880360e+00
4.566476553678512573e+00
4.587728905677795233e+00
4.596342867612838390e+00
4.583746337890625355e+00
4.591228604316711426e+00
4.577539598941802623e+00
4.562523233890533270e+00
4.525993895530700861e+00
4.512669622898101807e+00
4.508933264017104925e+00
4.489837104082107899e+00
4.488624155521392822e+00
4.474078437685966136e+00
4.468566602468490245e+00
4.442456963658332647e+00
4.433085468411445795e+00
4.420359331369399847e+00
4.398006895184517262e+00
4.397556737065315247e+00
4.388836643099784496e+00
4.393445983529090881e+00
4.396451440453529536e+00
4.377426588535309193e+00
4.370521262288093567e+00
4.371901330351829706e+00
4.369463858008384882e+00
4.366524252295493902e+00
4.383940860629081726e+00
4.397218781709670843e+00
4.405943131446838024e+00
4.423285424709320068e+00
4.449580878019332886e+00
4.454460680484771729e+00
4.467044705152511952e+00
4.476227247714996693e+00
4.491796877980232416e+00
4.519123128056525829e+00
4.544251450896263478e+00
4.573142969608307240e+00
4.603711748123169301e+00
4.615549731254577459e+00
4.630607032775879262e+00
4.647208777070045649e+00
4.667168095707893372e+00
4.689515572786331354e+00
4.712623053789139149e+00
4.737203359603881836e+00
4.755354630947112859e+00
4.776254618167877553e+00
4.796412593126296642e+00
4.816867744922637584e+00
4.831683754920959473e+00
4.864837729930878041e+00
4.899190279841422857e+00
4.934960731863975880e+00
4.949690434336662115e+00
4.968012067675590338e+00
5.001031544804573237e+00
5.028683897852897822e+00
5.033330431580543163e+00
5.032211914658546448e+00
5.041967782378196539e+00
5.027003684639931080e+00
5.041182711720466614e+00
5.032061031460761669e+00
5.025467142462730408e+00
5.011663141846656622e+00
4.999228483438491466e+00
4.999855035543442128e+00
4.995632910728454945e+00
4.989794141054153087e+00
4.985122168064117787e+00
4.973118913173675715e+00
4.962213999032973888e+00
4.952406328916549860e+00
4.949133211374283192e+00
4.934330353140831349e+00
4.913684979081153870e+00
4.885478082299232305e+00
4.874689435958861949e+00
4.882821440696716309e+00
4.874840325117110851e+00
4.878888392448425648e+00
4.907670193910599110e+00
4.919846260547638295e+00
4.946094489097594860e+00
4.968163841962814686e+00
5.010668450593948720e+00
5.042880910634994329e+00
5.065329778194427313e+00
5.096999138593673706e+00
5.103960919380187811e+00
5.138514503836631775e+00
5.171887832880019964e+00
5.199005559086799622e+00
5.224621793627738597e+00
5.265617489814758301e+00
5.290923771262169062e+00
5.313687619566917597e+00
5.345972910523414612e+00
5.366320243477820995e+00
5.392066451907157720e+00
5.421264147758483531e+00
5.455518838763237177e+00
5.482153877615928650e+00
5.497085031867027460e+00
5.496846398711204174e+00
5.491794595122337697e+00
5.498746940493584034e+00
5.504044023156166254e+00
5.519454875588417408e+00
5.521180680394172313e+00
5.530901268124580383e+00
5.542407152056694208e+00
5.550854745507240118e+00
5.566012957692146657e+00
5.571678766608238575e+00
5.585585352778434931e+00
5.582435849308967413e+00
5.599377068877219976e+00
5.591691580414772211e+00
5.585721096396445873e+00
5.581238225102424622e+00
5.582515677809714916e+00
5.575767692923546015e+00
5.571456614136695684e+00
5.538187316060065868e+00
5.526459065079689204e+00
5.493245688080787836e+00
5.468502214550971630e+00
5.458837226033210754e+00
5.436628058552742004e+00
5.401963022351265131e+00
5.394245836138725103e+00
5.362045481801033020e+00
5.348264905810355963e+00
5.329068723320960821e+00
5.320279291272163036e+00
5.322358390688895824e+00
5.334442546963691356e+00
5.335464695096016285e+00
5.330565211176872431e+00
5.358907696604728876e+00
5.366135385632515131e+00
5.391402360796928583e+00
5.428678795695304871e+00
5.468460389971733449e+00
5.508994358777999700e+00
5.538674402236938299e+00
5.562718409299850286e+00
5.598901045322418391e+00
5.629348272085190175e+00
5.679247814416885198e+00
5.727361345291138051e+00
5.753933024406433283e+00
5.802943032979965388e+00
5.851334080100059509e+00
5.893851402401923956e+00
5.944590404629707336e+00
5.994077587127685902e+00
6.040941345691680731e+00
6.076522064208984553e+00
6.090793836116790594e+00
6.100907778739928844e+00
6.112822806835174205e+00
6.118966406583785655e+00
6.139629453420639038e+00
6.154266744852066040e+00
6.175568306446075795e+00
6.187229394912719727e+00
6.192933654785155895e+00
6.216260427236557362e+00
6.226756513118743896e+00
6.236079514026641846e+00
6.243013453483581721e+00
6.257234597206116078e+00
6.245244133472442449e+00
6.240038758516311290e+00
6.231669437885284601e+00
6.213608717918395641e+00
6.181309399008751093e+00
6.161147162318229675e+00
6.154061201214790167e+00
6.135362693667412159e+00
6.109150770306587042e+00
6.104302808642387390e+00
6.110994032025336864e+00
6.120169171690941212e+00
6.123726883530617116e+00
6.127495458722114208e+00
6.122358700633048656e+00
6.122625026106834234e+00
6.108405080437660395e+00
6.098168066143989208e+00
6.083994051814078929e+00
6.086410322785377858e+00
6.089019730687141418e+00
6.096223613619804027e+00
6.109869876503944752e+00
6.116609844565391363e+00
6.139757803082465770e+00
6.168861451745033087e+00
6.203847244381904602e+00
6.223363438248634694e+00
6.248217800259590504e+00
6.271365246176719310e+00
6.305171331763267162e+00
6.332167652249336420e+00
6.368679794669151129e+00
6.389259573817253290e+00
6.396544232964515686e+00
6.429232844710350392e+00
6.470422390103339971e+00
6.486883255839347662e+00
6.538722607493400396e+00
6.577648708224296925e+00
6.621217283606529058e+00
6.651817539334297535e+00
6.671143582463264110e+00
6.688759538531303228e+00
6.712041851878166376e+00
6.738736549019813893e+00
6.733918765187263844e+00
6.737694945931434809e+00
6.730092188715934398e+00
6.721857026219367981e+00
6.714847406744956615e+00
6.726071235537529169e+00
6.731219038367271423e+00
6.744614085555076244e+00
6.760171660780907033e+00
6.796016749739647089e+00
6.811823651194572449e+00
6.824411591887473705e+00
6.845206227898597895e+00
6.851866748929023920e+00
6.852339664101601002e+00
6.858368471264839172e+00
6.840407291054726002e+00
6.820247784256935120e+00
6.788232830166816889e+00
6.771957561373710632e+00
6.757757392525673090e+00
6.749520501494407299e+00
6.734138277173042475e+00
6.717667582631110967e+00
6.704017624258995056e+00
6.695063039660453796e+00
6.667865821719169972e+00
6.654694733023643671e+00
6.648266354203224537e+00
6.631244531273841503e+00
6.618902102112770081e+00
6.605383339524268926e+00
6.604141309857368469e+00
6.590692767500877736e+00
6.611887970566749928e+00
6.621332076191902338e+00
6.631121197342872975e+00
6.669773259758949635e+00
6.721390974521637141e+00
6.777515536546706798e+00
6.823056566715240301e+00
6.869963556528091431e+00
6.918667674064636230e+00
6.955603271722793579e+00
6.998270547389983776e+00
7.032289254665374578e+00
7.063968092203140259e+00
7.095652890205383478e+00
7.121431612968445179e+00
7.142548304796219050e+00
7.182627642154693959e+00
7.204067248106002630e+00
7.232063299417495372e+00
7.249040669202804210e+00
7.269363617897033336e+00
7.277755486965179266e+00
7.281032419204711559e+00
7.269070714712142944e+00
7.268276673555374323e+00
7.259740912914276478e+00
7.261635708808898748e+00
7.251536506414413275e+00
7.247800505161285045e+00
7.250648051500320435e+00
7.240910339355468572e+00
7.250520944595336914e+00
7.250541490316391169e+00
7.272435700893401744e+00
7.297912627458572388e+00
7.304492729902267278e+00
7.322574937343597767e+00
7.341352069377899525e+00
7.366152989864349188e+00
7.388756096363067627e+00
7.420064425468444469e+00
7.436486959457397461e+00
7.462814950942993519e+00
7.492349696159362971e+00
7.497815936803817749e+00
7.506897628307342529e+00
7.519070136547088445e+00
7.528108090162277222e+00
7.522788596153259455e+00
7.515560728311538874e+00
7.511584967374801636e+00
7.483593851327896118e+00
7.455866217613220215e+00
7.409322923421859386e+00
7.351004064083099365e+00
7.296715223789215443e+00
7.244308233261108398e+00
7.213078767061233521e+00
7.201544082164764049e+00
7.172396290302276434e+00
7.180578261613845825e+00
7.166422903537750244e+00
7.173747396469115856e+00
7.170669680833816173e+00
7.162168371677398504e+00
7.161004197597503840e+00
7.172104215621947887e+00
7.169236898422241211e+00
7.173256826400757014e+00
7.190090477466583252e+00
7.203104931116103948e+00
7.212902563810348333e+00
7.227606731653213323e+00
7.241758054494857433e+00
7.252806669473647716e+00
7.276340818405151012e+00
7.313652706146240412e+00
7.344682896137237904e+00
7.377954530715942205e+00
7.410814517736435292e+00
7.396375685930252075e+00
7.405858647823333918e+00
7.395408439636230291e+00
7.375853782892226818e+00
7.355029726028442738e+00
7.325942105054854991e+00
7.303830158710479914e+00
7.287416756153106689e+00
7.279724478721618652e+00
7.270900756120681763e+00
7.264875644445419667e+00
7.262501960992812755e+00
7.266222411394119618e+00
7.265658599138260065e+00
7.266720461845397772e+00
7.260901904106139781e+00
7.249340397119522272e+00
7.258449238538742243e+00
7.265862852334976196e+00
7.274773204326629994e+00
7.290727293491363170e+00
7.311806267499923351e+00
7.351570522785186412e+00
7.381797140836715343e+00
7.400564682483673273e+00
7.443183279037475231e+00
7.455711132287978771e+00
7.486518311500549139e+00
7.507142829895019354e+00
7.522508025169372559e+00
7.539013868570327404e+00
7.542931270599365412e+00
7.530850470066070557e+00
7.512727981805801036e+00
7.508843499422073187e+00
7.511060941219329656e+00
7.492758798599242986e+00
7.477946215867996571e+00
7.428874778747558416e+00
7.391249978542328236e+00
7.342557859420776545e+00
7.295416986942290904e+00
7.267879980802535833e+00
7.238064330816269099e+00
7.220614570379257025e+00
7.211583030223846613e+00
7.210957831144332530e+00
7.204964101314544678e+00
7.231806898117065785e+00
7.244577008485793890e+00
7.278350621461868286e+00
7.323892951011657715e+00
7.373888260126113536e+00
7.433369076251983287e+00
7.499258846044540405e+00
7.557790046930312755e+00
7.616226071119308827e+00
7.661665380001068115e+00
7.693286961317062023e+00
7.740492397546768544e+00
7.756481295824050548e+00
7.799526262283325018e+00
7.823650527000427068e+00
7.864654296636581776e+00
7.900462734699249090e+00
7.925391274690627874e+00
7.957381004095077870e+00
7.978277432918548406e+00
8.006244879961013083e+00
8.022511708736420388e+00
8.040894335508346202e+00
8.072711127996445413e+00
8.087654453516005759e+00
8.107043981552124023e+00
8.130421513319015858e+00
8.137930661439895630e+00
8.140675956010818837e+00
8.137982922792435403e+00
8.136697894334792736e+00
8.120173269510269520e+00
8.128628110885619762e+00
8.138352996110915782e+00
8.158487522602081654e+00
8.164498323202133534e+00
8.194004583358765359e+00
8.195451939105987904e+00
8.211759811639785411e+00
8.236137753725051525e+00
8.249699515104293113e+00
8.256513369083403830e+00
8.267457377910613303e+00
8.273074734210968728e+00
8.277247178554535623e+00
8.294178110361098533e+00
8.313495719432831166e+00
8.334181535243988748e+00
8.360640072822571156e+00
8.381565147638321278e+00
8.396394294500350242e+00
8.395825845003127341e+00
8.375160616636275535e+00
8.353032273054122214e+00
8.321502298116683960e+00
8.308848363161086326e+00
8.301819640398026223e+00
8.279030597209930065e+00
8.274999248981476541e+00
8.260229122638701682e+00
8.262225508689880371e+00
8.273188745975494029e+00
8.306492733955384011e+00
8.320054286718368886e+00
8.359401816129684804e+00
8.405872750282288308e+00
8.434688913822174783e+00
8.467311805486678722e+00
8.496083527803421021e+00
8.527935206890106201e+00
8.555916613340377452e+00
8.597513145208358409e+00
8.634426087141036987e+00
8.689846128225326538e+00
8.708887577056884766e+00
8.741496908664704080e+00
8.767292439937591553e+00
8.795491367578506470e+00
8.825687932968140359e+00
8.850325524806976318e+00
8.865395176410675759e+00
8.866907340288161521e+00
8.857952803373336792e+00
8.846173065900803323e+00
8.824393409490586038e+00
8.796662545204162242e+00
8.761639744043350220e+00
8.734565347433090210e+00
8.714496499300002696e+00
8.687190991640090232e+00
8.677323180437088723e+00
8.648657971620560048e+00
8.647625726461409812e+00
8.628076702356338501e+00
8.625145286321640015e+00
8.618396562337874656e+00
8.609801369905472512e+00
8.612984973192215676e+00
8.606410878896713967e+00
8.612944227457045798e+00
8.604526865482331033e+00
8.610679936408995871e+00
8.604365956783293967e+00
8.583011150360107422e+00
8.589471459388732910e+00
8.581564283370971324e+00
8.568967449665070291e+00
8.571930408477783203e+00
8.568446886539458518e+00
8.581506967544555664e+00
8.592347753047942405e+00
8.611079370975494029e+00
8.642153412103652954e+00
8.643160426616669056e+00
8.646962976455688121e+00
8.648224627971648815e+00
8.622316396236419322e+00
8.600553083419800515e+00
8.577167534828186390e+00
8.539616256952285767e+00
8.513195830583573098e+00
8.510396248102187755e+00
8.494713813066482544e+00
8.477580201625823264e+00
8.464010429382323508e+00
8.449832224845886586e+00
8.429120886325836892e+00
8.426591968536376598e+00
8.418836748600005748e+00
8.397824102640152333e+00
8.392284423112869263e+00
8.382577949762344716e+00
8.369104099273680930e+00
8.370915693044661765e+00
8.377636784315109608e+00
8.389788252115248923e+00
8.395104378461837769e+00
8.407535362243653054e+00
8.425731706619263406e+00
8.455907773971556907e+00
8.476315271854399924e+00
8.498136687278748269e+00
8.481267535686493275e+00
8.489630782604217885e+00
8.474328613281249645e+00
8.464147019386292214e+00
8.451666569709777477e+00
8.434450411796570179e+00
8.419123303890227561e+00
8.404436159133911843e+00
8.396995830535889382e+00
8.375608623027801514e+00
8.347012257575988414e+00
8.313512569665908458e+00
8.303523153066635132e+00
8.282948821783065796e+00
8.279362219572067971e+00
8.273681646585464122e+00
8.258058649301528220e+00
8.275782006978989358e+00
8.286815172433852794e+00
8.313319247961043601e+00
8.327499467134476419e+00
8.336595529317856190e+00
8.336442977190017700e+00
8.347728109359740856e+00
8.350256448984145763e+00
8.349684816598891501e+00
8.345735102891921997e+00
8.352741354703903554e+00
8.358375984430313821e+00
8.390885025262832642e+00
8.407222110033035989e+00
8.430694109201430919e+00
8.453406506776810048e+00
8.473863798379898782e+00
8.511358243227004294e+00
8.538415914773940685e+00
8.555361562967300770e+00
8.580199152231216431e+00
8.600672101974486949e+00
8.615391027927397971e+00
8.630788540840148571e+00
8.623050355911255238e+00
8.602860647439957376e+00
8.571049028635025380e+00
8.560813647508620505e+00
8.538862800598144176e+00
8.507055521011352539e+00
8.469429099559784291e+00
8.444528454542160389e+00
8.424635463953018544e+00
8.400564587116241100e+00
8.404702216386795044e+00
8.419364625215530751e+00
8.441037291288376210e+00
8.482162350416183827e+00
8.530936419963836670e+00
8.562868249416350608e+00
8.607649451494216564e+00
8.633591693639754538e+00
8.643372017145157571e+00
8.634689790010451560e+00
8.650492191314697266e+00
8.641261023283004050e+00
8.635381758213043213e+00
8.654576992988586071e+00
8.655110836029052734e+00
8.667636430263518932e+00
8.682872599363326671e+00
8.687382918596266990e+00
8.701004642248154397e+00
8.738186872005462291e+00
8.758965510129929299e+00
8.766735440492629650e+00
8.768919426202774758e+00
8.783162003755569103e+00
8.803972893953323720e+00
8.808694261312485452e+00
8.819880574941635132e+00
8.816814643144606833e+00
8.816700285673141124e+00
8.832127934694289806e+00
8.834643417596817372e+00
8.863980835676192882e+00
8.848762363195419312e+00
8.853081876039505360e+00
8.836338788270950317e+00
8.838341981172561646e+00
8.830827516317366843e+00
8.829865533113480325e+00
8.818590426445007679e+00
8.832355570793151145e+00
8.841702467203139904e+00
8.836805826425552013e+00
8.839482277631759644e+00
8.831894046068191173e+00
8.812811517715454457e+00
8.804294443130492809e+00
8.781629133224488015e+00
8.745468991994858499e+00
8.732592612504959106e+00
8.713247323036194203e+00
8.705214762687683461e+00
8.687056064605712891e+00
8.674706131219863892e+00
8.654919302463531139e+00
8.637669622898101807e+00
8.628031641244888306e+00
8.619573843479155784e+00
8.595320057868956809e+00
8.555912619829177501e+00
8.518742263317108154e+00
8.498760914802550914e+00
8.481815421581268666e+00
8.461447930335998180e+00
8.434229540824890847e+00
8.412447202205658670e+00
8.405919468402862194e+00
8.381543529033660178e+00
8.390069198608397727e+00
8.384434974193572643e+00
8.394710588455200906e+00
8.425528430938721058e+00
8.463457530736922863e+00
8.495946985483168845e+00
8.518735891580581310e+00
8.524561566114424949e+00
8.543715387582778931e+00
8.563177138566970825e+00
8.572461372613906505e+00
8.572519057989120839e+00
8.563284796476363425e+00
8.556045287847519276e+00
8.534790062904358265e+00
8.507596939802169800e+00
8.459714525938034413e+00
8.424891066551207786e+00
8.390960669517516735e+00
8.358926588296890614e+00
8.349338787794113870e+00
8.339350038766861317e+00
8.348497146368027089e+00
8.355082911252974753e+00
8.357160454988479259e+00
8.358759593963622336e+00
8.338852721452713723e+00
8.336076503992080333e+00
8.324545186758040671e+00
8.313342905044555309e+00
8.313248693943023682e+00
8.310458278656005504e+00
8.286062902212142589e+00
8.276353448629379272e+00
8.266675370931626077e+00
8.256451171636580710e+00
8.241465002298355103e+00
8.224940866231918335e+00
8.215478068590163829e+00
8.212125784158706310e+00
8.216153174638748169e+00
8.214243608713150735e+00
8.214098495244979148e+00
8.205659574270248058e+00
8.180225068330765126e+00
8.190085631608962302e+00
8.183181875944137929e+00
8.188188880681991577e+00
8.185429817438125255e+00
8.179901146888733265e+00
8.163055872917174938e+00
8.156447368860245462e+00
8.136500245332717540e+00
8.116599929332732444e+00
8.115532338619232178e+00
8.119359886646270397e+00
8.125303435325623269e+00
8.137086778879165649e+00
8.135293275117874146e+00
8.118125987052916770e+00
8.120640337467193604e+00
8.116978514194489236e+00
8.110851806402205710e+00
8.105273962020874023e+00
8.136501550674438477e+00
8.155478042364119773e+00
8.199022710323333740e+00
8.237514626979827170e+00
8.283189314603806253e+00
8.312286961078644509e+00
8.334241628646850586e+00
8.371863096952438354e+00
8.398338496685028076e+00
8.413976776599884744e+00
8.424787116050719504e+00
8.436101317405700684e+00
8.448788559436797740e+00
8.462090623378752952e+00
8.451961421966553090e+00
8.474304974079132080e+00
8.468728840351104736e+00
8.481928050518035889e+00
8.474757337570190785e+00
8.475123357772826438e+00
8.460484313964844461e+00
8.477084505558014627e+00
8.485194718837737682e+00
8.501132446527481790e+00
8.509287267923355103e+00
8.524467974901199341e+00
8.531060826778411155e+00
8.555670404434204457e+00
8.568241989612578990e+00
8.586131405830382590e+00
8.601617723703384399e+00
8.615065622329712625e+00
8.632530349493027444e+00
8.640818107128144021e+00
8.651409715414047241e+00
8.657068151235581155e+00
8.665378373861312156e+00
8.669791918992995505e+00
8.684002059698105569e+00
8.687563449144363403e+00
8.709647560119629262e+00
8.718435692787171121e+00
8.742524904012679343e+00
8.742431312799453735e+00
8.745577150583267567e+00
8.757768607139587047e+00
8.754954397678375244e+00
8.769118607044219971e+00
8.792057412862778421e+00
8.802489429712295532e+00
8.818014758825302835e+00
8.836551624536514993e+00
8.855413073301315663e+00
8.852098351716994884e+00
8.846349698305129294e+00
8.811850368976593018e+00
8.791724395751952414e+00
8.770546793937683105e+00
8.753922188282013295e+00
8.746390473842620139e+00
8.733286255598068593e+00
8.718729031085967307e+00
8.711505001783370616e+00
8.704620265960693715e+00
8.688789224624633434e+00
8.698624843358993886e+00
8.714689964056015370e+00
8.725956422090529685e+00
8.750544899702072499e+00
8.757851099967956188e+00
8.761378228664398193e+00
8.749973362684249523e+00
8.755138152837753651e+00
8.748720794916152954e+00
8.765834754705428722e+00
8.787588560581207631e+00
8.798717051744461060e+00
8.807598000764846446e+00
8.819357472658158059e+00
8.825676167011261342e+00
8.835757470130920055e+00
8.844796431064605002e+00
8.846471977233886008e+00
8.849386310577392223e+00
8.843429458141326194e+00
8.838204741477966309e+00
8.849722850322724099e+00
8.832951891422272439e+00
8.837061393260956521e+00
8.831209170818329568e+00
8.811663228273392434e+00
8.789308828115462546e+00
8.770656239986418967e+00
8.742890661954879405e+00
8.729621857404708862e+00
8.687939876317978261e+00
8.641150885820389149e+00
8.598368990421295877e+00
8.577873516082764382e+00
8.552369314432144876e+00
8.533770513534545188e+00
8.508124774694442394e+00
8.480235624313355203e+00
8.472411060333252308e+00
8.475174629688263295e+00
8.466043770313262939e+00
8.463637745380401256e+00
8.462594330310821533e+00
8.470628625154494884e+00
8.473552161455154774e+00
8.483720380067826028e+00
8.490686565637588501e+00
8.516219723224640603e+00
8.538750827312469482e+00
8.571103411912918801e+00
8.583614146709441783e+00
8.586592698097229359e+00
8.611780619621276500e+00
8.618087065219878440e+00
8.634364783763885498e+00
8.644240272045134788e+00
8.655615448951721191e+00
8.675259482860564475e+00
8.685419595241546276e+00
8.699989378452301025e+00
8.700320756435393932e+00
8.706054568290710449e+00
8.692199909687042592e+00
8.668854707479477284e+00
8.651050144433975575e+00
8.628909039497376199e+00
8.604562342166900635e+00
8.580328750610352273e+00
8.558407598733902333e+00
8.548977053165435436e+00
8.546707659959793091e+00
8.535716933012007956e+00
8.519605791568755748e+00
8.512525159120560403e+00
8.503048712015152333e+00
8.504013782739638927e+00
8.512181210517884011e+00
8.514059382677078958e+00
8.533030259609223123e+00
8.543523120880127664e+00
8.542280483245850320e+00
8.547758579254150391e+00
8.548866391181945801e+00
8.545985376834869029e+00
8.545532333850861306e+00
8.543145728111266379e+00
8.535580009222030640e+00
8.515527760982513072e+00
8.501291108131407981e+00
8.465277630090714212e+00
8.450491249561309814e+00
8.428968322277068381e+00
8.412576538324355369e+00
8.407612758874893899e+00
8.402297067642212625e+00
8.380206978321075084e+00
8.354128885269165750e+00
8.331202352046966908e+00
8.304365032911301014e+00
8.281221002340316772e+00
8.253563487529754994e+00
8.218011277914047952e+00
8.198356676101685281e+00
8.162649363279342651e+00
8.135626471042632701e+00
8.126086884737015126e+00
8.113648825883865712e+00
8.101576310396193747e+00
8.086737447977066395e+00
8.082456445693969371e+00
8.095706290006637218e+00
8.107708251476287487e+00
8.125307029485702159e+00
8.123639196157455444e+00
8.130191814899443870e+00
8.143632549047470803e+00
8.162152004241942649e+00
8.186289960145950673e+00
8.200325185060501454e+00
8.213831073045730236e+00
8.235341089963913674e+00
8.264375859498978016e+00
8.276774770021438243e+00
8.288581293821334128e+00
8.303259032964707131e+00
8.291582542657852883e+00
8.292919617891310935e+00
8.270324128866196389e+00
8.265379863977432962e+00
8.243707567453384399e+00
8.233329766988754628e+00
8.227841085195541027e+00
8.189673078060149436e+00
8.172555333375930431e+00
8.135167896747589111e+00
8.100995773077011464e+00
8.074629378318785911e+00
8.028930354118347879e+00
8.014442610740662332e+00
7.985973131656646906e+00
7.981326711177826105e+00
7.951669788360595348e+00
7.936300873756408691e+00
7.930665355920791804e+00
7.931688553094863536e+00
7.930706691741943537e+00
7.938237965106964111e+00
7.962420773506164728e+00
7.986662822961807073e+00
8.005732882022858377e+00
8.031586253643036244e+00
8.048937749862670188e+00
8.063772493600845692e+00
8.086005604267120006e+00
8.090037548542023060e+00
8.115686172246933339e+00
8.115845745801925304e+00
8.117634814977645163e+00
8.104147130250931141e+00
8.096464806795120595e+00
8.074854409694671276e+00
8.054607230424881692e+00
8.044474071264266613e+00
8.011998462677002664e+00
7.994349777698516846e+00
7.975042277574539540e+00
7.963189208507538197e+00
7.945248615741729914e+00
7.939153504371643244e+00
7.951408720016479137e+00
7.941004312038421276e+00
7.950003743171691895e+00
7.929555535316467285e+00
7.907063722610473633e+00
7.882856911420821788e+00
7.873399329185486017e+00
7.869580793380737127e+00
7.861373227834701716e+00
7.842811733484268188e+00
7.830926626920700073e+00
7.826831179857253851e+00
7.831302320957183483e+00
7.842394179105758312e+00
7.844206446409225819e+00
7.857883238792419789e+00
7.878468513488769531e+00
7.896295881271361949e+00
7.907089394330978571e+00
7.923071217536926447e+00
7.921089345216751454e+00
7.925877368450164440e+00
7.936092650890349987e+00
7.919147086143493830e+00
7.913861179351806996e+00
7.895022392272949219e+00
7.867409110069274902e+00
7.835426837205886841e+00
7.794745302200317028e+00
7.761377060413360951e+00
7.714981269836425959e+00
7.681550103425979437e+00
7.638321000337600530e+00
7.588591098785400391e+00
7.545637607574462891e+00
7.497815388441085638e+00
7.468188798427581432e+00
7.433956903219223200e+00
7.416522341966628851e+00
7.389391642808914362e+00
7.360949438810348688e+00
7.347567796707153320e+00
7.332966756820678889e+00
7.333889484405517578e+00
7.324269032478332164e+00
7.333186930418014171e+00
7.337533062696456554e+00
7.333548861742019476e+00
7.334848600625991644e+00
7.324255430698395131e+00
7.302087581157683971e+00
7.276775056123733876e+00
7.269255799055099665e+00
7.262664026021957042e+00
7.251502937078475597e+00
7.220979934930801036e+00
7.196896660327911199e+00
7.161585289239883245e+00
7.107959377765655340e+00
7.051600772142410101e+00
7.019624328613280895e+00
6.970553165674209239e+00
6.933681088685989202e+00
6.901644057035445812e+00
6.868008404970169067e+00
6.839916425943374456e+00
6.796829462051391602e+00
6.782558226585388539e+00
6.761472451686858953e+00
6.746573513746261241e+00
6.744509559869766413e+00
6.748843795061111095e+00
6.742723935842514393e+00
6.740719276666641058e+00
6.769774401187897084e+00
6.790652143955230535e+00
6.805127578973769964e+00
6.805816590785980225e+00
6.805257105827331898e+00
6.802734124660491766e+00
6.796839433908462347e+00
6.800484102964401423e+00
6.787411624193191884e+00
6.785979884862899603e+00
6.780477410554885509e+00
6.782852518558502020e+00
6.763718259334564387e+00
6.739292919635772705e+00
6.726844054460525690e+00
6.730218225717544911e+00
6.693649649620056152e+00
6.664517235755920588e+00
6.625898694992065074e+00
6.593937420845032094e+00
6.573150169849395930e+00
6.531863021850585760e+00
6.496402114629745483e+00
6.468484175205230891e+00
6.457201081514358343e+00
6.438858401775360285e+00
6.428788101673125865e+00
6.411942768096923650e+00
6.393646347522735418e+00
6.383637177944183172e+00
6.364688855409622370e+00
6.333438569307327626e+00
6.315680968761443914e+00
6.298974514007568359e+00
6.296775192022323608e+00
6.280093169212340953e+00
6.265061676502227783e+00
6.237283164262771962e+00
6.211453551054001210e+00
6.205278486013412476e+00
6.204252964258193614e+00
6.198227453231811346e+00
6.185927492380142390e+00
6.183567553758621216e+00
6.173393547534942627e+00
6.172413003444671808e+00
6.167253732681274414e+00
6.157461947202682140e+00
6.137466847896575928e+00
6.120252251625061035e+00
6.100496190786361517e+00
6.075017082691192449e+00
6.054960823059081676e+00
6.036936956644058050e+00
6.023548901081085205e+00
6.007890743017196833e+00
6.003947514295577825e+00
5.989779239892959239e+00
5.991551524400710704e+00
5.984279239177704213e+00
5.980288076400756658e+00
5.988081467151642023e+00
6.002217757701873602e+00
6.011429882049560192e+00
6.013248342275619329e+00
6.048557198047637584e+00
6.060357028245926259e+00
6.082081454992294134e+00
6.087618803977965953e+00
6.088064289093017223e+00
6.094547283649444758e+00
6.100068658590316772e+00
6.105338680744170965e+00
6.099904513359069469e+00
6.106330734491348444e+00
6.106130892038345692e+00
6.097109174728393199e+00
6.109253960847854437e+00
6.138116776943206787e+00
6.149204671382904053e+00
6.136538165807723821e+00
6.118869799375533880e+00
6.102285063266753795e+00
6.089858621358871460e+00
6.070370048284530640e+00
6.046481066942215321e+00
6.016341185569762828e+00
5.984825021028518321e+00
5.976000523567199352e+00
5.955139452219009755e+00
5.942626225948333563e+00
5.926539731025695978e+00
5.919388008117675959e+00
5.930124700069427490e+00
5.919229573011397960e+00
5.905093914270400646e+00
5.910255205631256281e+00
5.916853177547454656e+00
5.937380605936050770e+00
5.949355971813202082e+00
5.960692662000655950e+00
5.962592542171478271e+00
5.962786525487899780e+00
5.966209232807159424e+00
5.979968327283859075e+00
5.996292012929916204e+00
6.019850718975066961e+00
6.014004224538803456e+00
6.007780456542969105e+00
6.008442556858062389e+00
6.016107493638992665e+00
6.036077213287353693e+00
6.046612912416458485e+00
6.059248387813568115e+00
6.058526569604874012e+00
6.065680801868438721e+00
6.068093657493591309e+00
6.066111034154891613e+00
6.066448622941971180e+00
6.069390684366226196e+00
6.064192467927933095e+00
6.048834562301635742e+00
6.036621141433715643e+00
6.026184314489364979e+00
6.031332141160964611e+00
6.016942864656448009e+00
6.019381666183472035e+00
6.024436187744140803e+00
6.036628156900405884e+00
6.035994678735733032e+00
6.034373718500137151e+00
6.048058050870895208e+00
6.040324360132217407e+00
6.050991231203079579e+00
6.027057778835296808e+00
6.005466502904892145e+00
5.989201933145523071e+00
5.982447600364684703e+00
5.964570260047912242e+00
5.939333438873291016e+00
5.924973732233047130e+00
5.920054239034652888e+00
5.898756062984466197e+00
5.884042692184448420e+00
5.874095451831817805e+00
5.853012472391128540e+00
5.820288360118865967e+00
5.808554166555405018e+00
5.788620895147323253e+00
5.776564162969589411e+00
5.747106474637985407e+00
5.744063121080398737e+00
5.715037536621093928e+00
5.694068789482116699e+00
5.660564213991165161e+00
5.645731824636459173e+00
5.638045328855514349e+00
5.596603870391845703e+00
5.542870992422104237e+00
5.506254279613495228e+00
5.477261257171631037e+00
5.467952775955200018e+00
5.434637552499770763e+00
5.423327964544296442e+00
5.418694952130318043e+00
5.413399720191955922e+00
5.408172944188118336e+00
5.399952980875968755e+00
5.393025979399681091e+00
5.395366474986076355e+00
5.392605164647102711e+00
5.397370824217796681e+00
5.386823806166648687e+00
5.364615103602409008e+00
5.368157711625099360e+00
5.360130038857460200e+00
5.353379777073859813e+00
5.332558342814445851e+00
5.303262707591057001e+00
5.271615204215049921e+00
5.241396918892860413e+00
5.227029117941856207e+00
5.207693609595298589e+00
5.181604674458503368e+00
5.147351297736167730e+00
5.114046987891197382e+00
5.063742220401763916e+00
5.039623069763183416e+00
5.016051268577575328e+00
4.982533034682274042e+00
4.943003922700881958e+00
4.919732350111007513e+00
4.893144792318343761e+00
4.866134256124496460e+00
4.834045207500457408e+00
4.811980584263801930e+00
4.802404418587684631e+00
4.802507272362708690e+00
4.808187052607536316e+00
4.791425433754921137e+00
4.777606806159019115e+00
4.779099801182747242e+00
4.797001174092292430e+00
4.793871596455574036e+00
4.781370553374290289e+00
4.768706956505775807e+00
4.756863364577293751e+00
4.737969627976417186e+00
4.708923521637916387e+00
4.684181082248687567e+00
4.655811375379562023e+00
4.622897541522979381e+00
4.610689258575439098e+00
4.586024135351181030e+00
4.584549301862717030e+00
4.579149180650711415e+00
4.589251869916916249e+00
4.567325839400291798e+00
4.546290892362594427e+00
4.544939738512039362e+00
4.532939520478248774e+00
4.526943501830101191e+00
4.523213240504264654e+00
4.526570418477058766e+00
4.540599784255027416e+00
4.544502446055412648e+00
4.544477114081383107e+00
4.520074567198753002e+00
4.496681982278824208e+00
4.486024641990661976e+00
4.460963907837867559e+00
4.426739767193794250e+00
4.425627592206001104e+00
4.406843960285186768e+00
4.398029640316963196e+00
4.384145626425743458e+00
4.364576163887977422e+00
4.359770551323890686e+00
4.365685561299324391e+00
4.351936563849449158e+00
4.325333684682846069e+00
4.306367740035057068e+00
4.312500277161598561e+00
4.294933351874351324e+00
4.289020067453384044e+00
4.294545814394950867e+00
4.282436424493790028e+00
4.282614636421203436e+00
4.276197397708893178e+00
4.258311879634857355e+00
4.245331281423569081e+00
4.223162496089935658e+00
4.206337416172027943e+00
4.192688512802123846e+00
4.167663314938545582e+00
4.146012312173843029e+00
4.114586807787418365e+00
4.114047001302242101e+00
4.101896096765995203e+00
4.090567438304423931e+00
4.081032945215701702e+00
4.082586814463138758e+00
4.098823989927768530e+00
4.108752395212650121e+00
4.084880010783672688e+00
4.066729344427585602e+00
4.069240413606166840e+00
4.053773121535778401e+00
4.055118666589260457e+00
4.065971519052982153e+00
4.051263509690761211e+00
4.049887864291667583e+00
4.044559161365032018e+00
4.053866206109523418e+00
4.048829425871372401e+00
4.046890757977962494e+00
4.044097803533077240e+00
4.008733445405960438e+00
3.986140844225883662e+00
3.974698951840400785e+00
3.963721835613250644e+00
3.945239776372909457e+00
3.922598227858543396e+00
3.902094677090644836e+00
3.884728503227234064e+00
3.876626598834991277e+00
3.860098886489867986e+00
3.836302950978279114e+00
3.816490715742111295e+00
3.812637448310852051e+00
3.809933564066886991e+00
3.799004432559013544e+00
3.782653030753135859e+00
3.772047489881515503e+00
3.764582085609435858e+00
3.757087406516075312e+00
3.740642407536506564e+00
3.740648058056831537e+00
3.741866251826286405e+00
3.726016741991043268e+00
3.714058953523635687e+00
3.681234952807426630e+00
3.656369689106941046e+00
3.619626641273498535e+00
3.589600107073783963e+00
3.553925186395645142e+00
3.524916800856590093e+00
3.515709152817726224e+00
3.520263069868087680e+00
3.521651357412338257e+00
3.529808682203293024e+00
3.532523471117019476e+00
3.522334200143814265e+00
3.522381797432899475e+00
3.513716471195221125e+00
3.506306946277618408e+00
3.488267064094543457e+00
3.474584054946899592e+00
3.451387426257133573e+00
3.427712917327880859e+00
3.428936704993247986e+00
3.415950867533683599e+00
3.405077752470970331e+00
3.406333673000335516e+00
3.395232954621314914e+00
3.383371698856353582e+00
3.378718128800392240e+00
3.366083279252052307e+00
3.337436804175376803e+00
3.337968161702156156e+00
3.325633922219276339e+00
3.312847518920898349e+00
3.311001837253570557e+00
3.311591178178787231e+00
3.299129092693328769e+00
3.297372418642043890e+00
3.302277846634388059e+00
3.298777945339679718e+00
3.289219336211681277e+00
3.284748254716396421e+00
3.272681929171085358e+00
3.246440438926220029e+00
3.211006967723369687e+00
3.174739943444728763e+00
3.166045786440372378e+00
3.166299314796924502e+00
3.135447794198989779e+00
3.133305194973945440e+00
3.124766317009926020e+00
3.106285139918327332e+00
3.111128714680671870e+00
3.085430264472961426e+00
3.065048602223396479e+00
3.024227714538574308e+00
3.011561700701713473e+00
2.998865610361099332e+00
2.986927083134651273e+00
2.998383174836635412e+00
2.994958077371120631e+00
2.983176605403423221e+00
2.974954001605510712e+00
2.970680199563503265e+00
2.965512265264988123e+00
2.961456955969333560e+00
2.950410149991512299e+00
2.937619297206401914e+00
2.924196539819240659e+00
2.916532455384731382e+00
2.911407889425754458e+00
2.902854229509830297e+00
2.889573477208614349e+00
2.875177888572216123e+00
2.865665344893932431e+00
2.853908289968967615e+00
2.839241375029087244e+00
2.824106603860855103e+00
2.815504607558250605e+00
2.813078144192695529e+00
2.811134961247444330e+00
2.814011085033416570e+00
2.809869784116744817e+00
2.798053643107414334e+00
2.790783217549324124e+00
2.791333884000778198e+00
2.773367241024971008e+00
2.761427590250968844e+00
2.757593816518783658e+00
2.744645079970359891e+00
2.736139696836471735e+00
2.706787087023258209e+00
2.684546773135662256e+00
2.661252239346504123e+00
2.641600255668163477e+00
2.611850844323635013e+00
2.601302914321422577e+00
2.580112211406230927e+00
2.564687699079513550e+00
2.563864174485206426e+00
2.544955702126026065e+00
2.555285014212131500e+00
2.550925220549106420e+00
2.542284442484378904e+00
2.526149426400661646e+00
2.518710987269878299e+00
2.518163837492465973e+00
2.497323323786258875e+00
2.491714023053646088e+00
2.487195958197117029e+00
2.492291827499866663e+00
2.490226797759532928e+00
2.494337417185306549e+00
2.485269778966903598e+00
2.473177731037139893e+00
2.460627576708793729e+00
2.450755736231803983e+00
2.444038930535316290e+00
2.439392438530922025e+00
2.417365123331546961e+00
2.427955843508243561e+00
2.408456422388553619e+00
2.398163284361362280e+00
2.392246700823307037e+00
2.386728601157665164e+00
2.391651956737041562e+00
2.386390738189220428e+00
2.360782982409000308e+00
2.369067832827568054e+00
2.367951542139053345e+00
2.349194677174091250e+00
2.347928859293460846e+00
2.346132941544055939e+00
2.350888369977474301e+00
2.346944434940815061e+00
2.341513310372829615e+00
2.330921952426433741e+00
2.314481535553932101e+00
2.296331679821014493e+00
2.278587530553340734e+00
2.268957157433033167e+00
2.271950818598270416e+00
2.271538124978542239e+00
2.257046411931514562e+00
2.239013293385505587e+00
2.222661854326724917e+00
2.208894781768321991e+00
2.192279253900051295e+00
2.194325803220272153e+00
2.178248244524001898e+00
2.178547069430351257e+00
2.169353988766670405e+00
2.174433284997939975e+00
2.170237180590629755e+00
2.163667301833629431e+00
2.153859202563762842e+00
2.136814621835946948e+00
2.143423365801572889e+00
2.135166125744581311e+00
2.120635346323251902e+00
2.098899639397859396e+00
2.093157995492219925e+00
2.089717216044664205e+00
2.100448072701692759e+00
2.104024783521890818e+00
2.097652225941419424e+00
2.101409869641065686e+00
2.096978323906660169e+00
2.086697655171156018e+00
2.084762408584356130e+00
2.079378073662519366e+00
2.073786697536706747e+00
2.079666451364755808e+00
2.094013892859220682e+00
2.115022484213113785e+00
2.134921831637620837e+00
2.140647677332162768e+00
2.150293741375207901e+00
2.159606482833623886e+00
2.148505397886038004e+00
2.161066330224275411e+00
2.159740958362817764e+00
2.153700269013643087e+00
2.134199839830398737e+00
2.125854659080505193e+00
2.119728158414363683e+00
2.106999300420284271e+00
2.109621474146842868e+00
2.104833923280239105e+00
2.102091516554355444e+00
2.100354252755642026e+00
2.084106267988681704e+00
2.060072156786918463e+00
2.054849715530872256e+00
2.051288594305515467e+00
2.055389462411403745e+00
2.064442689716815771e+00
2.066587768495082855e+00
2.072484178841114133e+00
2.081261676549911677e+00
2.062377420067787348e+00
2.059957544505595983e+00
2.052181203663349329e+00
2.063208599388599573e+00
2.063342644274234861e+00
2.058653120696544825e+00
2.061039067804813385e+00
2.072045274078845978e+00
2.070976020395755679e+00
2.051492057740688324e+00
2.063755482435226440e+00
2.055813473463058649e+00
2.056242087483405978e+00
2.055825716257095426e+00
2.052202798426151276e+00
2.061747331917286097e+00
2.073388169705867590e+00
2.076397290825843900e+00
2.076833392679691137e+00
2.088145631551742376e+00
2.078691580891609103e+00
2.078649085760116755e+00
2.076621210575103849e+00
2.079242271184921442e+00
2.082143816351890386e+00
2.102377276122569860e+00
2.116098745167255490e+00
2.147129340469837278e+00
2.161309291422367274e+00
2.188194453716278076e+00
2.205110633373260409e+00
2.217586833238601507e+00
2.238183319568634033e+00
2.258326065540313898e+00
2.286147068440913976e+00
2.304096962511539282e+00
2.323019694536924362e+00
2.322059305757284253e+00
2.320770882815122782e+00
2.324593921750783831e+00
2.324621398001909256e+00
2.312566553801298053e+00
2.307408101111650289e+00
2.308682439476251513e+00
2.299836566299199969e+00
2.295543678849935709e+00
2.283015317469835104e+00
2.289449334889650522e+00
2.288113420456647784e+00
2.287291570752858938e+00
2.281610620766878039e+00
2.284390903264283956e+00
2.276258701831102460e+00
2.261280863732099355e+00
2.245798408240079702e+00
2.250236185640096753e+00
2.258463253825902850e+00
2.259856855124235064e+00
2.264483561366796405e+00
2.272377189248800278e+00
2.257345549017190756e+00
2.253356987982988446e+00
2.243898584693670095e+00
2.266016858816146673e+00
2.271789522469043643e+00
2.267087028920650393e+00
2.267030982673168271e+00
2.264207796752452762e+00
2.259326690435409457e+00
2.245552360266446890e+00
2.245948367565870463e+00
2.249381556361913503e+00
2.256252276152372449e+00
2.253235332667827606e+00
2.248279215395450503e+00
2.234520331025123596e+00
2.230524161458015353e+00
2.226966789364814847e+00
2.225751203298568903e+00
2.224886423349380582e+00
2.227500200271606445e+00
2.235449168086051763e+00
2.235723823308944702e+00
2.217197830975055517e+00
2.201854586601257324e+00
2.207676041126251043e+00
2.213544818758964361e+00
2.209732785820960999e+00
2.208179876208305359e+00
2.221087169647216975e+00
2.210934075713157476e+00
2.199337303638458252e+00
2.195417773723602473e+00
2.185002593696117490e+00
2.197039416432380765e+00
2.199833673238754450e+00
2.187641903758049011e+00
2.191154304146766485e+00
2.181981672346592127e+00
2.161874380707740961e+00
2.156103432178497314e+00
2.157478311657905490e+00
2.151058858633041471e+00
2.155014938116073697e+00
2.151399724185466766e+00
2.130489414930343717e+00
2.114240527153015137e+00
2.093233579397201449e+00
2.078077989816665472e+00
2.066117456555366605e+00
2.041646794974803836e+00
2.033848451077937991e+00
2.009226094186305822e+00
1.981906718015670865e+00
1.949830090999603360e+00
1.931052732467651412e+00
1.925870025157928378e+00
1.927956178784370422e+00
1.936154818534851163e+00
1.945814947783947035e+00
1.959769383072853088e+00
1.955790081620216281e+00
1.955362042784690946e+00
1.943695917725563049e+00
1.944204133749008134e+00
1.951573242247104600e+00
1.962938463687896817e+00
1.958475401997566312e+00
1.959251232445240021e+00
1.946720235049724579e+00
1.938042375445365950e+00
1.928901837021112398e+00
1.927101375907659619e+00
1.924118951708078340e+00
1.929135290533304126e+00
1.904591011255979627e+00
1.884144131094217300e+00
1.870599525421857923e+00
1.868841537088155702e+00
1.864003696292638734e+00
1.881102368980646089e+00
1.887015486508607953e+00
1.894742681831121489e+00
1.887098429352044970e+00
1.887914853543043225e+00
1.889180677384138196e+00
1.887861583381891251e+00
1.890352154523134320e+00
1.902817774564027786e+00
1.914862576127052352e+00
1.911477434635162398e+00
1.899644593894481703e+00
1.910669368505477861e+00
1.922349674254655749e+00
1.935163912922143847e+00
1.942289438098669052e+00
1.933181547373533204e+00
1.923774353414773985e+00
1.909840475767850876e+00
1.898153249174356461e+00
1.894256053119897754e+00
1.885717784613370807e+00
1.895614136010408401e+00
1.898106402903795287e+00
1.911674927920103073e+00
1.892352446168661162e+00
1.878865813463926226e+00
1.874020921438932508e+00
1.878046505898237184e+00
1.871114722639322325e+00
1.866514781862497419e+00
1.865547246485948607e+00
1.862662146240472882e+00
1.867034711688756898e+00
1.857541609555482864e+00
1.855833492428064391e+00
1.876280967146158218e+00
1.873308492451906115e+00
1.870382764190435365e+00
1.884049946814775556e+00
1.891665447503328323e+00
1.886919487267732620e+00
1.885471843928098634e+00
1.878820637613535016e+00
1.879624403268098876e+00
1.877954649180173963e+00
1.877976331859827042e+00
1.862671444565057843e+00
1.846763236075639636e+00
1.848730383068323047e+00
1.840056631714105606e+00
1.831289466470479965e+00
1.824326009303331331e+00
1.827125284820795059e+00
1.831501593440771014e+00
1.833627758175134570e+00
