4.291534423828125000e-06
7.264137268066406250e-03
1.512360572814941406e-02
2.212476730346679688e-02
2.901530265808105469e-02
3.800225257873535156e-02
4.414725303649902344e-02
5.156350135803222656e-02
5.864763259887695312e-02
6.503558158874511719e-02
7.240653038024902344e-02
7.830238342285156250e-02
8.480548858642578125e-02
9.108209609985351562e-02
9.733557701110839844e-02
1.035079956054687500e-01
1.093926429748535156e-01
1.155862808227539062e-01
1.216406822204589844e-01
1.281182765960693359e-01
1.340625286102294922e-01
1.405243873596191406e-01
1.468076705932617188e-01
1.530256271362304688e-01
1.594707965850830078e-01
1.665215492248535156e-01
1.723544597625732422e-01
1.784477233886718750e-01
1.843914985656738281e-01
1.904211044311523438e-01
1.962690353393554688e-01
2.022783756256103516e-01
2.078244686126708984e-01
2.142791748046875000e-01
2.205040454864501953e-01
2.266802787780761719e-01
2.330381870269775391e-01
2.403273582458496094e-01
2.461738586425781250e-01
2.525465488433837891e-01
2.593972682952880859e-01
2.659046649932861328e-01
2.720780372619628906e-01
2.783069610595703125e-01
2.844247817993164062e-01
2.906618118286132812e-01
2.971172332763671875e-01
3.031721115112304688e-01
3.088250160217285156e-01
3.160829544067382812e-01
3.224129676818847656e-01
3.288652896881103516e-01
3.361530303955078125e-01
3.426806926727294922e-01
3.494052886962890625e-01
3.560383319854736328e-01
3.623971939086914062e-01
3.703289031982421875e-01
3.763027191162109375e-01
3.826317787170410156e-01
3.892536163330078125e-01
3.955430984497070312e-01
4.014639854431152344e-01
4.076509475708007812e-01
4.155180454254150391e-01
4.223651885986328125e-01
4.283757209777832031e-01
4.364798069000244141e-01
4.427883625030517578e-01
4.490406513214111328e-01
4.555466175079345703e-01
4.617416858673095703e-01
4.682719707489013672e-01
4.746398925781250000e-01
4.817619323730468750e-01
4.875831604003906250e-01
4.919679164886474609e-01
4.971714019775390625e-01
5.022687911987304688e-01
5.063049793243408203e-01
5.109465122222900391e-01
5.169558525085449219e-01
5.221140384674072266e-01
5.270662307739257812e-01
5.314304828643798828e-01
5.371322631835937500e-01
5.415508747100830078e-01
5.458757877349853516e-01
5.509946346282958984e-01
5.560984611511230469e-01
5.608441829681396484e-01
5.659189224243164062e-01
5.711646080017089844e-01
5.759751796722412109e-01
5.813994407653808594e-01
5.854430198669433594e-01
5.899848937988281250e-01
5.949120521545410156e-01
6.003096103668212891e-01
6.046872138977050781e-01
6.091959476470947266e-01
6.140663623809814453e-01
6.182024478912353516e-01
6.231822967529296875e-01
6.279690265655517578e-01
6.320822238922119141e-01
6.359498500823974609e-01
6.406116485595703125e-01
6.455831527709960938e-01
6.510102748870849609e-01
6.561851501464843750e-01
6.610693931579589844e-01
6.656661033630371094e-01
6.720588207244873047e-01
6.770052909851074219e-01
6.825325489044189453e-01
6.871027946472167969e-01
6.920149326324462891e-01
6.969296932220458984e-01
7.030091285705566406e-01
7.079262733459472656e-01
7.130126953125000000e-01
7.180154323577880859e-01
7.229952812194824219e-01
7.280244827270507812e-01
7.330701351165771484e-01
7.385604381561279297e-01
7.429094314575195312e-01
7.490282058715820312e-01
7.529900074005126953e-01
7.578706741333007812e-01
7.629854679107666016e-01
7.690517902374267578e-01
7.735533714294433594e-01
7.781858444213867188e-01
7.831718921661376953e-01
7.883069515228271484e-01
7.932031154632568359e-01
7.978997230529785156e-01
8.029930591583251953e-01
8.079555034637451172e-01
8.128952980041503906e-01
8.179838657379150391e-01
8.230156898498535156e-01
8.279671669006347656e-01
8.332571983337402344e-01
8.432106971740722656e-01
8.484156131744384766e-01
8.531308174133300781e-01
8.579783439636230469e-01
8.631854057312011719e-01
8.692660331726074219e-01
8.744747638702392578e-01
8.792643547058105469e-01
8.844125270843505859e-01
8.892624378204345703e-01
8.940203189849853516e-01
8.990361690521240234e-01
9.063849449157714844e-01
9.110050201416015625e-01
9.158039093017578125e-01
9.212753772735595703e-01
9.259502887725830078e-01
9.309709072113037109e-01
9.356553554534912109e-01
9.405891895294189453e-01
9.452974796295166016e-01
9.499790668487548828e-01
9.550814628601074219e-01
9.600589275360107422e-01
9.650077819824218750e-01
9.700422286987304688e-01
9.760072231292724609e-01
9.809956550598144531e-01
9.862804412841796875e-01
9.910273551940917969e-01
9.951004981994628906e-01
9.998476505279541016e-01
1.008038043975830078e+00
1.013218879699707031e+00
1.018135309219360352e+00
1.023014307022094727e+00
1.028117418289184570e+00
1.033381223678588867e+00
1.038994550704956055e+00
1.044404029846191406e+00
1.049346923828125000e+00
1.053975820541381836e+00
1.058989048004150391e+00
1.063996315002441406e+00
1.069952964782714844e+00
1.074996471405029297e+00
1.079909324645996094e+00
1.085113525390625000e+00
1.089993238449096680e+00
1.094927787780761719e+00
1.100139617919921875e+00
1.104617834091186523e+00
1.109321594238281250e+00
1.113897323608398438e+00
1.118998527526855469e+00
1.124015808105468750e+00
1.128993988037109375e+00
1.133294820785522461e+00
1.139182567596435547e+00
1.144014596939086914e+00
1.148627519607543945e+00
1.153083801269531250e+00
1.158106088638305664e+00
1.162497043609619141e+00
1.168330907821655273e+00
1.173174858093261719e+00
1.177923679351806641e+00
1.182966709136962891e+00
1.188031435012817383e+00
1.193292140960693359e+00
1.197898626327514648e+00
1.204281091690063477e+00
1.209187746047973633e+00
1.214761972427368164e+00
1.219038724899291992e+00
1.223966121673583984e+00
1.229022979736328125e+00
1.234984159469604492e+00
1.239970445632934570e+00
1.245115518569946289e+00
1.249937772750854492e+00
1.255148887634277344e+00
1.259908914566040039e+00
1.264492511749267578e+00
1.270599365234375000e+00
1.275108098983764648e+00
1.280022144317626953e+00
1.285035848617553711e+00
1.289426565170288086e+00
1.294031858444213867e+00
1.298939704895019531e+00
1.305068254470825195e+00
1.309950828552246094e+00
1.314921855926513672e+00
1.319352626800537109e+00
1.323972940444946289e+00
1.328994750976562500e+00
1.335004091262817383e+00
1.339539527893066406e+00
1.344067096710205078e+00
1.349056482315063477e+00
1.354202985763549805e+00
1.358913183212280273e+00
1.364018201828002930e+00
1.370094299316406250e+00
1.374952793121337891e+00
1.380068302154541016e+00
1.384921312332153320e+00
1.390077352523803711e+00
1.394577264785766602e+00
1.399289369583129883e+00
1.407168626785278320e+00
1.411956787109375000e+00
1.417079448699951172e+00
1.422161579132080078e+00
1.426282405853271484e+00
1.430606842041015625e+00
1.435084104537963867e+00
1.439978361129760742e+00
1.445136308670043945e+00
1.450236797332763672e+00
1.455336809158325195e+00
1.460161685943603516e+00
1.465070724487304688e+00
1.469921588897705078e+00
1.474997997283935547e+00
1.480040073394775391e+00
1.484897613525390625e+00
1.490015745162963867e+00
1.494512557983398438e+00
1.499021530151367188e+00
1.506521701812744141e+00
1.511242389678955078e+00
1.515997409820556641e+00
1.520713806152343750e+00
1.526012897491455078e+00
1.530941724777221680e+00
1.536693811416625977e+00
1.541061878204345703e+00
1.545902013778686523e+00
1.551262855529785156e+00
1.555988550186157227e+00
1.561141490936279297e+00
1.566045045852661133e+00
1.570998191833496094e+00
1.575993299484252930e+00
1.581291675567626953e+00
1.586088180541992188e+00
1.591016292572021484e+00
1.596143722534179688e+00
1.601253747940063477e+00
1.605256080627441406e+00
1.610172510147094727e+00
1.615350246429443359e+00
1.619357585906982422e+00
1.623883008956909180e+00
1.629252195358276367e+00
1.634024381637573242e+00
1.638958454132080078e+00
1.643967390060424805e+00
1.648993968963623047e+00
1.653892993927001953e+00
1.659089088439941406e+00
1.663648843765258789e+00
1.670338153839111328e+00
1.674527406692504883e+00
1.679848670959472656e+00
1.684625864028930664e+00
1.688900232315063477e+00
1.692930698394775391e+00
1.695897102355957031e+00
1.698409318923950195e+00
1.701139688491821289e+00
1.703816175460815430e+00
1.706417083740234375e+00
1.708770751953125000e+00
1.711556196212768555e+00
1.714509963989257812e+00
1.716885566711425781e+00
1.719415664672851562e+00
1.722362041473388672e+00
1.725116252899169922e+00
1.727730274200439453e+00
1.730202436447143555e+00
1.732859373092651367e+00
1.736313104629516602e+00
1.739386796951293945e+00
1.743949174880981445e+00
1.746843099594116211e+00
1.749408960342407227e+00
1.751518964767456055e+00
1.753857135772705078e+00
1.756520271301269531e+00
1.759065628051757812e+00
1.761792182922363281e+00
1.764302730560302734e+00
1.766921281814575195e+00
1.770263910293579102e+00
1.772812128067016602e+00
1.775310516357421875e+00
1.778056859970092773e+00
1.780959367752075195e+00
1.783417940139770508e+00
1.785724878311157227e+00
1.787856101989746094e+00
1.790414094924926758e+00
1.792754173278808594e+00
1.795563220977783203e+00
1.798442602157592773e+00
1.802891731262207031e+00
1.805880069732666016e+00
1.808771610260009766e+00
1.811825275421142578e+00
1.815067768096923828e+00
1.818168640136718750e+00
1.821416139602661133e+00
1.824512481689453125e+00
1.827427387237548828e+00
1.830077886581420898e+00
1.833060026168823242e+00
1.835646629333496094e+00
1.838581085205078125e+00
1.841571807861328125e+00
1.844516754150390625e+00
1.847279071807861328e+00
1.849913358688354492e+00
1.852027654647827148e+00
1.854763031005859375e+00
1.857009649276733398e+00
1.859226226806640625e+00
1.861908197402954102e+00
1.863996267318725586e+00
1.866013765335083008e+00
1.870452642440795898e+00
1.873172044754028320e+00
1.875797986984252930e+00
1.878857851028442383e+00
1.881764411926269531e+00
1.884530544281005859e+00
1.887564897537231445e+00
1.890003919601440430e+00
1.892290115356445312e+00
1.894381761550903320e+00
1.896948814392089844e+00
1.899521350860595703e+00
1.904893398284912109e+00
1.907962799072265625e+00
1.910942077636718750e+00
1.913962841033935547e+00
1.916841745376586914e+00
1.919624090194702148e+00
1.922414779663085938e+00
1.925017595291137695e+00
1.927580833435058594e+00
1.930773973464965820e+00
1.933268785476684570e+00
1.936204910278320312e+00
1.939482688903808594e+00
1.942445039749145508e+00
1.945101261138916016e+00
1.947922945022583008e+00
1.950760841369628906e+00
1.953570127487182617e+00
1.956129789352416992e+00
1.959539175033569336e+00
1.962902784347534180e+00
1.965916633605957031e+00
1.969130516052246094e+00
1.972978353500366211e+00
1.976196289062500000e+00
1.979848623275756836e+00
1.982783317565917969e+00
1.985801696777343750e+00
1.988823175430297852e+00
1.991931676864624023e+00
1.994932413101196289e+00
1.998058319091796875e+00
2.004222154617309570e+00
2.007523775100708008e+00
2.010868549346923828e+00
2.013797521591186523e+00
2.016306161880493164e+00
2.019264459609985352e+00
2.022554636001586914e+00
2.025029182434082031e+00
2.027562856674194336e+00
2.030488967895507812e+00
2.033882379531860352e+00
2.037873268127441406e+00
2.040519475936889648e+00
2.043569803237915039e+00
2.046791553497314453e+00
2.049780368804931641e+00
2.052782535552978516e+00
2.055405139923095703e+00
2.057907104492187500e+00
2.060464620590209961e+00
2.063038349151611328e+00
2.065538406372070312e+00
2.069259881973266602e+00
2.072108507156372070e+00
2.075623035430908203e+00
2.078837633132934570e+00
2.081556558609008789e+00
2.084303379058837891e+00
2.087436437606811523e+00
2.090566158294677734e+00
2.093758106231689453e+00
2.097002983093261719e+00
2.100232839584350586e+00
2.103465080261230469e+00
2.105881452560424805e+00
2.108518123626708984e+00
2.110882520675659180e+00
2.114074230194091797e+00
2.117027044296264648e+00
2.119406461715698242e+00
2.122166156768798828e+00
2.124796628952026367e+00
2.127395868301391602e+00
2.129903554916381836e+00
2.132494688034057617e+00
2.136019468307495117e+00
2.139359712600708008e+00
2.142042636871337891e+00
2.144935131072998047e+00
2.147779703140258789e+00
2.151011705398559570e+00
2.154010295867919922e+00
2.156924247741699219e+00
2.159551620483398438e+00
2.163166999816894531e+00
2.166188001632690430e+00
2.169899463653564453e+00
2.173509120941162109e+00
2.176543951034545898e+00
2.179025173187255859e+00
2.181561470031738281e+00
2.183892488479614258e+00
2.186279296875000000e+00
2.188997745513916016e+00
2.190704345703125000e+00
2.192478895187377930e+00
2.194255352020263672e+00
2.196440935134887695e+00
2.198391675949096680e+00
2.200858592987060547e+00
2.203478097915649414e+00
2.206329584121704102e+00
2.208318471908569336e+00
2.210500717163085938e+00
2.213017225265502930e+00
2.215338945388793945e+00
2.217838525772094727e+00
2.220012903213500977e+00
2.222217321395874023e+00
2.224269628524780273e+00
2.226095438003540039e+00
2.228107213973999023e+00
2.230095386505126953e+00
2.231835603713989258e+00
2.233835697174072266e+00
2.237812757492065430e+00
2.240541696548461914e+00
2.243010997772216797e+00
2.245454549789428711e+00
2.248044967651367188e+00
2.250903367996215820e+00
2.253445148468017578e+00
2.255747795104980469e+00
2.258170604705810547e+00
2.260264158248901367e+00
2.263110160827636719e+00
2.265128374099731445e+00
2.267513513565063477e+00
2.270869493484497070e+00
2.273130893707275391e+00
2.275359392166137695e+00
2.277240276336669922e+00
2.279862403869628906e+00
2.282371997833251953e+00
2.284728765487670898e+00
2.286724090576171875e+00
2.289126157760620117e+00
2.291252851486206055e+00
2.293488979339599609e+00
2.295567512512207031e+00
2.297750949859619141e+00
2.300530672073364258e+00
2.303383111953735352e+00
2.305474519729614258e+00
2.307474136352539062e+00
2.309348821640014648e+00
2.311246395111083984e+00
2.313749551773071289e+00
2.316091299057006836e+00
2.318985939025878906e+00
2.321112394332885742e+00
2.323248147964477539e+00
2.325270414352416992e+00
2.327257871627807617e+00
2.329264879226684570e+00
2.331247091293334961e+00
2.333254337310791016e+00
2.336275100708007812e+00
2.338222026824951172e+00
2.340255260467529297e+00
2.342728614807128906e+00
2.344723463058471680e+00
2.347130537033081055e+00
2.349233388900756836e+00
2.351268529891967773e+00
2.353758335113525391e+00
2.355874538421630859e+00
2.357873678207397461e+00
2.359861373901367188e+00
2.362258434295654297e+00
2.364282608032226562e+00
2.366255760192871094e+00
2.368963956832885742e+00
2.370876789093017578e+00
2.373560428619384766e+00
2.375735044479370117e+00
2.377949714660644531e+00
2.380906820297241211e+00
2.383107423782348633e+00
2.385092735290527344e+00
2.386705398559570312e+00
2.388849020004272461e+00
2.390705585479736328e+00
2.392470598220825195e+00
2.394225597381591797e+00
2.396062850952148438e+00
2.398255348205566406e+00
2.400280952453613281e+00
2.406511545181274414e+00
2.408984899520874023e+00
2.411399126052856445e+00
2.414070844650268555e+00
2.416429042816162109e+00
2.418768405914306641e+00
2.420876741409301758e+00
2.423434972763061523e+00
2.425505876541137695e+00
2.427756786346435547e+00
2.430745840072631836e+00
2.433250188827514648e+00
2.435840129852294922e+00
2.438139915466308594e+00
2.440259218215942383e+00
2.442487239837646484e+00
2.444925069808959961e+00
2.447094917297363281e+00
2.449407100677490234e+00
2.451919555664062500e+00
2.454562664031982422e+00
2.456937551498413086e+00
2.459368944168090820e+00
2.462146520614624023e+00
2.465055465698242188e+00
2.468142271041870117e+00
2.471440076828002930e+00
2.474875450134277344e+00
2.478415966033935547e+00
2.481866836547851562e+00
2.484530448913574219e+00
2.487805604934692383e+00
2.491039037704467773e+00
2.494192838668823242e+00
2.497832536697387695e+00
2.500568628311157227e+00
2.505319118499755859e+00
2.508436441421508789e+00
2.511781454086303711e+00
2.515077352523803711e+00
2.517909765243530273e+00
2.521181106567382812e+00
2.524668931961059570e+00
2.528093099594116211e+00
2.531064748764038086e+00
2.534622669219970703e+00
2.538845062255859375e+00
2.542100191116333008e+00
2.545463800430297852e+00
2.548167228698730469e+00
2.550893545150756836e+00
2.553941249847412109e+00
2.557250738143920898e+00
2.560055971145629883e+00
2.563635587692260742e+00
2.566405773162841797e+00
2.570337295532226562e+00
2.573536396026611328e+00
2.576575756072998047e+00
2.579526901245117188e+00
2.582396745681762695e+00
2.585044384002685547e+00
2.588024139404296875e+00
2.590540885925292969e+00
2.593518972396850586e+00
2.596996068954467773e+00
2.600150585174560547e+00
2.603027820587158203e+00
2.605744123458862305e+00
2.608560323715209961e+00
2.612077951431274414e+00
2.615807056427001953e+00
2.619336843490600586e+00
2.622944831848144531e+00
2.626852273941040039e+00
2.630338430404663086e+00
2.633955955505371094e+00
2.638183593750000000e+00
2.641552925109863281e+00
2.646058559417724609e+00
2.649878978729248047e+00
2.653376817703247070e+00
2.658037900924682617e+00
2.661974906921386719e+00
2.666111230850219727e+00
2.670475721359252930e+00
2.674362421035766602e+00
2.678272247314453125e+00
2.682892799377441406e+00
2.686932325363159180e+00
2.691011428833007812e+00
2.695638179779052734e+00
2.699366331100463867e+00
2.704623937606811523e+00
2.709192037582397461e+00
2.713843822479248047e+00
2.719017744064331055e+00
2.722997426986694336e+00
2.727990865707397461e+00
2.732964515686035156e+00
2.737839460372924805e+00
2.741935729980468750e+00
2.746848821640014648e+00
2.751039743423461914e+00
2.755251407623291016e+00
2.759080648422241211e+00
2.762831926345825195e+00
2.766177892684936523e+00
2.771768093109130859e+00
2.775968074798583984e+00
2.780725955963134766e+00
2.784895420074462891e+00
2.789370298385620117e+00
2.793017625808715820e+00
2.796417236328125000e+00
2.799273014068603516e+00
2.805326700210571289e+00
2.809933662414550781e+00
2.814852476119995117e+00
2.818840503692626953e+00
2.822812080383300781e+00
2.827075481414794922e+00
2.831126689910888672e+00
2.835577011108398438e+00
2.839996099472045898e+00
2.844125032424926758e+00
2.848349094390869141e+00
2.851995706558227539e+00
2.855832815170288086e+00
2.859076738357543945e+00
2.862843275070190430e+00
2.866073846817016602e+00
2.869603395462036133e+00
2.873896121978759766e+00
2.877439260482788086e+00
2.881337404251098633e+00
2.885085344314575195e+00
2.889079570770263672e+00
2.892989635467529297e+00
2.897955894470214844e+00
2.904563188552856445e+00
2.908622980117797852e+00
2.912061929702758789e+00
2.915946245193481445e+00
2.919928550720214844e+00
2.923780202865600586e+00
2.927209854125976562e+00
2.930789470672607422e+00
2.933808088302612305e+00
2.937547445297241211e+00
2.940434694290161133e+00
2.942930698394775391e+00
2.945965528488159180e+00
2.948411226272583008e+00
2.950736284255981445e+00
2.952930212020874023e+00
2.956013917922973633e+00
2.958955287933349609e+00
2.961518526077270508e+00
2.963760137557983398e+00
2.966263055801391602e+00
2.968873977661132812e+00
2.971233367919921875e+00
2.973264694213867188e+00
2.975354194641113281e+00
2.977824449539184570e+00
2.980259418487548828e+00
2.982764959335327148e+00
2.985278129577636719e+00
2.987364768981933594e+00
2.989732265472412109e+00
2.991736888885498047e+00
2.994381904602050781e+00
2.996903419494628906e+00
2.999109029769897461e+00
3.003516674041748047e+00
3.007148504257202148e+00
3.009916543960571289e+00
3.012830734252929688e+00
3.015514135360717773e+00
3.018067359924316406e+00
3.020897388458251953e+00
3.023425817489624023e+00
3.025910615921020508e+00
3.029121637344360352e+00
3.031891345977783203e+00
3.034293413162231445e+00
3.037995576858520508e+00
3.040485143661499023e+00
3.043086051940917969e+00
3.045892715454101562e+00
3.048812866210937500e+00
3.051273345947265625e+00
3.054438829421997070e+00
3.057018518447875977e+00
3.059915065765380859e+00
3.062869071960449219e+00
3.066348314285278320e+00
3.070260047912597656e+00
3.073072195053100586e+00
3.075932502746582031e+00
3.078785896301269531e+00
3.081527233123779297e+00
3.083899974822998047e+00
3.086489200592041016e+00
3.089560508728027344e+00
3.092566967010498047e+00
3.095310926437377930e+00
3.098266601562500000e+00
3.101087331771850586e+00
3.104001522064208984e+00
3.106882095336914062e+00
3.109404325485229492e+00
3.112161159515380859e+00
3.115448474884033203e+00
3.117708444595336914e+00
3.119893312454223633e+00
3.122547388076782227e+00
3.124999046325683594e+00
3.127751827239990234e+00
3.130370140075683594e+00
3.132748365402221680e+00
3.136379480361938477e+00
3.139310359954833984e+00
3.141907930374145508e+00
3.144885778427124023e+00
3.148160934448242188e+00
3.151025056838989258e+00
3.154248714447021484e+00
3.157031059265136719e+00
3.159631252288818359e+00
3.162363767623901367e+00
3.165015935897827148e+00
3.167783737182617188e+00
3.170725822448730469e+00
3.173309326171875000e+00
3.175928115844726562e+00
3.179230928421020508e+00
3.182392597198486328e+00
3.185045003890991211e+00
3.187903404235839844e+00
3.190382957458496094e+00
3.193024635314941406e+00
3.195398330688476562e+00
3.198664903640747070e+00
3.201482057571411133e+00
3.205256938934326172e+00
3.208504438400268555e+00
3.211533546447753906e+00
3.214561939239501953e+00
3.217280387878417969e+00
3.220350742340087891e+00
3.222878694534301758e+00
3.225522279739379883e+00
3.228793621063232422e+00
3.231786966323852539e+00
3.235155820846557617e+00
3.238877534866333008e+00
3.242025375366210938e+00
3.245562076568603516e+00
3.248873710632324219e+00
3.251741409301757812e+00
3.254959344863891602e+00
3.258143186569213867e+00
3.261138916015625000e+00
3.263916254043579102e+00
3.266929626464843750e+00
3.270430088043212891e+00
3.274080276489257812e+00
3.277249336242675781e+00
3.280886173248291016e+00
3.283824205398559570e+00
3.287055492401123047e+00
3.290392637252807617e+00
3.294126272201538086e+00
3.297525405883789062e+00
3.301355600357055664e+00
3.305405855178833008e+00
3.308800220489501953e+00
3.313076019287109375e+00
3.316170454025268555e+00
3.319421768188476562e+00
3.322565793991088867e+00
3.325565338134765625e+00
3.328856945037841797e+00
3.331551313400268555e+00
3.334031820297241211e+00
3.337346553802490234e+00
3.340249061584472656e+00
3.342771768569946289e+00
3.345940351486206055e+00
3.348578691482543945e+00
3.351537942886352539e+00
3.354267835617065430e+00
3.356965541839599609e+00
3.359377622604370117e+00
3.362574815750122070e+00
3.365508556365966797e+00
3.368362426757812500e+00
3.372459888458251953e+00
3.374880313873291016e+00
3.377867221832275391e+00
3.381116628646850586e+00
3.384187698364257812e+00
3.387432813644409180e+00
3.390424966812133789e+00
3.393170118331909180e+00
3.396934032440185547e+00
3.400873661041259766e+00
3.406950712203979492e+00
3.410247802734375000e+00
3.413270235061645508e+00
3.416016340255737305e+00
3.419656276702880859e+00
3.422790765762329102e+00
3.426037788391113281e+00
3.429570436477661133e+00
3.432756185531616211e+00
3.435595035552978516e+00
3.439374923706054688e+00
3.443972587585449219e+00
3.447999238967895508e+00
3.451859951019287109e+00
3.455910921096801758e+00
3.459151744842529297e+00
3.461886644363403320e+00
3.464411020278930664e+00
3.467517137527465820e+00
3.470524787902832031e+00
3.473613262176513672e+00
3.476998567581176758e+00
3.480305910110473633e+00
3.483508348464965820e+00
3.487020492553710938e+00
3.490204811096191406e+00
3.493761301040649414e+00
3.497394561767578125e+00
3.501034259796142578e+00
3.506534099578857422e+00
3.510068416595458984e+00
3.513858318328857422e+00
3.517269134521484375e+00
3.520477056503295898e+00
3.523724079132080078e+00
3.526918411254882812e+00
3.530095815658569336e+00
3.533022165298461914e+00
3.537798881530761719e+00
3.541229009628295898e+00
3.545050859451293945e+00
3.548509597778320312e+00
3.552032470703125000e+00
3.555639743804931641e+00
3.559035778045654297e+00
3.562815189361572266e+00
3.566413164138793945e+00
3.570846080780029297e+00
3.574368715286254883e+00
3.577772617340087891e+00
3.581668376922607422e+00
3.585206031799316406e+00
3.588860750198364258e+00
3.592093467712402344e+00
3.595154047012329102e+00
3.598824977874755859e+00
3.601536512374877930e+00
3.604964017868041992e+00
3.607770681381225586e+00
3.610519886016845703e+00
3.613871574401855469e+00
3.616897583007812500e+00
3.620103359222412109e+00
3.623173475265502930e+00
3.626189231872558594e+00
3.629583597183227539e+00
3.632551908493041992e+00
3.635707378387451172e+00
3.639024734497070312e+00
3.642609357833862305e+00
3.645924568176269531e+00
3.649221181869506836e+00
3.652383565902709961e+00
3.655825614929199219e+00
3.659055709838867188e+00
3.662622928619384766e+00
3.666648626327514648e+00
3.671038866043090820e+00
3.674811840057373047e+00
3.678227186203002930e+00
3.682040214538574219e+00
3.685450077056884766e+00
3.689222335815429688e+00
3.691900014877319336e+00
3.695445775985717773e+00
3.698855876922607422e+00
3.701648950576782227e+00
3.705250263214111328e+00
3.708485364913940430e+00
3.711497068405151367e+00
3.714915752410888672e+00
3.718190193176269531e+00
3.721436977386474609e+00
3.724824905395507812e+00
3.728045940399169922e+00
3.731122970581054688e+00
3.734542608261108398e+00
3.737743616104125977e+00
3.740263700485229492e+00
3.743041276931762695e+00
3.746806383132934570e+00
3.749745130538940430e+00
3.751987218856811523e+00
3.754569053649902344e+00
3.758379459381103516e+00
3.762281417846679688e+00
3.765032291412353516e+00
3.768906116485595703e+00
3.772965431213378906e+00
3.776154518127441406e+00
3.779426097869873047e+00
3.782788753509521484e+00
3.786158084869384766e+00
3.789189100265502930e+00
3.792623758316040039e+00
3.795546293258666992e+00
3.798833131790161133e+00
3.802370548248291016e+00
3.806060552597045898e+00
3.809064149856567383e+00
3.812819719314575195e+00
3.816169977188110352e+00
3.819921493530273438e+00
3.823172807693481445e+00
3.825902462005615234e+00
3.829225063323974609e+00
3.832528829574584961e+00
3.835431337356567383e+00
3.838943481445312500e+00
3.841492176055908203e+00
3.844122171401977539e+00
3.847359895706176758e+00
3.850925445556640625e+00
3.854049444198608398e+00
3.857463836669921875e+00
3.860830545425415039e+00
3.863913297653198242e+00
3.867594957351684570e+00
3.871968269348144531e+00
3.875080823898315430e+00
3.878471136093139648e+00
3.881904602050781250e+00
3.884956121444702148e+00
3.888053894042968750e+00
3.891409158706665039e+00
3.894271612167358398e+00
3.897144079208374023e+00
3.899963140487670898e+00
3.905652284622192383e+00
3.909237623214721680e+00
3.912953615188598633e+00
3.916092157363891602e+00
3.919978141784667969e+00
3.923920392990112305e+00
3.927236795425415039e+00
3.930148124694824219e+00
3.933572769165039062e+00
3.936881303787231445e+00
3.940166473388671875e+00
3.943605422973632812e+00
3.947168111801147461e+00
3.950878381729125977e+00
3.953828573226928711e+00
3.956526517868041992e+00
3.959540605545043945e+00
3.962551355361938477e+00
3.965433359146118164e+00
3.968562126159667969e+00
3.971818685531616211e+00
3.975563287734985352e+00
3.978776931762695312e+00
3.982409238815307617e+00
3.985938787460327148e+00
3.989516258239746094e+00
3.992813587188720703e+00
3.996537446975708008e+00
3.999923467636108398e+00
4.004525899887084961e+00
4.007865905761718750e+00
4.010548830032348633e+00
4.013957262039184570e+00
4.017325162887573242e+00
4.021942615509033203e+00
4.025433778762817383e+00
4.028494834899902344e+00
4.031897068023681641e+00
4.035085678100585938e+00
4.038527250289916992e+00
4.041877746582031250e+00
4.046385049819946289e+00
4.049907922744750977e+00
4.053886890411376953e+00
4.057401418685913086e+00
4.060563087463378906e+00
4.063847064971923828e+00
4.067063570022583008e+00
4.070519924163818359e+00
4.073278903961181641e+00
4.076373577117919922e+00
4.079953908920288086e+00
4.083886384963989258e+00
4.087304830551147461e+00
4.090567350387573242e+00
4.093884944915771484e+00
4.096896409988403320e+00
4.099510908126831055e+00
4.102579116821289062e+00
4.105526447296142578e+00
4.108560323715209961e+00
4.111855030059814453e+00
4.115266561508178711e+00
4.118600606918334961e+00
4.121524810791015625e+00
4.124524593353271484e+00
4.127527475357055664e+00
4.131133317947387695e+00
4.134917020797729492e+00
4.139121770858764648e+00
4.142848253250122070e+00
4.146571159362792969e+00
4.149513244628906250e+00
4.152390003204345703e+00
4.155271530151367188e+00
4.158782720565795898e+00
4.161858320236206055e+00
4.164618492126464844e+00
4.167562007904052734e+00
4.171133518218994141e+00
4.174426078796386719e+00
4.177553176879882812e+00
4.180894851684570312e+00
4.184029102325439453e+00
4.187461376190185547e+00
4.190789699554443359e+00
4.194054841995239258e+00
4.197141647338867188e+00
4.200280427932739258e+00
4.204343557357788086e+00
4.207508802413940430e+00
4.211264610290527344e+00
4.214786291122436523e+00
4.217814207077026367e+00
4.221595287322998047e+00
4.225003480911254883e+00
4.228121995925903320e+00
4.231627464294433594e+00
4.235409736633300781e+00
4.239384651184082031e+00
4.242813348770141602e+00
4.246153831481933594e+00
4.249257564544677734e+00
4.252547502517700195e+00
4.255763769149780273e+00
4.258788108825683594e+00
4.261895895004272461e+00
4.264846801757812500e+00
4.268236875534057617e+00
4.272755384445190430e+00
4.276274681091308594e+00
4.280230760574340820e+00
4.283465862274169922e+00
4.286999940872192383e+00
4.290430784225463867e+00
4.293483257293701172e+00
4.296434402465820312e+00
4.299945592880249023e+00
4.302804946899414062e+00
4.306261777877807617e+00
4.309999227523803711e+00
4.313817262649536133e+00
4.316540241241455078e+00
4.319252967834472656e+00
4.321722745895385742e+00
4.323986530303955078e+00
4.326513051986694336e+00
4.330235958099365234e+00
4.333205223083496094e+00
4.336898803710937500e+00
4.340442895889282227e+00
4.343543291091918945e+00
4.346788883209228516e+00
4.349791288375854492e+00
4.352817773818969727e+00
4.356077432632446289e+00
4.359162092208862305e+00
4.362427711486816406e+00
4.365956544876098633e+00
4.369871854782104492e+00
4.373027801513671875e+00
4.376292228698730469e+00
4.379850864410400391e+00
4.382922887802124023e+00
4.385942697525024414e+00
4.388994932174682617e+00
4.392406463623046875e+00
4.395922660827636719e+00
4.399034500122070312e+00
4.402130603790283203e+00
4.408243656158447266e+00
4.412126779556274414e+00
4.415395021438598633e+00
4.418673038482666016e+00
4.421943187713623047e+00
4.425319194793701172e+00
4.428695440292358398e+00
4.431577682495117188e+00
4.434458494186401367e+00
4.437432527542114258e+00
4.440756082534790039e+00
4.443362951278686523e+00
4.446777820587158203e+00
4.449560403823852539e+00
4.452803850173950195e+00
4.455858230590820312e+00
4.459079027175903320e+00
4.462570667266845703e+00
4.465794324874877930e+00
4.469019412994384766e+00
4.472154855728149414e+00
4.475044488906860352e+00
4.478369474411010742e+00
4.481105089187622070e+00
4.484261274337768555e+00
4.487583637237548828e+00
4.491256475448608398e+00
4.494918584823608398e+00
4.498527288436889648e+00
4.502072572708129883e+00
4.507462501525878906e+00
4.510944366455078125e+00
4.514460563659667969e+00
4.517571449279785156e+00
4.520973920822143555e+00
4.524954795837402344e+00
4.528606891632080078e+00
4.531795024871826172e+00
4.535443544387817383e+00
4.539231538772583008e+00
4.542433977127075195e+00
4.545762062072753906e+00
4.548547744750976562e+00
4.551531791687011719e+00
4.554495334625244141e+00
4.557389974594116211e+00
4.560435295104980469e+00
4.563032150268554688e+00
4.565902948379516602e+00
4.569187402725219727e+00
4.573258638381958008e+00
4.577011823654174805e+00
4.580803632736206055e+00
4.583943605422973633e+00
4.586476564407348633e+00
4.589222908020019531e+00
4.591359615325927734e+00
4.594139337539672852e+00
4.597132205963134766e+00
4.599889278411865234e+00
4.603156566619873047e+00
4.606153011322021484e+00
4.609002351760864258e+00
4.612334728240966797e+00
4.615531444549560547e+00
4.618735551834106445e+00
4.621395349502563477e+00
4.623877286911010742e+00
4.627587795257568359e+00
4.631197929382324219e+00
4.634381055831909180e+00
4.637751102447509766e+00
4.640551328659057617e+00
4.643800258636474609e+00
4.647037744522094727e+00
4.650416851043701172e+00
4.653792858123779297e+00
4.656833648681640625e+00
4.659791707992553711e+00
4.663011312484741211e+00
4.666253805160522461e+00
4.668890714645385742e+00
4.673362016677856445e+00
4.676869392395019531e+00
4.680810689926147461e+00
4.683937549591064453e+00
4.686982631683349609e+00
4.690396547317504883e+00
4.693853616714477539e+00
4.696575641632080078e+00
4.699512243270874023e+00
4.702865362167358398e+00
4.707188606262207031e+00
4.711902141571044922e+00
4.715054035186767578e+00
4.718417882919311523e+00
4.722031116485595703e+00
4.725049734115600586e+00
4.728270769119262695e+00
4.731177330017089844e+00
4.734042882919311523e+00
4.738208770751953125e+00
4.742056608200073242e+00
4.745814800262451172e+00
4.748910665512084961e+00
4.751912355422973633e+00
4.754389524459838867e+00
4.757864713668823242e+00
4.760935544967651367e+00
4.764773845672607422e+00
4.768378257751464844e+00
4.772304296493530273e+00
4.775809288024902344e+00
4.779500246047973633e+00
4.782772302627563477e+00
4.786477327346801758e+00
4.789970159530639648e+00
4.793857812881469727e+00
4.797397136688232422e+00
4.800884485244750977e+00
4.804837703704833984e+00
4.808514118194580078e+00
4.811916828155517578e+00
4.815486669540405273e+00
4.818800687789916992e+00
4.822218894958496094e+00
4.825915336608886719e+00
4.828899383544921875e+00
4.831511497497558594e+00
4.835024118423461914e+00
4.838761091232299805e+00
4.842080831527709961e+00
4.845359325408935547e+00
4.848944902420043945e+00
4.853511095046997070e+00
4.856497764587402344e+00
4.859859704971313477e+00
4.862895011901855469e+00
4.865889787673950195e+00
4.869359493255615234e+00
4.874028921127319336e+00
4.877493381500244141e+00
4.880863666534423828e+00
4.884081602096557617e+00
4.887529373168945312e+00
4.890792846679687500e+00
4.894259929656982422e+00
4.897433757781982422e+00
4.900540828704833984e+00
4.903387308120727539e+00
4.907198429107666016e+00
4.910526275634765625e+00
4.913935184478759766e+00
4.916798591613769531e+00
4.919817447662353516e+00
4.922503471374511719e+00
4.925991535186767578e+00
4.929164886474609375e+00
4.932518959045410156e+00
4.935888528823852539e+00
4.939089298248291016e+00
4.942554473876953125e+00
4.945517778396606445e+00
4.948426246643066406e+00
4.951277017593383789e+00
4.954787492752075195e+00
4.958053588867187500e+00
4.961173772811889648e+00
4.964144945144653320e+00
4.967404127120971680e+00
4.970905065536499023e+00
4.974561929702758789e+00
4.978175401687622070e+00
4.982267856597900391e+00
4.985190629959106445e+00
4.988544225692749023e+00
4.991612434387207031e+00
4.994980335235595703e+00
4.998826265335083008e+00
5.002348661422729492e+00
5.005894660949707031e+00
5.008742094039916992e+00
5.012000322341918945e+00
5.015891075134277344e+00
5.019038677215576172e+00
5.022539377212524414e+00
5.025322675704956055e+00
5.028538465499877930e+00
5.031791448593139648e+00
5.035368919372558594e+00
5.040046691894531250e+00
5.043596982955932617e+00
5.047051668167114258e+00
5.050454139709472656e+00
5.053773880004882812e+00
5.057341098785400391e+00
5.060074090957641602e+00
5.063490629196166992e+00
5.066874027252197266e+00
5.069881200790405273e+00
5.073145866394042969e+00
5.076646089553833008e+00
5.080325365066528320e+00
5.083960294723510742e+00
5.087375879287719727e+00
5.090011119842529297e+00
5.093978166580200195e+00
5.097622632980346680e+00
5.101352214813232422e+00
5.104839086532592773e+00
5.108041286468505859e+00
5.111817121505737305e+00
5.115022420883178711e+00
5.118391990661621094e+00
5.122060060501098633e+00
5.125828027725219727e+00
5.129574060440063477e+00
5.133889198303222656e+00
5.137389421463012695e+00
5.141976833343505859e+00
5.145960092544555664e+00
5.150100469589233398e+00
5.153826951980590820e+00
5.157032966613769531e+00
5.160062074661254883e+00
5.163668394088745117e+00
5.167347431182861328e+00
5.170917987823486328e+00
5.175247192382812500e+00
5.179290533065795898e+00
5.183099985122680664e+00
5.187214851379394531e+00
5.191074132919311523e+00
5.195024013519287109e+00
5.198536634445190430e+00
5.201931238174438477e+00
5.206999778747558594e+00
5.210940837860107422e+00
5.214184761047363281e+00
5.217835664749145508e+00
5.221789598464965820e+00
5.225925445556640625e+00
5.230024099349975586e+00
5.233838319778442383e+00
5.237131357192993164e+00
5.242058753967285156e+00
5.245789289474487305e+00
5.249226570129394531e+00
5.252422809600830078e+00
5.256980180740356445e+00
5.261041164398193359e+00
5.264766931533813477e+00
5.268628120422363281e+00
5.273160219192504883e+00
5.277913808822631836e+00
5.282025814056396484e+00
5.285578012466430664e+00
5.288842916488647461e+00
5.292296886444091797e+00
5.295562505722045898e+00
5.299931049346923828e+00
5.303533554077148438e+00
5.307996988296508789e+00
5.311794281005859375e+00
5.315133333206176758e+00
5.318895578384399414e+00
5.322834968566894531e+00
5.326840400695800781e+00
5.330607891082763672e+00
5.334959506988525391e+00
5.339955568313598633e+00
5.343631267547607422e+00
5.347649335861206055e+00
5.351889848709106445e+00
5.356331586837768555e+00
5.360035181045532227e+00
5.363866090774536133e+00
5.367863655090332031e+00
5.373268604278564453e+00
5.376959085464477539e+00
5.380614995956420898e+00
5.384952783584594727e+00
5.389958143234252930e+00
5.394910573959350586e+00
5.399552822113037109e+00
5.403606176376342773e+00
5.409823894500732422e+00
5.413923978805541992e+00
5.417861461639404297e+00
5.421922922134399414e+00
5.426146030426025391e+00
5.429394483566284180e+00
5.433273077011108398e+00
5.437023878097534180e+00
5.440555572509765625e+00
5.444905042648315430e+00
5.448982000350952148e+00
5.452987670898437500e+00
5.456926345825195312e+00
5.461237430572509766e+00
5.465891122817993164e+00
5.469784975051879883e+00
5.473464965820312500e+00
5.478010892868041992e+00
5.481950044631958008e+00
5.486938953399658203e+00
5.491075754165649414e+00
5.494835853576660156e+00
5.498531341552734375e+00
5.502953290939331055e+00
5.509399414062500000e+00
5.513356685638427734e+00
5.516582965850830078e+00
5.520567178726196289e+00
5.524185180664062500e+00
5.527948141098022461e+00
5.531656980514526367e+00
5.535288333892822266e+00
5.539783477783203125e+00
5.543318986892700195e+00
5.547147035598754883e+00
5.550598859786987305e+00
5.554315090179443359e+00
5.557983160018920898e+00
5.562175512313842773e+00
5.566299200057983398e+00
5.570155143737792969e+00
5.573751688003540039e+00
5.576481819152832031e+00
5.580121755599975586e+00
5.584893941879272461e+00
5.588783740997314453e+00
5.592314720153808594e+00
5.596941947937011719e+00
5.600919961929321289e+00
5.604272842407226562e+00
5.608287572860717773e+00
5.612363576889038086e+00
5.615916013717651367e+00
5.620870828628540039e+00
5.624296665191650391e+00
5.628286600112915039e+00
5.631788492202758789e+00
5.635318994522094727e+00
5.639995098114013672e+00
5.644083261489868164e+00
5.647906064987182617e+00
5.651524305343627930e+00
5.655015230178833008e+00
5.659119129180908203e+00
5.662400722503662109e+00
5.665925264358520508e+00
5.669529676437377930e+00
5.673844337463378906e+00
5.677575111389160156e+00
5.680538177490234375e+00
5.684030532836914062e+00
5.687845230102539062e+00
5.691599607467651367e+00
5.694891452789306641e+00
5.698922157287597656e+00
5.703196287155151367e+00
5.707882881164550781e+00
5.713173627853393555e+00
5.716902494430541992e+00
5.720380067825317383e+00
5.723802804946899414e+00
5.727935075759887695e+00
5.731929540634155273e+00
5.735342025756835938e+00
5.738872289657592773e+00
5.742561340332031250e+00
5.746859312057495117e+00
5.750908613204956055e+00
5.754982471466064453e+00
5.758807420730590820e+00
5.762228965759277344e+00
5.765905141830444336e+00
5.769423484802246094e+00
5.773900747299194336e+00
5.777545690536499023e+00
5.781959533691406250e+00
5.786433935165405273e+00
5.790388822555541992e+00
5.794000625610351562e+00
5.797571420669555664e+00
5.800916194915771484e+00
5.804206609725952148e+00
5.807814359664916992e+00
5.811196565628051758e+00
5.815023183822631836e+00
5.818984985351562500e+00
5.822931051254272461e+00
5.827528953552246094e+00
5.830503702163696289e+00
5.833920001983642578e+00
5.837879419326782227e+00
5.841822385787963867e+00
5.845666170120239258e+00
5.849539756774902344e+00
5.853826522827148438e+00
5.857191801071166992e+00
5.860945940017700195e+00
5.864811658859252930e+00
5.867814779281616211e+00
5.871283292770385742e+00
5.875834226608276367e+00
5.879897832870483398e+00
5.884568452835083008e+00
5.888038396835327148e+00
5.891394138336181641e+00
5.895959377288818359e+00
5.900951623916625977e+00
5.906011343002319336e+00
5.910901308059692383e+00
5.914518117904663086e+00
5.918384552001953125e+00
5.921804428100585938e+00
5.925203084945678711e+00
5.929070234298706055e+00
5.932815551757812500e+00
5.936288595199584961e+00
5.939499616622924805e+00
5.942857265472412109e+00
5.947843074798583984e+00
5.951146602630615234e+00
5.954530715942382812e+00
5.958165645599365234e+00
5.962061166763305664e+00
5.965839862823486328e+00
5.969576597213745117e+00
5.973952770233154297e+00
5.977860927581787109e+00
5.981361627578735352e+00
5.984929561614990234e+00
5.988861322402954102e+00
5.992177486419677734e+00
5.995877504348754883e+00
5.999580860137939453e+00
6.002917051315307617e+00
6.008151769638061523e+00
6.012149572372436523e+00
6.015898704528808594e+00
6.019833564758300781e+00
6.024957180023193359e+00
6.029949426651000977e+00
6.034548997879028320e+00
6.038240671157836914e+00
6.042954444885253906e+00
6.047227621078491211e+00
6.050855159759521484e+00
6.054769754409790039e+00
6.057792186737060547e+00
6.060820817947387695e+00
6.063573598861694336e+00
6.066857576370239258e+00
6.070189952850341797e+00
6.073864459991455078e+00
6.077297687530517578e+00
6.081092119216918945e+00
6.084623813629150391e+00
6.088905811309814453e+00
6.092623233795166016e+00
6.095930814743041992e+00
6.099929809570312500e+00
6.103485345840454102e+00
6.107517957687377930e+00
6.111063480377197266e+00
6.113955259323120117e+00
6.116913795471191406e+00
6.119892120361328125e+00
6.123668432235717773e+00
6.127917766571044922e+00
6.132945060729980469e+00
6.137947082519531250e+00
6.141567230224609375e+00
6.145152568817138672e+00
6.148823738098144531e+00
6.152430534362792969e+00
6.155911445617675781e+00
6.159320116043090820e+00
6.164031028747558594e+00
6.167370080947875977e+00
6.171426773071289062e+00
6.180970430374145508e+00
6.184967517852783203e+00
6.188908815383911133e+00
6.192566633224487305e+00
6.196229696273803711e+00
6.200182914733886719e+00
6.204061508178710938e+00
6.208607196807861328e+00
6.212898254394531250e+00
6.216933727264404297e+00
6.220970869064331055e+00
6.224479675292968750e+00
6.227554321289062500e+00
6.231948375701904297e+00
6.236894130706787109e+00
6.243838310241699219e+00
6.247910976409912109e+00
6.252859115600585938e+00
6.256890058517456055e+00
6.260914087295532227e+00
6.264915943145751953e+00
6.267856836318969727e+00
6.271280765533447266e+00
6.275911092758178711e+00
6.280891656875610352e+00
6.285484790802001953e+00
6.289599895477294922e+00
6.293261051177978516e+00
6.296905279159545898e+00
6.300834178924560547e+00
6.304232120513916016e+00
6.307374715805053711e+00
6.311850547790527344e+00
6.315414190292358398e+00
6.319396257400512695e+00
6.323026418685913086e+00
6.327029943466186523e+00
6.331926584243774414e+00
6.335789442062377930e+00
6.341908216476440430e+00
6.345369815826416016e+00
6.348865747451782227e+00
6.352170467376708984e+00
6.356615781784057617e+00
6.360483646392822266e+00
6.364067554473876953e+00
6.367606639862060547e+00
6.371919870376586914e+00
6.376955986022949219e+00
6.380610227584838867e+00
6.384911537170410156e+00
6.389559507369995117e+00
6.394046783447265625e+00
6.397847652435302734e+00
6.401523351669311523e+00
6.405271053314208984e+00
6.409781694412231445e+00
6.414285421371459961e+00
6.417917966842651367e+00
6.421984195709228516e+00
6.426896810531616211e+00
6.431118249893188477e+00
6.434864282608032227e+00
6.438882350921630859e+00
6.442572116851806641e+00
6.446026802062988281e+00
6.449054956436157227e+00
6.452919006347656250e+00
6.457401752471923828e+00
6.461409330368041992e+00
6.465142965316772461e+00
6.468846797943115234e+00
6.474294662475585938e+00
6.478842258453369141e+00
6.482863664627075195e+00
6.487010002136230469e+00
6.490826368331909180e+00
6.494308710098266602e+00
6.497869729995727539e+00
6.501231193542480469e+00
6.505208492279052734e+00
6.510192871093750000e+00
6.514079093933105469e+00
6.517943143844604492e+00
6.521923065185546875e+00
6.525955438613891602e+00
6.529955148696899414e+00
6.534353017807006836e+00
6.538189649581909180e+00
6.541904687881469727e+00
6.545350551605224609e+00
6.548138380050659180e+00
6.551378488540649414e+00
6.555015325546264648e+00
6.559105157852172852e+00
6.563175439834594727e+00
6.567954063415527344e+00
6.573088169097900391e+00
6.576268911361694336e+00
6.580386638641357422e+00
6.583891630172729492e+00
6.588967323303222656e+00
6.593191385269165039e+00
6.596815347671508789e+00
6.599869251251220703e+00
6.603496551513671875e+00
6.607508659362792969e+00
6.611102819442749023e+00
6.615282058715820312e+00
6.619011640548706055e+00
6.622557163238525391e+00
6.626933574676513672e+00
6.630979061126708984e+00
6.634960889816284180e+00
6.639033555984497070e+00
6.643013954162597656e+00
6.646926164627075195e+00
6.650497913360595703e+00
6.654563426971435547e+00
6.657828569412231445e+00
6.661558151245117188e+00
6.665085315704345703e+00
6.668613910675048828e+00
6.672169446945190430e+00
6.676124095916748047e+00
6.680172443389892578e+00
6.683852672576904297e+00
6.687219619750976562e+00
6.690550327301025391e+00
6.694076776504516602e+00
6.697932958602905273e+00
6.701790094375610352e+00
6.705268144607543945e+00
6.709836244583129883e+00
6.713144063949584961e+00
6.716522216796875000e+00
6.720273017883300781e+00
6.724125146865844727e+00
6.728354454040527344e+00
6.733076333999633789e+00
6.737907409667968750e+00
6.743848323822021484e+00
6.747524023056030273e+00
6.751197814941406250e+00
6.754920959472656250e+00
6.759131193161010742e+00
6.763899564743041992e+00
6.768965721130371094e+00
6.773259401321411133e+00
6.777873516082763672e+00
6.781840085983276367e+00
6.785206556320190430e+00
6.788994073867797852e+00
6.792689561843872070e+00
6.796384572982788086e+00
6.800346851348876953e+00
6.804399013519287109e+00
6.807847499847412109e+00
6.811013460159301758e+00
6.814879655838012695e+00
6.818196535110473633e+00
6.822215318679809570e+00
6.826889038085937500e+00
6.831870555877685547e+00
6.835863113403320312e+00
6.842277765274047852e+00
6.845824003219604492e+00
6.849041223526000977e+00
6.852271795272827148e+00
6.855390310287475586e+00
6.858757257461547852e+00
6.862943172454833984e+00
6.866894245147705078e+00
6.871134281158447266e+00
6.875518798828125000e+00
6.880237340927124023e+00
6.884898185729980469e+00
6.889079093933105469e+00
6.892639636993408203e+00
6.896426439285278320e+00
6.900973081588745117e+00
6.905954122543334961e+00
6.910021543502807617e+00
6.913834333419799805e+00
6.917256593704223633e+00
6.921247243881225586e+00
6.925413370132446289e+00
6.929165840148925781e+00
6.934122085571289062e+00
6.937790393829345703e+00
6.941091775894165039e+00
6.944962024688720703e+00
6.948945522308349609e+00
6.952935934066772461e+00
6.956838607788085938e+00
6.960530281066894531e+00
6.964302062988281250e+00
6.966963768005371094e+00
6.970002174377441406e+00
6.974558591842651367e+00
6.978534936904907227e+00
6.982298374176025391e+00
6.986883401870727539e+00
6.990482091903686523e+00
6.993755578994750977e+00
6.997237205505371094e+00
7.002210378646850586e+00
7.007598161697387695e+00
7.011362075805664062e+00
7.014813661575317383e+00
7.018337965011596680e+00
7.022083997726440430e+00
7.025928497314453125e+00
7.029595136642456055e+00
7.033957242965698242e+00
7.038086414337158203e+00
7.042634487152099609e+00
7.046795606613159180e+00
7.050899505615234375e+00
7.055903673171997070e+00
7.059792280197143555e+00
7.063970565795898438e+00
7.068935871124267578e+00
7.074067354202270508e+00
7.077493906021118164e+00
7.080841779708862305e+00
7.084172010421752930e+00
7.087857246398925781e+00
7.091966629028320312e+00
7.096292972564697266e+00
7.100306272506713867e+00
7.104500532150268555e+00
7.108071327209472656e+00
7.111630916595458984e+00
7.115996837615966797e+00
7.119594573974609375e+00
7.122997045516967773e+00
7.126895189285278320e+00
7.130935668945312500e+00
7.135559082031250000e+00
7.139109373092651367e+00
7.143036365509033203e+00
7.146521806716918945e+00
7.150085449218750000e+00
7.153943538665771484e+00
7.159075021743774414e+00
7.163140296936035156e+00
7.166562795639038086e+00
7.170130491256713867e+00
7.174808979034423828e+00
7.177805900573730469e+00
7.181015014648437500e+00
7.184018135070800781e+00
7.187218666076660156e+00
7.189954280853271484e+00
7.192497014999389648e+00
7.195612907409667969e+00
7.198823928833007812e+00
7.201520919799804688e+00
7.204931259155273438e+00
7.209635257720947266e+00
7.213945865631103516e+00
7.217760562896728516e+00
7.221486091613769531e+00
7.225055217742919922e+00
7.228829860687255859e+00
7.232950925827026367e+00
7.237911701202392578e+00
7.244243144989013672e+00
7.247857093811035156e+00
7.252083063125610352e+00
7.256240129470825195e+00
7.260128021240234375e+00
7.263883829116821289e+00
7.266826629638671875e+00
7.269474506378173828e+00
7.272624492645263672e+00
7.276003599166870117e+00
7.280899047851562500e+00
7.285842895507812500e+00
7.289495706558227539e+00
7.293134212493896484e+00
7.296386718750000000e+00
7.300930261611938477e+00
7.305172443389892578e+00
7.308907985687255859e+00
7.313949823379516602e+00
7.317844390869140625e+00
7.321839332580566406e+00
7.325325965881347656e+00
7.328940391540527344e+00
7.332938194274902344e+00
7.336877822875976562e+00
7.343387842178344727e+00
7.346801280975341797e+00
7.350308656692504883e+00
7.354307174682617188e+00
7.358232975006103516e+00
7.362369298934936523e+00
7.366873979568481445e+00
7.370484113693237305e+00
7.375230550765991211e+00
7.379948854446411133e+00
7.383962869644165039e+00
7.388276576995849609e+00
7.392058372497558594e+00
7.396388292312622070e+00
7.400883913040161133e+00
7.404852151870727539e+00
7.408796787261962891e+00
7.413906812667846680e+00
7.418290853500366211e+00
7.422096729278564453e+00
7.425902605056762695e+00
7.429852008819580078e+00
7.433946132659912109e+00
7.438961744308471680e+00
7.443106889724731445e+00
7.446879863739013672e+00
7.451315402984619141e+00
7.454832077026367188e+00
7.458279371261596680e+00
7.461869239807128906e+00
7.466868638992309570e+00
7.470366477966308594e+00
7.474781274795532227e+00
7.478935956954956055e+00
7.483894348144531250e+00
7.487520694732666016e+00
7.490894556045532227e+00
7.495142459869384766e+00
7.499564886093139648e+00
7.503302812576293945e+00
7.507864236831665039e+00
7.511930465698242188e+00
7.516068458557128906e+00
7.519228219985961914e+00
7.522913217544555664e+00
7.526904582977294922e+00
7.530819177627563477e+00
7.534900903701782227e+00
7.539873600006103516e+00
7.545065879821777344e+00
7.549941778182983398e+00
7.554064989089965820e+00
7.557347774505615234e+00
7.561294555664062500e+00
7.565966129302978516e+00
7.571146488189697266e+00
7.576025247573852539e+00
7.580147504806518555e+00
7.583602905273437500e+00
7.587130308151245117e+00
7.590497732162475586e+00
7.593830347061157227e+00
7.597059011459350586e+00
7.600571870803833008e+00
7.603817462921142578e+00
7.607594728469848633e+00
7.611245155334472656e+00
7.615582466125488281e+00
7.619872570037841797e+00
7.623863220214843750e+00
7.627529382705688477e+00
7.631339073181152344e+00
7.635064125061035156e+00
7.638862848281860352e+00
7.643523693084716797e+00
7.646879673004150391e+00
7.650998592376708984e+00
7.654645442962646484e+00
7.658131837844848633e+00
7.661935567855834961e+00
7.666202545166015625e+00
7.669867515563964844e+00
7.673279285430908203e+00
7.676815271377563477e+00
7.680881261825561523e+00
7.684970617294311523e+00
7.689895629882812500e+00
7.693933010101318359e+00
7.698003053665161133e+00
7.702909946441650391e+00
7.707076311111450195e+00
7.711258649826049805e+00
7.715046644210815430e+00
7.718898534774780273e+00
7.723109245300292969e+00
7.726922988891601562e+00
7.730876207351684570e+00
7.735339164733886719e+00
7.739010810852050781e+00
7.745817422866821289e+00
7.750108003616333008e+00
7.754954338073730469e+00
7.759524822235107422e+00
7.763328313827514648e+00
7.766861200332641602e+00
7.770543575286865234e+00
7.774922370910644531e+00
7.779391050338745117e+00
7.783943414688110352e+00
7.787825584411621094e+00
7.791036128997802734e+00
7.794525146484375000e+00
7.798294067382812500e+00
7.801818370819091797e+00
7.805025339126586914e+00
7.808800220489501953e+00
7.812891960144042969e+00
7.816374778747558594e+00
7.819816589355468750e+00
7.823935985565185547e+00
7.828166961669921875e+00
7.832951784133911133e+00
7.837067365646362305e+00
7.840870857238769531e+00
7.846266269683837891e+00
7.849968910217285156e+00
7.854927778244018555e+00
7.859943866729736328e+00
7.863660097122192383e+00
7.867905855178833008e+00
7.871999979019165039e+00
7.877573013305664062e+00
7.880960941314697266e+00
7.885085821151733398e+00
7.888590812683105469e+00
7.892142295837402344e+00
7.895524263381958008e+00
7.898881435394287109e+00
7.902871131896972656e+00
7.906323909759521484e+00
7.911309719085693359e+00
7.915573596954345703e+00
7.919008493423461914e+00
7.922490358352661133e+00
7.926355123519897461e+00
7.930133581161499023e+00
7.933479547500610352e+00
7.937114715576171875e+00
7.941804170608520508e+00
7.945952177047729492e+00
7.950940847396850586e+00
7.954878330230712891e+00
7.958457469940185547e+00
7.962854385375976562e+00
7.967917442321777344e+00
7.971850156784057617e+00
7.976297616958618164e+00
7.979816198348999023e+00
7.983854532241821289e+00
7.988006353378295898e+00
7.992937326431274414e+00
7.997929573059082031e+00
8.002357959747314453e+00
8.006902217864990234e+00
8.010681867599487305e+00
8.014485836029052734e+00
8.018111705780029297e+00
8.022939920425415039e+00
8.027962207794189453e+00
8.032966136932373047e+00
8.037902832031250000e+00
8.044164180755615234e+00
8.047908067703247070e+00
8.052495479583740234e+00
8.056298732757568359e+00
8.059767007827758789e+00
8.063540935516357422e+00
8.067343235015869141e+00
8.071084499359130859e+00
8.075371742248535156e+00
8.079360485076904297e+00
8.083259344100952148e+00
8.087958335876464844e+00
8.091939449310302734e+00
8.095840454101562500e+00
8.099354505538940430e+00
8.102861642837524414e+00
8.106030464172363281e+00
8.109985113143920898e+00
8.113938570022583008e+00
8.117898225784301758e+00
8.122930049896240234e+00
8.127058506011962891e+00
8.130476474761962891e+00
8.133867025375366211e+00
8.137003421783447266e+00
8.140621185302734375e+00
8.145935058593750000e+00
8.149911403656005859e+00
8.154031991958618164e+00
8.157351255416870117e+00
8.160778999328613281e+00
8.164019107818603516e+00
8.167376041412353516e+00
8.171026229858398438e+00
8.176116943359375000e+00
8.179339170455932617e+00
8.182755470275878906e+00
8.186447620391845703e+00
8.189812660217285156e+00
8.192882061004638672e+00
8.196312665939331055e+00
8.200204849243164062e+00
8.204892158508300781e+00
8.208585977554321289e+00
8.212719202041625977e+00
8.216503620147705078e+00
8.220880746841430664e+00
8.224945306777954102e+00
8.228924274444580078e+00
8.232748031616210938e+00
8.236167907714843750e+00
8.239915132522583008e+00
8.245503664016723633e+00
8.249158859252929688e+00
8.252912998199462891e+00
8.256829977035522461e+00
8.261009216308593750e+00
8.265211582183837891e+00
8.269003868103027344e+00
8.272914171218872070e+00
8.277237653732299805e+00
8.281939268112182617e+00
8.286319255828857422e+00
8.289884090423583984e+00
8.293876647949218750e+00
8.297916650772094727e+00
8.303365945816040039e+00
8.307885169982910156e+00
8.312929630279541016e+00
8.317290067672729492e+00
8.320872545242309570e+00
8.324926137924194336e+00
8.329857349395751953e+00
8.334046363830566406e+00
8.337796688079833984e+00
8.343641996383666992e+00
8.347557783126831055e+00
8.351248741149902344e+00
8.355285406112670898e+00
8.359051465988159180e+00
8.363933563232421875e+00
8.368933916091918945e+00
8.373266696929931641e+00
8.378630399703979492e+00
8.382229328155517578e+00
8.386279344558715820e+00
8.389880180358886719e+00
8.393973588943481445e+00
8.398310899734497070e+00
8.402145147323608398e+00
8.405852317810058594e+00
8.410444021224975586e+00
8.414582967758178711e+00
8.418859720230102539e+00
8.422801733016967773e+00
8.426923513412475586e+00
8.431974411010742188e+00
8.436830520629882812e+00
8.440920114517211914e+00
8.445105552673339844e+00
8.449493408203125000e+00
8.453884840011596680e+00
8.457929372787475586e+00
8.462973594665527344e+00
8.467233419418334961e+00
8.470509529113769531e+00
8.474111557006835938e+00
8.478869199752807617e+00
8.482805013656616211e+00
8.486222743988037109e+00
8.489470005035400391e+00
8.493117094039916992e+00
8.495992183685302734e+00
8.499570369720458984e+00
8.503244876861572266e+00
8.506798267364501953e+00
8.511942148208618164e+00
8.515846967697143555e+00
8.519825220108032227e+00
8.523050069808959961e+00
8.526829957962036133e+00
8.530341625213623047e+00
8.534196615219116211e+00
8.537539482116699219e+00
8.540382146835327148e+00
8.545238494873046875e+00
8.548794269561767578e+00
8.552380800247192383e+00
8.556931018829345703e+00
8.561874866485595703e+00
8.565943956375122070e+00
8.570967197418212891e+00
8.575186491012573242e+00
8.579040050506591797e+00
8.582777023315429688e+00
8.586519718170166016e+00
8.590823650360107422e+00
8.594246387481689453e+00
8.597942590713500977e+00
8.601203203201293945e+00
8.604245901107788086e+00
8.608888626098632812e+00
8.612942695617675781e+00
8.616395473480224609e+00
8.619800806045532227e+00
8.623231887817382812e+00
8.626837730407714844e+00
8.630241632461547852e+00
8.633650779724121094e+00
8.637233495712280273e+00
8.640800714492797852e+00
8.645243644714355469e+00
8.648960351943969727e+00
8.653851509094238281e+00
8.658868789672851562e+00
8.663077116012573242e+00
8.666786193847656250e+00
8.670913696289062500e+00
8.674628496170043945e+00
8.679303169250488281e+00
8.683189868927001953e+00
8.687028169631958008e+00
8.690926074981689453e+00
8.695924043655395508e+00
8.700170516967773438e+00
8.704048395156860352e+00
8.709080457687377930e+00
8.712887048721313477e+00
8.716953516006469727e+00
8.720934391021728516e+00
8.724730491638183594e+00
8.728790283203125000e+00
8.732895374298095703e+00
8.736348628997802734e+00
8.738984107971191406e+00
8.745406866073608398e+00
8.749115467071533203e+00
8.752883672714233398e+00
8.756479740142822266e+00
8.759799718856811523e+00
8.762959003448486328e+00
8.766482830047607422e+00
8.769481420516967773e+00
8.773053884506225586e+00
8.777277708053588867e+00
8.780949115753173828e+00
8.785093545913696289e+00
8.789974212646484375e+00
8.793943405151367188e+00
8.797805547714233398e+00
8.802007675170898438e+00
8.806895017623901367e+00
8.810989379882812500e+00
8.814993619918823242e+00
8.818920373916625977e+00
8.822921991348266602e+00
8.826918125152587891e+00
8.831439495086669922e+00
8.834984779357910156e+00
8.838839292526245117e+00
8.846019029617309570e+00
8.850037574768066406e+00
8.854129552841186523e+00
8.858645677566528320e+00
8.862336158752441406e+00
8.865867614746093750e+00
8.869103431701660156e+00
8.872588396072387695e+00
8.877855300903320312e+00
8.881017208099365234e+00
8.885032415390014648e+00
8.889468908309936523e+00
8.892980337142944336e+00
8.897932767868041992e+00
8.902288198471069336e+00
8.905852317810058594e+00
8.910742044448852539e+00
8.914803266525268555e+00
8.918107509613037109e+00
8.921797275543212891e+00
8.925217866897583008e+00
8.928225040435791016e+00
8.931752681732177734e+00
8.935236454010009766e+00
8.938877105712890625e+00
8.942742109298706055e+00
8.946536779403686523e+00
8.950148105621337891e+00
8.954144954681396484e+00
8.957889556884765625e+00
8.961757421493530273e+00
8.965366601943969727e+00
8.969328880310058594e+00
8.972943305969238281e+00
8.979855060577392578e+00
8.983807325363159180e+00
8.987349271774291992e+00
8.990355968475341797e+00
8.993864297866821289e+00
8.997020006179809570e+00
9.000977039337158203e+00
9.004378080368041992e+00
9.007858753204345703e+00
9.011602163314819336e+00
9.015110969543457031e+00
9.018342733383178711e+00
9.022138833999633789e+00
9.025804042816162109e+00
9.028830289840698242e+00
9.032762289047241211e+00
9.036018610000610352e+00
9.040295600891113281e+00
9.044816255569458008e+00
9.047987222671508789e+00
9.051848173141479492e+00
9.055757761001586914e+00
9.059753894805908203e+00
9.063799858093261719e+00
9.067274570465087891e+00
9.071082592010498047e+00
9.074869394302368164e+00
9.080943107604980469e+00
9.085470199584960938e+00
9.089880466461181641e+00
9.093471765518188477e+00
9.097215890884399414e+00
9.101930141448974609e+00
9.106124639511108398e+00
9.111689329147338867e+00
9.114792346954345703e+00
9.117794990539550781e+00
9.121331930160522461e+00
9.125431537628173828e+00
9.129480600357055664e+00
9.133868932723999023e+00
9.138312578201293945e+00
9.144008636474609375e+00
9.148976564407348633e+00
9.153402805328369141e+00
9.157285451889038086e+00
9.161301612854003906e+00
9.165164947509765625e+00
9.169229984283447266e+00
9.172200441360473633e+00
9.176485776901245117e+00
9.181940317153930664e+00
9.186477899551391602e+00
9.189836263656616211e+00
9.193504095077514648e+00
9.197237014770507812e+00
9.201879501342773438e+00
9.205869197845458984e+00
9.211215496063232422e+00
9.214799880981445312e+00
9.218860864639282227e+00
9.222528696060180664e+00
9.226466894149780273e+00
9.230030298233032227e+00
9.233972072601318359e+00
9.237880945205688477e+00
9.243423461914062500e+00
9.249025344848632812e+00
9.252023696899414062e+00
9.255634784698486328e+00
9.259338855743408203e+00
9.262792587280273438e+00
9.266349792480468750e+00
9.270343303680419922e+00
9.274965524673461914e+00
9.279276609420776367e+00
9.282773494720458984e+00
9.286250352859497070e+00
9.289525508880615234e+00
9.292803287506103516e+00
9.295525789260864258e+00
9.298704385757446289e+00
9.301361083984375000e+00
9.304065704345703125e+00
9.306819200515747070e+00
9.310354948043823242e+00
9.313934087753295898e+00
9.317904949188232422e+00
9.321718931198120117e+00
9.325815677642822266e+00
9.328977108001708984e+00
9.332947254180908203e+00
9.336845397949218750e+00
9.341893434524536133e+00
9.348090887069702148e+00
9.352973222732543945e+00
9.356843233108520508e+00
9.360518217086791992e+00
9.363824844360351562e+00
9.368342161178588867e+00
9.371970653533935547e+00
9.377482891082763672e+00
9.380529642105102539e+00
9.383904457092285156e+00
9.387612581253051758e+00
9.390881776809692383e+00
9.394265651702880859e+00
9.398080348968505859e+00
9.401521205902099609e+00
9.405034303665161133e+00
9.409327507019042969e+00
9.413922071456909180e+00
9.417998790740966797e+00
9.421864032745361328e+00
9.425823450088500977e+00
9.429684162139892578e+00
9.432346820831298828e+00
9.435857534408569336e+00
9.440016269683837891e+00
9.444983959197998047e+00
9.449877500534057617e+00
9.454085111618041992e+00
9.457722902297973633e+00
9.461277961730957031e+00
9.464812040328979492e+00
9.468071937561035156e+00
9.471327066421508789e+00
9.476552724838256836e+00
9.480532646179199219e+00
9.484139204025268555e+00
9.487863063812255859e+00
9.491563081741333008e+00
9.495025157928466797e+00
9.499046564102172852e+00
9.502382516860961914e+00
9.505804777145385742e+00
9.510187625885009766e+00
9.514878034591674805e+00
9.519012689590454102e+00
9.523325920104980469e+00
9.527300119400024414e+00
9.531857013702392578e+00
9.536081314086914062e+00
9.539804220199584961e+00
9.544896602630615234e+00
9.548858642578125000e+00
9.553496122360229492e+00
9.557776451110839844e+00
9.561892509460449219e+00
9.565901756286621094e+00
9.570842504501342773e+00
9.574840307235717773e+00
9.579816579818725586e+00
9.582996606826782227e+00
9.586819648742675781e+00
9.590068340301513672e+00
9.592881917953491211e+00
9.597828865051269531e+00
9.600955963134765625e+00
9.604482412338256836e+00
9.607858657836914062e+00
9.612376213073730469e+00
9.616848468780517578e+00
9.620762825012207031e+00
9.623721599578857422e+00
9.627462625503540039e+00
9.630982637405395508e+00
9.634392023086547852e+00
9.637587070465087891e+00
9.640947341918945312e+00
9.646343946456909180e+00
9.649341106414794922e+00
9.653226613998413086e+00
9.656804084777832031e+00
9.660547018051147461e+00
9.664377212524414062e+00
9.668862342834472656e+00
9.672369241714477539e+00
9.676128149032592773e+00
9.680283069610595703e+00
9.684162139892578125e+00
9.688268184661865234e+00
9.691601753234863281e+00
9.694982290267944336e+00
9.698079824447631836e+00
9.702844619750976562e+00
9.706103801727294922e+00
9.711709260940551758e+00
9.716022014617919922e+00
9.719795703887939453e+00
9.723351955413818359e+00
9.727205276489257812e+00
9.731220722198486328e+00
9.735061883926391602e+00
9.738913297653198242e+00
9.744055032730102539e+00
9.748081684112548828e+00
9.753422737121582031e+00
9.757752656936645508e+00
9.761739253997802734e+00
9.765821695327758789e+00
9.770081281661987305e+00
9.773872852325439453e+00
9.778475284576416016e+00
9.782629013061523438e+00
9.786932229995727539e+00
9.792502164840698242e+00
9.796365261077880859e+00
9.800157308578491211e+00
9.804287910461425781e+00
9.807722091674804688e+00
9.811075687408447266e+00
9.814955949783325195e+00
9.819092035293579102e+00
9.822827339172363281e+00
9.826880216598510742e+00
9.830934286117553711e+00
9.835445880889892578e+00
9.838730096817016602e+00
9.845396280288696289e+00
9.849151611328125000e+00
9.852508068084716797e+00
9.857095956802368164e+00
9.861180782318115234e+00
9.865147352218627930e+00
9.869065999984741211e+00
9.873007535934448242e+00
9.877043008804321289e+00
9.881843805313110352e+00
9.886036872863769531e+00
9.889743328094482422e+00
9.893113851547241211e+00
9.896066188812255859e+00
9.898802757263183594e+00
9.901801824569702148e+00
9.905374050140380859e+00
9.910979509353637695e+00
9.914690256118774414e+00
9.918758392333984375e+00
9.922173976898193359e+00
9.925882101058959961e+00
9.929826259613037109e+00
9.933550834655761719e+00
9.937765359878540039e+00
9.940963983535766602e+00
9.945408344268798828e+00
9.949362993240356445e+00
9.953448534011840820e+00
9.957235097885131836e+00
9.960421323776245117e+00
9.963834047317504883e+00
9.967868089675903320e+00
9.971461296081542969e+00
9.974753618240356445e+00
9.980140924453735352e+00
9.983976125717163086e+00
9.987364530563354492e+00
9.990853786468505859e+00
9.994318485260009766e+00
9.998095035552978516e+00
1.000189614295959473e+01
1.000517940521240234e+01
1.000802898406982422e+01
1.001329302787780762e+01
1.001677274703979492e+01
1.002182340621948242e+01
1.002542495727539062e+01
1.002887845039367676e+01
1.003283572196960449e+01
1.003657579421997070e+01
1.004052829742431641e+01
1.004535460472106934e+01
1.004952812194824219e+01
1.005307650566101074e+01
1.005685067176818848e+01
1.006096148490905762e+01
1.006479835510253906e+01
1.006903743743896484e+01
1.007284259796142578e+01
1.007682967185974121e+01
1.008006453514099121e+01
1.008388781547546387e+01
1.008782386779785156e+01
1.009133243560791016e+01
1.009554553031921387e+01
1.009990477561950684e+01
1.010420846939086914e+01
1.010783243179321289e+01
1.011348295211791992e+01
1.011782670021057129e+01
1.012189126014709473e+01
1.012579941749572754e+01
1.012919855117797852e+01
1.013262939453125000e+01
1.013688445091247559e+01
1.014128637313842773e+01
1.014621257781982422e+01
1.014994239807128906e+01
1.015403342247009277e+01
1.015735101699829102e+01
1.016097140312194824e+01
1.016469478607177734e+01
1.016814923286437988e+01
1.017191147804260254e+01
1.017662668228149414e+01
1.018052363395690918e+01
1.018435215950012207e+01
1.018827581405639648e+01
1.019254994392395020e+01
1.019628095626831055e+01
1.019985127449035645e+01
1.020349383354187012e+01
1.020691347122192383e+01
1.021140122413635254e+01
1.021547532081604004e+01
1.021955800056457520e+01
1.022312474250793457e+01
1.022653627395629883e+01
1.023085308074951172e+01
1.023495292663574219e+01
1.023851585388183594e+01
1.024150037765502930e+01
1.024769854545593262e+01
1.025114917755126953e+01
1.025457310676574707e+01
1.025798702239990234e+01
1.026149177551269531e+01
1.026514577865600586e+01
1.026903605461120605e+01
1.027345848083496094e+01
1.027882122993469238e+01
1.028300023078918457e+01
1.028702378273010254e+01
1.029032754898071289e+01
1.029387164115905762e+01
1.029770183563232422e+01
1.030110049247741699e+01
1.030448246002197266e+01
1.030782485008239746e+01
1.031223297119140625e+01
1.031608033180236816e+01
1.031979846954345703e+01
1.032337069511413574e+01
1.032716441154479980e+01
1.033088922500610352e+01
1.033481574058532715e+01
1.033870315551757812e+01
1.034232807159423828e+01
1.034810113906860352e+01
1.035196614265441895e+01
1.035596585273742676e+01
1.036089062690734863e+01
1.036476206779479980e+01
1.036811852455139160e+01
1.037284326553344727e+01
1.037724900245666504e+01
1.038104009628295898e+01
1.038489317893981934e+01
1.038852214813232422e+01
1.039158058166503906e+01
1.039502739906311035e+01
1.039926052093505859e+01
1.040326118469238281e+01
1.040704536437988281e+01
1.041225671768188477e+01
1.041546154022216797e+01
1.041986489295959473e+01
1.042474699020385742e+01
1.042847609519958496e+01
1.043197798728942871e+01
1.043569469451904297e+01
1.043934488296508789e+01
1.044407439231872559e+01
1.044837784767150879e+01
1.045225119590759277e+01
1.045595812797546387e+01
1.045952367782592773e+01
1.046327352523803711e+01
1.046787834167480469e+01
1.047189092636108398e+01
1.047719597816467285e+01
1.048114705085754395e+01
1.048509478569030762e+01
1.048909258842468262e+01
1.049302768707275391e+01
1.049643397331237793e+01
1.049994349479675293e+01
1.050337171554565430e+01
1.050722146034240723e+01
1.051225304603576660e+01
1.051574802398681641e+01
1.051987719535827637e+01
1.052376341819763184e+01
1.052721524238586426e+01
1.053114032745361328e+01
1.053583240509033203e+01
1.054027199745178223e+01
1.054530215263366699e+01
1.054872918128967285e+01
1.055299663543701172e+01
1.055679392814636230e+01
1.055972766876220703e+01
1.056305217742919922e+01
1.056675672531127930e+01
1.057055020332336426e+01
1.057448005676269531e+01
1.058008885383605957e+01
1.058399462699890137e+01
1.058731508255004883e+01
1.059122657775878906e+01
1.059469604492187500e+01
1.059810733795166016e+01
1.060151982307434082e+01
1.060585451126098633e+01
1.061272239685058594e+01
1.061653065681457520e+01
1.062026238441467285e+01
1.062386465072631836e+01
1.062754487991333008e+01
1.063124418258666992e+01
1.063498783111572266e+01
1.063835215568542480e+01
1.064178681373596191e+01
1.064707040786743164e+01
1.065036129951477051e+01
1.065408658981323242e+01
1.065835142135620117e+01
1.066241288185119629e+01
1.066652965545654297e+01
1.067053294181823730e+01
1.067450284957885742e+01
1.067931032180786133e+01
1.068298721313476562e+01
1.068673944473266602e+01
1.069026613235473633e+01
1.069395565986633301e+01
1.069803953170776367e+01
1.070176815986633301e+01
1.070626544952392578e+01
1.071021628379821777e+01
1.071435189247131348e+01
1.071809649467468262e+01
1.072194457054138184e+01
1.072592115402221680e+01
1.072990751266479492e+01
1.073427724838256836e+01
1.073770570755004883e+01
1.074058675765991211e+01
1.074739694595336914e+01
1.075102329254150391e+01
1.075438380241394043e+01
1.075774598121643066e+01
1.076111841201782227e+01
1.076434278488159180e+01
1.076775455474853516e+01
1.077190303802490234e+01
1.077703404426574707e+01
1.078085255622863770e+01
1.078472208976745605e+01
1.078852748870849609e+01
1.079282236099243164e+01
1.079787826538085938e+01
1.080173778533935547e+01
1.080537533760070801e+01
1.080885195732116699e+01
1.081343960762023926e+01
1.081750178337097168e+01
1.082131028175354004e+01
1.082501387596130371e+01
1.082884216308593750e+01
1.083247208595275879e+01
1.083572793006896973e+01
1.083933877944946289e+01
1.084269738197326660e+01
1.084668326377868652e+01
1.085009312629699707e+01
1.085347223281860352e+01
1.085632443428039551e+01
1.086008954048156738e+01
1.086399769783020020e+01
1.086785697937011719e+01
1.087196230888366699e+01
1.087532973289489746e+01
1.087967276573181152e+01
1.088295221328735352e+01
1.088705658912658691e+01
1.089047813415527344e+01
1.089401507377624512e+01
1.089779925346374512e+01
1.090117835998535156e+01
1.090496802330017090e+01
1.090847826004028320e+01
1.091294169425964355e+01
1.091596841812133789e+01
1.091961812973022461e+01
1.092308306694030762e+01
1.092681646347045898e+01
1.093046212196350098e+01
1.093379211425781250e+01
1.093698573112487793e+01
1.094029808044433594e+01
1.094418215751647949e+01
1.094729590415954590e+01
1.095081186294555664e+01
1.095489645004272461e+01
1.095975327491760254e+01
1.096376180648803711e+01
1.096759867668151855e+01
1.097109150886535645e+01
1.097388839721679688e+01
1.097834491729736328e+01
1.098231148719787598e+01
1.098598694801330566e+01
1.098934125900268555e+01
1.099327325820922852e+01
1.099700736999511719e+01
1.100033068656921387e+01
1.100402116775512695e+01
1.100788569450378418e+01
1.101182436943054199e+01
1.101573157310485840e+01
1.101987147331237793e+01
1.102414560317993164e+01
1.102880263328552246e+01
1.103293156623840332e+01
1.103722405433654785e+01
1.104145240783691406e+01
1.104576039314270020e+01
1.104942893981933594e+01
1.105272436141967773e+01
1.105607628822326660e+01
1.105959892272949219e+01
1.106353116035461426e+01
1.106704664230346680e+01
1.107095623016357422e+01
1.107523131370544434e+01
1.107959461212158203e+01
1.108383226394653320e+01
1.108885550498962402e+01
1.109233093261718750e+01
1.109623980522155762e+01
1.109972000122070312e+01
1.110296130180358887e+01
1.110632300376892090e+01
1.111006712913513184e+01
1.111432027816772461e+01
1.111814451217651367e+01
1.112182307243347168e+01
1.112524294853210449e+01
1.112907838821411133e+01
1.113301062583923340e+01
1.113699889183044434e+01
1.114099764823913574e+01
1.114509010314941406e+01
1.114900040626525879e+01
1.115287303924560547e+01
1.115682959556579590e+01
1.116100788116455078e+01
1.116456985473632812e+01
1.116884922981262207e+01
1.117284440994262695e+01
1.117646670341491699e+01
1.118074655532836914e+01
1.118414783477783203e+01
1.118887829780578613e+01
1.119296240806579590e+01
1.119680786132812500e+01
1.120051217079162598e+01
1.120406031608581543e+01
1.120750117301940918e+01
1.121298813819885254e+01
1.121654343605041504e+01
1.122054052352905273e+01
1.122475552558898926e+01
1.122974991798400879e+01
1.123378038406372070e+01
1.123732399940490723e+01
1.124088764190673828e+01
1.124497151374816895e+01
1.124834346771240234e+01
1.125284624099731445e+01
1.125650167465209961e+01
1.126018834114074707e+01
1.126412510871887207e+01
1.126782321929931641e+01
1.127195978164672852e+01
1.127588415145874023e+01
1.127987599372863770e+01
1.128377723693847656e+01
1.128732895851135254e+01
1.129045724868774414e+01
1.129399490356445312e+01
1.129778790473937988e+01
1.130183649063110352e+01
1.130684709548950195e+01
1.131067252159118652e+01
1.131429839134216309e+01
1.131802725791931152e+01
1.132132482528686523e+01
1.132470870018005371e+01
1.132835984230041504e+01
1.133195996284484863e+01
1.133601212501525879e+01
1.133999514579772949e+01
1.134425640106201172e+01
1.134934258460998535e+01
1.135330033302307129e+01
1.135635018348693848e+01
1.135951948165893555e+01
1.136294865608215332e+01
1.136648011207580566e+01
1.137053251266479492e+01
1.137472581863403320e+01
1.137973213195800781e+01
1.138353157043457031e+01
1.138736009597778320e+01
1.139139962196350098e+01
1.139529895782470703e+01
1.139984345436096191e+01
1.140401291847229004e+01
1.140794181823730469e+01
1.141302990913391113e+01
1.141689610481262207e+01
1.142111372947692871e+01
1.142459797859191895e+01
1.142880320549011230e+01
1.143229627609252930e+01
1.143630719184875488e+01
1.143977689743041992e+01
1.144317126274108887e+01
1.144781446456909180e+01
1.145170593261718750e+01
1.145498275756835938e+01
1.145886421203613281e+01
1.146274065971374512e+01
1.146639585494995117e+01
1.146969437599182129e+01
1.147325205802917480e+01
1.147700905799865723e+01
1.148056960105895996e+01
1.148400998115539551e+01
1.148753261566162109e+01
1.149103713035583496e+01
1.149525523185729980e+01
1.149898028373718262e+01
1.150283145904541016e+01
1.150653553009033203e+01
1.151034903526306152e+01
1.151678991317749023e+01
1.152118539810180664e+01
1.152525019645690918e+01
1.152889800071716309e+01
1.153182649612426758e+01
1.153577136993408203e+01
1.153975343704223633e+01
1.154377508163452148e+01
1.154729604721069336e+01
1.155070257186889648e+01
1.155395078659057617e+01
1.155784010887145996e+01
1.156221842765808105e+01
1.156597280502319336e+01
1.157038092613220215e+01
1.157482123374938965e+01
1.158147478103637695e+01
1.158446574211120605e+01
1.158875513076782227e+01
1.159268999099731445e+01
1.159682035446166992e+01
1.160035967826843262e+01
1.160402035713195801e+01
1.160760545730590820e+01
1.161142039299011230e+01
1.161512875556945801e+01
1.161901473999023438e+01
1.162312436103820801e+01
1.162647080421447754e+01
1.162972593307495117e+01
1.163324856758117676e+01
1.163689613342285156e+01
1.164033627510070801e+01
1.164380621910095215e+01
1.164745068550109863e+01
1.165108060836791992e+01
1.165431356430053711e+01
1.165824556350708008e+01
1.166276812553405762e+01
1.166690540313720703e+01
1.167096924781799316e+01
1.167447257041931152e+01
1.167930293083190918e+01
1.168341112136840820e+01
1.168617320060729980e+01
1.168926358222961426e+01
1.169276142120361328e+01
1.169677114486694336e+01
1.170010328292846680e+01
1.170375776290893555e+01
1.170745754241943359e+01
1.171120738983154297e+01
1.171495652198791504e+01
1.171923351287841797e+01
1.172272253036499023e+01
1.172656893730163574e+01
1.173079824447631836e+01
1.173422908782958984e+01
1.173746705055236816e+01
1.174031448364257812e+01
1.174424266815185547e+01
1.174787783622741699e+01
1.175170040130615234e+01
1.175494861602783203e+01
1.175848340988159180e+01
1.176194524765014648e+01
1.176473212242126465e+01
1.176810359954833984e+01
1.177134299278259277e+01
1.177521991729736328e+01
1.177894616127014160e+01
1.178286862373352051e+01
1.178670430183410645e+01
1.178996729850769043e+01
1.179346776008605957e+01
1.179691791534423828e+01
1.180058336257934570e+01
1.180450749397277832e+01
1.180824089050292969e+01
1.181267833709716797e+01
1.181594872474670410e+01
1.182008457183837891e+01
1.182420539855957031e+01
1.182769894599914551e+01
1.183143877983093262e+01
1.183486199378967285e+01
1.183871126174926758e+01
1.184248375892639160e+01
1.184668636322021484e+01
1.185076475143432617e+01
1.185427451133728027e+01
1.185818862915039062e+01
1.186237096786499023e+01
1.186574459075927734e+01
1.186983752250671387e+01
1.187373471260070801e+01
1.187785077095031738e+01
1.188214921951293945e+01
1.188605952262878418e+01
1.188968753814697266e+01
1.189331269264221191e+01
1.189774203300476074e+01
1.190172052383422852e+01
1.190609455108642578e+01
1.191011929512023926e+01
1.191484594345092773e+01
1.191893982887268066e+01
1.192316484451293945e+01
1.192674469947814941e+01
1.193011498451232910e+01
1.193402600288391113e+01
1.193749785423278809e+01
1.194092226028442383e+01
1.194579815864562988e+01
1.194910025596618652e+01
1.195284771919250488e+01
1.195631098747253418e+01
1.195969867706298828e+01
1.196295309066772461e+01
1.196632122993469238e+01
1.197007679939270020e+01
1.197375941276550293e+01
1.197785925865173340e+01
1.198246192932128906e+01
1.198598313331604004e+01
1.198970007896423340e+01
1.199375939369201660e+01
1.199778437614440918e+01
1.200144314765930176e+01
1.200511002540588379e+01
1.200796008110046387e+01
1.201243066787719727e+01
1.201514983177185059e+01
1.201802539825439453e+01
1.202089715003967285e+01
1.202395510673522949e+01
1.202813434600830078e+01
1.203220963478088379e+01
1.203606724739074707e+01
1.203949689865112305e+01
1.204308748245239258e+01
1.204795122146606445e+01
1.205206990242004395e+01
1.205619049072265625e+01
1.205976653099060059e+01
1.206377959251403809e+01
1.206750321388244629e+01
1.207149744033813477e+01
1.207545018196105957e+01
1.208135056495666504e+01
1.208492565155029297e+01
1.208892321586608887e+01
1.209320950508117676e+01
1.209706997871398926e+01
1.210036230087280273e+01
1.210384440422058105e+01
1.210772776603698730e+01
1.211143279075622559e+01
1.211525392532348633e+01
1.211910820007324219e+01
1.212274837493896484e+01
1.212683272361755371e+01
1.213113665580749512e+01
1.213480734825134277e+01
1.213812613487243652e+01
1.214197731018066406e+01
1.214535713195800781e+01
1.214899349212646484e+01
1.215275859832763672e+01
1.215649533271789551e+01
1.216027331352233887e+01
1.216391849517822266e+01
1.216772818565368652e+01
1.217176151275634766e+01
1.217547249794006348e+01
1.218003106117248535e+01
1.218468689918518066e+01
1.218807101249694824e+01
1.219129681587219238e+01
1.219445753097534180e+01
1.219771504402160645e+01
1.220109772682189941e+01
1.220451545715332031e+01
1.220786380767822266e+01
1.221169066429138184e+01
1.221551775932312012e+01
1.221927189826965332e+01
1.222342562675476074e+01
1.222704577445983887e+01
1.223050642013549805e+01
1.223411917686462402e+01
1.223772192001342773e+01
1.224126267433166504e+01
1.224568724632263184e+01
1.224946856498718262e+01
1.225330162048339844e+01
1.225741338729858398e+01
1.226181435585021973e+01
1.226590371131896973e+01
1.227009963989257812e+01
1.227391028404235840e+01
1.227783107757568359e+01
1.228169989585876465e+01
1.228525471687316895e+01
1.228888297080993652e+01
1.229279255867004395e+01
1.229709434509277344e+01
1.230106377601623535e+01
1.230535244941711426e+01
1.230891299247741699e+01
1.231384086608886719e+01
1.231741309165954590e+01
1.232129049301147461e+01
1.232587122917175293e+01
1.232975435256958008e+01
1.233313751220703125e+01
1.233682227134704590e+01
1.234033751487731934e+01
1.234372258186340332e+01
1.234766578674316406e+01
1.235179448127746582e+01
1.235514378547668457e+01
1.235847258567810059e+01
1.236253070831298828e+01
1.236683797836303711e+01
1.237079167366027832e+01
1.237476325035095215e+01
1.237880825996398926e+01
1.238292789459228516e+01
1.238679337501525879e+01
1.239131212234497070e+01
1.239532184600830078e+01
1.239923381805419922e+01
1.240290188789367676e+01
1.240673732757568359e+01
1.241032004356384277e+01
1.241376829147338867e+01
1.241688776016235352e+01
1.241978287696838379e+01
1.242265224456787109e+01
1.242574715614318848e+01
1.242966389656066895e+01
1.243296360969543457e+01
1.243647766113281250e+01
1.243992948532104492e+01
1.244330859184265137e+01
1.244719529151916504e+01
1.245129609107971191e+01
1.245501232147216797e+01
1.245849180221557617e+01
1.246283388137817383e+01
1.246706628799438477e+01
1.247095823287963867e+01
1.247471904754638672e+01
1.247919487953186035e+01
1.248288631439208984e+01
1.248666882514953613e+01
1.248969602584838867e+01
1.249343180656433105e+01
1.249717116355895996e+01
1.250070524215698242e+01
1.250476646423339844e+01
1.250853395462036133e+01
1.251347184181213379e+01
1.251705765724182129e+01
1.252048063278198242e+01
1.252456474304199219e+01
1.252854537963867188e+01
1.253271746635437012e+01
1.253600645065307617e+01
1.253876256942749023e+01
1.254218149185180664e+01
1.254574871063232422e+01
1.254897594451904297e+01
1.255275917053222656e+01
1.255576801300048828e+01
1.255934691429138184e+01
1.256292891502380371e+01
1.256708669662475586e+01
1.257135891914367676e+01
1.257573580741882324e+01
1.258139944076538086e+01
1.258471608161926270e+01
1.258815908432006836e+01
1.259231925010681152e+01
1.259620523452758789e+01
1.259955620765686035e+01
1.260340142250061035e+01
1.260748791694641113e+01
1.261177539825439453e+01
1.261580514907836914e+01
1.262001395225524902e+01
1.262378978729248047e+01
1.262769579887390137e+01
1.263125395774841309e+01
1.263523149490356445e+01
1.263882970809936523e+01
1.264252686500549316e+01
1.264622282981872559e+01
1.265012526512145996e+01
1.265371179580688477e+01
1.265695667266845703e+01
1.266113209724426270e+01
1.266483998298645020e+01
1.266817212104797363e+01
1.267185163497924805e+01
1.267576885223388672e+01
1.267933320999145508e+01
1.268487405776977539e+01
1.268877077102661133e+01
1.269297695159912109e+01
1.269680690765380859e+01
1.270012187957763672e+01
1.270389819145202637e+01
1.270729470252990723e+01
1.271084070205688477e+01
1.271595263481140137e+01
1.271976971626281738e+01
1.272329974174499512e+01
1.272701168060302734e+01
1.273044681549072266e+01
1.273409414291381836e+01
1.273774957656860352e+01
1.274131155014038086e+01
1.274512290954589844e+01
1.274866890907287598e+01
1.275195550918579102e+01
1.275489711761474609e+01
1.275764369964599609e+01
1.276125025749206543e+01
1.276496005058288574e+01
1.276873707771301270e+01
1.277253222465515137e+01
1.277654004096984863e+01
1.278082942962646484e+01
1.278485560417175293e+01
1.278818225860595703e+01
1.279136991500854492e+01
1.279514169692993164e+01
1.279984569549560547e+01
1.280373358726501465e+01
1.280694127082824707e+01
1.281026625633239746e+01
1.281450247764587402e+01
1.281812167167663574e+01
1.282178783416748047e+01
1.282562494277954102e+01
1.282906007766723633e+01
1.283235168457031250e+01
1.283568525314331055e+01
1.283893227577209473e+01
1.284206414222717285e+01
1.284571695327758789e+01
1.284978652000427246e+01
1.285374593734741211e+01
1.285779786109924316e+01
1.286249232292175293e+01
1.286628317832946777e+01
1.286997270584106445e+01
1.287343215942382812e+01
1.287695980072021484e+01
1.288176846504211426e+01
1.288532185554504395e+01
1.288898086547851562e+01
1.289282488822937012e+01
1.289649534225463867e+01
1.290020155906677246e+01
1.290396690368652344e+01
1.290775442123413086e+01
1.291375327110290527e+01
1.291705560684204102e+01
1.292097759246826172e+01
1.292456007003784180e+01
1.292832946777343750e+01
1.293204259872436523e+01
1.293619656562805176e+01
1.293979382514953613e+01
1.294371628761291504e+01
1.294731044769287109e+01
1.295119738578796387e+01
1.295509314537048340e+01
1.295933079719543457e+01
1.296270036697387695e+01
1.296620655059814453e+01
1.297007513046264648e+01
1.297375011444091797e+01
1.297695279121398926e+01
1.298182702064514160e+01
1.298586654663085938e+01
1.299012613296508789e+01
1.299407553672790527e+01
1.299736475944519043e+01
1.300098347663879395e+01
1.300444459915161133e+01
1.300778031349182129e+01
1.301105427742004395e+01
1.301518940925598145e+01
1.301901817321777344e+01
1.302282357215881348e+01
1.302633666992187500e+01
1.302972388267517090e+01
1.303308057785034180e+01
1.303675627708435059e+01
1.304003477096557617e+01
1.304329657554626465e+01
1.304796242713928223e+01
1.305172276496887207e+01
1.305498623847961426e+01
1.305897378921508789e+01
1.306235003471374512e+01
1.306597685813903809e+01
1.306979990005493164e+01
1.307352542877197266e+01
1.307709980010986328e+01
1.308350181579589844e+01
1.308745098114013672e+01
1.309094810485839844e+01
1.309439921379089355e+01
1.309765553474426270e+01
1.310098862648010254e+01
1.310491156578063965e+01
1.310794329643249512e+01
1.311093139648437500e+01
1.311477828025817871e+01
1.311880230903625488e+01
1.312305355072021484e+01
1.312743568420410156e+01
1.313122224807739258e+01
1.313520550727844238e+01
1.313906097412109375e+01
1.314301466941833496e+01
1.314685249328613281e+01
1.315078473091125488e+01
1.315488576889038086e+01
1.315839433670043945e+01
1.316303682327270508e+01
1.316631102561950684e+01
1.317002987861633301e+01
1.317384123802185059e+01
1.317786097526550293e+01
1.318427824974060059e+01
1.318797230720520020e+01
1.319179296493530273e+01
1.319585251808166504e+01
1.320011925697326660e+01
1.320371246337890625e+01
1.320780158042907715e+01
1.321180272102355957e+01
1.321641159057617188e+01
1.321969294548034668e+01
1.322389197349548340e+01
1.322776460647583008e+01
1.323142409324645996e+01
1.323508620262145996e+01
1.323904991149902344e+01
1.324237251281738281e+01
1.324644231796264648e+01
1.324969816207885742e+01
1.325327467918395996e+01
1.325699019432067871e+01
1.326101088523864746e+01
1.326502370834350586e+01
1.326892685890197754e+01
1.327306437492370605e+01
1.327673268318176270e+01
1.328119921684265137e+01
1.328510046005249023e+01
1.328945994377136230e+01
1.329358625411987305e+01
1.329713797569274902e+01
1.330099344253540039e+01
1.330586147308349609e+01
1.331010556221008301e+01
1.331439661979675293e+01
1.331766986846923828e+01
1.332181549072265625e+01
1.332601428031921387e+01
1.332967281341552734e+01
1.333313179016113281e+01
1.333631920814514160e+01
1.333974933624267578e+01
1.334332227706909180e+01
1.334745883941650391e+01
1.335142350196838379e+01
1.335505318641662598e+01
1.335895705223083496e+01
1.336379694938659668e+01
1.336775541305541992e+01
1.337140297889709473e+01
1.337466478347778320e+01
1.337793326377868652e+01
1.338229513168334961e+01
1.338591623306274414e+01
1.338970828056335449e+01
1.339374995231628418e+01
1.339753174781799316e+01
1.340174579620361328e+01
1.340494489669799805e+01
1.340822243690490723e+01
1.341175842285156250e+01
1.341592860221862793e+01
1.341891789436340332e+01
1.342194414138793945e+01
1.342568802833557129e+01
1.342913293838500977e+01
1.343292999267578125e+01
1.343643260002136230e+01
1.344015765190124512e+01
1.344371438026428223e+01
1.344727468490600586e+01
1.345029902458190918e+01
1.345372319221496582e+01
1.345697689056396484e+01
1.346066474914550781e+01
1.346473550796508789e+01
1.346872329711914062e+01
1.347206950187683105e+01
1.347570919990539551e+01
1.347929525375366211e+01
1.348353457450866699e+01
1.348772263526916504e+01
1.349179863929748535e+01
1.349578094482421875e+01
1.349973392486572266e+01
1.350346374511718750e+01
1.350693774223327637e+01
1.350995683670043945e+01
1.351418232917785645e+01
1.351842808723449707e+01
1.352193760871887207e+01
1.352569317817687988e+01
1.352910637855529785e+01
1.353229188919067383e+01
1.353609371185302734e+01
1.353933072090148926e+01
1.354284167289733887e+01
1.354737210273742676e+01
1.355119729042053223e+01
1.355519151687622070e+01
1.355827999114990234e+01
1.356185746192932129e+01
1.356536817550659180e+01
1.356922078132629395e+01
1.357277178764343262e+01
1.357643914222717285e+01
1.358013057708740234e+01
1.358367156982421875e+01
1.358778524398803711e+01
1.359179282188415527e+01
1.359552311897277832e+01
1.359956097602844238e+01
1.360357093811035156e+01
1.360694599151611328e+01
