9.571063995361328125e+00
9.594266891479492188e+00
1.000617027282714844e+01
9.588023185729980469e+00
9.896565437316894531e+00
9.673877716064453125e+00
1.017466163635253906e+01
7.539741992950439453e+00
3.371482372283935547e+00
2.349139451980590820e+00
1.891079545021057129e+00
1.528635859489440918e+00
1.841252684593200684e+00
1.324761986732482910e+00
6.030563116073608398e-01
1.959904193878173828e+00
8.227983713150024414e-01
1.780718564987182617e+00
1.253923416137695312e+00
2.477778196334838867e+00
1.260168910026550293e+00
1.960023283958435059e+00
5.146858096122741699e-01
1.595683693885803223e+00
5.668271183967590332e-01
5.310922861099243164e-01
1.320657610893249512e+00
1.372197985649108887e+00
1.424000501632690430e+00
1.133266329765319824e+00
2.734890580177307129e-01
1.096786022186279297e+00
1.355279088020324707e+00
1.192565441131591797e+00
1.176949858665466309e+00
1.503582954406738281e+00
1.743770599365234375e+00
1.676194787025451660e+00
1.330609679222106934e+00
1.067682385444641113e+00
1.426584243774414062e+00
1.403560161590576172e+00
2.483967244625091553e-01
2.292896032333374023e+00
1.058384776115417480e+00
1.217224478721618652e+00
1.578203141689300537e-01
2.312878608703613281e+00
1.333458781242370605e+00
1.391749620437622070e+00
2.559493184089660645e-01
2.383995771408081055e+00
1.396553277969360352e+00
2.321920394897460938e+00
3.095111548900604248e-01
8.269346356391906738e-01
1.397274017333984375e+00
1.457673907279968262e+00
1.055340647697448730e+00
1.794573307037353516e+00
1.836134076118469238e+00
1.208208084106445312e+00
1.536262154579162598e+00
1.233609795570373535e+00
1.612249851226806641e+00
1.737977981567382812e+00
1.826541185379028320e+00
7.701882123947143555e-01
1.129903316497802734e+00
8.276963829994201660e-01
1.229063510894775391e+00
1.562941789627075195e+00
1.673184275627136230e+00
3.718243241310119629e-01
7.154817581176757812e-01
1.177275419235229492e+00
1.243101119995117188e+00
1.387700676918029785e+00
1.507664442062377930e+00
1.907632827758789062e+00
9.536800980567932129e-01
1.950360298156738281e+00
1.151675939559936523e+00
1.501108646392822266e+00
2.060013532638549805e+00
1.130436897277832031e+00
1.886300921440124512e+00
1.630673527717590332e+00
1.352122902870178223e+00
1.676481604576110840e+00
8.963358402252197266e-01
6.761866211891174316e-01
1.725031733512878418e+00
4.661752879619598389e-01
2.018119573593139648e+00
6.919852495193481445e-01
7.620120644569396973e-01
2.518179893493652344e+00
1.124799251556396484e+00
7.268320918083190918e-01
2.048454523086547852e+00
5.448807477951049805e-01
1.693290352821350098e+00
1.632971763610839844e+00
1.258901119232177734e+00
2.654025077819824219e+00
1.266177654266357422e+00
5.996509790420532227e-01
2.005295753479003906e+00
1.136490106582641602e+00
1.626924753189086914e+00
1.269570827484130859e+00
7.068760991096496582e-01
1.822624683380126953e+00
9.800699353218078613e-01
2.384996891021728516e+00
8.523598313331604004e-01
1.751450419425964355e+00
1.773575901985168457e+00
1.364739656448364258e+00
1.236921191215515137e+00
1.197841167449951172e+00
1.757160902023315430e+00
1.247870922088623047e+00
1.359878420829772949e+00
1.249488234519958496e+00
2.793367505073547363e-01
1.566055178642272949e+00
1.672775745391845703e+00
3.287095129489898682e-01
1.649498939514160156e+00
9.819355010986328125e-01
9.244369864463806152e-01
1.860233426094055176e+00
1.654335618019104004e+00
2.177702188491821289e+00
9.801560640335083008e-02
1.619961857795715332e+00
1.423472046852111816e+00
1.010707855224609375e+00
1.590315818786621094e+00
6.575233936309814453e-01
6.966039538383483887e-01
1.364188075065612793e+00
1.309454560279846191e+00
2.095455169677734375e+00
1.807378411293029785e+00
1.495742201805114746e+00
3.274018168449401855e-01
1.811706304550170898e+00
1.002987742424011230e+00
1.041993975639343262e+00
5.303519368171691895e-01
1.508112311363220215e+00
1.067412376403808594e+00
7.982165813446044922e-01
1.149831056594848633e+00
1.015587210655212402e+00
1.024819254875183105e+00
1.017785549163818359e+00
1.045963168144226074e+00
1.921178936958312988e+00
1.203920602798461914e+00
1.668163061141967773e+00
2.060183048248291016e+00
1.362690687179565430e+00
8.279272913932800293e-01
1.784458875656127930e+00
1.208696365356445312e+00
9.854296445846557617e-01
1.377194523811340332e+00
1.581823348999023438e+00
9.226945042610168457e-01
1.633611798286437988e+00
1.998576521873474121e+00
1.617922067642211914e+00
1.204724788665771484e+00
-3.940588831901550293e-01
2.525169372558593750e+00
1.014375209808349609e+00
5.261565446853637695e-01
2.219105958938598633e+00
4.431129693984985352e-01
1.812848806381225586e+00
1.313302636146545410e+00
9.818898439407348633e-01
1.335361838340759277e+00
6.816751956939697266e-01
1.626144886016845703e+00
8.324242234230041504e-01
1.686743617057800293e+00
8.921473622322082520e-01
1.878921151161193848e+00
6.284826993942260742e-01
1.178501725196838379e+00
1.206751585006713867e+00
1.546652197837829590e+00
1.358758926391601562e+00
1.039667725563049316e+00
7.191651463508605957e-01
1.199725627899169922e+00
1.464537024497985840e+00
1.296590447425842285e+00
1.407776594161987305e+00
1.278839111328125000e+00
1.576844215393066406e+00
1.957492470741271973e+00
6.737961769104003906e-01
1.907476544380187988e+00
1.748391628265380859e+00
5.515603423118591309e-01
1.696914911270141602e+00
1.769956946372985840e-01
1.071731925010681152e+00
1.578699111938476562e+00
1.232047200202941895e+00
2.494925022125244141e+00
1.123597025871276855e-01
1.635500669479370117e+00
1.212733387947082520e+00
7.133749723434448242e-01
1.768850684165954590e+00
1.012573122978210449e+00
2.076095104217529297e+00
8.175482153892517090e-01
1.463415980339050293e+00
9.751089215278625488e-01
6.837769746780395508e-01
1.647931337356567383e+00
9.279855489730834961e-01
1.079290986061096191e+00
1.345517158508300781e+00
1.483657360076904297e+00
1.395261526107788086e+00
1.510932564735412598e+00
1.597642183303833008e+00
1.750329971313476562e+00
1.565184593200683594e+00
1.014034628868103027e+00
1.029607295989990234e+00
1.367489814758300781e+00
1.771179914474487305e+00
7.114162445068359375e-01
1.541561603546142578e+00
9.923536777496337891e-01
1.508968234062194824e+00
2.020786523818969727e+00
1.360750198364257812e+00
2.074990510940551758e+00
1.157828330993652344e+00
7.988382577896118164e-01
1.239055991172790527e+00
1.681708455085754395e+00
1.519778490066528320e+00
1.329203009605407715e+00
1.824166059494018555e+00
2.317462205886840820e+00
7.527019381523132324e-01
1.801226496696472168e+00
5.541163682937622070e-01
1.325780391693115234e+00
1.155378699302673340e+00
1.164163947105407715e+00
1.902815580368041992e+00
1.975209593772888184e+00
1.405024170875549316e+00
1.165696620941162109e+00
8.000563383102416992e-01
1.255750536918640137e+00
1.321807861328125000e+00
1.384736895561218262e+00
1.634156703948974609e+00
1.547406196594238281e+00
1.956462740898132324e+00
6.653535962104797363e-01
1.690463542938232422e+00
1.803808808326721191e+00
1.671664714813232422e+00
1.282798290252685547e+00
1.364137530326843262e+00
1.953091025352478027e+00
1.037789344787597656e+00
1.533839702606201172e+00
1.747072339057922363e+00
5.780688524246215820e-01
1.176698207855224609e+00
2.213158369064331055e+00
8.017277121543884277e-01
2.043730974197387695e+00
1.641518115997314453e+00
1.184694528579711914e+00
1.225325226783752441e+00
1.061703324317932129e+00
7.039088010787963867e-01
1.537607192993164062e+00
9.103897809982299805e-01
1.709059119224548340e+00
6.522424221038818359e-01
1.592785835266113281e+00
1.118781447410583496e+00
5.228959918022155762e-01
1.410994291305541992e+00
6.371585726737976074e-01
2.076503753662109375e+00
1.175268411636352539e+00
1.226964235305786133e+00
2.843319654464721680e+00
4.281339049339294434e-01
1.897475600242614746e+00
1.389466881752014160e+00
1.989407539367675781e+00
1.175690650939941406e+00
1.079732418060302734e+00
2.287667989730834961e+00
1.150696992874145508e+00
7.826550006866455078e-01
1.398873925209045410e+00
1.560734391212463379e+00
1.346385002136230469e+00
1.240820884704589844e+00
1.903649806976318359e+00
1.534708142280578613e+00
1.023293256759643555e+00
1.170655250549316406e+00
1.493566036224365234e+00
9.331825375556945801e-01
1.018426656723022461e+00
2.551574468612670898e+00
1.918379902839660645e+00
1.443718194961547852e+00
5.755005478858947754e-01
9.593332409858703613e-01
1.648988485336303711e+00
8.938348889350891113e-01
8.849087953567504883e-01
1.844430923461914062e+00
1.796730756759643555e+00
2.993746101856231689e-01
1.192131757736206055e+00
2.011452436447143555e+00
6.442394256591796875e-01
1.424286246299743652e+00
6.848908662796020508e-01
8.407789468765258789e-01
1.405918836593627930e+00
2.030299425125122070e+00
9.447457790374755859e-01
1.844034194946289062e+00
1.944700360298156738e+00
1.654153466224670410e+00
1.966573238372802734e+00
1.811939954757690430e+00
7.232849597930908203e-01
2.087886571884155273e+00
1.167844533920288086e+00
7.385670542716979980e-01
8.300831913948059082e-01
1.515645503997802734e+00
1.288635134696960449e+00
8.289551138877868652e-01
1.432996869087219238e+00
1.723624467849731445e+00
1.434612274169921875e+00
9.977690577507019043e-01
1.226864099502563477e+00
8.004090785980224609e-01
1.687594294548034668e+00
1.514705896377563477e+00
7.516836524009704590e-01
1.711078405380249023e+00
1.785068869590759277e+00
1.896139144897460938e+00
2.016231536865234375e+00
1.002315044403076172e+00
9.975208044052124023e-01
2.160994052886962891e+00
1.798086166381835938e+00
1.239720225334167480e+00
1.387301683425903320e+00
1.432973504066467285e+00
1.766226768493652344e+00
1.939532399177551270e+00
5.640870928764343262e-01
1.343278050422668457e+00
1.354919433593750000e+00
1.895572900772094727e+00
1.185439229011535645e+00
7.754732966423034668e-01
1.225183606147766113e+00
1.499290823936462402e+00
2.418567657470703125e+00
6.302424073219299316e-01
8.795966506004333496e-01
1.995145320892333984e+00
1.461782574653625488e+00
8.858860135078430176e-01
1.224956989288330078e+00
1.134361743927001953e+00
1.478394627571105957e+00
1.867701411247253418e+00
1.343068003654479980e+00
1.405717134475708008e+00
1.754088521003723145e+00
1.723742008209228516e+00
1.203926324844360352e+00
1.588910937309265137e+00
1.780709028244018555e+00
1.426120042800903320e+00
1.061758399009704590e+00
5.947384834289550781e-01
2.098227500915527344e+00
7.677530050277709961e-01
1.326968193054199219e+00
1.057965397834777832e+00
1.362399816513061523e+00
5.438166260719299316e-01
7.547457218170166016e-01
1.988437891006469727e+00
1.344403147697448730e+00
1.426762104034423828e+00
1.102079987525939941e+00
1.800259709358215332e+00
1.606539130210876465e+00
-1.853975057601928711e-01
9.356868267059326172e-01
1.177564024925231934e+00
1.645682096481323242e+00
1.339555740356445312e+00
3.235599398612976074e-01
1.219660997390747070e+00
1.152656674385070801e+00
8.242697715759277344e-01
1.401900291442871094e+00
6.647851467132568359e-01
2.420309782028198242e+00
8.390455842018127441e-01
9.540793299674987793e-01
1.763539195060729980e+00
1.997093200683593750e+00
1.621427178382873535e+00
4.973734617233276367e-01
6.642665266990661621e-01
1.475117325782775879e+00
1.605913162231445312e+00
7.511703372001647949e-01
1.579875469207763672e+00
5.251061916351318359e-01
1.996603488922119141e+00
2.147918343544006348e-01
9.183340072631835938e-01
1.078373074531555176e+00
1.779322743415832520e+00
1.497456669807434082e+00
9.587529897689819336e-01
1.258572578430175781e+00
1.928309798240661621e+00
9.259510636329650879e-01
8.721656799316406250e-01
1.214087128639221191e+00
1.612853527069091797e+00
1.510714888572692871e+00
1.023292064666748047e+00
1.203888297080993652e+00
6.620429158210754395e-01
2.230916976928710938e+00
1.503007054328918457e+00
7.318208217620849609e-01
1.492447495460510254e+00
2.501241683959960938e+00
2.154230594635009766e+00
1.264930009841918945e+00
1.802895307540893555e+00
9.682995676994323730e-01
1.230010986328125000e+00
1.547077894210815430e+00
7.201910018920898438e-01
2.281482458114624023e+00
1.363775610923767090e+00
1.137765407562255859e+00
4.295310080051422119e-01
1.829018831253051758e+00
1.361477136611938477e+00
4.121558070182800293e-01
1.274612903594970703e+00
1.272773623466491699e+00
1.452145814895629883e+00
1.236520409584045410e+00
1.870568513870239258e+00
1.636791825294494629e+00
9.388452172279357910e-01
1.267518997192382812e+00
1.174869418144226074e+00
1.298463821411132812e+00
1.305217981338500977e+00
9.449086785316467285e-01
7.749341130256652832e-01
1.828160166740417480e+00
1.435996770858764648e+00
6.599491834640502930e-01
8.685721755027770996e-01
1.262555360794067383e+00
8.216798901557922363e-01
2.127020120620727539e+00
2.374490499496459961e+00
1.427765369415283203e+00
9.095963835716247559e-01
1.309830784797668457e+00
2.021131992340087891e+00
2.265472412109375000e+00
1.857910037040710449e+00
1.598659753799438477e+00
1.377154827117919922e+00
7.349628210067749023e-01
1.629403829574584961e+00
8.675726652145385742e-01
7.605615258216857910e-01
6.959874033927917480e-01
1.750033497810363770e+00
2.144412696361541748e-01
8.634776473045349121e-01
1.063422203063964844e+00
1.805530071258544922e+00
1.182879805564880371e+00
1.632765769958496094e+00
1.687829941511154175e-01
4.264484047889709473e-01
1.646979212760925293e+00
2.362066268920898438e+00
1.075852036476135254e+00
1.346255302429199219e+00
1.249572634696960449e+00
8.884087800979614258e-01
2.104114532470703125e+00
1.281800270080566406e+00
1.516145825386047363e+00
5.531016588211059570e-01
9.982957839965820312e-01
1.894396305084228516e+00
1.858760952949523926e+00
8.220127224922180176e-01
1.076821327209472656e+00
8.898296356201171875e-01
9.472729563713073730e-01
2.027396917343139648e+00
1.842252850532531738e+00
2.187782526016235352e+00
8.375661969184875488e-01
1.040839314460754395e+00
1.679662227630615234e+00
1.579434871673583984e+00
1.495234966278076172e+00
2.321954488754272461e+00
2.137137413024902344e+00
1.426058411598205566e+00
1.288233518600463867e+00
2.002081394195556641e+00
1.563428878784179688e+00
1.026382923126220703e+00
7.543336749076843262e-01
3.459822833538055420e-01
1.229036331176757812e+00
1.977842450141906738e+00
1.346222877502441406e+00
1.751239061355590820e+00
1.250532865524291992e+00
8.496379256248474121e-01
1.800154209136962891e+00
1.518542766571044922e+00
1.977058529853820801e+00
1.486901760101318359e+00
1.745468974113464355e+00
8.220975995063781738e-01
1.201289772987365723e+00
9.049854874610900879e-01
1.854918837547302246e+00
1.520859241485595703e+00
1.342417836189270020e+00
7.548474073410034180e-01
1.598812222480773926e+00
1.769464135169982910e+00
1.671089768409729004e+00
1.067310810089111328e+00
1.680807828903198242e+00
1.117132544517517090e+00
1.631719827651977539e+00
1.509516119956970215e+00
1.397965431213378906e+00
1.361390829086303711e+00
2.222741365432739258e+00
1.760010838508605957e+00
1.127569794654846191e+00
1.643429279327392578e+00
1.813184976577758789e+00
2.072346210479736328e+00
2.167083978652954102e+00
1.119008421897888184e+00
2.132590293884277344e+00
1.376687288284301758e+00
1.344548702239990234e+00
2.135775327682495117e+00
1.632849693298339844e+00
5.324135422706604004e-01
1.080279231071472168e+00
2.083264827728271484e+00
1.175993084907531738e+00
1.106395721435546875e+00
1.383800029754638672e+00
1.537357330322265625e+00
1.528614401817321777e+00
1.198703050613403320e+00
6.639324426651000977e-01
6.675114631652832031e-01
1.823222517967224121e+00
1.012524843215942383e+00
1.044573187828063965e+00
1.852768898010253906e+00
1.046236753463745117e+00
1.733204275369644165e-01
1.013757467269897461e+00
1.176053166389465332e+00
6.611812710762023926e-01
7.237385511398315430e-01
1.430866360664367676e+00
1.428176045417785645e+00
1.376954793930053711e+00
1.383589744567871094e+00
2.313173770904541016e+00
1.541097998619079590e+00
1.313906669616699219e+00
1.703076601028442383e+00
9.943491220474243164e-01
1.284224987030029297e+00
1.161052465438842773e+00
1.038486361503601074e+00
1.271984696388244629e+00
1.571630120277404785e+00
1.780921697616577148e+00
5.211030244827270508e-01
1.740133762359619141e+00
5.012316107749938965e-01
3.486772477626800537e-01
1.174185872077941895e+00
2.186123132705688477e+00
1.991089582443237305e+00
9.474566578865051270e-01
1.090052127838134766e+00
1.039827466011047363e+00
2.206608057022094727e+00
1.022595047950744629e+00
1.099880933761596680e+00
1.242914438247680664e+00
1.043504953384399414e+00
1.018986105918884277e+00
3.858216106891632080e-01
1.744130134582519531e+00
1.246986985206604004e+00
1.166256308555603027e+00
9.934254288673400879e-01
2.675098896026611328e+00
7.575702071189880371e-01
1.496571063995361328e+00
2.885947227478027344e+00
1.625315904617309570e+00
8.186151385307312012e-01
9.547447562217712402e-01
1.401362538337707520e+00
1.529904127120971680e+00
1.416575670242309570e+00
1.228860974311828613e+00
6.744884252548217773e-01
1.242963314056396484e+00
5.911987423896789551e-01
1.566047668457031250e+00
2.105678081512451172e+00
5.809056758880615234e-01
2.432146072387695312e+00
2.233996391296386719e+00
1.584094762802124023e+00
1.565384984016418457e+00
1.501753449440002441e+00
6.112700700759887695e-01
2.658151388168334961e+00
1.824365496635437012e+00
1.285194158554077148e+00
1.101574063301086426e+00
2.538700997829437256e-01
2.010492324829101562e+00
1.367830991744995117e+00
1.354314088821411133e+00
8.134083151817321777e-01
1.295948266983032227e+00
1.601939678192138672e+00
1.582183837890625000e+00
1.205930113792419434e+00
1.188635706901550293e+00
1.563030123710632324e+00
1.554623126983642578e+00
5.348301529884338379e-01
2.083004951477050781e+00
1.317234873771667480e+00
6.275403499603271484e-01
1.886726975440979004e+00
1.234118819236755371e+00
1.339573264122009277e+00
1.767126798629760742e+00
1.584932565689086914e+00
6.629998683929443359e-01
6.671022176742553711e-01
1.980043530464172363e+00
1.459609270095825195e+00
1.648239493370056152e+00
5.009372234344482422e-01
1.255043387413024902e+00
6.951723694801330566e-01
2.272574663162231445e+00
7.905239462852478027e-01
1.262649416923522949e+00
1.568018317222595215e+00
1.176675915718078613e+00
9.201620817184448242e-01
2.309088230133056641e+00
6.420930027961730957e-01
9.120748043060302734e-01
1.093705892562866211e+00
9.502051472663879395e-01
2.164990901947021484e-01
2.586430072784423828e+00
7.471235990524291992e-01
1.595060706138610840e+00
8.308088779449462891e-01
1.887291431427001953e+00
1.569144368171691895e+00
1.183553218841552734e+00
1.581326723098754883e+00
1.943478822708129883e+00
2.251902818679809570e+00
1.704344034194946289e+00
7.487513422966003418e-01
1.260046482086181641e+00
1.705892324447631836e+00
1.420592188835144043e+00
1.362691402435302734e+00
6.491378545761108398e-01
1.554216742515563965e+00
1.207054376602172852e+00
1.604871988296508789e+00
1.566633462905883789e+00
7.552985548973083496e-01
1.026115298271179199e+00
1.276450037956237793e+00
1.237102866172790527e+00
1.225517392158508301e+00
1.070715785026550293e+00
1.134814262390136719e+00
1.080532312393188477e+00
8.293919563293457031e-01
1.178871512413024902e+00
1.560153365135192871e+00
2.371043920516967773e+00
8.305794596672058105e-01
5.624515414237976074e-01
1.194743275642395020e+00
1.488225698471069336e+00
1.678732991218566895e+00
2.280570745468139648e+00
9.132351279258728027e-01
1.210561990737915039e+00
1.421553254127502441e+00
2.109226942062377930e+00
9.290159940719604492e-01
1.396789550781250000e+00
1.659976720809936523e+00
8.978204131126403809e-01
1.091138124465942383e+00
5.258065462112426758e-01
7.490626573562622070e-01
1.990168809890747070e+00
1.697262406349182129e+00
1.373111367225646973e+00
4.234540760517120361e-01
1.354325294494628906e+00
1.299450874328613281e+00
8.955781459808349609e-01
1.677449345588684082e+00
1.301627993583679199e+00
1.527782440185546875e+00
1.342796802520751953e+00
2.457778215408325195e+00
2.023046255111694336e+00
1.745914578437805176e+00
1.394432067871093750e+00
8.494244813919067383e-01
1.155408501625061035e+00
2.074762105941772461e+00
1.140076756477355957e+00
7.666497230529785156e-01
9.431459307670593262e-01
1.474796414375305176e+00
1.422464728355407715e+00
1.696455836296081543e+00
1.928061008453369141e+00
6.486393213272094727e-01
1.029651641845703125e+00
1.621844649314880371e+00
1.424332499504089355e+00
1.202133417129516602e+00
1.424339294433593750e+00
1.876970171928405762e+00
1.887963771820068359e+00
1.498698949813842773e+00
1.645222067832946777e+00
1.866102218627929688e+00
1.488238930702209473e+00
1.558813452720642090e+00
7.223260402679443359e-01
8.452894091606140137e-01
1.295342564582824707e+00
1.902618288993835449e+00
1.063995718955993652e+00
9.468679428100585938e-01
2.239246845245361328e+00
1.599198698997497559e+00
1.067956328392028809e+00
1.109833359718322754e+00
1.802037358283996582e+00
1.117231845855712891e+00
1.159645199775695801e+00
1.747935175895690918e+00
5.446481704711914062e-01
1.042726516723632812e+00
1.354502201080322266e+00
1.493424057960510254e+00
4.435986876487731934e-01
1.090906620025634766e+00
2.454884052276611328e+00
1.882273674011230469e+00
2.382976055145263672e+00
2.981090784072875977e+00
2.673777341842651367e+00
1.508448600769042969e+00
1.758907675743103027e+00
1.296117186546325684e+00
1.285034775733947754e+00
1.080878496170043945e+00
8.214114308357238770e-01
1.521004796028137207e+00
1.271591186523437500e+00
1.661555886268615723e+00
1.586304783821105957e+00
2.015169382095336914e+00
1.366150617599487305e+00
1.098087549209594727e+00
1.111489534378051758e+00
1.113275051116943359e+00
1.667556762695312500e+00
5.927947163581848145e-01
1.228926301002502441e+00
9.646300673484802246e-01
6.653590202331542969e-01
6.577293872833251953e-01
1.028203248977661133e+00
1.135603308677673340e+00
1.184185862541198730e+00
1.116037964820861816e+00
1.708112835884094238e+00
2.197497606277465820e+00
1.592801094055175781e+00
8.540972471237182617e-01
1.327624797821044922e+00
1.349453330039978027e+00
6.611748933792114258e-01
1.711469292640686035e+00
1.345915436744689941e+00
1.159195065498352051e+00
8.319762945175170898e-01
7.936912178993225098e-01
1.357124805450439453e+00
1.133384943008422852e+00
1.096674203872680664e+00
1.842333078384399414e+00
1.640693068504333496e+00
2.065340995788574219e+00
6.550295948982238770e-01
1.216578960418701172e+00
1.853881716728210449e+00
7.824147939682006836e-01
1.588333845138549805e+00
1.421679973602294922e+00
7.644392251968383789e-01
1.400850534439086914e+00
1.841550946235656738e+00
2.040556669235229492e+00
1.405441403388977051e+00
1.080108046531677246e+00
1.021222949028015137e+00
9.242660999298095703e-01
2.338735342025756836e+00
6.994926333427429199e-01
8.670732975006103516e-01
2.634493112564086914e+00
2.024518489837646484e+00
1.202466726303100586e+00
1.356422424316406250e+00
1.449602007865905762e+00
1.071091294288635254e+00
1.348819851875305176e+00
1.024294734001159668e+00
1.180500030517578125e+00
1.523288130760192871e+00
1.054752945899963379e+00
1.304549098014831543e+00
1.404124736785888672e+00
6.810768246650695801e-01
1.876337051391601562e+00
9.758785963058471680e-01
9.487372040748596191e-01
1.231970071792602539e+00
1.271764755249023438e+00
9.649447798728942871e-01
7.977315187454223633e-01
2.026216983795166016e+00
1.242462277412414551e+00
1.143288969993591309e+00
9.933395981788635254e-01
1.689116835594177246e+00
1.045880436897277832e+00
5.153565406799316406e-01
1.549723863601684570e+00
1.687371969223022461e+00
7.633150219917297363e-01
1.209035754203796387e+00
8.582634925842285156e-01
1.793415069580078125e+00
4.890995621681213379e-01
1.241450309753417969e+00
1.199237108230590820e+00
1.498477458953857422e+00
5.664873123168945312e-01
2.267467498779296875e+00
1.095656394958496094e+00
1.600182414054870605e+00
1.574808001518249512e+00
2.177990913391113281e+00
1.164884567260742188e+00
1.458738565444946289e+00
9.742482900619506836e-01
9.632638096809387207e-01
3.606939911842346191e-01
1.023468375205993652e+00
2.475036859512329102e+00
1.152116298675537109e+00
1.367117285728454590e+00
6.024068593978881836e-01
1.341106534004211426e+00
1.621500253677368164e+00
4.797476232051849365e-01
1.311257004737854004e+00
2.090696811676025391e+00
1.937850475311279297e+00
1.803686380386352539e+00
2.874446392059326172e+00
2.952416419982910156e+00
2.818914413452148438e+00
9.016872048377990723e-01
1.566069722175598145e+00
1.934610366821289062e+00
1.361369967460632324e+00
7.819382548332214355e-01
2.772010564804077148e+00
2.371645450592041016e+00
2.462516546249389648e+00
2.189349651336669922e+00
2.044276952743530273e+00
4.082141816616058350e-01
1.261364817619323730e+00
1.480592131614685059e+00
1.819172859191894531e+00
1.752149343490600586e+00
1.581070542335510254e+00
1.928030252456665039e+00
1.471768021583557129e+00
8.920618891716003418e-01
1.578602790832519531e+00
2.580734729766845703e+00
1.769856452941894531e+00
8.706160783767700195e-01
2.177138566970825195e+00
9.178698658943176270e-01
2.086190700531005859e+00
1.177927613258361816e+00
1.901011347770690918e+00
1.058047294616699219e+00
1.659839630126953125e+00
1.428641676902770996e+00
1.775949001312255859e+00
1.535729050636291504e+00
2.048769235610961914e+00
1.044671058654785156e+00
1.771712183952331543e+00
1.399017691612243652e+00
1.691602945327758789e+00
1.614642620086669922e+00
2.373212099075317383e+00
2.286928653717041016e+00
1.053862571716308594e+00
1.094696164131164551e+00
1.850230574607849121e+00
1.312639355659484863e+00
3.230102956295013428e-01
9.590114355087280273e-01
2.630368947982788086e+00
1.510738372802734375e+00
1.302661538124084473e+00
1.938446283340454102e+00
2.192578077316284180e+00
2.779610157012939453e+00
2.444244384765625000e+00
1.830433249473571777e+00
2.713064670562744141e+00
3.130514383316040039e+00
2.663295984268188477e+00
2.140552043914794922e+00
3.259607553482055664e+00
2.983109474182128906e+00
8.715345859527587891e-01
2.157998323440551758e+00
3.014513731002807617e+00
1.869846820831298828e+00
1.443952918052673340e+00
2.293490409851074219e+00
2.332518577575683594e+00
1.294458031654357910e+00
1.916157126426696777e+00
1.707942724227905273e+00
1.334368586540222168e+00
1.859440207481384277e+00
2.782851696014404297e+00
2.418405532836914062e+00
1.608726263046264648e+00
2.692162275314331055e+00
2.639433622360229492e+00
1.923427700996398926e+00
1.823165178298950195e+00
2.061041593551635742e+00
2.764876604080200195e+00
1.720238924026489258e+00
1.661987543106079102e+00
2.500770330429077148e+00
2.905680894851684570e+00
1.731648087501525879e+00
1.919371724128723145e+00
2.391350507736206055e+00
1.969878792762756348e+00
1.439428091049194336e+00
2.500104665756225586e+00
2.853378772735595703e+00
1.618763804435729980e+00
1.824048995971679688e+00
1.480038285255432129e+00
1.941950559616088867e+00
1.992606997489929199e+00
5.419719815254211426e-01
1.940426945686340332e+00
1.599920630455017090e+00
1.471189022064208984e+00
8.391661047935485840e-01
2.254377603530883789e+00
2.294175386428833008e+00
1.031379461288452148e+00
1.041336178779602051e+00
1.021233677864074707e+00
1.065215349197387695e+00
9.500032663345336914e-01
1.782964706420898438e+00
1.628168344497680664e+00
3.639595210552215576e-01
1.698319792747497559e+00
2.328202724456787109e+00
2.370938539505004883e+00
6.044232249259948730e-01
2.269838571548461914e+00
1.462457895278930664e+00
4.657338559627532959e-01
7.334718108177185059e-01
1.207458138465881348e+00
1.054569363594055176e+00
8.805096149444580078e-01
1.759439587593078613e+00
2.509757518768310547e+00
1.688554644584655762e+00
1.289135336875915527e+00
2.190733194351196289e+00
2.014775037765502930e+00
2.149611413478851318e-01
1.129413247108459473e+00
2.368545055389404297e+00
1.215762734413146973e+00
8.924700021743774414e-01
7.151470184326171875e-01
2.257530450820922852e+00
7.759184241294860840e-01
1.409047245979309082e+00
1.375477671623229980e+00
1.237254977226257324e+00
1.406805634498596191e+00
1.330744624137878418e+00
8.921871185302734375e-01
1.395896077156066895e+00
1.817910432815551758e+00
1.062562584877014160e+00
2.036839485168457031e+00
2.243759155273437500e+00
1.097374081611633301e+00
1.045619249343872070e+00
1.772629380226135254e+00
1.075628876686096191e+00
1.146298646926879883e+00
9.777735471725463867e-01
7.359172105789184570e-01
2.175322294235229492e+00
8.178126811981201172e-01
6.747809648513793945e-01
2.705093383789062500e+00
1.666377782821655273e+00
2.164879322052001953e+00
1.719163656234741211e+00
1.629219532012939453e+00
2.098248004913330078e+00
4.783457815647125244e-01
2.241947889328002930e+00
1.526053428649902344e+00
1.252728939056396484e+00
1.186673283576965332e+00
2.087782859802246094e+00
2.180246829986572266e+00
7.117539644241333008e-01
1.177400231361389160e+00
1.975708007812500000e+00
1.003014206886291504e+00
7.754719257354736328e-01
1.626497387886047363e+00
1.676884055137634277e+00
1.331242084503173828e+00
7.444141507148742676e-01
1.832865357398986816e+00
1.245874762535095215e+00
1.818734407424926758e+00
1.323220133781433105e+00
1.992318630218505859e+00
1.031607031822204590e+00
1.224244832992553711e+00
1.765416741371154785e+00
1.371198058128356934e+00
1.693943023681640625e+00
1.602447986602783203e+00
1.957523345947265625e+00
8.568627834320068359e-01
9.597189426422119141e-01
1.033717393875122070e+00
1.004427790641784668e+00
1.074699401855468750e+00
5.390573143959045410e-01
7.685222029685974121e-01
1.193830013275146484e+00
2.329498291015625000e+00
1.119771242141723633e+00
1.149319648742675781e+00
2.287168264389038086e+00
1.793271064758300781e+00
1.890610814094543457e+00
1.696023225784301758e+00
1.413160085678100586e+00
1.279203295707702637e+00
5.946975350379943848e-01
1.768863558769226074e+00
1.801439404487609863e+00
1.815431237220764160e+00
1.570381522178649902e+00
1.170640468597412109e+00
2.131626605987548828e+00
1.541521549224853516e+00
1.633839368820190430e+00
1.732452988624572754e+00
1.731366872787475586e+00
5.439142584800720215e-01
1.183238148689270020e+00
2.339422225952148438e+00
1.605081439018249512e+00
1.168148159980773926e+00
2.079187631607055664e+00
1.414940834045410156e+00
1.324543476104736328e+00
7.630100846290588379e-01
2.355187177658081055e+00
8.483506441116333008e-01
6.536238193511962891e-01
1.221211671829223633e+00
2.548430442810058594e+00
2.181815385818481445e+00
9.078610539436340332e-01
1.931486845016479492e+00
1.757402062416076660e+00
1.497133374214172363e+00
1.423694729804992676e+00
1.451508641242980957e+00
2.304555416107177734e+00
1.553585171699523926e+00
1.100719332695007324e+00
1.435070037841796875e+00
2.093314170837402344e+00
1.172794222831726074e+00
1.661448478698730469e-01
1.263617873191833496e+00
1.820676922798156738e+00
1.857213139533996582e+00
1.052973747253417969e+00
1.430176854133605957e+00
1.817937612533569336e+00
1.256946921348571777e+00
2.533107757568359375e+00
2.107862949371337891e+00
1.264553904533386230e+00
1.404689192771911621e+00
2.364118337631225586e+00
1.369158387184143066e+00
1.219294428825378418e+00
1.418113946914672852e+00
2.642557144165039062e+00
1.845622301101684570e+00
1.250133156776428223e+00
2.178513050079345703e+00
2.098716735839843750e+00
2.299430131912231445e+00
1.484591484069824219e+00
8.062152862548828125e-01
1.832937955856323242e+00
2.180746078491210938e+00
1.511708259582519531e+00
1.815008878707885742e+00
1.465829968452453613e+00
1.395410776138305664e+00
1.137547254562377930e+00
1.174584746360778809e+00
1.522846817970275879e+00
1.543129563331604004e+00
1.879139065742492676e+00
1.962502360343933105e+00
1.720065116882324219e+00
1.204723834991455078e+00
1.430675268173217773e+00
1.969527244567871094e+00
1.539235830307006836e+00
1.826322317123413086e+00
1.813900828361511230e+00
1.939617872238159180e+00
2.213624715805053711e+00
1.519745588302612305e+00
8.910146355628967285e-01
5.043461322784423828e-01
2.663285255432128906e+00
2.496948957443237305e+00
6.169759035110473633e-01
1.851524353027343750e+00
2.311817884445190430e+00
1.968715786933898926e+00
1.020070910453796387e+00
1.800432801246643066e+00
1.585608363151550293e+00
2.064698696136474609e+00
1.345455646514892578e+00
2.342773675918579102e+00
2.255485534667968750e+00
1.117938041687011719e+00
1.719923019409179688e+00
2.698942661285400391e+00
2.477058172225952148e+00
1.451880455017089844e+00
1.309492230415344238e+00
2.646675586700439453e+00
1.657782673835754395e+00
5.397578477859497070e-01
2.386892557144165039e+00
1.244507431983947754e+00
1.579484462738037109e+00
8.051124215126037598e-01
1.615281105041503906e+00
1.948202610015869141e+00
1.773151040077209473e+00
8.092353940010070801e-01
2.745004177093505859e+00
1.512989878654479980e+00
1.505072951316833496e+00
1.962153673171997070e+00
2.753255367279052734e+00
2.218662977218627930e+00
1.641339540481567383e+00
1.863916754722595215e+00
1.841492414474487305e+00
1.557415246963500977e+00
5.718979239463806152e-01
2.181485176086425781e+00
8.019993305206298828e-01
1.361285090446472168e+00
9.744645357131958008e-01
2.251961946487426758e+00
6.241377592086791992e-01
2.002533435821533203e+00
1.901607275009155273e+00
1.372759938240051270e+00
1.227743506431579590e+00
2.272364616394042969e+00
2.083659648895263672e+00
1.866174101829528809e+00
4.737971723079681396e-01
2.400390863418579102e+00
2.460840702056884766e+00
1.323050498962402344e+00
2.110526800155639648e+00
1.411213278770446777e+00
2.164103507995605469e+00
1.360809326171875000e+00
2.285829305648803711e+00
1.480085849761962891e+00
1.975934267044067383e+00
1.466089010238647461e+00
1.808551073074340820e+00
1.947946310043334961e+00
2.131038188934326172e+00
1.775122404098510742e+00
1.404049396514892578e+00
1.624542117118835449e+00
1.562099575996398926e+00
2.240932941436767578e+00
2.530759334564208984e+00
6.245010495185852051e-01
1.855850815773010254e+00
2.501476287841796875e+00
1.600268363952636719e+00
1.370291590690612793e+00
1.168778419494628906e+00
1.210203886032104492e+00
1.757067680358886719e+00
1.578273415565490723e+00
7.907941937446594238e-01
2.737543821334838867e+00
2.015135288238525391e+00
1.207219719886779785e+00
1.501223206520080566e+00
1.973375797271728516e+00
1.390555858612060547e+00
1.267353653907775879e+00
1.814997196197509766e+00
2.151887893676757812e+00
2.457149267196655273e+00
9.397988915443420410e-01
1.489512562751770020e+00
2.051516532897949219e+00
1.480083942413330078e+00
1.071974992752075195e+00
1.174719929695129395e+00
2.047298908233642578e+00
9.598979949951171875e-01
1.397563695907592773e+00
2.944708108901977539e+00
2.219686508178710938e+00
1.274875879287719727e+00
1.963151574134826660e+00
2.559693574905395508e+00
1.858982324600219727e+00
1.503878712654113770e+00
2.728391170501708984e+00
1.083967208862304688e+00
1.810028672218322754e+00
1.538799524307250977e+00
1.397538900375366211e+00
1.659233450889587402e+00
1.586748957633972168e+00
2.537042617797851562e+00
2.175302743911743164e+00
2.152240037918090820e+00
1.101248741149902344e+00
2.245042085647583008e+00
2.019651412963867188e+00
1.311365008354187012e+00
2.443400144577026367e+00
2.171388387680053711e+00
2.051131963729858398e+00
2.260810613632202148e+00
7.651093006134033203e-01
2.519561529159545898e+00
1.376031994819641113e+00
1.769096016883850098e+00
1.946841359138488770e+00
1.534697294235229492e+00
1.679132938385009766e+00
1.790726780891418457e+00
2.207710027694702148e+00
2.109628200531005859e+00
1.369967818260192871e+00
1.766717076301574707e+00
2.457584142684936523e+00
9.435521364212036133e-01
1.925084471702575684e+00
1.789721131324768066e+00
1.760105013847351074e+00
2.077156305313110352e+00
3.248234272003173828e+00
2.657119989395141602e+00
2.128907918930053711e+00
1.243235826492309570e+00
1.742029309272766113e+00
1.269979476928710938e+00
1.994152665138244629e+00
2.464690685272216797e+00
2.631773710250854492e+00
1.414127230644226074e+00
2.011909008026123047e+00
1.562957286834716797e+00
6.115753650665283203e-01
1.602068781852722168e+00
2.462854146957397461e+00
1.136269450187683105e+00
2.200550794601440430e+00
1.358021497726440430e+00
1.531980156898498535e+00
1.982878565788269043e+00
2.571295976638793945e+00
2.722308158874511719e+00
2.374618053436279297e+00
1.720601558685302734e+00
2.726135730743408203e+00
1.664750695228576660e+00
2.131101608276367188e+00
3.196281194686889648e+00
1.833683013916015625e+00
2.908972263336181641e+00
2.542879104614257812e+00
2.339610099792480469e+00
1.799469232559204102e+00
2.275327682495117188e+00
2.538341999053955078e+00
1.043458223342895508e+00
2.847597360610961914e+00
1.841868996620178223e+00
1.790991544723510742e+00
1.902193307876586914e+00
2.448597908020019531e+00
1.353492140769958496e+00
1.631347298622131348e+00
2.446772098541259766e+00
8.317686319351196289e-01
1.249373078346252441e+00
2.007870435714721680e+00
1.643136382102966309e+00
1.785606503486633301e+00
1.665843009948730469e+00
1.844008445739746094e+00
2.390931606292724609e+00
3.180521965026855469e+00
2.689746856689453125e+00
1.656974434852600098e+00
2.362669944763183594e+00
2.864077091217041016e+00
2.138498783111572266e+00
2.668085575103759766e+00
2.462991237640380859e+00
1.247405409812927246e+00
1.179386496543884277e+00
2.830824851989746094e+00
2.047981262207031250e+00
3.177816629409790039e+00
1.548293352127075195e+00
2.302880764007568359e+00
2.285751104354858398e+00
1.352355599403381348e+00
2.784893751144409180e+00
2.282958269119262695e+00
1.300338745117187500e+00
2.503056526184082031e+00
3.209685564041137695e+00
3.054013013839721680e+00
1.470702052116394043e+00
2.950654983520507812e+00
1.866361975669860840e+00
1.761108279228210449e+00
2.373685359954833984e+00
2.697432756423950195e+00
2.512104511260986328e+00
2.009499311447143555e+00
1.821291446685791016e+00
1.605409383773803711e+00
2.519176721572875977e+00
1.695734500885009766e+00
1.365102171897888184e+00
1.933136820793151855e+00
1.780931591987609863e+00
8.757193684577941895e-01
1.703379154205322266e+00
1.277727365493774414e+00
1.953867435455322266e+00
2.092459917068481445e+00
1.984442234039306641e+00
1.697511315345764160e+00
2.554604053497314453e+00
1.504606246948242188e+00
1.970266699790954590e+00
2.172393560409545898e+00
2.727486610412597656e+00
1.319163203239440918e+00
2.332850217819213867e+00
2.264085769653320312e+00
2.440267562866210938e+00
2.143256902694702148e+00
1.844653248786926270e+00
1.395121812820434570e+00
1.705009579658508301e+00
2.580031871795654297e+00
1.503910422325134277e+00
1.167150974273681641e+00
2.617272138595581055e+00
1.941444873809814453e+00
1.349906682968139648e+00
2.210420131683349609e+00
2.651695728302001953e+00
1.318776845932006836e+00
1.928417801856994629e+00
2.174478054046630859e+00
1.469322204589843750e+00
7.826275825500488281e-01
2.292204618453979492e+00
2.040463447570800781e+00
1.572975873947143555e+00
2.800089359283447266e+00
2.711302042007446289e+00
2.908437252044677734e+00
1.707200527191162109e+00
2.955176591873168945e+00
1.945436716079711914e+00
2.099764585494995117e+00
2.239490985870361328e+00
2.887882471084594727e+00
2.178207397460937500e+00
1.823134899139404297e+00
1.488273859024047852e+00
2.392239809036254883e+00
1.720947146415710449e+00
2.145892381668090820e+00
1.695852279663085938e+00
2.029122114181518555e+00
2.122525215148925781e+00
2.762666940689086914e+00
2.192531824111938477e+00
1.674382090568542480e+00
2.150843858718872070e+00
1.814206600189208984e+00
1.551200270652770996e+00
2.772891998291015625e+00
7.774426341056823730e-01
2.772064924240112305e+00
2.170517206192016602e+00
1.713571429252624512e+00
3.192667722702026367e+00
2.362739086151123047e+00
3.154925823211669922e+00
1.859320998191833496e+00
3.075179576873779297e+00
2.542779922485351562e+00
2.253438949584960938e+00
2.402779340744018555e+00
2.226513385772705078e+00
2.023328542709350586e+00
2.250050783157348633e+00
2.970024824142456055e+00
1.476407527923583984e+00
2.624696493148803711e+00
1.694744944572448730e+00
2.361549615859985352e+00
1.797869324684143066e+00
2.716129064559936523e+00
1.737918376922607422e+00
1.877273917198181152e+00
2.724468231201171875e+00
2.955288410186767578e+00
2.180286169052124023e+00
2.154007196426391602e+00
3.453218221664428711e+00
2.616290092468261719e+00
2.389709949493408203e+00
3.290447235107421875e+00
2.052157402038574219e+00
1.270277261734008789e+00
1.628359556198120117e+00
2.895308732986450195e+00
1.980256676673889160e+00
1.502717971801757812e+00
3.064469337463378906e+00
2.463731527328491211e+00
2.668465375900268555e+00
2.530155897140502930e+00
2.724314451217651367e+00
2.404129028320312500e+00
3.152111053466796875e+00
1.245457172393798828e+00
1.858724832534790039e+00
3.173826217651367188e+00
1.669105052947998047e+00
2.636387109756469727e+00
2.095787763595581055e+00
2.838168144226074219e+00
1.550115346908569336e+00
2.989202499389648438e+00
3.484013795852661133e+00
2.227379322052001953e+00
2.258035421371459961e+00
3.523523330688476562e+00
2.290185928344726562e+00
1.455250382423400879e+00
2.431078910827636719e+00
2.394068002700805664e+00
2.865892410278320312e+00
2.706113815307617188e+00
3.508459091186523438e+00
2.727345466613769531e+00
2.154106855392456055e+00
2.308323144912719727e+00
2.924947261810302734e+00
2.396609067916870117e+00
3.005843400955200195e+00
2.212371587753295898e+00
1.945289611816406250e+00
2.335098981857299805e+00
2.143043756484985352e+00
1.625051736831665039e+00
2.013232231140136719e+00
1.967065572738647461e+00
2.955032348632812500e+00
3.152571678161621094e+00
2.165680408477783203e+00
2.614516496658325195e+00
3.144388675689697266e+00
3.048821687698364258e+00
2.520011901855468750e+00
9.563456773757934570e-01
2.723965406417846680e+00
2.869023799896240234e+00
2.435787200927734375e+00
2.604396581649780273e+00
2.894555330276489258e+00
2.106174707412719727e+00
2.723974227905273438e+00
3.865590095520019531e+00
3.478245258331298828e+00
2.464292049407958984e+00
3.335660696029663086e+00
3.367716312408447266e+00
2.812820434570312500e+00
2.095599174499511719e+00
2.289409160614013672e+00
2.379230022430419922e+00
1.501329660415649414e+00
1.506829500198364258e+00
2.720531225204467773e+00
1.273954629898071289e+00
2.078204154968261719e+00
2.467712163925170898e+00
2.643466949462890625e+00
2.272158384323120117e+00
3.365239143371582031e+00
2.584938287734985352e+00
2.181822538375854492e+00
2.747184991836547852e+00
2.568748950958251953e+00
2.013902187347412109e+00
1.940853118896484375e+00
2.161056995391845703e+00
2.890558242797851562e+00
3.184548139572143555e+00
2.239873409271240234e+00
2.659445524215698242e+00
3.966063976287841797e+00
2.152108907699584961e+00
1.970938324928283691e+00
2.406379699707031250e+00
2.275155782699584961e+00
1.994254350662231445e+00
3.091773986816406250e+00
2.886686563491821289e+00
3.704496860504150391e+00
2.480883836746215820e+00
2.302260160446166992e+00
3.501065731048583984e+00
3.526918888092041016e+00
1.447248458862304688e+00
2.858430147171020508e+00
2.927312612533569336e+00
3.122770547866821289e+00
2.857626676559448242e+00
2.602190732955932617e+00
2.245764255523681641e+00
2.264996051788330078e+00
3.155675649642944336e+00
2.411236286163330078e+00
3.498622417449951172e+00
2.323181152343750000e+00
2.505892276763916016e+00
2.956343650817871094e+00
3.045757770538330078e+00
3.667397737503051758e+00
1.783984065055847168e+00
2.414610385894775391e+00
2.383434057235717773e+00
2.894777536392211914e+00
2.753493070602416992e+00
2.380398988723754883e+00
2.286975622177124023e+00
3.219796419143676758e+00
2.409230232238769531e+00
3.119249820709228516e+00
2.446797847747802734e+00
2.854822874069213867e+00
3.282016992568969727e+00
3.232936382293701172e+00
3.529245138168334961e+00
2.135776758193969727e+00
2.637788057327270508e+00
3.665825128555297852e+00
2.473384857177734375e+00
3.303256511688232422e+00
3.286010742187500000e+00
1.580675125122070312e+00
1.905035495758056641e+00
2.791379451751708984e+00
3.053936958312988281e+00
2.426010608673095703e+00
2.994603633880615234e+00
2.838337898254394531e+00
2.492014884948730469e+00
3.652472496032714844e+00
3.739978075027465820e+00
3.232793331146240234e+00
2.004726648330688477e+00
2.412073850631713867e+00
1.606989502906799316e+00
2.400087833404541016e+00
3.394909858703613281e+00
1.805105447769165039e+00
2.515562057495117188e+00
1.848878264427185059e+00
2.644797563552856445e+00
2.214148283004760742e+00
3.409470796585083008e+00
3.027935743331909180e+00
3.765372753143310547e+00
3.589655399322509766e+00
2.705420970916748047e+00
2.824647665023803711e+00
3.395975589752197266e+00
2.157445669174194336e+00
1.868627309799194336e+00
3.644004583358764648e+00
2.244486570358276367e+00
3.115905523300170898e+00
2.367140531539916992e+00
2.888417482376098633e+00
2.486222743988037109e+00
1.981168985366821289e+00
2.266664981842041016e+00
3.540456295013427734e+00
2.842090606689453125e+00
3.367738962173461914e+00
2.279348611831665039e+00
3.224885702133178711e+00
2.813153028488159180e+00
3.104923963546752930e+00
3.001978158950805664e+00
3.450852155685424805e+00
3.684101819992065430e+00
3.357510805130004883e+00
3.039394378662109375e+00
3.635676860809326172e+00
2.143225193023681641e+00
3.131528139114379883e+00
2.996307373046875000e+00
2.518217563629150391e+00
3.026735305786132812e+00
3.802343606948852539e+00
2.464204311370849609e+00
3.497323036193847656e+00
4.387809276580810547e+00
3.939677000045776367e+00
3.706671953201293945e+00
3.654142856597900391e+00
4.706152915954589844e+00
3.327459573745727539e+00
3.338356256484985352e+00
3.776998043060302734e+00
4.364843845367431641e+00
2.378232955932617188e+00
4.000061988830566406e+00
3.317828893661499023e+00
2.311697483062744141e+00
3.229176521301269531e+00
4.561480045318603516e+00
2.638926029205322266e+00
3.288827419281005859e+00
3.232309818267822266e+00
3.375884056091308594e+00
2.430815458297729492e+00
2.474768877029418945e+00
4.045122146606445312e+00
2.750308036804199219e+00
3.145047187805175781e+00
4.006343364715576172e+00
3.574308633804321289e+00
3.857732534408569336e+00
4.274712085723876953e+00
2.790407419204711914e+00
3.395622253417968750e+00
3.126695156097412109e+00
3.349753856658935547e+00
4.565949916839599609e+00
4.227369308471679688e+00
3.581348419189453125e+00
3.837149620056152344e+00
3.688672304153442383e+00
2.085431575775146484e+00
3.864454269409179688e+00
3.002564191818237305e+00
2.633322477340698242e+00
2.603474140167236328e+00
4.191915035247802734e+00
3.265249013900756836e+00
3.409090280532836914e+00
3.078289985656738281e+00
3.544187068939208984e+00
2.624764919281005859e+00
3.630848169326782227e+00
4.137729167938232422e+00
4.011608123779296875e+00
4.212129116058349609e+00
4.911610603332519531e+00
3.822593212127685547e+00
3.762156724929809570e+00
4.906200408935546875e+00
5.496253967285156250e+00
3.841762542724609375e+00
3.760021209716796875e+00
3.869264841079711914e+00
3.995213508605957031e+00
5.151305675506591797e+00
4.287684440612792969e+00
5.027239322662353516e+00
5.571913242340087891e+00
4.059434413909912109e+00
3.628403425216674805e+00
4.215616703033447266e+00
3.588480949401855469e+00
3.964181661605834961e+00
4.908863067626953125e+00
3.228120565414428711e+00
3.891934394836425781e+00
4.369564533233642578e+00
4.775506019592285156e+00
4.892114162445068359e+00
4.163946628570556641e+00
4.755855083465576172e+00
4.054879188537597656e+00
3.499835252761840820e+00
4.053376197814941406e+00
4.566713333129882812e+00
4.468303203582763672e+00
4.887472152709960938e+00
3.617517232894897461e+00
3.896042585372924805e+00
3.811399221420288086e+00
4.171022415161132812e+00
4.987269878387451172e+00
3.163268566131591797e+00
4.545602798461914062e+00
4.518399715423583984e+00
3.812576770782470703e+00
3.934867382049560547e+00
5.284830093383789062e+00
3.399343252182006836e+00
4.427012920379638672e+00
4.817072868347167969e+00
3.866924524307250977e+00
4.612699031829833984e+00
5.696803092956542969e+00
5.266990184783935547e+00
4.828607082366943359e+00
5.264736175537109375e+00
5.989350318908691406e+00
5.253919124603271484e+00
5.200759410858154297e+00
4.485174179077148438e+00
4.867285728454589844e+00
4.748529434204101562e+00
5.668802261352539062e+00
4.635787487030029297e+00
4.779516220092773438e+00
5.140837192535400391e+00
4.223408699035644531e+00
5.422758102416992188e+00
5.686687469482421875e+00
5.096938133239746094e+00
6.228471279144287109e+00
5.550964355468750000e+00
5.781063556671142578e+00
3.929050922393798828e+00
5.969647407531738281e+00
4.777983188629150391e+00
3.634595155715942383e+00
4.389908790588378906e+00
4.076526641845703125e+00
3.598015785217285156e+00
3.883287668228149414e+00
4.659771442413330078e+00
3.420110225677490234e+00
4.316867351531982422e+00
3.939416885375976562e+00
3.301847696304321289e+00
3.911443471908569336e+00
4.897441387176513672e+00
3.277718305587768555e+00
3.261179208755493164e+00
3.663446426391601562e+00
3.816321372985839844e+00
5.140431880950927734e+00
3.427632331848144531e+00
2.887541055679321289e+00
4.281181335449218750e+00
5.124315738677978516e+00
3.519617795944213867e+00
4.045021057128906250e+00
5.450486183166503906e+00
3.485565662384033203e+00
4.210937976837158203e+00
4.388247489929199219e+00
4.726421833038330078e+00
4.265367507934570312e+00
5.008981704711914062e+00
3.459780216217041016e+00
4.744565010070800781e+00
5.204508304595947266e+00
3.448459386825561523e+00
3.986291170120239258e+00
4.829810619354248047e+00
4.233069419860839844e+00
3.111883163452148438e+00
4.120305061340332031e+00
4.102580070495605469e+00
4.702240943908691406e+00
3.878423213958740234e+00
4.836015224456787109e+00
3.994159936904907227e+00
4.531637668609619141e+00
4.008914947509765625e+00
4.345068931579589844e+00
4.979702949523925781e+00
4.211136817932128906e+00
4.904364109039306641e+00
4.144893169403076172e+00
5.508886337280273438e+00
5.535706043243408203e+00
3.565937757492065430e+00
5.839050769805908203e+00
4.885383605957031250e+00
5.095067501068115234e+00
4.340641498565673828e+00
5.174026012420654297e+00
3.873014211654663086e+00
4.503659248352050781e+00
4.864727973937988281e+00
3.954868793487548828e+00
4.489134311676025391e+00
4.254411697387695312e+00
4.414022445678710938e+00
3.875583171844482422e+00
3.769078016281127930e+00
4.859879970550537109e+00
5.115642070770263672e+00
4.712882041931152344e+00
4.720806121826171875e+00
5.306594371795654297e+00
5.080040454864501953e+00
4.241961479187011719e+00
5.090581893920898438e+00
4.041577339172363281e+00
4.794607639312744141e+00
4.906931877136230469e+00
4.364887237548828125e+00
4.755237579345703125e+00
3.737636566162109375e+00
5.425181865692138672e+00
4.642707824707031250e+00
4.432456016540527344e+00
4.868587493896484375e+00
4.575634479522705078e+00
5.672041893005371094e+00
4.269943714141845703e+00
5.100149154663085938e+00
4.405378341674804688e+00
4.243047237396240234e+00
4.223662853240966797e+00
4.193000793457031250e+00
4.472696781158447266e+00
4.294493675231933594e+00
3.871954917907714844e+00
4.965123653411865234e+00
4.679673671722412109e+00
3.204560518264770508e+00
5.308036804199218750e+00
3.610834836959838867e+00
3.198936700820922852e+00
4.268175125122070312e+00
3.912830352783203125e+00
4.347822666168212891e+00
4.757907867431640625e+00
5.031421661376953125e+00
4.213605880737304688e+00
4.405193805694580078e+00
3.961926937103271484e+00
4.529045581817626953e+00
4.712110519409179688e+00
4.171444892883300781e+00
4.604768276214599609e+00
4.942689418792724609e+00
5.084492683410644531e+00
4.210516452789306641e+00
4.845489978790283203e+00
6.357312202453613281e+00
4.901715278625488281e+00
4.323390960693359375e+00
5.070096969604492188e+00
4.945878982543945312e+00
3.536846399307250977e+00
5.820941448211669922e+00
3.760421276092529297e+00
4.090507984161376953e+00
4.758011341094970703e+00
4.308225631713867188e+00
3.897660732269287109e+00
3.935187816619873047e+00
5.313724994659423828e+00
4.763009548187255859e+00
3.937407255172729492e+00
5.582882881164550781e+00
4.413860321044921875e+00
4.422223567962646484e+00
4.925472736358642578e+00
5.346280097961425781e+00
3.867082357406616211e+00
5.081364154815673828e+00
3.481200695037841797e+00
4.696620464324951172e+00
5.343801975250244141e+00
4.686672210693359375e+00
4.410366058349609375e+00
4.663913726806640625e+00
4.114496707916259766e+00
4.447684764862060547e+00
4.821739196777343750e+00
4.272591114044189453e+00
4.435573101043701172e+00
5.888324260711669922e+00
5.477956295013427734e+00
5.709588050842285156e+00
4.984581947326660156e+00
5.319259166717529297e+00
3.945585489273071289e+00
4.193350315093994141e+00
5.546264171600341797e+00
5.629658222198486328e+00
4.387932777404785156e+00
5.503731727600097656e+00
4.351089954376220703e+00
5.390757560729980469e+00
5.189202308654785156e+00
4.174713611602783203e+00
5.018149852752685547e+00
5.440024375915527344e+00
4.598408222198486328e+00
4.884456157684326172e+00
4.389004230499267578e+00
3.956390619277954102e+00
3.610748052597045898e+00
5.960289478302001953e+00
5.306353092193603516e+00
4.525071620941162109e+00
4.194158077239990234e+00
5.156890392303466797e+00
4.298021316528320312e+00
5.616790771484375000e+00
4.815655231475830078e+00
4.171458721160888672e+00
5.450250148773193359e+00
4.463540077209472656e+00
5.708101272583007812e+00
4.270998477935791016e+00
5.629832744598388672e+00
4.258741855621337891e+00
5.401788711547851562e+00
5.159756183624267578e+00
4.960200786590576172e+00
5.984152317047119141e+00
5.006443500518798828e+00
4.647383689880371094e+00
4.496269226074218750e+00
5.014235019683837891e+00
5.325721263885498047e+00
3.701935529708862305e+00
5.359352111816406250e+00
5.593765258789062500e+00
4.999329566955566406e+00
4.467295646667480469e+00
5.166604995727539062e+00
4.042973995208740234e+00
4.959184169769287109e+00
4.419356346130371094e+00
4.921129703521728516e+00
4.790575981140136719e+00
4.922921657562255859e+00
4.199613094329833984e+00
6.009500503540039062e+00
6.559191226959228516e+00
5.085525035858154297e+00
5.655924797058105469e+00
4.953755855560302734e+00
6.142722129821777344e+00
5.629466056823730469e+00
6.241982460021972656e+00
4.816568851470947266e+00
6.157513141632080078e+00
5.884999752044677734e+00
5.777475833892822266e+00
6.284738540649414062e+00
4.852760791778564453e+00
5.517533302307128906e+00
5.503346443176269531e+00
4.321160793304443359e+00
5.107901096343994141e+00
4.973649501800537109e+00
5.983783721923828125e+00
5.710538387298583984e+00
5.114278793334960938e+00
6.785500526428222656e+00
5.604446411132812500e+00
6.107516765594482422e+00
5.584156990051269531e+00
5.966183185577392578e+00
5.746747016906738281e+00
5.733730792999267578e+00
5.387176036834716797e+00
6.671161651611328125e+00
5.670262813568115234e+00
4.887959480285644531e+00
6.157889842987060547e+00
5.975725173950195312e+00
5.696108818054199219e+00
4.933237552642822266e+00
6.402816295623779297e+00
5.866202354431152344e+00
4.335297584533691406e+00
4.987473011016845703e+00
5.152062892913818359e+00
4.836308956146240234e+00
4.887904644012451172e+00
6.349082946777343750e+00
6.031597614288330078e+00
4.482079982757568359e+00
5.910533428192138672e+00
6.080349922180175781e+00
5.049263477325439453e+00
5.862708568572998047e+00
6.005553245544433594e+00
6.874665260314941406e+00
5.405273437500000000e+00
5.738694190979003906e+00
5.582335948944091797e+00
4.968469619750976562e+00
5.755424499511718750e+00
7.250966072082519531e+00
5.331107139587402344e+00
8.098864555358886719e+00
8.771158218383789062e+00
8.196004867553710938e+00
5.982018470764160156e+00
6.981296539306640625e+00
5.444327354431152344e+00
5.236261844635009766e+00
5.265404701232910156e+00
6.291178226470947266e+00
6.856437683105468750e+00
5.573840618133544922e+00
7.551239013671875000e+00
7.000922203063964844e+00
7.004107952117919922e+00
6.320880889892578125e+00
5.339848995208740234e+00
6.966816902160644531e+00
5.490237236022949219e+00
5.572637081146240234e+00
6.206842422485351562e+00
5.107359886169433594e+00
5.696919918060302734e+00
6.537472724914550781e+00
6.225372314453125000e+00
6.066926479339599609e+00
6.734285831451416016e+00
7.310868263244628906e+00
6.921141147613525391e+00
6.534489154815673828e+00
5.579431533813476562e+00
5.808129787445068359e+00
6.059289455413818359e+00
6.216560840606689453e+00
6.456627845764160156e+00
6.627421379089355469e+00
6.658665180206298828e+00
7.432161331176757812e+00
6.479470252990722656e+00
7.360015392303466797e+00
6.190525054931640625e+00
6.074751377105712891e+00
6.254144668579101562e+00
6.502198696136474609e+00
5.682662487030029297e+00
5.200575351715087891e+00
6.893253326416015625e+00
6.907515525817871094e+00
6.665033817291259766e+00
6.385502815246582031e+00
6.175114631652832031e+00
6.983627796173095703e+00
6.299010753631591797e+00
5.770372390747070312e+00
5.460783958435058594e+00
5.384482383728027344e+00
7.196321964263916016e+00
6.898434638977050781e+00
6.728169918060302734e+00
7.873016834259033203e+00
6.560416221618652344e+00
6.108851432800292969e+00
6.709788322448730469e+00
7.904107570648193359e+00
6.056143760681152344e+00
6.935248851776123047e+00
7.810783863067626953e+00
7.326102256774902344e+00
6.350351333618164062e+00
6.199146270751953125e+00
7.270152568817138672e+00
5.642756462097167969e+00
7.623946666717529297e+00
7.155632019042968750e+00
6.984778404235839844e+00
6.866761684417724609e+00
8.058142662048339844e+00
6.407358646392822266e+00
6.849212646484375000e+00
6.180942535400390625e+00
6.835202217102050781e+00
6.767047405242919922e+00
7.127989768981933594e+00
6.438116550445556641e+00
6.076745986938476562e+00
6.749149322509765625e+00
7.952476978302001953e+00
6.444984436035156250e+00
7.389754295349121094e+00
7.534902572631835938e+00
7.447396278381347656e+00
7.015631198883056641e+00
7.658376693725585938e+00
5.509559631347656250e+00
6.381363391876220703e+00
8.002511978149414062e+00
7.329990386962890625e+00
7.519309997558593750e+00
7.761554241180419922e+00
6.827872753143310547e+00
8.403587341308593750e+00
6.753706932067871094e+00
8.544063568115234375e+00
8.403699874877929688e+00
7.925594806671142578e+00
6.459241867065429688e+00
7.467943191528320312e+00
6.744946002960205078e+00
6.304524898529052734e+00
7.823864936828613281e+00
6.461818218231201172e+00
6.356760025024414062e+00
7.045657634735107422e+00
6.544857978820800781e+00
5.917202949523925781e+00
6.339162349700927734e+00
8.139979362487792969e+00
6.563813686370849609e+00
6.611814022064208984e+00
6.371827602386474609e+00
7.156347274780273438e+00
7.550322532653808594e+00
6.667669773101806641e+00
7.244680881500244141e+00
6.871628761291503906e+00
6.274170398712158203e+00
7.646541118621826172e+00
8.614688873291015625e+00
7.530841827392578125e+00
7.642920494079589844e+00
7.436622619628906250e+00
7.925189495086669922e+00
5.828954696655273438e+00
6.993142127990722656e+00
6.229165554046630859e+00
6.489448070526123047e+00
6.198653697967529297e+00
7.084432125091552734e+00
6.614917278289794922e+00
6.519851207733154297e+00
7.555857658386230469e+00
7.525586128234863281e+00
7.288615703582763672e+00
6.949806213378906250e+00
7.456791877746582031e+00
6.883978843688964844e+00
6.283610343933105469e+00
7.887500762939453125e+00
7.143639564514160156e+00
6.238047599792480469e+00
6.855110168457031250e+00
7.051854133605957031e+00
7.111472606658935547e+00
8.144766807556152344e+00
7.818581104278564453e+00
6.913846015930175781e+00
6.376797676086425781e+00
7.468354701995849609e+00
6.623588562011718750e+00
6.920643806457519531e+00
7.463095664978027344e+00
5.937228679656982422e+00
7.497536659240722656e+00
6.619715213775634766e+00
6.625225543975830078e+00
6.950974464416503906e+00
7.337799072265625000e+00
6.802655696868896484e+00
8.256670951843261719e+00
7.893363952636718750e+00
6.605653762817382812e+00
7.945178985595703125e+00
7.110422134399414062e+00
7.381331443786621094e+00
7.249182701110839844e+00
8.202585220336914062e+00
8.446707725524902344e+00
7.807557582855224609e+00
8.449378013610839844e+00
8.943003654479980469e+00
8.287852287292480469e+00
9.016228675842285156e+00
7.506811141967773438e+00
8.095537185668945312e+00
6.576210975646972656e+00
8.014179229736328125e+00
8.559746742248535156e+00
6.917963504791259766e+00
7.578561305999755859e+00
5.962666988372802734e+00
7.629683971405029297e+00
7.107179164886474609e+00
7.598174095153808594e+00
6.372785091400146484e+00
7.118027687072753906e+00
7.486035823822021484e+00
7.383463382720947266e+00
7.303032875061035156e+00
6.099451541900634766e+00
8.575011253356933594e+00
6.826976299285888672e+00
7.086650848388671875e+00
7.917528629302978516e+00
8.135592460632324219e+00
6.378884792327880859e+00
6.725561618804931641e+00
8.769845962524414062e+00
6.286786079406738281e+00
6.997772693634033203e+00
7.080539703369140625e+00
5.900404453277587891e+00
6.967150688171386719e+00
6.710311889648437500e+00
7.270102500915527344e+00
6.903546810150146484e+00
6.740324974060058594e+00
6.713592529296875000e+00
7.535411357879638672e+00
8.154981613159179688e+00
7.618930816650390625e+00
8.105571746826171875e+00
7.063381671905517578e+00
6.882692337036132812e+00
6.740866184234619141e+00
6.968501091003417969e+00
7.881276607513427734e+00
6.639162063598632812e+00
7.395192623138427734e+00
8.153054237365722656e+00
8.049606323242187500e+00
8.816897392272949219e+00
7.157119750976562500e+00
7.975594043731689453e+00
7.429852485656738281e+00
6.905474185943603516e+00
7.252972126007080078e+00
7.869379997253417969e+00
8.635669708251953125e+00
7.843213081359863281e+00
7.985088825225830078e+00
6.972677707672119141e+00
7.530897140502929688e+00
7.683799266815185547e+00
7.124338150024414062e+00
7.577557563781738281e+00
8.479787826538085938e+00
8.798191070556640625e+00
7.242899894714355469e+00
8.375278472900390625e+00
7.283742904663085938e+00
7.646030902862548828e+00
7.479471683502197266e+00
7.562510490417480469e+00
8.654189109802246094e+00
8.893866539001464844e+00
1.004572200775146484e+01
8.010304450988769531e+00
8.385646820068359375e+00
8.718576431274414062e+00
8.434011459350585938e+00
7.601759433746337891e+00
8.679271697998046875e+00
8.604551315307617188e+00
7.344154357910156250e+00
8.668728828430175781e+00
7.425236225128173828e+00
8.648035049438476562e+00
8.803806304931640625e+00
8.715809822082519531e+00
7.661536216735839844e+00
7.308569908142089844e+00
7.791903972625732422e+00
8.846374511718750000e+00
8.418946266174316406e+00
8.384643554687500000e+00
8.034298896789550781e+00
8.296916007995605469e+00
8.941475868225097656e+00
6.790520668029785156e+00
7.955642700195312500e+00
9.464694023132324219e+00
8.639430046081542969e+00
9.120059013366699219e+00
1.034840202331542969e+01
8.716435432434082031e+00
9.833656311035156250e+00
8.425056457519531250e+00
7.328895092010498047e+00
7.603833198547363281e+00
7.500790119171142578e+00
6.649910449981689453e+00
8.388690948486328125e+00
8.122197151184082031e+00
7.338269233703613281e+00
8.350601196289062500e+00
7.636881828308105469e+00
9.292325973510742188e+00
7.129230022430419922e+00
8.360672950744628906e+00
8.096010208129882812e+00
8.617971420288085938e+00
8.541258811950683594e+00
9.644368171691894531e+00
7.423505783081054688e+00
8.118125915527343750e+00
7.390679836273193359e+00
8.651930809020996094e+00
7.748729228973388672e+00
9.855246543884277344e+00
8.674388885498046875e+00
8.657781600952148438e+00
8.193095207214355469e+00
8.843876838684082031e+00
9.196222305297851562e+00
8.151749610900878906e+00
9.741115570068359375e+00
7.968843936920166016e+00
9.131729125976562500e+00
8.793618202209472656e+00
9.349123001098632812e+00
7.763094902038574219e+00
9.405940055847167969e+00
9.553750038146972656e+00
9.688819885253906250e+00
8.326591491699218750e+00
8.705407142639160156e+00
7.615243911743164062e+00
8.418841361999511719e+00
9.343122482299804688e+00
7.887623310089111328e+00
8.361038208007812500e+00
8.438801765441894531e+00
9.992698669433593750e+00
1.049390888214111328e+01
1.017709350585937500e+01
8.906515121459960938e+00
9.213614463806152344e+00
8.832249641418457031e+00
7.507860183715820312e+00
7.758178710937500000e+00
8.625016212463378906e+00
8.445213317871093750e+00
7.617792606353759766e+00
8.578802108764648438e+00
9.082349777221679688e+00
8.416563987731933594e+00
7.398931503295898438e+00
7.927073955535888672e+00
8.537124633789062500e+00
8.217889785766601562e+00
1.036054229736328125e+01
8.393000602722167969e+00
8.609973907470703125e+00
9.180823326110839844e+00
8.080260276794433594e+00
8.361148834228515625e+00
7.551301956176757812e+00
9.332427024841308594e+00
9.238583564758300781e+00
1.032806587219238281e+01
9.323582649230957031e+00
9.779401779174804688e+00
8.575979232788085938e+00
9.095714569091796875e+00
8.081379890441894531e+00
8.996485710144042969e+00
8.556116104125976562e+00
8.850018501281738281e+00
8.798028945922851562e+00
8.919578552246093750e+00
8.137764930725097656e+00
9.351144790649414062e+00
9.193051338195800781e+00
8.952629089355468750e+00
1.004888916015625000e+01
9.685566902160644531e+00
9.949270248413085938e+00
7.561385631561279297e+00
9.725446701049804688e+00
8.793624877929687500e+00
9.270928382873535156e+00
7.656188964843750000e+00
8.937252998352050781e+00
8.533411979675292969e+00
8.878178596496582031e+00
1.053955936431884766e+01
8.742397308349609375e+00
1.065814685821533203e+01
9.174061775207519531e+00
1.044583892822265625e+01
8.674531936645507812e+00
1.003210544586181641e+01
1.012594699859619141e+01
9.225563049316406250e+00
8.114998817443847656e+00
8.646420478820800781e+00
7.549261093139648438e+00
9.333053588867187500e+00
9.251464843750000000e+00
8.870880126953125000e+00
9.375168800354003906e+00
9.528739929199218750e+00
9.525553703308105469e+00
8.591617584228515625e+00
1.008650970458984375e+01
9.538419723510742188e+00
9.712823867797851562e+00
7.993131160736083984e+00
8.984186172485351562e+00
8.267295837402343750e+00
9.596524238586425781e+00
9.467623710632324219e+00
1.033444404602050781e+01
9.742628097534179688e+00
9.823198318481445312e+00
1.038535213470458984e+01
1.058283329010009766e+01
9.514523506164550781e+00
9.287384033203125000e+00
9.245663642883300781e+00
9.009243965148925781e+00
9.765075683593750000e+00
8.859663963317871094e+00
1.088928794860839844e+01
9.082949638366699219e+00
1.013534641265869141e+01
1.038306522369384766e+01
9.352838516235351562e+00
9.707338333129882812e+00
9.851548194885253906e+00
9.889657020568847656e+00
9.885238647460937500e+00
9.552558898925781250e+00
1.012043476104736328e+01
9.290601730346679688e+00
1.058688163757324219e+01
1.009107971191406250e+01
9.171180725097656250e+00
9.588177680969238281e+00
1.020216274261474609e+01
9.211968421936035156e+00
9.753037452697753906e+00
9.583163261413574219e+00
9.921502113342285156e+00
1.023261833190917969e+01
1.050722789764404297e+01
1.003359127044677734e+01
9.306139945983886719e+00
9.552906990051269531e+00
1.032118415832519531e+01
1.059239292144775391e+01
9.504191398620605469e+00
1.019683456420898438e+01
9.777085304260253906e+00
1.000960826873779297e+01
1.002906322479248047e+01
9.898835182189941406e+00
1.021834754943847656e+01
9.886570930480957031e+00
1.031777954101562500e+01
1.047506904602050781e+01
1.056126499176025391e+01
1.017005920410156250e+01
1.011293315887451172e+01
9.906696319580078125e+00
9.738217353820800781e+00
1.000839138031005859e+01
9.329587936401367188e+00
1.057183361053466797e+01
9.477806091308593750e+00
9.067227363586425781e+00
9.323216438293457031e+00
1.013797187805175781e+01
1.023999595642089844e+01
1.024495983123779297e+01
9.498064041137695312e+00
1.070033264160156250e+01
1.077124023437500000e+01
9.586655616760253906e+00
9.321053504943847656e+00
9.453840255737304688e+00
1.025149917602539062e+01
1.112447643280029297e+01
1.052643299102783203e+01
1.025255775451660156e+01
9.407572746276855469e+00
1.050777339935302734e+01
1.084868717193603516e+01
9.649864196777343750e+00
9.759096145629882812e+00
9.359172821044921875e+00
9.682540893554687500e+00
1.067162513732910156e+01
9.551964759826660156e+00
9.365739822387695312e+00
9.583553314208984375e+00
9.695786476135253906e+00
1.090803241729736328e+01
1.016013908386230469e+01
9.288608551025390625e+00
9.749265670776367188e+00
9.922784805297851562e+00
1.096321296691894531e+01
1.060352325439453125e+01
9.836918830871582031e+00
9.060233116149902344e+00
9.195937156677246094e+00
9.671429634094238281e+00
1.019092750549316406e+01
9.955619812011718750e+00
1.076424407958984375e+01
9.472164154052734375e+00
1.040731048583984375e+01
1.043394660949707031e+01
9.640978813171386719e+00
1.008057689666748047e+01
1.063670063018798828e+01
9.463039398193359375e+00
9.188687324523925781e+00
1.011056327819824219e+01
9.613709449768066406e+00
9.217786788940429688e+00
9.980369567871093750e+00
1.028941249847412109e+01
9.928188323974609375e+00
1.055021476745605469e+01
1.064640903472900391e+01
9.679774284362792969e+00
1.059426307678222656e+01
9.571282386779785156e+00
9.737966537475585938e+00
9.933172225952148438e+00
9.788524627685546875e+00
9.855547904968261719e+00
9.790872573852539062e+00
9.751872062683105469e+00
1.029443359375000000e+01
9.907991409301757812e+00
1.013605785369873047e+01
1.022949886322021484e+01
9.599540710449218750e+00
1.030102157592773438e+01
9.952371597290039062e+00
1.059274387359619141e+01
9.985349655151367188e+00
9.948256492614746094e+00
1.017074012756347656e+01
9.644909858703613281e+00
1.068982982635498047e+01
1.012332057952880859e+01
1.032166385650634766e+01
1.026698684692382812e+01
1.029703807830810547e+01
9.741542816162109375e+00
9.917822837829589844e+00
1.013647174835205078e+01
1.089336872100830078e+01
1.063199520111083984e+01
1.063415908813476562e+01
9.911095619201660156e+00
1.039181423187255859e+01
1.007597732543945312e+01
1.043671035766601562e+01
1.035828113555908203e+01
1.020534229278564453e+01
9.812509536743164062e+00
1.015065193176269531e+01
1.005652999877929688e+01
1.028387832641601562e+01
9.822287559509277344e+00
9.913019180297851562e+00
9.620298385620117188e+00
1.004782295227050781e+01
1.030791091918945312e+01
9.744738578796386719e+00
9.672933578491210938e+00
9.775795936584472656e+00
9.563794136047363281e+00
1.026222991943359375e+01
1.008471393585205078e+01
9.920359611511230469e+00
9.903856277465820312e+00
1.004612636566162109e+01
9.719221115112304688e+00
9.727875709533691406e+00
9.801341056823730469e+00
1.010697555541992188e+01
9.649954795837402344e+00
9.874742507934570312e+00
1.011347675323486328e+01
1.030164909362792969e+01
1.029981803894042969e+01
9.801415443420410156e+00
9.710052490234375000e+00
1.001357078552246094e+01
9.916832923889160156e+00
9.985972404479980469e+00
9.851980209350585938e+00
1.026974201202392578e+01
9.882351875305175781e+00
1.032458972930908203e+01
9.963676452636718750e+00
9.882536888122558594e+00
9.961624145507812500e+00
9.961221694946289062e+00
9.880840301513671875e+00
9.825138092041015625e+00
1.014783000946044922e+01
9.826426506042480469e+00
9.997982025146484375e+00
9.805179595947265625e+00
1.029691600799560547e+01
9.948681831359863281e+00
1.036690044403076172e+01
1.015002441406250000e+01
9.946815490722656250e+00
9.702770233154296875e+00
9.923913002014160156e+00
9.994126319885253906e+00
1.043841361999511719e+01
1.016795635223388672e+01
9.937731742858886719e+00
1.000693416595458984e+01
9.948634147644042969e+00
1.007103538513183594e+01
1.034760475158691406e+01
1.004199314117431641e+01
9.953191757202148438e+00
9.708476066589355469e+00
1.011100387573242188e+01
1.010775661468505859e+01
9.892050743103027344e+00
1.049265098571777344e+01
9.602888107299804688e+00
9.978717803955078125e+00
1.015062332153320312e+01
1.025308609008789062e+01
9.919149398803710938e+00
9.979937553405761719e+00
1.009092903137207031e+01
9.882260322570800781e+00
1.032902336120605469e+01
9.944809913635253906e+00
9.848503112792968750e+00
9.995842933654785156e+00
9.849839210510253906e+00
1.012291336059570312e+01
1.029943561553955078e+01
9.873582839965820312e+00
1.000298404693603516e+01
9.861083030700683594e+00
9.891971588134765625e+00
1.002452468872070312e+01
1.008747196197509766e+01
1.026634502410888672e+01
9.861519813537597656e+00
9.939987182617187500e+00
1.010991382598876953e+01
9.940064430236816406e+00
9.860949516296386719e+00
1.024093914031982422e+01
9.801280975341796875e+00
9.877020835876464844e+00
1.005465984344482422e+01
9.798887252807617188e+00
9.917628288269042969e+00
1.003135204315185547e+01
1.031706714630126953e+01
1.016140365600585938e+01
9.858963012695312500e+00
1.000316238403320312e+01
9.924819946289062500e+00
9.790468215942382812e+00
1.018803501129150391e+01
9.652461051940917969e+00
9.924880981445312500e+00
9.976484298706054688e+00
1.026254558563232422e+01
9.868604660034179688e+00
1.008766937255859375e+01
1.029419994354248047e+01
1.004131126403808594e+01
9.954615592956542969e+00
9.765370368957519531e+00
1.019158649444580078e+01
1.002865314483642578e+01
1.010145187377929688e+01
9.938185691833496094e+00
9.890776634216308594e+00
1.000625324249267578e+01
9.899327278137207031e+00
9.981742858886718750e+00
9.945077896118164062e+00
9.902479171752929688e+00
1.022115993499755859e+01
1.020810794830322266e+01
1.014919948577880859e+01
9.929511070251464844e+00
9.981535911560058594e+00
9.939951896667480469e+00
9.812051773071289062e+00
9.941341400146484375e+00
9.935291290283203125e+00
1.007428741455078125e+01
9.930755615234375000e+00
9.930584907531738281e+00
9.973033905029296875e+00
9.843202590942382812e+00
1.023990440368652344e+01
9.800084114074707031e+00
1.027795982360839844e+01
1.049046516418457031e+01
9.833760261535644531e+00
9.920028686523437500e+00
1.035882472991943359e+01
1.039406299591064453e+01
9.794889450073242188e+00
1.019249153137207031e+01
1.018844413757324219e+01
1.023692035675048828e+01
1.017515468597412109e+01
1.023659706115722656e+01
9.799025535583496094e+00
9.819478034973144531e+00
9.887046813964843750e+00
1.005410575866699219e+01
1.005360317230224609e+01
9.800269126892089844e+00
9.992507934570312500e+00
1.001059055328369141e+01
9.839396476745605469e+00
1.006168174743652344e+01
1.019103527069091797e+01
1.015772438049316406e+01
1.010386753082275391e+01
1.008700847625732422e+01
9.795820236206054688e+00
1.016375064849853516e+01
1.000004291534423828e+01
1.020662879943847656e+01
1.025043106079101562e+01
1.008100986480712891e+01
9.708398818969726562e+00
9.829474449157714844e+00
9.790134429931640625e+00
1.008134746551513672e+01
9.873960494995117188e+00
9.955770492553710938e+00
1.000071239471435547e+01
9.923089027404785156e+00
9.965698242187500000e+00
1.013478660583496094e+01
1.017958736419677734e+01
1.009751605987548828e+01
1.017814350128173828e+01
1.000563716888427734e+01
1.000612735748291016e+01
9.965291023254394531e+00
9.924229621887207031e+00
1.012971496582031250e+01
1.004536342620849609e+01
1.013002967834472656e+01
1.017041301727294922e+01
9.916551589965820312e+00
9.872702598571777344e+00
9.913981437683105469e+00
1.008127021789550781e+01
9.792747497558593750e+00
9.626108169555664062e+00
9.963000297546386719e+00
9.954901695251464844e+00
9.956093788146972656e+00
9.832880020141601562e+00
9.958783149719238281e+00
9.758060455322265625e+00
9.964313507080078125e+00
1.005539894104003906e+01
9.801126480102539062e+00
1.001284980773925781e+01
1.030250835418701172e+01
9.840899467468261719e+00
9.756916999816894531e+00
9.962524414062500000e+00
1.017446613311767578e+01
1.017246246337890625e+01
9.960219383239746094e+00
1.017328739166259766e+01
1.012771224975585938e+01
1.008083152770996094e+01
1.000338935852050781e+01
1.004303646087646484e+01
9.789180755615234375e+00
9.916313171386718750e+00
1.003807449340820312e+01
9.789797782897949219e+00
9.793256759643554688e+00
9.791784286499023438e+00
1.020956420898437500e+01
1.016329097747802734e+01
1.004823207855224609e+01
1.013681697845458984e+01
1.034296321868896484e+01
1.013724136352539062e+01
1.005187892913818359e+01
9.805384635925292969e+00
1.013867473602294922e+01
1.000884437561035156e+01
9.965389251708984375e+00
9.842917442321777344e+00
9.803952217102050781e+00
9.799843788146972656e+00
9.793313026428222656e+00
9.996523857116699219e+00
9.992738723754882812e+00
9.918130874633789062e+00
1.014772796630859375e+01
9.956103324890136719e+00
9.799024581909179688e+00
1.014874553680419922e+01
1.007435321807861328e+01
9.956627845764160156e+00
9.838264465332031250e+00
1.015296077728271484e+01
9.878811836242675781e+00
1.007689571380615234e+01
1.016196823120117188e+01
9.768959999084472656e+00
1.012710762023925781e+01
9.971298217773437500e+00
9.815047264099121094e+00
9.816666603088378906e+00
1.009419250488281250e+01
9.936085700988769531e+00
1.016643714904785156e+01
1.012815475463867188e+01
1.012871360778808594e+01
1.012533092498779297e+01
1.012439632415771484e+01
1.004670238494873047e+01
1.016405105590820312e+01
1.023973751068115234e+01
1.031625843048095703e+01
9.844525337219238281e+00
1.007646274566650391e+01
9.802836418151855469e+00
1.007544803619384766e+01
1.023282241821289062e+01
9.803572654724121094e+00
9.997392654418945312e+00
9.881894111633300781e+00
9.961951255798339844e+00
9.885930061340332031e+00
9.970799446105957031e+00
1.008475685119628906e+01
1.012413501739501953e+01
9.929248809814453125e+00
1.009266757965087891e+01
9.814084053039550781e+00
9.774806022644042969e+00
1.001037311553955078e+01
1.024291896820068359e+01
1.020178508758544922e+01
1.004361629486083984e+01
1.004618549346923828e+01
9.804430007934570312e+00
1.015717411041259766e+01
1.031185245513916016e+01
9.839928627014160156e+00
9.954004287719726562e+00
1.030938053131103516e+01
9.797847747802734375e+00
1.003055477142333984e+01
1.030474185943603516e+01
9.995123863220214844e+00
1.011372661590576172e+01
9.997206687927246094e+00
9.843318939208984375e+00
1.015471935272216797e+01
1.023678207397460938e+01
1.011907100677490234e+01
9.809244155883789062e+00
1.004760837554931641e+01
1.016751766204833984e+01
9.814897537231445312e+00
9.695339202880859375e+00
9.811379432678222656e+00
1.001001071929931641e+01
1.004677486419677734e+01
9.929544448852539062e+00
1.011773586273193359e+01
1.024006843566894531e+01
1.007711791992187500e+01
1.015374755859375000e+01
9.917695045471191406e+00
9.915318489074707031e+00
1.002728271484375000e+01
1.002595806121826172e+01
9.869016647338867188e+00
9.789277076721191406e+00
1.014440631866455078e+01
1.006619739532470703e+01
1.010784244537353516e+01
9.948793411254882812e+00
1.014255905151367188e+01
1.026284599304199219e+01
1.022550582885742188e+01
1.023267555236816406e+01
1.015334987640380859e+01
9.965072631835937500e+00
1.000941467285156250e+01
1.016586399078369141e+01
1.001175880432128906e+01
1.009331798553466797e+01
1.001860713958740234e+01
1.016818428039550781e+01
9.935795783996582031e+00
1.012617015838623047e+01
1.001056289672851562e+01
1.040287017822265625e+01
1.008456993103027344e+01
9.807856559753417969e+00
9.805104255676269531e+00
1.000011062622070312e+01
1.007101154327392578e+01
9.994620323181152344e+00
1.014601135253906250e+01
9.986292839050292969e+00
9.790114402770996094e+00
1.006260967254638672e+01
1.010275363922119141e+01
1.013966274261474609e+01
1.010486316680908203e+01
9.792674064636230469e+00
9.992803573608398438e+00
1.046503067016601562e+01
9.838760375976562500e+00
1.023604965209960938e+01
1.016274929046630859e+01
1.012201976776123047e+01
1.012421321868896484e+01
1.001451873779296875e+01
9.930727958679199219e+00
9.812478065490722656e+00
1.015991687774658203e+01
9.807709693908691406e+00
9.806513786315917969e+00
1.011823368072509766e+01
1.000274944305419922e+01
1.007363510131835938e+01
9.795161247253417969e+00
9.873481750488281250e+00
1.014524555206298828e+01
9.989466667175292969e+00
1.014638423919677734e+01
1.006191730499267578e+01
1.030028629302978516e+01
9.786251068115234375e+00
1.010030364990234375e+01
9.786975860595703125e+00
9.790346145629882812e+00
1.006732749938964844e+01
9.795391082763671875e+00
9.998091697692871094e+00
9.803866386413574219e+00
1.031985282897949219e+01
1.004175662994384766e+01
9.802586555480957031e+00
1.016370010375976562e+01
9.768828392028808594e+00
9.770938873291015625e+00
9.805665016174316406e+00
1.040221691131591797e+01
1.008097267150878906e+01
9.959797859191894531e+00
1.000123882293701172e+01
1.007476806640625000e+01
1.027410030364990234e+01
9.985986709594726562e+00
1.010287189483642578e+01
1.021925258636474609e+01
1.029664516448974609e+01
1.021468448638916016e+01
1.005119323730468750e+01
1.029155158996582031e+01
9.901354789733886719e+00
1.021659851074218750e+01
1.021597385406494141e+01
9.866250038146972656e+00
1.006471538543701172e+01
9.792433738708496094e+00
1.015168476104736328e+01
1.007910633087158203e+01
1.008509349822998047e+01
9.809958457946777344e+00
9.929632186889648438e+00
1.016424465179443359e+01
1.009047508239746094e+01
9.930778503417968750e+00
1.008472919464111328e+01
9.928573608398437500e+00
1.004525947570800781e+01
1.000300407409667969e+01
1.023418617248535156e+01
1.023289966583251953e+01
1.022755050659179688e+01
9.986379623413085938e+00
9.903293609619140625e+00
1.013790321350097656e+01
9.977455139160156250e+00
9.778895378112792969e+00
1.020873165130615234e+01
9.778161048889160156e+00
9.974410057067871094e+00
9.977221488952636719e+00
1.029180526733398438e+01
9.980472564697265625e+00
1.014114856719970703e+01
9.990182876586914062e+00
1.022442245483398438e+01
1.015446567535400391e+01
9.803695678710937500e+00
1.000777721405029297e+01
1.001092910766601562e+01
1.005075931549072266e+01
1.016934967041015625e+01
1.008716011047363281e+01
9.932757377624511719e+00
9.813362121582031250e+00
1.000871658325195312e+01
9.809337615966796875e+00
1.000599098205566406e+01
9.801984786987304688e+00
1.031149578094482422e+01
1.014644527435302734e+01
9.944289207458496094e+00
1.029997730255126953e+01
9.979197502136230469e+00
1.013406085968017578e+01
1.005415058135986328e+01
9.900657653808593750e+00
9.977808952331542969e+00
9.777345657348632812e+00
1.009344291687011719e+01
1.021445846557617188e+01
9.987284660339355469e+00
9.788806915283203125e+00
1.000762557983398438e+01
9.998907089233398438e+00
1.008704471588134766e+01
1.000883197784423828e+01
1.000774192810058594e+01
1.009223747253417969e+01
1.034301471710205078e+01
9.802734375000000000e+00
9.762747764587402344e+00
9.802418708801269531e+00
1.000778388977050781e+01
1.008422088623046875e+01
1.012736034393310547e+01
9.991885185241699219e+00
9.987935066223144531e+00
9.778863906860351562e+00
9.935895919799804688e+00
1.030247020721435547e+01
1.013804721832275391e+01
9.765977859497070312e+00
9.766171455383300781e+00
1.005353736877441406e+01
1.030285930633544922e+01
1.047067737579345703e+01
9.771754264831542969e+00
9.981524467468261719e+00
9.980508804321289062e+00
9.784871101379394531e+00
1.015688514709472656e+01
9.914552688598632812e+00
1.000054836273193359e+01
9.761042594909667969e+00
9.800887107849121094e+00
1.001473331451416016e+01
9.809543609619140625e+00
9.811025619506835938e+00
1.009785461425781250e+01
1.017611217498779297e+01
9.763928413391113281e+00
1.017658996582031250e+01
1.000569629669189453e+01
9.877573966979980469e+00
9.999156951904296875e+00
1.048278236389160156e+01
1.031701374053955078e+01
1.030806446075439453e+01
9.888596534729003906e+00
1.029663562774658203e+01
9.764617919921875000e+00
1.005064678192138672e+01
9.962023735046386719e+00
9.756592750549316406e+00
1.005094242095947266e+01
1.013509464263916016e+01
9.971687316894531250e+00
1.022909355163574219e+01
9.981858253479003906e+00
9.911826133728027344e+00
1.016592884063720703e+01
1.041874027252197266e+01
1.018040370941162109e+01
1.001628780364990234e+01
1.002072811126708984e+01
1.002040672302246094e+01
9.775821685791015625e+00
9.772339820861816406e+00
9.938277244567871094e+00
1.002116203308105469e+01
1.035387706756591797e+01
9.932578086853027344e+00
1.001182746887207031e+01
9.797929763793945312e+00
1.008973789215087891e+01
1.007813930511474609e+01
9.782343864440917969e+00
1.006393623352050781e+01
1.013674068450927734e+01
1.005394935607910156e+01
1.030116558074951172e+01
1.013356590270996094e+01
1.028892707824707031e+01
1.012620639801025391e+01
1.004145622253417969e+01
9.966567993164062500e+00
9.723431587219238281e+00
1.014209938049316406e+01
1.031310367584228516e+01
1.006753253936767578e+01
1.016010570526123047e+01
1.007955837249755859e+01
9.757732391357421875e+00
9.803582191467285156e+00
1.022491264343261719e+01
9.809050559997558594e+00
9.933156013488769531e+00
9.772233009338378906e+00
9.682992935180664062e+00
9.808377265930175781e+00
1.009210777282714844e+01
1.009262561798095703e+01
9.797842025756835938e+00
1.008046817779541016e+01
9.741710662841796875e+00
1.006995868682861328e+01
9.733239173889160156e+00
1.038651561737060547e+01
1.004755878448486328e+01
9.967253684997558594e+00
1.029556751251220703e+01
9.959295272827148438e+00
9.876106262207031250e+00
1.017203330993652344e+01
9.963222503662109375e+00
1.029395675659179688e+01
1.005486106872558594e+01
1.013847351074218750e+01
1.014030170440673828e+01
1.048263835906982422e+01
9.992445945739746094e+00
1.008035564422607422e+01
1.008764839172363281e+01
1.013751316070556641e+01
1.018184185028076172e+01
9.931784629821777344e+00
1.001349449157714844e+01
1.002107048034667969e+01
9.930890083312988281e+00
9.765007019042968750e+00
1.017183208465576172e+01
1.017189502716064453e+01
1.000092220306396484e+01
9.786979675292968750e+00
9.990786552429199219e+00
9.981634140014648438e+00
9.975861549377441406e+00
9.720426559448242188e+00
1.021394634246826172e+01
9.958556175231933594e+00
1.012251853942871094e+01
9.956884384155273438e+00
9.951319694519042969e+00
9.868057250976562500e+00
9.748008728027343750e+00
1.003632545471191406e+01
1.004247760772705078e+01
9.962736129760742188e+00
9.968822479248046875e+00
9.977295875549316406e+00
1.015134811401367188e+01
9.996418952941894531e+00
1.042049312591552734e+01
1.025951290130615234e+01
1.001699256896972656e+01
1.010091781616210938e+01
9.815441131591796875e+00
1.002184486389160156e+01
9.817520141601562500e+00
1.018990039825439453e+01
9.813629150390625000e+00
1.018400192260742188e+01
1.026005268096923828e+01
1.008678627014160156e+01
9.793812751770019531e+00
1.007370948791503906e+01
9.980490684509277344e+00
9.766452789306640625e+00
9.965491294860839844e+00
1.029416561126708984e+01
1.004030418395996094e+01
1.012425804138183594e+01
1.011578941345214844e+01
1.019221305847167969e+01
9.941761016845703125e+00
9.742822647094726562e+00
9.957845687866210938e+00
9.870517730712890625e+00
9.957621574401855469e+00
9.963777542114257812e+00
9.774330139160156250e+00
9.742937088012695312e+00
1.016302013397216797e+01
1.033134269714355469e+01
1.000357818603515625e+01
9.805778503417968750e+00
1.001553153991699219e+01
1.002124404907226562e+01
1.010939311981201172e+01
1.027386474609375000e+01
1.010303115844726562e+01
9.814867973327636719e+00
1.018303012847900391e+01
9.930152893066406250e+00
1.009689331054687500e+01
1.000640487670898438e+01
9.796342849731445312e+00
9.909840583801269531e+00
1.023010158538818359e+01
1.031138420104980469e+01
9.968520164489746094e+00
9.837488174438476562e+00
9.952122688293457031e+00
9.745885848999023438e+00
9.862020492553710938e+00
9.931631088256835938e+00
9.934745788574218750e+00
1.009972286224365234e+01
1.019164562225341797e+01
1.018835544586181641e+01
1.003004455566406250e+01
9.993138313293457031e+00
9.876419067382812500e+00
9.760062217712402344e+00
9.971670150756835938e+00
1.014202976226806641e+01
9.953825950622558594e+00
1.019230842590332031e+01
1.013556957244873047e+01
1.009014701843261719e+01
9.802788734436035156e+00
9.930959701538085938e+00
9.845916748046875000e+00
9.841429710388183594e+00
9.798194885253906250e+00
9.754642486572265625e+00
9.911822319030761719e+00
1.012468624114990234e+01
9.991365432739257812e+00
1.019220352172851562e+01
1.006131839752197266e+01
1.004641628265380859e+01
9.947928428649902344e+00
9.856372833251953125e+00
1.027092933654785156e+01
1.012080287933349609e+01
9.971704483032226562e+00
1.019651985168457031e+01
9.713452339172363281e+00
1.011215877532958984e+01
9.928599357604980469e+00
1.020260143280029297e+01
1.002826023101806641e+01
1.011792373657226562e+01
9.963522911071777344e+00
1.030173110961914062e+01
9.981957435607910156e+00
9.954306602478027344e+00
9.780308723449707031e+00
1.019478702545166016e+01
1.000951480865478516e+01
9.808638572692871094e+00
9.809639930725097656e+00
9.893913269042968750e+00
9.849162101745605469e+00
1.020504665374755859e+01
1.011009597778320312e+01
1.003072929382324219e+01
9.833476066589355469e+00
9.740027427673339844e+00
1.034699440002441406e+01
1.015291404724121094e+01
1.004895401000976562e+01
1.004833507537841797e+01
9.856294631958007812e+00
1.020809936523437500e+01
1.006657028198242188e+01
1.028644752502441406e+01
9.798477172851562500e+00
1.001009559631347656e+01
1.000316905975341797e+01
1.036199378967285156e+01
9.918453216552734375e+00
1.010723400115966797e+01
1.024824714660644531e+01
1.002191066741943359e+01
1.003363800048828125e+01
9.748289108276367188e+00
1.024401760101318359e+01
1.007958221435546875e+01
9.820634841918945312e+00
1.008827018737792969e+01
1.015491294860839844e+01
9.809645652770996094e+00
1.001524353027343750e+01
1.002211761474609375e+01
9.852990150451660156e+00
1.020965194702148438e+01
9.766006469726562500e+00
1.016175651550292969e+01
1.000645923614501953e+01
1.007057189941406250e+01
1.001821899414062500e+01
9.866199493408203125e+00
9.778474807739257812e+00
1.033860588073730469e+01
9.968611717224121094e+00
1.018850708007812500e+01
1.003503227233886719e+01
9.855610847473144531e+00
1.036964321136474609e+01
1.001240634918212891e+01
1.004966545104980469e+01
1.017655944824218750e+01
1.008363628387451172e+01
1.033959388732910156e+01
1.020742702484130859e+01
1.015587615966796875e+01
9.897785186767578125e+00
9.862099647521972656e+00
9.704783439636230469e+00
1.005510520935058594e+01
1.001948070526123047e+01
1.003121376037597656e+01
9.945488929748535156e+00
9.876877784729003906e+00
1.024599170684814453e+01
9.976492881774902344e+00
1.007058048248291016e+01
1.008523464202880859e+01
1.014012145996093750e+01
1.013483047485351562e+01
9.830687522888183594e+00
1.001675701141357422e+01
1.010362148284912109e+01
9.901947021484375000e+00
1.007551002502441406e+01
9.856064796447753906e+00
9.805891036987304688e+00
9.807595252990722656e+00
1.005512046813964844e+01
9.870452880859375000e+00
1.004163646697998047e+01
1.024799633026123047e+01
1.004924774169921875e+01
9.909880638122558594e+00
9.908406257629394531e+00
9.903485298156738281e+00
9.803363800048828125e+00
1.001568126678466797e+01
9.967451095581054688e+00
9.884876251220703125e+00
9.888762474060058594e+00
9.984236717224121094e+00
