-5.176873683929443359e+00
-3.787231802940368652e+00
-3.695099910100301255e+00
-4.062162339687347412e+00
-4.012868261337279918e+00
-3.872494459152221680e+00
-3.988214302062988104e+00
-3.995666933059692560e+00
-3.512005281448364435e+00
-3.191238832473755060e+00
-2.719104814529418768e+00
-2.427930879592895330e+00
-2.054163146018981756e+00
-1.902165102958679244e+00
-2.047681689262390137e+00
-2.272659277915954679e+00
-2.600368952751159757e+00
-2.940249633789062678e+00
-3.065838050842285334e+00
-2.984862518310547053e+00
-2.662284159660339267e+00
-2.408631610870361150e+00
-2.045243000984191983e+00
-1.967163157463073686e+00
-1.995076775550842285e+00
-2.255729484558105291e+00
-2.514237236976623713e+00
-2.760162639617919744e+00
-2.859583425521850408e+00
-2.814869832992553889e+00
-2.607355666160583674e+00
-2.441488671302795233e+00
-2.429363512992858798e+00
-2.472699236869812189e+00
-2.626911616325378507e+00
-2.872330570220947177e+00
-2.995169878005981445e+00
-2.965987920761108398e+00
-2.818286275863647550e+00
-2.619443941116332830e+00
-2.357144093513488858e+00
-2.200129961967468351e+00
-2.092252182960510076e+00
-2.208021950721740900e+00
-2.207118582725525080e+00
-2.419731473922729581e+00
-2.511622142791748225e+00
-2.555279827117920011e+00
-2.740777063369750799e+00
-2.986231994628906428e+00
-2.907748126983642489e+00
-2.917778444290161310e+00
-2.844845724105835139e+00
-2.527524280548095525e+00
-2.252035140991210938e+00
-2.288570547103881747e+00
-2.187438297271728338e+00
-2.436567258834839045e+00
-2.628879117965698065e+00
-2.790775346755981268e+00
-2.687198066711425692e+00
-2.815848159790038885e+00
-2.632941484451293945e+00
-2.591676712036132812e+00
-2.607587242126464755e+00
-2.798266410827636719e+00
-2.891443777084350408e+00
-3.210217666625976740e+00
-3.439428663253784269e+00
-3.598613405227661044e+00
-3.709593725204467951e+00
-3.671820783615112216e+00
-3.487858104705810369e+00
-3.254388761520385920e+00
-3.034136295318603516e+00
-2.762533283233642667e+00
-2.447331333160400302e+00
-2.013337731361389160e+00
-1.652213215827941895e+00
-1.190940666198730513e+00
-9.235584616661072221e-01
-1.008319079875946045e+00
-1.452647745609283447e+00
-2.072510254383087336e+00
-2.863655984401702881e+00
-3.493380975723266779e+00
-3.780199861526489347e+00
-3.729169225692749112e+00
-3.433795976638793768e+00
-3.200351190567016779e+00
-2.849723386764526190e+00
-2.650966310501098544e+00
-2.623489236831665128e+00
-2.752565908432006658e+00
-2.745360994338989169e+00
-2.693769121170043856e+00
-2.441804480552673517e+00
-2.119202446937561213e+00
-1.461517530679702803e+00
-1.137117844820022539e+00
-1.189175254106521695e+00
-1.588656097650527954e+00
-2.162748342752456754e+00
-2.791817975044250666e+00
-3.290012407302856268e+00
-3.507276487350464045e+00
-3.461532545089721857e+00
-3.156608581542968750e+00
-2.986882495880126775e+00
-2.745609092712402166e+00
-2.551441335678100497e+00
-2.348673367500305087e+00
-2.049100482463836581e+00
-2.092362201213836759e+00
-1.858423602581024126e+00
-1.698641765117645308e+00
-1.544526779651641757e+00
-1.481624186038970947e+00
-1.161708831787109375e+00
-9.913301706314087136e-01
-1.073358082771301181e+00
-1.461275696754455566e+00
-1.933556091785430864e+00
-2.326198458671569824e+00
-2.667520523071289062e+00
-2.854685068130493164e+00
-2.815223884582519709e+00
-2.717960166931152166e+00
-2.529939174652099609e+00
-2.377104496955871671e+00
-2.289919638633727939e+00
-2.247868132591247736e+00
-2.254501175880432307e+00
-2.358386349678039728e+00
-2.307412958145141690e+00
-1.963758862018585294e+00
-1.760892999172210649e+00
-1.683790385723114014e+00
-1.784419906139373735e+00
-2.159470689296722590e+00
-2.654406523704528897e+00
-2.936401462554931729e+00
-3.321014738082885831e+00
-3.595152807235717951e+00
-3.550863885879516513e+00
-3.988719415664673029e+00
-4.776395654678344371e+00
-5.193301343917847035e+00
-5.626385831832886097e+00
-6.457939529418945668e+00
-5.797426462173461914e+00
-4.993096256256103871e+00
-3.763279545307159246e+00
-2.506796586513519109e+00
-7.490511775016784890e-01
4.365662217140197643e-01
1.108404362201690585e+00
8.484656095504761186e-01
3.634634017944336076e-02
-1.378464841842651278e+00
-2.788821220397949219e+00
-3.813904380798339933e+00
-3.933926415443420588e+00
-3.552994608879089355e+00
-3.130331778526306064e+00
-3.332924199104309260e+00
-3.307794785499572843e+00
-4.035066652297973455e+00
-4.591004943847655895e+00
-4.866699886322021662e+00
-5.116050338745116832e+00
-5.136230087280273082e+00
-4.654115438461303711e+00
-3.695315456390380948e+00
-2.725378811359405518e+00
-2.000583994388580145e+00
-1.039633715152740390e+00
-8.529460072517395242e-01
-1.948404371738433838e+00
-3.305556726455688654e+00
-4.137894630432128906e+00
-5.278343009948730291e+00
-5.933608722686767756e+00
-5.488903284072875977e+00
-4.680984640121460316e+00
-3.843193960189819514e+00
-3.020830488204956144e+00
-2.115745210647582919e+00
-1.867442941665649503e+00
-2.070918560028076172e+00
-2.266233921051025391e+00
-2.835289192199707209e+00
-3.616567516326904208e+00
-3.983791875839233221e+00
-3.999557304382324041e+00
-4.113905143737793146e+00
-3.875346040725708097e+00
-3.224818372726440341e+00
-2.764621925354004084e+00
-2.583965349197387518e+00
-2.730013990402221591e+00
-2.877934360504150302e+00
-3.311418437957763583e+00
-3.721424388885497869e+00
-3.782750701904296964e+00
-3.449614000320434748e+00
-3.179610586166381925e+00
-2.790339064598083674e+00
-2.630566525459289373e+00
-2.432933020591735662e+00
-2.483164811134338290e+00
-2.652320885658264071e+00
-2.969693708419799627e+00
-2.847241401672363281e+00
-2.674480271339416682e+00
-2.685949492454528631e+00
-2.608880305290222079e+00
-2.671550250053405851e+00
-2.918146824836731046e+00
-3.342345237731933594e+00
-3.450913953781127752e+00
-3.396954631805420011e+00
-3.077802968025207697e+00
-2.729937958717346014e+00
-2.478913187980651855e+00
-2.314458107948303311e+00
-2.322678923606872559e+00
-2.448963212966918768e+00
-2.686377716064453303e+00
-2.864566373825073065e+00
-3.097700738906860263e+00
-3.257879066467284979e+00
-3.379490947723388761e+00
-3.367734813690185458e+00
-3.333522796630859375e+00
-3.217466688156128019e+00
-3.281394529342651190e+00
-3.345117855072021307e+00
-3.602652597427367986e+00
-3.791903686523437678e+00
-4.025138378143310547e+00
-4.010878229141235707e+00
-4.109008932113647816e+00
-3.745310211181640536e+00
-3.501006698608398526e+00
-3.179186964035034091e+00
-3.041715812683105646e+00
-2.936094284057617188e+00
-3.161298704147339045e+00
-3.322179841995239080e+00
-3.444581842422485440e+00
-3.294162893295287997e+00
-3.012283802032470703e+00
-2.760718107223510742e+00
-2.616351747512817294e+00
-2.615109872817993342e+00
-2.987802124023437589e+00
-3.371074247360229315e+00
-3.580389261245727539e+00
-3.720962476730346857e+00
-3.506553697586059393e+00
-3.182731819152832209e+00
-2.807383871078491300e+00
-2.755337667465210139e+00
-2.703255844116211115e+00
-3.051489114761352539e+00
-3.126539897918701350e+00
-3.083043026924133123e+00
-2.822560334205627353e+00
-2.302619826793670832e+00
-1.790835440158843994e+00
-1.656678688526153520e+00
-1.704490745067596347e+00
-1.842078626155853271e+00
-2.254415202140807928e+00
-2.348486852645874201e+00
-2.237475848197937101e+00
-2.137406754493713201e+00
-1.956117248535156339e+00
-1.779956960678100497e+00
-1.717249989509582520e+00
-1.723795461654663130e+00
-1.890713930130004883e+00
-1.876645994186401323e+00
-2.039388561248779208e+00
-2.168503928184509100e+00
-2.228873896598815740e+00
-2.314062762260436834e+00
-2.561507415771484553e+00
-2.735242605209350586e+00
-2.847202539443969727e+00
-2.856504821777343661e+00
-2.599062609672546209e+00
-2.084845292568206609e+00
-1.619056951999664262e+00
-1.335559332370757968e+00
-1.086993920803070113e+00
-7.622538775205611739e-01
-3.238773673772811779e-01
-6.410995125770568501e-03
2.229143530130386353e-01
6.795493662357329767e-02
-4.591264009475707897e-01
-1.438803100585937411e+00
-1.997530931234359652e+00
-2.342584061622619451e+00
-2.513209748268127264e+00
-2.515536570549011142e+00
-2.607305026054382413e+00
-3.028129792213440030e+00
-3.730169820785522283e+00
-4.231519508361816229e+00
-4.415446233749389826e+00
-4.218382883071899236e+00
-3.857425355911254794e+00
-3.166958808898925781e+00
-2.522408437728882014e+00
-2.226725101470947266e+00
-2.183236455917358487e+00
-2.062618446350097834e+00
-2.083097887039184748e+00
-1.790307807922363326e+00
-1.595954489707946733e+00
-1.298164427280426025e+00
-1.283296310901641757e+00
-1.320404207706451505e+00
-1.590307509899139493e+00
-1.897730123996734575e+00
-2.394437384605407892e+00
-2.550881886482238681e+00
-2.640507769584655939e+00
-2.836623144149780451e+00
-2.750131940841674894e+00
-2.695743656158447354e+00
-2.736128616333007635e+00
-2.815648221969604403e+00
-2.871727466583251953e+00
-2.895555257797241211e+00
-2.582231068611144931e+00
-2.203262877464294611e+00
-1.737514793872833252e+00
-1.236706399917602450e+00
-1.045213007926940829e+00
-1.166888475418090820e+00
-1.419403457641601474e+00
-1.577291047573089688e+00
-1.682726323604583740e+00
-1.875605261325836270e+00
-1.820022284984588623e+00
-2.023266112804412931e+00
-2.169902002811431974e+00
-2.494537901878357111e+00
-2.459772992134094061e+00
-2.322533011436462402e+00
-2.044437980651855558e+00
-1.821558356285095215e+00
-1.584564638137817338e+00
-1.529705619812011808e+00
-1.796386790275573686e+00
-1.944211196899414018e+00
-2.074814510345459162e+00
-2.156349277496337979e+00
-1.946741569042205855e+00
-1.801755321025848344e+00
-1.475908577442169189e+00
-1.343741118907928467e+00
-1.443967783451080233e+00
-1.797781348228454590e+00
-2.037120747566222967e+00
-2.375697422027587713e+00
-2.571386432647705167e+00
-2.531865739822387606e+00
-2.478952836990356623e+00
-2.370150232315063388e+00
-2.446622180938720525e+00
-2.570612144470215021e+00
-2.656279373168945135e+00
-2.605602025985717773e+00
-2.615722322463989169e+00
-2.473077297210693359e+00
-2.393916320800781428e+00
-2.273339796066284002e+00
-2.039782738685607999e+00
-1.687673509120941162e+00
-1.343845784664154053e+00
-1.243669736385345503e+00
-1.483129632472991899e+00
-1.935370647907256991e+00
-2.684608078002929776e+00
-3.465958786010742365e+00
-3.999131250381469549e+00
-4.182427787780762074e+00
-4.230667924880981090e+00
-3.895333003997802912e+00
-3.476222705841064631e+00
-2.863838219642639071e+00
-2.248176109790802180e+00
-1.863135278224945068e+00
-1.696851551532745361e+00
-1.826245748996734530e+00
-2.265448653697967440e+00
-2.807029342651367276e+00
-3.197697424888610751e+00
-3.486764144897461115e+00
-3.432269096374511719e+00
-2.935416936874389648e+00
-2.420254111289978027e+00
-1.916446721553802579e+00
-1.588580787181854248e+00
-1.487181556224822954e+00
-1.883971536159515292e+00
-2.386832821369170965e+00
-3.132252502441406072e+00
-3.708680820465088068e+00
-3.823081588745117276e+00
-3.857974576950073065e+00
-4.157695245742798029e+00
-4.091943311691284002e+00
-3.680622434616088956e+00
-3.787542057037353693e+00
-3.848112154006957830e+00
-3.786951875686645597e+00
-3.659215784072876065e+00
-3.845011520385742010e+00
-3.992138481140136808e+00
-3.850042486190795810e+00
-3.464156436920165838e+00
-3.344559907913208008e+00
-3.458842372894287198e+00
-3.579500198364257812e+00
-4.039703941345214488e+00
-4.541375970840453746e+00
-5.073178005218506037e+00
-5.335040473937988637e+00
-5.358654785156249822e+00
-5.188126182556151988e+00
-5.064533996582031072e+00
-4.954332733154297230e+00
-4.845196151733398793e+00
-4.667087268829345881e+00
-4.754599666595458629e+00
-4.603643608093261896e+00
-4.617859649658202947e+00
-4.714657783508300781e+00
-4.913946151733398438e+00
-4.816854667663574396e+00
-4.888844203948974787e+00
-4.932398796081542969e+00
-4.918515300750732067e+00
-4.980720806121825994e+00
-5.186226272583008168e+00
-5.514738750457763850e+00
-5.521742820739746094e+00
-5.584403991699218750e+00
-5.646718883514404652e+00
-5.705092811584473012e+00
-5.684836578369140803e+00
-5.776777744293212891e+00
-5.889994716644286754e+00
-5.998328876495361506e+00
-6.213391017913818537e+00
-6.325835800170898082e+00
-6.430652999877930043e+00
-6.581061935424804332e+00
-6.562652397155761541e+00
-6.572580528259277521e+00
-6.633003044128417791e+00
-6.719916152954101385e+00
-6.913562393188476207e+00
-7.243021869659424183e+00
-7.463798618316650035e+00
-7.742179298400879262e+00
-7.830391693115234197e+00
-7.701120090484619318e+00
-7.811382675170898793e+00
-7.850995445251465199e+00
-7.783645248413085582e+00
-7.632586193084716975e+00
-7.654511165618896662e+00
-7.307398509979248225e+00
-6.877740383148193359e+00
-6.574916744232178090e+00
-6.511177825927734197e+00
-6.456503200531005682e+00
-6.506850051879882635e+00
-6.717143821716308416e+00
-6.917189979553223012e+00
-7.152870655059814453e+00
-7.320284271240234730e+00
-7.578411960601806996e+00
-7.781532192230224965e+00
-7.789415645599365057e+00
-7.840110015869140803e+00
-7.882856750488281605e+00
-7.875091171264648082e+00
-7.833040237426757812e+00
-7.900410175323486328e+00
-7.863219928741455256e+00
-7.741778087615966975e+00
-7.610146903991699574e+00
-7.507068729400634410e+00
-7.459372329711913885e+00
-7.366210079193114879e+00
-7.499318599700927734e+00
-7.610757064819336115e+00
-7.832109546661376598e+00
-7.920468616485595525e+00
-8.176503753662109020e+00
-8.159699058532714488e+00
-8.316919708251953480e+00
-8.348317527770996449e+00
-8.663920593261718039e+00
-8.768049049377442117e+00
-9.032746124267578836e+00
-9.114309120178223367e+00
-9.104259872436523793e+00
-8.991190528869628551e+00
-8.914603996276856179e+00
-8.787246513366699929e+00
-8.661355590820312145e+00
-8.658212852478026633e+00
-8.515138435363770242e+00
-8.485125732421874289e+00
-8.457514572143555398e+00
-8.565820121765137074e+00
-8.657605171203613281e+00
-8.852581214904784446e+00
-9.018954277038574219e+00
-9.217205619812011363e+00
-9.286808967590332031e+00
-9.428353500366210227e+00
-9.567999267578125355e+00
-9.758591461181641336e+00
-9.806010055541992898e+00
-9.950987243652344105e+00
-9.960862159729003906e+00
-9.868346977233887429e+00
-9.696821022033692117e+00
-9.672330093383788352e+00
-9.568582344055176492e+00
-9.600992965698242898e+00
-9.382700920104980469e+00
-9.228794288635253196e+00
-8.728382968902588246e+00
-7.959844684600829723e+00
-7.145121097564697266e+00
-6.790049552917480469e+00
-6.387311172485351740e+00
-5.971128845214844105e+00
-5.674845314025878551e+00
-5.220917510986327947e+00
-4.667759227752685369e+00
-3.957732582092285067e+00
-3.425880765914917081e+00
-3.368393850326538264e+00
-3.564529752731323331e+00
-3.661142587661743164e+00
-3.789431381225585760e+00
-3.823135709762573331e+00
-3.759302282333373935e+00
-3.539992713928222567e+00
-3.485737705230712802e+00
-3.763293981552124023e+00
-4.114656209945678711e+00
-4.095729064941406428e+00
-3.998913955688476740e+00
-3.740205669403076083e+00
-3.289363431930541815e+00
-2.842983675003051935e+00
-2.547291564941406072e+00
-2.227717876434326172e+00
-2.282981443405151190e+00
-2.397843503952026278e+00
-2.649952602386474787e+00
-2.748877763748168945e+00
-2.987119674682617188e+00
-2.866325235366821378e+00
-2.631233787536621183e+00
-2.209521985054016202e+00
-2.134924721717834650e+00
-1.970271444320678800e+00
-2.015960359573364169e+00
-2.189810991287231445e+00
-2.574269700050353826e+00
-2.863341307640075772e+00
-3.257212638854980469e+00
-3.291897916793823153e+00
-3.271191978454589755e+00
-3.076011037826538175e+00
-2.848055124282836914e+00
-2.766182470321655096e+00
-2.897966480255127042e+00
-3.020453453063964844e+00
-3.126410102844238370e+00
-3.182891941070556729e+00
-3.014240312576293768e+00
-2.932869052886962979e+00
-2.722125768661499023e+00
-2.556554031372070490e+00
-2.238840627670287908e+00
-2.038601326942443670e+00
-1.928995585441589444e+00
-1.999099087715148881e+00
-2.237078261375427424e+00
-2.446554684638976962e+00
-2.674272346496581854e+00
-2.664521121978759677e+00
-2.700467920303344815e+00
-2.761649131774902344e+00
-2.883252143859863281e+00
-2.883744239807128906e+00
-2.934454917907714844e+00
-2.882372760772704989e+00
-2.824916744232177646e+00
-2.930992889404296697e+00
-2.949715995788574130e+00
-2.962930727005004705e+00
-2.787575054168700994e+00
-2.643645238876342951e+00
-2.463157463073730291e+00
-2.410404491424560369e+00
-2.413603544235229492e+00
-2.935342502593994318e+00
-2.977176809310912997e+00
-3.346315002441406339e+00
-3.360003089904785245e+00
-3.455508279800414861e+00
-3.158668947219848810e+00
-3.266736841201782315e+00
-3.187007188796997070e+00
-3.261205768585205167e+00
-2.972971606254577459e+00
-2.942979788780212491e+00
-2.830416798591613770e+00
-2.851814389228820801e+00
-3.066663241386413663e+00
-3.382400226593017756e+00
-3.433302974700927823e+00
-3.354061985015869052e+00
-2.978227663040160955e+00
-2.760152530670166193e+00
-2.828203868865966975e+00
-3.063792991638183416e+00
-3.316519069671630682e+00
-3.391422271728515625e+00
-3.319378662109374822e+00
-3.265838623046875000e+00
-3.103884649276733576e+00
-3.207667016983032138e+00
-3.331222486495971857e+00
-3.346596813201904386e+00
-3.287548923492431552e+00
-3.109564304351806641e+00
-2.730305719375610174e+00
-2.521915102005004794e+00
-2.499087429046630948e+00
-2.344969367980957120e+00
-2.223507881164550781e+00
-2.283513259887695490e+00
-2.515663385391235352e+00
-2.833680677413940252e+00
-3.196493625640869141e+00
-3.663478708267212003e+00
-3.920970582962036044e+00
-3.805153131484985352e+00
-3.795591688156128019e+00
-3.457728815078735529e+00
-3.079460000991821378e+00
-2.647020816802978516e+00
-2.638477087020874023e+00
-2.552310228347778320e+00
-2.672251224517822266e+00
-2.715284872055053533e+00
-2.958998632431030451e+00
-2.991254949569702060e+00
-2.875156974792480558e+00
-2.962031698226928800e+00
-3.406645202636718661e+00
-3.750172710418701261e+00
-4.000426149368285778e+00
-4.234435176849364879e+00
-4.141351699829101562e+00
-3.954915618896484464e+00
-3.864400386810302734e+00
-3.875240802764892578e+00
-3.835029363632202148e+00
-4.000882673263549627e+00
-3.966335391998291104e+00
-3.569790506362914950e+00
-3.440865564346313299e+00
-3.335496520996093839e+00
-3.413896369934081854e+00
-3.312382316589355558e+00
-3.553875017166137518e+00
-3.474176883697509766e+00
-3.403333425521850586e+00
-3.183276844024658381e+00
-3.109627819061279386e+00
-3.230529308319091797e+00
-3.364682388305664240e+00
-3.705434179306030362e+00
-3.970385074615478516e+00
-4.141813707351684748e+00
-4.075330162048340199e+00
-3.845919990539550692e+00
-3.584709167480468750e+00
-3.495806884765625178e+00
-3.591049861907959162e+00
-3.632957553863525479e+00
-3.881135940551757812e+00
-3.833955144882202237e+00
-3.564842653274536310e+00
-3.353071594238281161e+00
-3.249946784973144709e+00
-3.141272926330566317e+00
-3.170686721801757812e+00
-3.433898639678955256e+00
-3.577618122100830078e+00
-3.567170572280883967e+00
-3.687559270858764560e+00
-3.591865301132202148e+00
-3.415529155731201083e+00
-3.284802627563476740e+00
-3.328992605209350586e+00
-3.223319435119628817e+00
-3.468139600753784357e+00
-3.737369346618652166e+00
-3.915455198287963956e+00
-3.959409284591674627e+00
-3.930289411544799716e+00
-3.688934564590454102e+00
-3.380169105529785334e+00
-3.203683519363403231e+00
-3.406281280517577947e+00
-3.665340423583984375e+00
-3.944826507568359286e+00
-4.107943105697631658e+00
-4.006794166564941584e+00
-3.629144716262817205e+00
-3.343310546875000178e+00
-3.191238689422607244e+00
-3.281931972503662198e+00
-3.660043716430664062e+00
-3.925417089462280185e+00
-4.035012292861938299e+00
-3.870468139648437500e+00
-3.392529749870300204e+00
-2.891777968406677335e+00
-2.741376757621765137e+00
-2.676037716865539373e+00
-2.778030133247375577e+00
-3.097170734405517489e+00
-3.225071954727172674e+00
-3.004749965667724787e+00
-2.919259977340698420e+00
-3.027007055282592951e+00
-3.216738796234130948e+00
-3.562696599960327060e+00
-3.943592071533203125e+00
-4.093475866317748846e+00
-4.106196689605712713e+00
-3.863135957717895419e+00
-3.655999088287353427e+00
-3.423021221160888583e+00
-3.328658771514892756e+00
-3.058802747726440341e+00
-3.158738517761230380e+00
-3.157849884033203214e+00
-3.336460304260254084e+00
-3.360555791854858310e+00
-3.492305231094360529e+00
-3.395827579498290838e+00
-3.367646980285644354e+00
-3.220520401000976474e+00
-3.215828323364257724e+00
-3.340721225738525479e+00
-3.507163190841674716e+00
-3.469624471664428889e+00
-3.374304389953613370e+00
-3.120077753067016513e+00
-2.751326346397399814e+00
-2.505281662940979093e+00
-2.490899109840392978e+00
-2.773492217063903809e+00
-3.135188555717468351e+00
-3.387591314315796076e+00
-3.387575387954711914e+00
-3.178905797004699885e+00
-2.974849009513854892e+00
-2.944633936882019132e+00
-3.009792304039001554e+00
-3.208587765693664551e+00
-3.583413648605346502e+00
-3.618747472763061523e+00
-3.474542474746704190e+00
-3.247257518768310369e+00
-3.062555265426635920e+00
-2.988334131240844904e+00
-3.140686893463134677e+00
-3.272561645507812589e+00
-3.469323825836181818e+00
-3.475222349166870117e+00
-3.119393563270568936e+00
-2.927713704109192072e+00
-2.767993903160095304e+00
-2.864395642280578524e+00
-3.096536660194396884e+00
-3.551899576187133700e+00
-3.593083286285400302e+00
-3.663695478439330966e+00
-3.637335824966430486e+00
-3.544199180603027521e+00
-3.501892232894897372e+00
-3.574690246582031161e+00
-3.645379781723022461e+00
-3.634157133102417170e+00
-3.547633790969848544e+00
-3.448519277572631658e+00
-3.503219652175903143e+00
-3.264083766937255771e+00
-3.118631839752197266e+00
-3.158391809463501065e+00
-3.159216594696045100e+00
-3.184477663040161222e+00
-3.572066164016723722e+00
-3.883149623870849609e+00
-4.000041675567627131e+00
-4.139947938919067205e+00
-4.018617200851440252e+00
-3.842485046386718839e+00
-3.699752044677734553e+00
-3.516425561904907404e+00
-3.482838106155395685e+00
-3.703701400756835849e+00
-3.756783962249755859e+00
-3.579257345199585050e+00
-3.269618058204650790e+00
-3.047807002067565829e+00
-2.746289753913879306e+00
-2.750339388847351074e+00
-3.139313626289367498e+00
-3.780488300323486150e+00
-4.256275701522826971e+00
-4.618762493133544922e+00
-4.661306476593017223e+00
-4.377365446090697887e+00
-4.169065093994140270e+00
-3.874255990982055753e+00
-3.793075704574584872e+00
-3.760381031036376775e+00
-4.171744394302367986e+00
-4.121434354782104847e+00
-3.943123245239257724e+00
-3.731264305114746271e+00
-3.396331167221069425e+00
-2.876009941101074219e+00
-2.890841913223266779e+00
-3.133716583251953125e+00
-3.381319904327392489e+00
-3.830886363983154297e+00
-4.006112241744995472e+00
-4.043237400054931818e+00
-3.914530611038208097e+00
-3.711119318008422763e+00
-3.353356313705444514e+00
-3.428323411941528231e+00
-3.474251174926757724e+00
-3.509544610977172852e+00
-3.522474098205566229e+00
-3.769538402557373047e+00
-3.778228855133056729e+00
-3.604592657089233487e+00
-3.458132362365722745e+00
-3.454086685180663974e+00
-3.419505500793456942e+00
-3.450524902343750089e+00
-3.799480962753295721e+00
-4.244177675247192028e+00
-4.421144866943359730e+00
-4.612820243835448863e+00
-4.689543628692627308e+00
-4.435520935058593572e+00
-4.230429983139037731e+00
-4.060413789749145685e+00
-4.055436658859252752e+00
-3.996696424484253107e+00
-4.295746469497681019e+00
-4.393383789062499822e+00
-4.551631450653076172e+00
-4.411177492141723278e+00
-4.064864587783813654e+00
-3.656548261642456055e+00
-3.376100873947143644e+00
-3.307853460311889648e+00
-3.510371112823486239e+00
-3.916976737976074041e+00
-4.247234821319580078e+00
-4.393812894821166992e+00
-4.301371049880981623e+00
-3.911742019653320135e+00
-3.670729827880859553e+00
-3.572268962860107422e+00
-3.751063776016235529e+00
-4.036624002456664861e+00
-4.409742069244384943e+00
-4.473491525650024059e+00
-4.438041973114013494e+00
-4.186159992218017933e+00
-3.654253816604614347e+00
-3.480317497253417880e+00
-3.629489374160766779e+00
-3.759538078308105380e+00
-4.209487628936767756e+00
-4.767369031906127930e+00
-4.904497241973876598e+00
-4.990595245361328480e+00
-4.977301597595214844e+00
-4.722362709045410334e+00
-4.644615840911865412e+00
-4.676108741760254262e+00
-4.766753005981445135e+00
-4.807113742828368785e+00
-4.861591720581055043e+00
-4.818229103088379262e+00
-4.776889991760254084e+00
-4.499998283386230646e+00
-4.581777572631835938e+00
-4.358125925064086914e+00
-3.999171781539916815e+00
-3.660416173934936346e+00
-3.645047998428344815e+00
-3.486594915390014648e+00
-3.723453521728515625e+00
-4.153741168975829900e+00
-4.553419971466064808e+00
-4.623411178588867188e+00
-4.611887645721435725e+00
-4.540972328186034801e+00
-4.370824527740478693e+00
-4.191243410110473633e+00
-4.095188474655151012e+00
-4.114528131484985529e+00
-4.168380594253539684e+00
-4.406810522079467773e+00
-4.555956363677978516e+00
-4.518228292465209961e+00
-4.124580812454223810e+00
-3.986170148849487394e+00
-3.657792186737060636e+00
-3.704274177551269531e+00
-4.022271585464477717e+00
-4.639825391769409002e+00
-4.978665399551391424e+00
-5.256501007080077947e+00
-5.128699874877929332e+00
-4.865758371353149592e+00
-4.593090391159057262e+00
-4.236080551147461293e+00
-4.175311470031738637e+00
-4.159033298492431641e+00
-4.219159936904906871e+00
-4.208883523941040039e+00
-4.206809091567992986e+00
-3.933272600173950195e+00
-3.732426834106445490e+00
-3.752171039581298828e+00
-3.820729446411132990e+00
-4.057356023788452504e+00
-4.372656202316283824e+00
-4.670890808105468750e+00
-4.667474555969238104e+00
-4.602890300750732244e+00
-4.404737186431884943e+00
-4.324231243133544567e+00
-4.146005439758300604e+00
-4.126296997070312500e+00
-4.107505989074707209e+00
-4.079628229141235352e+00
-3.944278955459594727e+00
-3.968815612792968572e+00
-3.935867881774902433e+00
-3.823732471466064542e+00
-3.799241495132446467e+00
-3.799030542373657227e+00
-3.896691703796386630e+00
-3.948714733123779297e+00
-4.146596336364746449e+00
-4.536372566223144887e+00
-4.809634399414062678e+00
-5.034995937347412465e+00
-4.984325504302978160e+00
-4.713393163681030451e+00
-4.179578065872192383e+00
-3.888191509246825994e+00
-3.599346828460693537e+00
-3.658353424072265714e+00
-3.749879455566406339e+00
-3.908789873123168945e+00
-3.590763330459594727e+00
-3.263673496246338068e+00
-2.990706825256347567e+00
-2.915865087509155185e+00
-3.064043140411377042e+00
-3.603628873825073242e+00
-4.123446273803710760e+00
-4.433002662658691584e+00
-4.510312700271606801e+00
-4.251676034927368342e+00
-4.168393659591674627e+00
-4.079338026046753107e+00
-4.048038339614867809e+00
-4.322928619384765803e+00
-4.346257638931274592e+00
-3.994335699081420721e+00
-3.527682781219482422e+00
-3.074039363861083896e+00
-2.661893606185913086e+00
-2.748081541061401456e+00
-3.165182352066040039e+00
-3.455738449096679599e+00
-3.963269901275634943e+00
-4.224761343002318981e+00
-4.173793411254882457e+00
-4.078953170776367543e+00
-4.184711265563964666e+00
-4.392561340332031605e+00
-4.584472084045410512e+00
-4.884507560729980824e+00
-4.964363479614258168e+00
-5.020915794372558416e+00
-4.724409770965576350e+00
-4.414599514007568004e+00
-4.069297885894775035e+00
-3.646134757995605380e+00
-3.348712348937988192e+00
-3.195350456237792791e+00
-3.498741626739501953e+00
-3.930863189697265447e+00
-4.651767921447754084e+00
-5.099774932861327770e+00
-5.352192115783691584e+00
-5.333038711547851918e+00
-5.226929855346679865e+00
-4.836323451995849787e+00
-4.590803050994873402e+00
-4.536225128173827947e+00
-4.645439434051513494e+00
-4.838949394226074396e+00
-5.070324230194091619e+00
-5.251481342315673650e+00
-5.289726734161376953e+00
-4.763838768005371094e+00
-4.427495384216308949e+00
-4.117597198486327770e+00
-4.154744529724121449e+00
-4.246144676208496449e+00
-4.962279224395752308e+00
-5.321956062316894887e+00
-5.761742591857910156e+00
-5.778572845458984197e+00
-5.719080638885498225e+00
-5.471880149841308771e+00
-5.205423069000244318e+00
-4.838575363159179688e+00
-4.757332229614258168e+00
-4.815487098693847834e+00
-5.077409172058105824e+00
-5.372711849212646662e+00
-5.626543235778808771e+00
-5.738896751403808949e+00
-5.799218940734863104e+00
-5.475212001800537465e+00
-5.133181285858154475e+00
-4.875616168975829723e+00
-4.780069732666015980e+00
-4.878063488006591619e+00
-5.194393539428711293e+00
-5.435734367370605113e+00
-5.713990402221679865e+00
-5.774889755249023260e+00
-5.543059635162353338e+00
-5.140254402160644887e+00
-4.899934101104736150e+00
-4.729590702056884588e+00
-4.570316696166992543e+00
-4.352324247360229492e+00
-4.305436658859252752e+00
-4.366695737838744762e+00
-4.307451391220093129e+00
-4.309266424179076793e+00
-4.441550350189208629e+00
-4.533539581298827947e+00
-4.547474288940430043e+00
-4.726423454284668146e+00
-5.001901817321777521e+00
-5.277849864959716975e+00
-5.441894054412841797e+00
-5.759123325347900391e+00
-5.903375053405762074e+00
-5.977545452117920100e+00
-6.021104335784912109e+00
-6.037701129913330078e+00
-5.872772884368896662e+00
-5.889969348907470703e+00
-5.891675758361816229e+00
-5.927713680267333807e+00
-5.854767799377441406e+00
-5.983557605743408558e+00
-6.095500946044921875e+00
-6.227205467224121271e+00
-6.357595729827880682e+00
-6.608024120330810547e+00
-6.707784557342529652e+00
-6.733783912658691584e+00
-6.615361118316650746e+00
-6.492586421966552557e+00
-6.287827491760253906e+00
-5.982920360565185725e+00
-5.828586292266845881e+00
-5.799074935913085760e+00
-5.912980842590331854e+00
-6.186644649505614879e+00
-6.613332557678222479e+00
-6.953527450561523438e+00
-7.287722301483154475e+00
-7.479515457153320668e+00
-7.729023265838622869e+00
-7.898959732055663707e+00
-7.800063800811767756e+00
-7.885807800292968572e+00
-7.784423637390136541e+00
-7.570584678649902699e+00
-7.329816055297851740e+00
-7.392651271820068537e+00
-7.124041461944580433e+00
-7.140999794006347656e+00
-7.189410591125488637e+00
-7.354443740844726740e+00
-7.417943000793457031e+00
-7.736082077026367188e+00
-7.911891841888428090e+00
-8.115207195281982422e+00
-8.260942363739014027e+00
-8.357926940917968395e+00
-8.373623847961425781e+00
-8.419406890869140625e+00
-8.359247398376464133e+00
-8.294662666320800071e+00
-8.225292778015136363e+00
-7.970662117004394531e+00
-7.940858459472655895e+00
-7.874796581268310725e+00
-7.800952148437500178e+00
-7.863557434082030895e+00
-8.085759162902832031e+00
-8.090517616271972301e+00
-8.356976222991942649e+00
-8.441225433349609730e+00
-8.466623687744140980e+00
-8.401206493377685547e+00
-8.412114810943602805e+00
-8.325693798065184836e+00
-8.384326457977294922e+00
-8.372616672515869496e+00
-8.675033378601074929e+00
-8.883809280395507102e+00
-9.020262908935546164e+00
-9.140493392944335938e+00
-9.278042602539063211e+00
-9.146235847473144887e+00
-9.117420578002930043e+00
-9.010131263732910512e+00
-9.005599784851074929e+00
-8.870077514648437855e+00
-8.866546440124512429e+00
-8.751082038879394176e+00
-8.820593452453612926e+00
-8.721191406250000000e+00
-8.736318588256835938e+00
-8.644013595581053977e+00
-8.673153877258300781e+00
-8.500999259948731179e+00
-8.269027900695800071e+00
-8.014729499816894531e+00
-7.822239971160888317e+00
-7.602373027801514027e+00
-7.563851833343505859e+00
-7.771470165252685192e+00
-8.074589443206786399e+00
-8.391192054748534801e+00
-8.695575714111328125e+00
-8.963302040100098012e+00
-9.103195571899414418e+00
-9.327458381652832031e+00
-9.442617607116698508e+00
-9.473784446716308594e+00
-9.335249137878417258e+00
-9.270722770690918324e+00
-9.145653915405272727e+00
-9.064214324951171520e+00
-8.942810249328612571e+00
-8.997018432617187145e+00
-8.876996421813965199e+00
-8.793102645874023793e+00
-8.561982727050780895e+00
-8.314488792419433949e+00
-8.096191883087158203e+00
-7.923772239685058949e+00
-7.856147384643554332e+00
-8.179136466979979758e+00
-8.557991600036620738e+00
-8.943071460723876598e+00
-9.270379447937012074e+00
-9.384370994567870383e+00
-9.244669342041015980e+00
-9.042687988281249645e+00
-8.828937339782715554e+00
-8.679129791259764914e+00
-8.572715568542481179e+00
-8.513000869750976918e+00
-8.640440177917479758e+00
-8.721663284301758523e+00
-8.651113700866698508e+00
-8.489284706115721946e+00
-8.072400474548340199e+00
-7.806024551391601562e+00
-7.526234722137450817e+00
-7.631828403472900035e+00
-7.794562435150146129e+00
-8.061644172668456676e+00
-8.218515014648437145e+00
-8.121085739135741832e+00
-8.035795021057129617e+00
-7.910231113433837891e+00
-7.844856739044189453e+00
-7.634668731689453480e+00
-7.638476276397705433e+00
-7.473239326477051137e+00
-7.411011409759521662e+00
-7.304481792449950994e+00
-7.192891883850097479e+00
-7.028049850463867543e+00
-6.985644340515136719e+00
-6.929351711273193715e+00
-6.969928455352783381e+00
-6.917143058776855646e+00
-6.826736068725585582e+00
-6.443661880493164240e+00
-6.132158660888672230e+00
-5.958306980133056818e+00
-5.807313442230224609e+00
-5.810305690765380504e+00
-5.746792221069336293e+00
-5.733414840698242365e+00
-5.718883132934569957e+00
-5.786478614807128551e+00
-5.505671119689941051e+00
-5.563309001922607244e+00
-5.313230705261230646e+00
-4.864295101165771129e+00
-4.497420310974121094e+00
-4.333666515350341975e+00
-4.010191583633423207e+00
-3.901376438140869318e+00
-3.896508789062500089e+00
-3.753563261032104581e+00
-3.847617101669311701e+00
-3.989436626434326172e+00
-3.895416498184204102e+00
-3.967919588088989258e+00
-3.903525209426879972e+00
-3.435823106765746981e+00
-3.354751634597778143e+00
-3.470982742309570490e+00
-3.520656871795654119e+00
-3.673328161239624023e+00
-3.975402402877807440e+00
-3.584316420555114568e+00
-2.951414942741394043e+00
-2.263792061805725009e+00
-2.118742775917053400e+00
-2.448277306556701838e+00
-3.424571800231933416e+00
-4.398622751235961914e+00
-5.258118534088135121e+00
-5.638105869293212891e+00
-5.446419525146484197e+00
-4.773972034454345703e+00
-4.078213691711425781e+00
-3.360188388824462802e+00
-2.719442701339721769e+00
-2.535473108291625977e+00
-2.710291910171508611e+00
-3.220099496841430486e+00
-3.540199995040893555e+00
-3.993776512145996271e+00
-3.875785064697265803e+00
-3.565894412994384588e+00
-3.293727016448974698e+00
-3.494640350341796875e+00
-3.381668806076049805e+00
-3.546071624755859464e+00
-3.928425788879394531e+00
-4.234712409973144354e+00
-4.484782791137694957e+00
-4.874960851669311701e+00
-5.162940597534179332e+00
-4.950916767120361328e+00
-4.694995880126953125e+00
-4.501808261871337535e+00
-4.314260005950927734e+00
-4.266560459136963246e+00
-4.317540884017944336e+00
-4.195843172073364435e+00
-4.127774000167846680e+00
-4.119239377975463690e+00
-4.177240800857544123e+00
-4.407030105590820312e+00
-4.532142353057861506e+00
-4.384486246109008611e+00
-4.321201753616333185e+00
-4.369667673110962269e+00
-4.231465864181518377e+00
-4.320483446121215820e+00
-4.261460590362548650e+00
-4.109602499008178533e+00
-3.815517950057983221e+00
-3.619955110549926580e+00
-3.625596761703491211e+00
-3.805100774765014737e+00
-3.882666301727295100e+00
-3.965463352203369318e+00
-4.100332641601562855e+00
-3.993471145629882812e+00
-3.947244167327880859e+00
-3.991309642791748047e+00
-3.987094688415527166e+00
-4.166538906097412287e+00
-4.193646049499511363e+00
-3.969469118118285955e+00
-3.795584249496459783e+00
-3.660778141021728604e+00
-3.426826524734496893e+00
-3.252459955215454279e+00
-3.359822654724121005e+00
-3.411849260330200195e+00
-3.482808399200439275e+00
-3.755598306655883789e+00
-4.071579408645630060e+00
-4.367754697799682617e+00
-4.625867843627929688e+00
-4.853350067138672230e+00
-4.807553386688232067e+00
-4.817435359954833629e+00
-4.707436752319336115e+00
-4.573521709442138317e+00
-4.489795207977294922e+00
-4.336733913421630504e+00
-4.199500131607055486e+00
-3.966148900985717596e+00
-3.654496908187866211e+00
-3.420276403427124023e+00
-3.062896490097045898e+00
-3.029352903366088867e+00
-2.933054256439208807e+00
-2.986902236938476562e+00
-2.958639049530029208e+00
-3.171181154251098810e+00
-3.058065462112426580e+00
-3.332845687866210938e+00
-3.385500431060791016e+00
-3.290224361419677557e+00
-3.179713964462280273e+00
-3.209027576446533025e+00
-3.016877698898315252e+00
-3.009530496597290217e+00
-3.219069814682006925e+00
-3.540752363204956232e+00
-3.736849927902221591e+00
-3.992318725585937589e+00
-4.271932888031005682e+00
-4.634113407135009410e+00
-4.766008281707764027e+00
-5.014125919342040660e+00
-5.214190196990966975e+00
-5.430610561370849965e+00
-5.370809364318847479e+00
-5.327853012084960760e+00
-5.107365226745605113e+00
-4.859501552581787287e+00
-4.441139411926269709e+00
-4.058640480041503906e+00
-3.729925870895385742e+00
-3.459215879440307617e+00
-3.149690866470336914e+00
-2.915867233276367099e+00
-2.870360898971557440e+00
-2.732622385025024414e+00
-2.845733070373535067e+00
-3.038082218170166104e+00
-3.271976137161254794e+00
-3.338727474212646484e+00
-3.491783905029296697e+00
-3.466718339920043856e+00
-3.518757057189941584e+00
-3.584292411804199219e+00
-3.694434356689453303e+00
-3.850426244735717596e+00
-3.675977993011474432e+00
-3.456632518768310458e+00
-3.225501394271850675e+00
-3.085079813003539950e+00
-2.957912969589233221e+00
-3.216699981689453036e+00
-3.507643270492553533e+00
-3.797970771789550781e+00
-3.974251461029052912e+00
-4.196230220794677557e+00
-4.424339485168457209e+00
-4.575724792480468928e+00
-4.696892261505126953e+00
-4.832424736022948863e+00
-4.753415298461914240e+00
-4.427290296554565074e+00
-4.077678537368774059e+00
-3.770010232925415039e+00
-3.608142042160034091e+00
-3.566293287277221502e+00
-3.585351705551147461e+00
-3.723272466659545810e+00
-3.714447975158691406e+00
-3.652499532699585050e+00
-3.578777170181274503e+00
-3.606679487228393377e+00
-3.637350034713745295e+00
-3.689759111404419034e+00
-3.782025051116943537e+00
-3.786266613006591619e+00
-3.816216516494750799e+00
-3.824405622482299982e+00
-3.910234880447387873e+00
-3.853904533386230291e+00
-3.840704822540283114e+00
-3.924965095520019709e+00
-3.816623497009277166e+00
-3.789626502990722567e+00
-3.813055849075317472e+00
-3.857159519195556552e+00
-3.831694793701172053e+00
-3.887620735168456854e+00
-3.967250776290893732e+00
-3.996104001998901367e+00
-4.142348957061767756e+00
-3.982410907745361328e+00
-3.885358381271362127e+00
-3.763223505020141690e+00
-3.799503946304321200e+00
-3.854394674301147461e+00
-3.978478574752807528e+00
-4.017543077468872070e+00
-4.029838657379150035e+00
-3.945687389373779386e+00
-3.590693998336791815e+00
-3.441324186325073420e+00
-3.193047857284545987e+00
-2.958869791030883878e+00
-2.698286199569702060e+00
-2.609525680541992188e+00
-2.560592174530029297e+00
-2.567653512954712003e+00
-2.582032966613769354e+00
-2.763915205001830966e+00
-2.982391977310180575e+00
-3.227247381210327060e+00
-3.483848857879638494e+00
-3.768822574615478427e+00
-3.719952344894409180e+00
-3.733319950103759943e+00
-3.726762485504150568e+00
-3.795791578292846857e+00
-3.643771362304687678e+00
-3.504860162734985352e+00
-3.235687446594238459e+00
-2.955081033706664861e+00
-2.832625579833984553e+00
-2.833416843414306552e+00
-2.868576717376709162e+00
-3.038873529434204190e+00
-3.174362325668334872e+00
-3.144186305999755682e+00
-3.343516206741333097e+00
-3.552754926681518377e+00
-3.611202764511108221e+00
-3.565337705612182440e+00
-3.679361438751220792e+00
-3.549244546890258700e+00
-3.515630483627319336e+00
-3.511506032943725764e+00
-3.527088737487793058e+00
-3.399374151229858310e+00
-3.329229259490966708e+00
-3.191782855987548739e+00
-2.967939615249633789e+00
-2.769077062606811523e+00
-2.603445482254028498e+00
-2.457706594467162997e+00
-2.310427618026733576e+00
-2.323113155364990412e+00
-2.437533283233642489e+00
-2.621227931976318537e+00
-2.733717107772827060e+00
-2.772894859313964844e+00
-2.752984905242919833e+00
-2.756262922286987216e+00
-2.657028388977050959e+00
-2.481693887710571200e+00
-2.565328121185302734e+00
-2.592639064788818448e+00
-2.540328741073608398e+00
-2.464115047454833896e+00
-2.572201776504516424e+00
-2.498236656188964844e+00
-2.710654640197753817e+00
-2.936022424697875888e+00
-3.121819305419921697e+00
-3.237225818634033025e+00
-3.437009096145629883e+00
-3.413629722595215021e+00
-3.394869804382324219e+00
-3.384955072402954013e+00
-3.378493499755859553e+00
-3.268394804000854581e+00
-3.102169036865234375e+00
-3.015539598464965998e+00
-2.950504398345947354e+00
-2.980885171890258700e+00
-2.961703157424926847e+00
-3.118585634231567205e+00
-3.065989017486572266e+00
-3.075718021392822354e+00
-3.036761665344238192e+00
-3.118816852569580078e+00
-3.074599933624267756e+00
-3.104948663711547763e+00
-3.075240945816040128e+00
-2.945354366302490146e+00
-2.748275756835937500e+00
-2.631233978271484197e+00
-2.600080060958862127e+00
-2.574205017089843839e+00
-2.558922958374023615e+00
-2.520322656631469815e+00
-2.223368859291076749e+00
-1.934923005104064897e+00
-1.823283219337463290e+00
-1.864618802070617587e+00
-1.869846653938293413e+00
-2.333276748657226562e+00
-2.613877582550048650e+00
-2.955704736709594549e+00
-3.268854951858520597e+00
-3.753112983703613459e+00
-3.881720542907714844e+00
-4.127618837356567205e+00
-4.122604036331177113e+00
-4.039418315887450817e+00
-3.951677131652831854e+00
-3.904074144363403498e+00
-3.715757656097411932e+00
-3.505345678329467862e+00
-3.277426624298095614e+00
-3.096241044998168768e+00
-3.061277246475219815e+00
-3.103703975677490234e+00
-3.125641918182373136e+00
-3.345309638977050692e+00
-3.358740234374999911e+00
-3.375738239288330167e+00
-3.353653812408447177e+00
-3.308578252792358398e+00
-3.229198980331420721e+00
-3.248227500915527255e+00
-3.102742052078247159e+00
-2.884121608734131037e+00
-2.669438219070434659e+00
-2.315494775772094727e+00
-2.113107347488403231e+00
-1.939098358154296875e+00
-2.000911664962768732e+00
-2.233812761306762873e+00
-2.599946069717407049e+00
-2.818484687805175692e+00
-3.175895118713378817e+00
-3.520080566406250000e+00
-3.851838302612304865e+00
-4.038379383087158381e+00
-4.231523370742797496e+00
-4.331241321563720881e+00
-4.401186084747314098e+00
-4.195402336120605646e+00
-4.118646478652953746e+00
-3.996105289459228604e+00
-3.840069818496703924e+00
-3.676180791854858576e+00
-3.500307321548461914e+00
-3.351656436920166016e+00
-3.269416999816894709e+00
-3.332853746414184748e+00
-3.410020303726196467e+00
-3.593985414505004972e+00
-3.739377546310424627e+00
-3.938397789001464755e+00
-3.912330436706542791e+00
-4.045873832702636896e+00
-4.171422386169433949e+00
-3.969602203369140714e+00
-3.811474323272705078e+00
-3.765034151077270685e+00
-3.417100191116333008e+00
-3.181987905502319247e+00
-2.937058258056640447e+00
-2.635125446319579900e+00
-2.364113140106200994e+00
-2.244943857192993164e+00
-2.197420454025268644e+00
-2.481262826919555575e+00
-2.791159009933471769e+00
-3.088660001754760742e+00
-3.408123922348022639e+00
-3.661616039276123225e+00
-3.792879009246826083e+00
-3.808520603179931463e+00
-3.801335048675537287e+00
-3.671086311340332031e+00
-3.538352012634277344e+00
-3.338654899597167880e+00
-3.055161666870117365e+00
-2.894214582443237482e+00
-2.698331069946289240e+00
-2.510234069824218928e+00
-2.428460073471069514e+00
-2.497273778915405362e+00
-2.493398475646972479e+00
-2.594077157974242986e+00
-2.578576326370239258e+00
-2.682542991638183771e+00
-2.626431369781494052e+00
-2.752024698257446111e+00
-2.773646068572998225e+00
-3.035608053207397461e+00
-3.034116697311401545e+00
-3.139331817626953125e+00
-3.074621438980102539e+00
-3.185940694808960139e+00
-3.171328735351562678e+00
-3.346135568618774592e+00
-3.403980875015258700e+00
-3.408384847640991033e+00
-3.253081417083740323e+00
-3.104662322998046786e+00
-3.020600986480713068e+00
-2.991087245941161932e+00
-2.966705846786498846e+00
-3.124618387222290128e+00
-3.173568105697631925e+00
-3.332769727706909269e+00
-3.435079669952392667e+00
-3.687456893920898260e+00
-3.636595964431762695e+00
-3.999539279937744052e+00
-3.995519256591796964e+00
-4.197631549835205256e+00
-4.066416406631470082e+00
-4.181516456604003729e+00
-3.892629766464233310e+00
-3.791398906707763583e+00
-3.385588741302490323e+00
-3.275944232940673828e+00
-3.177112627029418768e+00
-2.941531896591186523e+00
-2.787457847595214755e+00
-2.761322689056396662e+00
-2.572104978561401190e+00
-2.541808271408080966e+00
-2.697536325454712003e+00
-2.829895401000976474e+00
-3.061921930313110440e+00
-3.354846143722534091e+00
-3.567400884628296076e+00
-3.824815464019775568e+00
-4.066146612167358398e+00
-4.300429916381835582e+00
-4.468746185302734375e+00
-4.601372909545898615e+00
-4.592775821685791016e+00
-4.481215095520019176e+00
-4.238871765136718928e+00
-3.983086299896240412e+00
-3.574711513519287287e+00
-3.276484775543212713e+00
-3.069678735733032404e+00
-2.854733467102050781e+00
-2.778980827331543058e+00
-2.888989257812499822e+00
-2.964840126037597834e+00
-3.102343893051147550e+00
-3.342494297027587713e+00
-3.527960777282714844e+00
-3.625656318664550959e+00
-3.818729305267333896e+00
-3.846729278564453125e+00
-3.761785173416137606e+00
-3.822599458694457830e+00
-3.786442279815673828e+00
-3.453995180130005060e+00
-3.161785936355590909e+00
-2.906041574478149592e+00
-2.541794347763061346e+00
-2.283053922653198065e+00
-2.168458485603332431e+00
-2.054897427558898926e+00
-2.184400534629821866e+00
-2.384150910377502264e+00
-2.556048274040222168e+00
-2.946589803695678800e+00
-3.366474294662475497e+00
-3.749652433395385565e+00
-3.944626140594482244e+00
-4.163455963134765625e+00
-4.243216800689697088e+00
-4.275626182556152344e+00
-4.129403114318847656e+00
-4.049418163299560725e+00
-3.794608449935913175e+00
-3.554589462280273615e+00
-3.242646741867065252e+00
-2.913412714004516513e+00
-2.735295534133911133e+00
-2.705287075042724698e+00
-2.756269264221191229e+00
-3.019582748413085938e+00
-3.445054817199706854e+00
-3.531927680969238370e+00
-3.632006216049194158e+00
-3.748418235778808505e+00
-3.592229557037353693e+00
-3.537935590744018644e+00
-3.638175773620605291e+00
-3.735968208312988370e+00
-3.713995504379272283e+00
-3.746531391143798739e+00
-3.661792898178100497e+00
-3.617775249481200994e+00
-3.463724946975708097e+00
-3.364106512069702237e+00
-3.412473487854003729e+00
-3.335816192626952947e+00
-3.205507183074951083e+00
-3.182760334014892667e+00
-3.178302001953125178e+00
-3.165467119216919034e+00
-3.316604375839233398e+00
-3.433442878723144354e+00
-3.444729757308960139e+00
-3.419506597518920721e+00
-3.427953720092773438e+00
-3.356806278228759766e+00
-3.376137399673461825e+00
-3.323380565643310636e+00
-3.385717678070068182e+00
-3.448861408233642400e+00
-3.419659852981567383e+00
-3.415641117095947088e+00
-3.351618146896362394e+00
-3.160304546356201172e+00
-3.059172916412353338e+00
-2.981132793426513494e+00
-2.919635152816772550e+00
-2.929865837097167969e+00
-3.001064634323120206e+00
-2.938417434692382812e+00
-2.975802850723266779e+00
-2.961053752899169833e+00
-3.219923257827758789e+00
-3.484045028686523438e+00
-3.677853298187256037e+00
-3.754120969772338778e+00
-3.930688571929931818e+00
-3.910613059997558594e+00
-3.862420129776000799e+00
-3.834798622131347479e+00
-3.800156259536743075e+00
-3.600908231735229670e+00
-3.478147077560424627e+00
-3.338063764572143377e+00
-3.000879478454590021e+00
-2.807164573669433505e+00
-2.677909088134765803e+00
-2.593334293365478604e+00
-2.526108407974243075e+00
-2.654613733291625977e+00
-2.718966341018676847e+00
-2.786540365219116300e+00
-2.725278854370117188e+00
-2.801702308654784979e+00
-2.868587207794189631e+00
-2.979202890396118075e+00
-3.224394273757934748e+00
-3.523252201080322443e+00
-3.522204494476318448e+00
-3.455166625976562322e+00
-3.624807977676391513e+00
-3.543586015701293945e+00
-3.189684152603149414e+00
-3.121587228775024592e+00
-2.961693477630615412e+00
-2.524228882789611994e+00
-2.380702567100525080e+00
-2.501342749595642179e+00
-2.571157860755920233e+00
-2.805401825904846103e+00
-3.066531038284301847e+00
-3.258088159561157049e+00
-3.505586051940917880e+00
-3.718002176284790128e+00
-4.005589389801025746e+00
-4.277554559707641424e+00
-4.450627803802490234e+00
-4.479298973083496449e+00
-4.504661178588866832e+00
-4.340386247634887340e+00
-4.084308195114135565e+00
-3.820461368560791104e+00
-3.595948934555053711e+00
-3.377952337265014648e+00
-3.217349958419799982e+00
-3.000583410263061523e+00
-2.667427945137023748e+00
-2.286748337745666326e+00
-2.040659642219543546e+00
-1.959156298637390048e+00
-2.083509039878845392e+00
-2.399737405776977361e+00
-2.748022127151489080e+00
-3.071220302581787021e+00
-3.318607950210571200e+00
-3.473692035675048917e+00
-3.368443822860717862e+00
-3.330627822875976474e+00
-3.186444759368896484e+00
-2.964223051071166903e+00
-2.807055091857910245e+00
-2.697549676895141690e+00
-2.504150152206420898e+00
-2.367607259750366122e+00
-2.238246440887451172e+00
-2.139913940429687411e+00
-2.452248525619507014e+00
-2.889516925811767667e+00
-3.215111017227172852e+00
-3.615510463714599609e+00
-4.008119964599609730e+00
-4.198665380477905273e+00
-4.402647686004638850e+00
-4.614139080047607422e+00
-4.728197956085205433e+00
-4.754744529724121094e+00
-4.708053684234618785e+00
-4.603112220764160156e+00
-4.322300815582275746e+00
-4.112191438674926758e+00
-3.846130847930908203e+00
-3.437556648254394442e+00
-2.974410581588744940e+00
-2.638168573379516602e+00
-2.410056638717651190e+00
-2.440301656723022461e+00
-2.557490587234497070e+00
-2.800912332534790217e+00
-2.912170219421386541e+00
-2.992247581481933594e+00
-2.769985914230346680e+00
-2.620611953735351385e+00
-2.589033985137939364e+00
-2.428322601318359197e+00
-2.256142616271972656e+00
-2.197067070007324041e+00
-2.280470132827758789e+00
-2.075805664062500000e+00
-2.288673305511474521e+00
-2.494030714035034180e+00
-2.799263811111450284e+00
-3.048436355590820490e+00
-3.339047050476074308e+00
-3.504634952545166104e+00
-3.588032102584838956e+00
-3.573627138137817294e+00
-3.471763324737549006e+00
-3.355527782440185458e+00
-3.234905099868774503e+00
-3.279814147949218661e+00
-3.381237745285034180e+00
-3.404800605773925959e+00
-3.557390069961547940e+00
-3.711105918884277433e+00
-3.740467834472656072e+00
-3.646995210647582919e+00
-3.559241771697998047e+00
-3.350901746749877841e+00
-3.009195089340209961e+00
-2.653951597213745295e+00
-2.556398916244506658e+00
-2.385130929946899236e+00
-2.285603475570678889e+00
-2.363911819458007990e+00
-2.357783746719360529e+00
-2.329640102386474787e+00
-2.335462903976440519e+00
-2.437497949600219815e+00
-2.564127254486083807e+00
-2.814980316162109197e+00
-2.914681577682495028e+00
-3.068316698074340820e+00
-3.147343158721923828e+00
-3.258894681930541992e+00
-3.334683465957641424e+00
-3.337470293045043945e+00
-3.430214881896972656e+00
-3.427373218536376775e+00
-3.465957450866699041e+00
-3.506222534179687322e+00
-3.709591770172119052e+00
-3.728589391708374112e+00
-3.837450504302978516e+00
-3.946445178985595881e+00
-4.006732416152954279e+00
-4.028971910476684570e+00
-4.255321788787841619e+00
-4.502755165100097656e+00
-4.424431324005126953e+00
-4.554443645477294744e+00
-4.548202037811279297e+00
-4.374007177352905451e+00
-4.204649972915649236e+00
-4.244477605819701793e+00
-3.961268043518066495e+00
-3.729657983779907315e+00
-3.429320955276489169e+00
-2.875313210487365545e+00
-2.390641164779663264e+00
-1.947678422927856534e+00
-1.498866510391235307e+00
-1.166221368312835738e+00
-1.127684438228607089e+00
-1.169576394557952925e+00
-1.444281661510467440e+00
-2.088983380794525058e+00
-2.882499122619628817e+00
-3.644339203834533691e+00
-4.215094661712646129e+00
-4.639501571655273438e+00
-4.698555374145508168e+00
-4.517526006698608043e+00
-4.155924940109253285e+00
-3.767020273208617986e+00
-3.214154601097106934e+00
-2.827327227592468351e+00
-2.580276942253112882e+00
-2.421510767936706721e+00
-2.301708006858825595e+00
-2.368774271011352628e+00
-2.355562448501586914e+00
-2.582815408706665039e+00
-2.819743680953979315e+00
-3.284142160415649325e+00
-3.610332775115966619e+00
-3.929424667358398349e+00
-4.048158121109008967e+00
-4.289482927322387340e+00
-4.166360330581665217e+00
-4.105388355255127131e+00
-3.927238702774047852e+00
-3.667259693145751953e+00
-3.516467094421386719e+00
-3.598218059539795011e+00
-3.594956302642822177e+00
-3.661122131347656072e+00
-3.890507364273071200e+00
-3.864015913009643644e+00
-3.686148595809936701e+00
-3.640970134735107333e+00
-3.566334056854247869e+00
-3.250133514404296875e+00
-2.921935749053955256e+00
-2.614570474624633878e+00
-2.324707484245300382e+00
-2.062130546569824308e+00
-1.921476507186889560e+00
-1.921318292617797852e+00
-1.956213283538818404e+00
-1.941371583938598544e+00
-1.970550942420959517e+00
-2.006886363029479980e+00
-2.033628439903259366e+00
-2.079832005500793279e+00
-2.204219770431518732e+00
-2.218177461624145419e+00
-2.087540555000304998e+00
-2.186984896659851074e+00
-2.229948353767395197e+00
-2.032434725761413485e+00
-2.213401722908019842e+00
-2.636764574050903143e+00
-2.613199996948242010e+00
-2.976645469665527344e+00
-3.581523704528808416e+00
-3.972334384918212891e+00
-4.186663055419922230e+00
-4.648450088500976740e+00
-4.734204006195068537e+00
-4.825339221954346058e+00
-4.741860008239745738e+00
-4.754176425933837713e+00
-4.638204669952392223e+00
-4.556408786773681996e+00
-4.434347152709960938e+00
-4.334739971160888494e+00
-4.190915775299072443e+00
-4.056849098205566051e+00
-3.864836931228637695e+00
-3.799586915969848544e+00
-3.711983394622802912e+00
-3.516595125198364258e+00
-3.332745313644409180e+00
-3.225513362884521396e+00
-2.922493743896484197e+00
-2.763758373260498225e+00
-2.570141530036926358e+00
-2.515813612937927157e+00
-2.462337088584900080e+00
-2.487977242469787686e+00
-2.434922146797179998e+00
-2.664113330841064275e+00
-2.642251491546630859e+00
-2.715794754028320490e+00
-2.817098236083984464e+00
-2.863046169281005859e+00
-3.033311080932617365e+00
-3.073287916183471857e+00
-3.075205183029174894e+00
-2.975388479232788264e+00
-2.927775573730468928e+00
-2.783613967895507635e+00
-2.851160097122192205e+00
-2.824974727630615412e+00
-2.958725309371948331e+00
-3.152501487731933505e+00
-3.359666872024535955e+00
-3.692552947998046786e+00
-4.077553415298462269e+00
-4.357696866989135387e+00
-4.622772979736327947e+00
-4.725927066802978693e+00
-4.779101085662841975e+00
-4.849234294891357600e+00
-4.882064437866210582e+00
-4.762581539154052912e+00
-4.681946372985839488e+00
-4.420993757247924982e+00
-4.092269659042358398e+00
-3.806139516830444158e+00
-3.659171247482299716e+00
-3.377192497253417969e+00
-3.080434274673462092e+00
-2.797603797912597834e+00
-2.557136726379394709e+00
-2.263069033622741699e+00
-2.359850239753723322e+00
-2.520231270790100009e+00
-2.613222479820251465e+00
-2.896313309669494629e+00
-3.233547019958495916e+00
-3.320562219619751065e+00
-3.248265361785888761e+00
-3.235004901885986328e+00
-2.839640259742736816e+00
-2.391791653633117853e+00
-2.004168581962585627e+00
-1.984207415580749423e+00
-1.987469124794006392e+00
-1.972536897659301847e+00
-2.173423767089843750e+00
-2.470315456390380859e+00
-2.705104970932006747e+00
-3.041021442413330167e+00
-3.644770050048828036e+00
-4.112846088409424006e+00
-4.409226417541503906e+00
-4.742622280120849965e+00
-5.158812427520752308e+00
-5.404698657989501775e+00
-5.644837379455566406e+00
-5.766245746612549183e+00
-5.745439243316650568e+00
-5.420862960815429510e+00
-5.144690608978271129e+00
-4.786766624450683238e+00
-4.416393375396728160e+00
-4.106997585296630504e+00
-3.717192125320434748e+00
-3.352274894714355469e+00
-3.123987627029419123e+00
-2.890095806121826261e+00
-2.680092906951904386e+00
-2.795465660095215021e+00
-2.733952617645263761e+00
-2.763994598388671786e+00
-3.006750535964965998e+00
-3.123696279525757014e+00
-3.059843111038207830e+00
-3.229838943481445401e+00
-3.302365636825561612e+00
-3.394673013687133700e+00
-3.363714122772216708e+00
-3.517226123809814364e+00
-3.682578754425049006e+00
-3.841713237762450994e+00
-3.860852527618408025e+00
-4.362977266311645508e+00
-4.609340286254882457e+00
-4.797503948211669922e+00
-4.992165946960449574e+00
-5.074936294555664418e+00
-4.912150669097900213e+00
-4.832955837249755859e+00
-4.686959552764892400e+00
-4.416378593444823863e+00
-4.191197395324707031e+00
-3.866531181335449041e+00
-3.610282897949218750e+00
-3.438568687438964933e+00
-3.461113452911376953e+00
-3.821195507049560458e+00
-4.117949485778808594e+00
-4.488947105407715021e+00
-4.856930255889892578e+00
-5.057211685180663885e+00
-5.088587188720703480e+00
-5.329116725921631215e+00
-5.297188282012939453e+00
-5.176771736145019176e+00
-4.889993667602539062e+00
-4.528994417190551403e+00
-3.983303642272949308e+00
-3.506587076187133611e+00
-3.044766807556152255e+00
-2.671224451065063565e+00
-2.397668457031250089e+00
-2.331610774993896573e+00
-2.406193923950195490e+00
-2.544650268554687678e+00
-2.955746078491210849e+00
-3.489450931549072266e+00
-4.002403783798217596e+00
-4.347929477691650391e+00
-4.492151021957397461e+00
-4.458151340484619141e+00
-4.430749225616454900e+00
-4.450314712524414240e+00
-4.811670207977295277e+00
-5.333497905731201527e+00
-5.707764720916747692e+00
-5.944929599761962891e+00
-5.796027183532714844e+00
-5.049905347824096502e+00
-4.350934791564941229e+00
-3.874680280685424805e+00
-3.111080646514892578e+00
-2.807366371154785156e+00
-2.965729856491088778e+00
-3.032181644439697177e+00
-3.238864660263061523e+00
-3.629089355468750000e+00
-3.961873817443847479e+00
-4.253194713592529652e+00
-4.867693138122558771e+00
-5.227986145019531072e+00
-5.355898475646972301e+00
-5.216253376007079723e+00
-4.794538640975952504e+00
-4.081438922882080433e+00
-3.449062347412109375e+00
-3.105053853988647639e+00
-2.900602912902832120e+00
-3.204780054092407404e+00
-3.849126815795898438e+00
-4.395661163330077947e+00
-4.715401315689087269e+00
-4.871487379074096680e+00
-4.758676910400390980e+00
-4.229945659637451172e+00
-3.771722316741943359e+00
-3.211351513862609863e+00
-3.117446875572204679e+00
-3.098585724830627441e+00
-3.046847987174987615e+00
-2.829296326637268155e+00
-3.025217866897583097e+00
-2.876703548431396307e+00
-2.962583732604980646e+00
-3.259298086166381836e+00
-3.756257629394531339e+00
-3.865722227096557440e+00
-4.023224925994872692e+00
-4.061300659179687855e+00
-4.229737949371338068e+00
-4.162529945373535156e+00
-4.101792240142822621e+00
-3.745336103439330877e+00
-2.939343422651290894e+00
-2.037015408277511597e+00
-1.561991566419601352e+00
-1.520063084363937334e+00
-1.948855990171432406e+00
-2.812965297698974521e+00
-3.545445632934570490e+00
-4.250037765502929332e+00
-4.550942611694336115e+00
-4.728966236114501953e+00
-4.655621242523193537e+00
-4.375039529800415217e+00
-3.862107610702514737e+00
-3.322147679328918635e+00
-2.829509997367858798e+00
-2.385755562782287509e+00
-1.988493180274963468e+00
-1.584634828567504927e+00
-1.669810700416564986e+00
-1.927918648719787686e+00
-2.316924357414245517e+00
-3.075546002388000577e+00
-4.055311775207519176e+00
-4.928759527206421076e+00
-5.454086208343506215e+00
-5.820709991455077947e+00
-5.594787883758544744e+00
-4.604989731311798451e+00
-3.154961121082306086e+00
-1.982275015115738004e+00
-1.371602731943130538e+00
-1.345370632410049394e+00
-1.837368196249008268e+00
-2.589574950933456243e+00
-3.252981758117675870e+00
-3.448327445983886630e+00
-3.783352994918823153e+00
-3.903854799270630060e+00
-3.959789085388183416e+00
-3.677411937713622958e+00
-3.194100451469421564e+00
-2.684826111793518155e+00
-2.321049141883849920e+00
-1.970832037925720259e+00
-1.339590239524841353e+00
-1.038265466690063477e+00
-7.666647195816039817e-01
-7.129820823669433816e-01
-1.222344350814819292e+00
-2.314424896240234286e+00
-3.290343141555786222e+00
-3.961570763587951571e+00
-4.258733558654784979e+00
-3.725736641883850009e+00
-2.902974116802215399e+00
-2.143595600128173739e+00
-1.481920409202575728e+00
-1.308104491233825772e+00
-1.742874813079833940e+00
-2.474073636531829656e+00
-3.130961346626281561e+00
-3.662261343002319425e+00
-3.968415927886963068e+00
-3.864960289001464933e+00
-3.615199136734008611e+00
-3.343847227096557795e+00
-3.264749479293823420e+00
-3.265550851821899414e+00
-3.462506484985351740e+00
-3.537538290023803711e+00
-3.540893411636352628e+00
-3.487018489837646396e+00
-3.081527709960937500e+00
-2.675521659851074041e+00
-2.148393487930297940e+00
-1.586947348713874772e+00
-1.292995122075080827e+00
-1.573873856663703830e+00
-2.055761674046516330e+00
-2.704899218678474604e+00
-3.625839185714721857e+00
-4.152380990982055486e+00
-4.123978567123413264e+00
-4.236022138595581410e+00
-4.396385335922241566e+00
-4.098031091690063299e+00
-3.933033990859985174e+00
-3.953498935699462979e+00
-3.610714149475097834e+00
-3.062558364868164240e+00
-2.883030128479004084e+00
-2.846533012390136896e+00
-3.071383666992187678e+00
-3.302894020080566317e+00
-3.769430160522460938e+00
-4.154177379608154475e+00
-4.073716640472412109e+00
-3.883684921264648260e+00
-3.569756555557250799e+00
-3.419730663299560547e+00
-2.952467274665832697e+00
-2.936516404151916504e+00
-2.934220862388611017e+00
-3.066652846336364924e+00
-2.979384922981262118e+00
-3.108805513381958097e+00
-3.109615516662597834e+00
-3.235930109024047763e+00
-3.302648639678955167e+00
-3.648100471496582120e+00
-4.171963453292846680e+00
-4.360422992706299183e+00
-4.370827770233153942e+00
-4.288111448287963867e+00
-3.797597885131835938e+00
-3.226405382156372070e+00
-2.902154445648193359e+00
-2.675380849838256747e+00
-2.743394184112548650e+00
-3.250671625137329102e+00
-3.769126033782959073e+00
-4.057798194885253729e+00
-4.405776929855346857e+00
-4.764601278305053533e+00
-5.156494092941284357e+00
-5.335215806961059570e+00
-5.603332328796386541e+00
-5.781409549713134588e+00
-5.451143598556518199e+00
-4.855997753143310725e+00
-4.157842779159546254e+00
-3.515778875350952237e+00
-2.937102127075195135e+00
-2.971090459823608310e+00
-3.048746490478515536e+00
-3.497330427169799805e+00
-4.026027345657348988e+00
-4.354224109649658558e+00
-4.635874652862549183e+00
-4.900376033782959162e+00
-5.147106552124023793e+00
-5.141525268554687500e+00
-5.273901557922362926e+00
-5.198494625091552912e+00
-5.018657016754150213e+00
-4.630944108963012340e+00
-4.431232643127441584e+00
-4.362943172454833984e+00
-3.980514812469482244e+00
-3.647625160217285334e+00
-3.522509908676147550e+00
-3.696236419677734197e+00
-3.807793998718261630e+00
-4.285929870605468928e+00
-4.971716308593750355e+00
-5.747642898559570668e+00
-6.104410457611083807e+00
-6.299466609954833984e+00
-6.209679794311523615e+00
-5.841984939575195490e+00
-5.099982213973999201e+00
-3.993097233772277654e+00
-2.328600335121154608e+00
-1.180549597740173429e+00
-2.643764257431030495e-01
8.894852399826049805e-01
1.264920306205749467e+00
9.194399833679198775e-01
7.147217273712158647e-01
-7.954010963439941961e-02
-1.840112543106079190e+00
-3.486348414421081454e+00
-4.972379207611083984e+00
-5.920249176025390803e+00
-6.408104705810546697e+00
-6.389260768890380859e+00
-6.185997486114501953e+00
-5.864386653900146129e+00
-5.676357555389404119e+00
-5.151442861557006481e+00
-4.457005023956298828e+00
-3.632737803459167303e+00
-2.511959871649742215e+00
-1.696988645195961043e+00
-1.140230765938758939e+00
-6.347570329904556052e-01
6.539376109838486162e-01
1.638559573888778598e+00
1.939182329177856490e+00
2.389550971984863104e+00
2.575276422500610174e+00
1.789961671829223722e+00
1.338373851776123002e+00
1.458639073371887251e+00
1.316283833980560258e+00
1.173116099089384079e+00
1.195969354361295700e+00
1.171117746084928468e+00
1.408381282538175627e+00
1.724720906466245651e+00
2.231501078605651944e+00
2.834584760665893377e+00
3.085276222229003995e+00
3.218868350982666104e+00
3.656853294372558683e+00
3.661427021026611328e+00
3.491059732437133967e+00
3.460189056396484553e+00
3.347372007369995295e+00
3.066446208953857333e+00
3.030562543869018466e+00
3.052240228652954190e+00
2.452774679660797208e+00
1.704360330104827792e+00
6.506008505821228027e-01
-7.194167256355286089e-01
-2.068286478519439697e+00
-3.002668452262878596e+00
-2.272222614288330167e+00
-1.399632787704467862e+00
9.141931533813477118e-02
1.350601673126220703e+00
2.262972402572631658e+00
2.011236214637756259e+00
1.657469463348388627e+00
8.329398632049560547e-01
-8.240151405334472656e-02
-1.165708684921264560e+00
-2.078582406044006348e+00
-2.436241126060485929e+00
-2.063747966289520175e+00
-1.296808040142059415e+00
-8.778842687606810968e-02
7.035179972648620828e-01
7.439255356788635476e-01
2.276361465454101451e-01
-4.019469261169433816e-01
-1.195123767852783292e+00
-1.908646655082702592e+00
-1.898036170005798384e+00
-1.826943087577819869e+00
-1.899965143203735440e+00
-1.920068836212158292e+00
-2.050594377517700018e+00
-2.509015989303589045e+00
-2.854049563407897949e+00
-3.061767339706420898e+00
-3.083297443389892756e+00
-2.880923891067504794e+00
-2.542266488075256348e+00
-2.377507948875427157e+00
-2.225851559638976962e+00
-2.319237160682678045e+00
-2.629817080497741877e+00
-2.702799654006958097e+00
-2.793987417221069247e+00
-3.048487186431884766e+00
-2.720638227462768732e+00
-2.440162706375121893e+00
-2.576491880416869940e+00
-2.562550687789916903e+00
-2.703983926773071200e+00
-3.103174304962158292e+00
-3.484185838699340731e+00
-3.649596691131591797e+00
-3.685676097869873047e+00
-3.488547277450561701e+00
-3.255419206619262873e+00
-3.179985952377319514e+00
-3.036094760894775479e+00
-2.920211076736450195e+00
-3.138333988189697443e+00
-3.219460868835449130e+00
-2.969416904449462713e+00
-2.901777505874633789e+00
-3.016777563095092596e+00
-2.775375652313232244e+00
-2.864543867111206232e+00
-2.970286750793456942e+00
-2.846109247207641690e+00
-2.540835738182067871e+00
-2.305536031723022461e+00
-2.461494684219360352e+00
-2.842682170867919744e+00
-3.354821920394897461e+00
-3.870194268226623713e+00
-4.594793510437011896e+00
-4.621265029907226207e+00
-4.494788837432861506e+00
-4.568718147277832209e+00
-4.693677616119384943e+00
-4.437234973907470348e+00
-4.327970886230469105e+00
-4.141734218597411754e+00
-3.882402372360229670e+00
-3.663663005828857511e+00
-3.441662168502807706e+00
-3.401993894577026278e+00
-3.613552999496460139e+00
-3.922080516815185547e+00
-4.246573305130004528e+00
-4.525108814239501953e+00
-4.606340312957764027e+00
-4.420601034164429066e+00
-4.076406574249267223e+00
-3.731015300750732511e+00
-3.585460090637206942e+00
-3.774236392974853693e+00
-4.134329080581665039e+00
-4.422105693817139027e+00
-4.695819664001464666e+00
-4.832872200012206854e+00
-4.654680728912353516e+00
-4.204796648025512340e+00
-3.967690896987915217e+00
-3.629720592498779208e+00
-3.510782909393310725e+00
-3.608481025695800870e+00
-3.974971055984497070e+00
-4.211978197097778320e+00
-4.619892120361328125e+00
-4.997971248626709162e+00
-5.306378746032715199e+00
-5.563815021514892933e+00
-5.676160621643066229e+00
-5.641230201721191051e+00
-5.408883285522461115e+00
-5.065569400787353516e+00
-4.579446935653686879e+00
-4.264659500122069957e+00
-3.956545352935791016e+00
-3.973570251464843661e+00
-3.934843063354492188e+00
-4.170133161544799627e+00
-4.190876913070678889e+00
-4.412688302993774236e+00
-4.322136640548706055e+00
-4.297599935531616566e+00
-4.236856031417846502e+00
-4.342920970916748225e+00
-4.356370449066162109e+00
-4.543282794952392400e+00
-4.717859554290771307e+00
-4.758228683471680043e+00
-4.688076019287109375e+00
-4.513448476791381836e+00
-4.245304918289184215e+00
-4.003263998031616033e+00
-3.882435178756713956e+00
-3.767061662673950373e+00
-3.582119083404541104e+00
-3.253129267692565829e+00
-3.133444046974182218e+00
-3.028991866111755193e+00
-3.047887444496154785e+00
-3.345616364479064853e+00
-3.785314989089965998e+00
-4.066982364654540660e+00
-4.150544500350951793e+00
-4.280332469940185902e+00
-4.209751510620117543e+00
-4.125539588928222479e+00
-3.967070913314819425e+00
-3.941747808456420810e+00
-3.738753795623779297e+00
-3.885640621185302734e+00
-3.865021228790283203e+00
-4.058665990829467773e+00
-3.991817188262939631e+00
-3.760308456420898615e+00
-3.262488031387329013e+00
-3.161476516723632724e+00
-2.970714330673217773e+00
-3.256099510192870916e+00
-3.793207979202270597e+00
-4.342784595489502131e+00
-4.681692361831665039e+00
-4.821543407440185725e+00
-4.509659481048584162e+00
-4.152887582778930664e+00
-3.770234680175781339e+00
-3.647080326080322177e+00
-3.535071134567260742e+00
-3.738890218734741033e+00
-4.069178009033203480e+00
-4.272659158706664684e+00
-4.106062412261962891e+00
-4.049259996414184215e+00
-3.791967630386352539e+00
-3.384616088867187678e+00
-3.224149131774902255e+00
-3.298915815353393732e+00
-3.499147367477417170e+00
-3.879395818710327237e+00
-4.268761730194091442e+00
-4.628565597534179510e+00
-4.814914226531982422e+00
-4.816488647460937855e+00
-4.638198089599609553e+00
-4.433621311187744496e+00
-4.287956047058105291e+00
-4.104608154296874645e+00
-4.039339256286621271e+00
-3.915400028228759766e+00
-3.960347938537597479e+00
-3.795840787887573065e+00
-3.846112203598022639e+00
-3.875811624526977361e+00
-3.967177248001098722e+00
-3.944157075881958185e+00
-3.967697429656982244e+00
-3.837562704086303622e+00
-3.614856863021850497e+00
-3.724314737319946111e+00
-3.806355714797973633e+00
-4.035171461105346857e+00
-4.221766853332519887e+00
-4.409059429168701527e+00
-4.344064521789550604e+00
-4.217300558090210316e+00
-3.719589567184448331e+00
-3.456906509399414240e+00
-3.253003406524658025e+00
-3.167864894866943448e+00
-3.268408346176147283e+00
-3.615743398666381836e+00
-3.729862737655639471e+00
-3.640362882614135653e+00
-3.418680429458618164e+00
-3.384024953842163175e+00
-3.319216251373291016e+00
-3.541793775558471857e+00
-3.923229074478149503e+00
-4.378748941421508611e+00
-4.428343534469604492e+00
-4.439145946502685902e+00
-4.110044765472411932e+00
-3.711110830307006836e+00
-3.333825874328613104e+00
-3.373795223236084162e+00
-3.499899196624755682e+00
-3.854978561401367188e+00
-4.162886190414428533e+00
-4.243685388565063832e+00
-4.151525402069092152e+00
-3.715653038024902433e+00
-3.476686859130859286e+00
-3.341966390609741211e+00
-3.424108886718749911e+00
-3.584341573715209783e+00
-4.079568529129028676e+00
-4.185280656814574840e+00
-4.315800857543945490e+00
-4.276569604873657227e+00
-4.147396945953369496e+00
-4.025684833526611328e+00
-3.998130512237549006e+00
-4.094624614715575817e+00
-4.176679849624633789e+00
-4.332057952880859375e+00
-4.407035541534424006e+00
-4.541894054412841442e+00
-4.512767410278319957e+00
-4.558284759521484375e+00
-4.496487045288086293e+00
-4.531710529327392933e+00
-4.501927471160888317e+00
-4.270883703231811879e+00
-4.364708375930786310e+00
-4.501388025283813654e+00
-4.426999139785766424e+00
-4.497587823867798207e+00
-4.851007556915282848e+00
-4.791467475891113104e+00
-4.705004119873047230e+00
-4.629032135009765625e+00
-4.364102792739868342e+00
-4.018693399429321467e+00
-3.915220785140991033e+00
-3.894396066665649414e+00
-4.082422685623169123e+00
-4.390067195892333629e+00
-4.560997676849365412e+00
-4.628781890869140270e+00
-4.444805765151977894e+00
-4.234940719604492365e+00
-3.948268222808837713e+00
-3.822300004959106268e+00
-3.585086870193481268e+00
-3.693031597137450994e+00
-3.987588262557983487e+00
-4.217396402359009144e+00
-4.496188068389892933e+00
-4.899739170074463246e+00
-4.882563686370849254e+00
-4.557615375518798473e+00
-4.220697164535522461e+00
-3.816619634628295898e+00
-3.691728544235229670e+00
-3.786432313919067205e+00
-3.888956975936889826e+00
-4.307738590240478338e+00
-4.591066455841064098e+00
-4.416901636123657049e+00
-4.373674154281616211e+00
-4.149513435363769709e+00
-3.711355447769165039e+00
-3.615709733963012873e+00
-3.632770967483520685e+00
-3.631966066360473810e+00
-3.882567119598388850e+00
-4.076151514053345082e+00
-4.071739387512207209e+00
-3.993272733688354670e+00
-3.737941741943359375e+00
-3.653309106826782227e+00
-3.635146856307983398e+00
-3.628727293014526456e+00
-3.838252305984497070e+00
-3.945834350585937678e+00
-4.104552602767943981e+00
-4.110930585861206410e+00
-4.086265087127685547e+00
-4.088706779479980291e+00
-4.123657131195068715e+00
-3.991235446929931818e+00
-3.943748283386230291e+00
-3.908240175247192472e+00
-3.871655511856078924e+00
-4.021309232711791637e+00
-4.014409542083740234e+00
-4.224800300598144709e+00
-4.492900705337524059e+00
-4.416935729980468572e+00
-4.318996238708495916e+00
-4.263409185409545721e+00
-3.979782581329345703e+00
-3.666698265075683416e+00
-3.659049892425537021e+00
-3.699026107788085938e+00
-4.002374839782715021e+00
-4.542545557022094727e+00
-4.936409139633179066e+00
-5.224898624420165838e+00
-5.370373058319091619e+00
-5.191580867767333629e+00
-4.741016721725463512e+00
-4.308835649490356801e+00
-3.845183086395263850e+00
-3.577385997772216886e+00
-3.399690055847167880e+00
-3.436594963073730469e+00
-3.846223354339599609e+00
-4.240811300277710139e+00
-4.484200906753540217e+00
-4.721148538589477361e+00
-4.933637142181396484e+00
-4.731376075744629262e+00
-4.513213634490966797e+00
-4.225703430175781428e+00
-3.969839143753051580e+00
-3.716717863082885653e+00
-3.720771074295043945e+00
-3.990473318099975408e+00
-4.235911512374878285e+00
-4.601201057434082031e+00
-4.927035999298095881e+00
-5.143123340606689631e+00
-5.004545307159423473e+00
-5.015521526336669922e+00
-4.804668426513671875e+00
-4.407311153411865412e+00
-4.069117069244384766e+00
-3.902092027664184393e+00
-3.599084043502807528e+00
-3.530302286148071289e+00
-3.679388093948364080e+00
-3.900145483016967951e+00
-4.185909461975097834e+00
-4.513798427581787287e+00
-4.654933929443359375e+00
-4.712960433959961115e+00
-4.533342409133910955e+00
-4.429083490371704457e+00
-4.374707651138305842e+00
-4.413090848922729847e+00
-4.458111143112182262e+00
-4.702395057678222301e+00
-4.830871963500976918e+00
-4.857015037536621449e+00
-4.934523773193359553e+00
-5.008950328826903942e+00
-4.964810848236083984e+00
-4.834063529968261719e+00
-4.725013923645019709e+00
-4.523716259002685369e+00
-4.223911428451538441e+00
-3.879629945755004972e+00
-3.740669679641723810e+00
-3.392641687393188388e+00
-3.212533521652221502e+00
-3.259500122070312589e+00
-3.469033813476562589e+00
-3.630196380615234197e+00
-4.146046829223632990e+00
-4.612326240539550426e+00
-4.937194156646728338e+00
-5.124366474151611506e+00
-5.155771350860595348e+00
-5.064483451843261541e+00
-4.807907295227050959e+00
-4.464965963363647816e+00
-4.295093870162963512e+00
-4.124620771408080699e+00
-3.970041275024414062e+00
-4.052936458587646840e+00
-4.389353036880493164e+00
-4.561628484725952504e+00
-4.683794641494751332e+00
-4.906012535095214844e+00
-4.877268791198730469e+00
-4.446360015869140980e+00
-4.078724241256713512e+00
-3.829313039779663086e+00
-3.546930503845215021e+00
-3.403918552398681463e+00
-3.655137634277343839e+00
-3.989377069473266424e+00
-4.307860803604126154e+00
-4.614240837097168146e+00
-4.838522243499755682e+00
-4.881828117370605291e+00
-4.722488307952881215e+00
-4.520518732070923029e+00
