3.576278686523437500e-06
9.153604507446289062e-03
1.828551292419433594e-02
2.758479118347167969e-02
3.675270080566406250e-02
4.632973670959472656e-02
5.547356605529785156e-02
6.428170204162597656e-02
7.327604293823242188e-02
8.238196372985839844e-02
9.118199348449707031e-02
1.002519130706787109e-01
1.092696189880371094e-01
1.182591915130615234e-01
1.272931098937988281e-01
1.360311508178710938e-01
1.448247432708740234e-01
1.537632942199707031e-01
1.627211570739746094e-01
1.723492145538330078e-01
1.810214519500732422e-01
1.897857189178466797e-01
1.988334655761718750e-01
2.078216075897216797e-01
2.166512012481689453e-01
2.255351543426513672e-01
2.348461151123046875e-01
2.434203624725341797e-01
2.522964477539062500e-01
2.611358165740966797e-01
2.698450088500976562e-01
2.798736095428466797e-01
2.899284362792968750e-01
2.986958026885986328e-01
3.077099323272705078e-01
3.168027400970458984e-01
3.257310390472412109e-01
3.347995281219482422e-01
3.438448905944824219e-01
3.527762889862060547e-01
3.617908954620361328e-01
3.707473278045654297e-01
3.798236846923828125e-01
3.886351585388183594e-01
3.974263668060302734e-01
4.062051773071289062e-01
4.151959419250488281e-01
4.242794513702392578e-01
4.335393905639648438e-01
4.422490596771240234e-01
4.505062103271484375e-01
4.588110446929931641e-01
4.672384262084960938e-01
4.759700298309326172e-01
4.847786426544189453e-01
4.937434196472167969e-01
5.026526451110839844e-01
5.118179321289062500e-01
5.207507610321044922e-01
5.298628807067871094e-01
5.387201309204101562e-01
5.477111339569091797e-01
5.556333065032958984e-01
5.635242462158203125e-01
5.712139606475830078e-01
5.787460803985595703e-01
5.860784053802490234e-01
5.938856601715087891e-01
6.018533706665039062e-01
6.097700595855712891e-01
6.172285079956054688e-01
6.247937679290771484e-01
6.328170299530029297e-01
6.408145427703857422e-01
6.487462520599365234e-01
6.561560630798339844e-01
6.638059616088867188e-01
6.719181537628173828e-01
6.797688007354736328e-01
6.877436637878417969e-01
6.958684921264648438e-01
7.037866115570068359e-01
7.117242813110351562e-01
7.196023464202880859e-01
7.271485328674316406e-01
7.347755432128906250e-01
7.426161766052246094e-01
7.501382827758789062e-01
7.577846050262451172e-01
7.666442394256591797e-01
7.736296653747558594e-01
7.806494235992431641e-01
7.881956100463867188e-01
7.958946228027343750e-01
8.036241531372070312e-01
8.111042976379394531e-01
8.187334537506103516e-01
8.265027999877929688e-01
8.341338634490966797e-01
8.417966365814208984e-01
8.496534824371337891e-01
8.570897579193115234e-01
8.648197650909423828e-01
8.725855350494384766e-01
8.804054260253906250e-01
8.891408443450927734e-01
8.963344097137451172e-01
9.036748409271240234e-01
9.113075733184814453e-01
9.189198017120361328e-01
9.267067909240722656e-01
9.350833892822265625e-01
9.428031444549560547e-01
9.501912593841552734e-01
9.576921463012695312e-01
9.651536941528320312e-01
9.728195667266845703e-01
9.807045459747314453e-01
9.916200637817382812e-01
9.991767406463623047e-01
1.006782770156860352e+00
1.014817476272583008e+00
1.022899866104125977e+00
1.030666351318359375e+00
1.038118362426757812e+00
1.045205831527709961e+00
1.052633047103881836e+00
1.059588670730590820e+00
1.066451787948608398e+00
1.073586463928222656e+00
1.080640554428100586e+00
1.087762832641601562e+00
1.095165491104125977e+00
1.102152585983276367e+00
1.108478307723999023e+00
1.115382909774780273e+00
1.122572898864746094e+00
1.129451990127563477e+00
1.136681795120239258e+00
1.144162178039550781e+00
1.151462554931640625e+00
1.158592462539672852e+00
1.165665864944458008e+00
1.172885656356811523e+00
1.180371999740600586e+00
1.186744928359985352e+00
1.194295167922973633e+00
1.200849056243896484e+00
1.207605123519897461e+00
1.214325904846191406e+00
1.221111297607421875e+00
1.226632595062255859e+00
1.231556653976440430e+00
1.237853050231933594e+00
1.243996143341064453e+00
1.250321149826049805e+00
1.256299495697021484e+00
1.263583898544311523e+00
1.270503520965576172e+00
1.277404546737670898e+00
1.284484863281250000e+00
1.291512250900268555e+00
1.298358201980590820e+00
1.305568456649780273e+00
1.312182426452636719e+00
1.318532228469848633e+00
1.326297998428344727e+00
1.332438468933105469e+00
1.339324235916137695e+00
1.344467639923095703e+00
1.348169803619384766e+00
1.353116512298583984e+00
1.358111619949340820e+00
1.365505456924438477e+00
1.371388435363769531e+00
1.376986265182495117e+00
1.382071018218994141e+00
1.389235258102416992e+00
1.395035028457641602e+00
1.402173995971679688e+00
1.408284664154052734e+00
1.413524866104125977e+00
1.418312072753906250e+00
1.423005819320678711e+00
1.427471637725830078e+00
1.434083461761474609e+00
1.440268278121948242e+00
1.446035623550415039e+00
1.453357458114624023e+00
1.458983898162841797e+00
1.465403556823730469e+00
1.471258878707885742e+00
1.477301120758056641e+00
1.483206987380981445e+00
1.489032983779907227e+00
1.495165586471557617e+00
1.501131772994995117e+00
1.506801843643188477e+00
1.512530326843261719e+00
1.517614841461181641e+00
1.522813320159912109e+00
1.528129816055297852e+00
1.533529996871948242e+00
1.538359403610229492e+00
1.543758869171142578e+00
1.548513412475585938e+00
1.553613424301147461e+00
1.558475255966186523e+00
1.563106060028076172e+00
1.567075252532958984e+00
1.572522163391113281e+00
1.577467441558837891e+00
1.581720590591430664e+00
1.586113691329956055e+00
1.591706514358520508e+00
1.596756458282470703e+00
1.601081848144531250e+00
1.605191707611083984e+00
1.609360456466674805e+00
1.615164279937744141e+00
1.621056795120239258e+00
1.626152753829956055e+00
1.630898475646972656e+00
1.635479450225830078e+00
1.639914751052856445e+00
1.644079208374023438e+00
1.648334264755249023e+00
1.652464151382446289e+00
1.656358957290649414e+00
1.661029815673828125e+00
1.665596723556518555e+00
1.670711278915405273e+00
1.675632238388061523e+00
1.679947376251220703e+00
1.683998584747314453e+00
1.687914371490478516e+00
1.693371057510375977e+00
1.698646068572998047e+00
1.704229831695556641e+00
1.709329843521118164e+00
1.714668035507202148e+00
1.719958782196044922e+00
1.724223852157592773e+00
1.728527545928955078e+00
1.733002901077270508e+00
1.737535715103149414e+00
1.741930246353149414e+00
1.746155261993408203e+00
1.751285791397094727e+00
1.755664825439453125e+00
1.759955883026123047e+00
1.764072179794311523e+00
1.767936229705810547e+00
1.772428750991821289e+00
1.776944160461425781e+00
1.781291484832763672e+00
1.785459041595458984e+00
1.790027379989624023e+00
1.795039653778076172e+00
1.801070690155029297e+00
1.807273864746093750e+00
1.812656402587890625e+00
1.818502902984619141e+00
1.823963642120361328e+00
1.828992366790771484e+00
1.834354162216186523e+00
1.840041399002075195e+00
1.846474885940551758e+00
1.851240396499633789e+00
1.857682466506958008e+00
1.862523078918457031e+00
1.867483377456665039e+00
1.872745513916015625e+00
1.879127264022827148e+00
1.885035753250122070e+00
1.892011404037475586e+00
1.898146867752075195e+00
1.903626680374145508e+00
1.908488035202026367e+00
1.913999557495117188e+00
1.921369075775146484e+00
1.927094459533691406e+00
1.933099269866943359e+00
1.939173698425292969e+00
1.945152759552001953e+00
1.951363801956176758e+00
1.957092523574829102e+00
1.963361024856567383e+00
1.969192504882812500e+00
1.974555492401123047e+00
1.980289220809936523e+00
1.986182689666748047e+00
1.991800785064697266e+00
1.998153209686279297e+00
2.004056453704833984e+00
2.010368585586547852e+00
2.016527652740478516e+00
2.021615743637084961e+00
2.026795148849487305e+00
2.032042026519775391e+00
2.037035703659057617e+00
2.041979312896728516e+00
2.047120094299316406e+00
2.055058479309082031e+00
2.061144113540649414e+00
2.066290855407714844e+00
2.071538686752319336e+00
2.076784372329711914e+00
2.081794500350952148e+00
2.087339878082275391e+00
2.092402696609497070e+00
2.097958564758300781e+00
2.102230072021484375e+00
2.107118129730224609e+00
2.112360000610351562e+00
2.117186069488525391e+00
2.121356010437011719e+00
2.126514434814453125e+00
2.131412029266357422e+00
2.137999534606933594e+00
2.142951965332031250e+00
2.147438049316406250e+00
2.151431560516357422e+00
2.155292034149169922e+00
2.159326791763305664e+00
2.163219451904296875e+00
2.167173147201538086e+00
2.175164222717285156e+00
2.181066513061523438e+00
2.187074661254882812e+00
2.192133426666259766e+00
2.199023008346557617e+00
2.205716371536254883e+00
2.212352991104125977e+00
2.218132257461547852e+00
2.224452495574951172e+00
2.231464385986328125e+00
2.238181591033935547e+00
2.244330167770385742e+00
2.250800609588623047e+00
2.258203506469726562e+00
2.264141321182250977e+00
2.271193742752075195e+00
2.277541875839233398e+00
2.283537864685058594e+00
2.290385007858276367e+00
2.297799110412597656e+00
2.305773496627807617e+00
2.313776254653930664e+00
2.321673154830932617e+00
2.329154729843139648e+00
2.336902379989624023e+00
2.344147920608520508e+00
2.350867509841918945e+00
2.358622074127197266e+00
2.366165161132812500e+00
2.373717308044433594e+00
2.381258487701416016e+00
2.389197826385498047e+00
2.397197723388671875e+00
2.405142545700073242e+00
2.412774801254272461e+00
2.420661449432373047e+00
2.428211927413940430e+00
2.435562610626220703e+00
2.442452430725097656e+00
2.449391365051269531e+00
2.456546068191528320e+00
2.464135646820068359e+00
2.470735788345336914e+00
2.477480888366699219e+00
2.484336137771606445e+00
2.491123676300048828e+00
2.497372388839721680e+00
2.503397226333618164e+00
2.508698463439941406e+00
2.514302730560302734e+00
2.520294904708862305e+00
2.526395559310913086e+00
2.532755374908447266e+00
2.538860797882080078e+00
2.545172691345214844e+00
2.551124334335327148e+00
2.557423353195190430e+00
2.564327955245971680e+00
2.570324897766113281e+00
2.576307296752929688e+00
2.582398653030395508e+00
2.588175058364868164e+00
2.594396829605102539e+00
2.600388526916503906e+00
2.607047557830810547e+00
2.613595962524414062e+00
2.623103857040405273e+00
2.630688190460205078e+00
2.638151407241821289e+00
2.644741296768188477e+00
2.650556564331054688e+00
2.655324935913085938e+00
2.660187721252441406e+00
2.665346860885620117e+00
2.670097827911376953e+00
2.675550699234008789e+00
2.680653810501098633e+00
2.685567855834960938e+00
2.690265893936157227e+00
2.696367979049682617e+00
2.701012849807739258e+00
2.705433130264282227e+00
2.710064172744750977e+00
2.714578628540039062e+00
2.719228982925415039e+00
2.725033760070800781e+00
2.729225873947143555e+00
2.735079050064086914e+00
2.740980863571166992e+00
2.745501279830932617e+00
2.750333309173583984e+00
2.756038904190063477e+00
2.760511398315429688e+00
2.766286373138427734e+00
2.770660400390625000e+00
2.774922609329223633e+00
2.778996706008911133e+00
2.785001277923583984e+00
2.792326927185058594e+00
2.799838304519653320e+00
2.808925151824951172e+00
2.817159414291381836e+00
2.825308084487915039e+00
2.833649873733520508e+00
2.842114210128784180e+00
2.850629329681396484e+00
2.859523057937622070e+00
2.867590904235839844e+00
2.876195907592773438e+00
2.884514570236206055e+00
2.892843723297119141e+00
2.901346921920776367e+00
2.909530639648437500e+00
2.917712450027465820e+00
2.926115274429321289e+00
2.934547662734985352e+00
2.943214893341064453e+00
2.951630353927612305e+00
2.960205078125000000e+00
2.968441486358642578e+00
2.976041078567504883e+00
2.983792543411254883e+00
2.991841077804565430e+00
3.000135660171508789e+00
3.008303880691528320e+00
3.016134977340698242e+00
3.024510622024536133e+00
3.032821893692016602e+00
3.041307687759399414e+00
3.049547433853149414e+00
3.057816982269287109e+00
3.066658258438110352e+00
3.075110912322998047e+00
3.083607435226440430e+00
3.092115402221679688e+00
3.100266933441162109e+00
3.108532905578613281e+00
3.116832971572875977e+00
3.125261545181274414e+00
3.133642911911010742e+00
3.142229795455932617e+00
3.150390386581420898e+00
3.158629179000854492e+00
3.167228937149047852e+00
3.175512552261352539e+00
3.184223890304565430e+00
3.192525625228881836e+00
3.200830936431884766e+00
3.209352731704711914e+00
3.217673063278198242e+00
3.226218700408935547e+00
3.234241485595703125e+00
3.242523908615112305e+00
3.250833034515380859e+00
3.259190559387207031e+00
3.267625331878662109e+00
3.276217222213745117e+00
3.284623861312866211e+00
3.293208837509155273e+00
3.301630258560180664e+00
3.310239791870117188e+00
3.318539381027221680e+00
3.327215671539306641e+00
3.335620403289794922e+00
3.343939542770385742e+00
3.352122783660888672e+00
3.360099077224731445e+00
3.368620157241821289e+00
3.377213001251220703e+00
3.385602951049804688e+00
3.393813610076904297e+00
3.401683330535888672e+00
3.410201549530029297e+00
3.418609380722045898e+00
3.427114248275756836e+00
3.435254812240600586e+00
3.443094253540039062e+00
3.451169967651367188e+00
3.459316730499267578e+00
3.467514038085937500e+00
3.475572347640991211e+00
3.483517885208129883e+00
3.491922616958618164e+00
3.500221967697143555e+00
3.508634090423583984e+00
3.517219781875610352e+00
3.525554895401000977e+00
3.534216880798339844e+00
3.542222976684570312e+00
3.550509214401245117e+00
3.557903051376342773e+00
3.565876722335815430e+00
3.573584794998168945e+00
3.581177473068237305e+00
3.588879585266113281e+00
3.596748590469360352e+00
3.604651212692260742e+00
3.612795352935791016e+00
3.620748758316040039e+00
3.628638505935668945e+00
3.636190891265869141e+00
3.643758535385131836e+00
3.650844573974609375e+00
3.658523559570312500e+00
3.665683507919311523e+00
3.674621343612670898e+00
3.682134389877319336e+00
3.689833402633666992e+00
3.697519302368164062e+00
3.705183982849121094e+00
3.712908983230590820e+00
3.720735549926757812e+00
3.728866338729858398e+00
3.736644983291625977e+00
3.744156122207641602e+00
3.751867294311523438e+00
3.759607315063476562e+00
3.767116785049438477e+00
3.774782896041870117e+00
3.783630609512329102e+00
3.791147708892822266e+00
3.798882246017456055e+00
3.806648254394531250e+00
3.814104080200195312e+00
3.821404695510864258e+00
3.828173637390136719e+00
3.835162401199340820e+00
3.843162298202514648e+00
3.851159572601318359e+00
3.858740806579589844e+00
3.866500377655029297e+00
3.874422550201416016e+00
3.882189512252807617e+00
3.889857053756713867e+00
3.897725820541381836e+00
3.905511379241943359e+00
3.913189649581909180e+00
3.920608520507812500e+00
3.928192138671875000e+00
3.935776233673095703e+00
3.943491697311401367e+00
3.951122045516967773e+00
3.958819627761840820e+00
3.966522932052612305e+00
3.974141597747802734e+00
3.981828927993774414e+00
3.989701747894287109e+00
3.997194528579711914e+00
4.004643201828002930e+00
4.012004613876342773e+00
4.019621372222900391e+00
4.027128696441650391e+00
4.034764766693115234e+00
4.042565107345581055e+00
4.049515724182128906e+00
4.056577682495117188e+00
4.063594102859497070e+00
4.070463657379150391e+00
4.077679872512817383e+00
4.084724426269531250e+00
4.091810226440429688e+00
4.099155426025390625e+00
4.106462478637695312e+00
4.113564729690551758e+00
4.120362758636474609e+00
4.126378297805786133e+00
4.133549690246582031e+00
4.140556335449218750e+00
4.147578477859497070e+00
4.154677629470825195e+00
4.161717891693115234e+00
4.168807744979858398e+00
4.175808429718017578e+00
4.182245731353759766e+00
4.188385248184204102e+00
4.195574522018432617e+00
4.202603816986083984e+00
4.209716320037841797e+00
4.216771841049194336e+00
4.223547935485839844e+00
4.230424880981445312e+00
4.237335920333862305e+00
4.244360685348510742e+00
4.251556396484375000e+00
4.258740901947021484e+00
4.265841007232666016e+00
4.273189306259155273e+00
4.279718160629272461e+00
4.286831378936767578e+00
4.294469594955444336e+00
4.301578283309936523e+00
4.308464288711547852e+00
4.315601348876953125e+00
4.322698354721069336e+00
4.329786539077758789e+00
4.336830139160156250e+00
4.344254493713378906e+00
4.351188182830810547e+00
4.358019590377807617e+00
4.365114927291870117e+00
4.372467994689941406e+00
4.379478216171264648e+00
4.386763811111450195e+00
4.392791986465454102e+00
4.398741483688354492e+00
4.404438734054565430e+00
4.411128997802734375e+00
4.416467666625976562e+00
4.421041250228881836e+00
4.424520254135131836e+00
4.427910566329956055e+00
4.431928873062133789e+00
4.436018466949462891e+00
4.439543724060058594e+00
4.442121744155883789e+00
4.444451093673706055e+00
4.447144746780395508e+00
4.449794054031372070e+00
4.451954126358032227e+00
4.454198598861694336e+00
4.456449031829833984e+00
4.459144830703735352e+00
4.461452484130859375e+00
4.463574886322021484e+00
4.466121196746826172e+00
4.468454837799072266e+00
4.471121311187744141e+00
4.473448038101196289e+00
4.475835323333740234e+00
4.478637695312500000e+00
4.481199026107788086e+00
4.483450889587402344e+00
4.485570430755615234e+00
4.487794399261474609e+00
4.490592479705810547e+00
4.493339538574218750e+00
4.495555877685546875e+00
4.497811317443847656e+00
4.500314474105834961e+00
4.503185987472534180e+00
4.505802392959594727e+00
4.507947683334350586e+00
4.510865211486816406e+00
4.513454198837280273e+00
4.515556573867797852e+00
4.517813444137573242e+00
4.520329952239990234e+00
4.523334503173828125e+00
4.525800228118896484e+00
4.528120279312133789e+00
4.530569314956665039e+00
4.533222436904907227e+00
4.535838603973388672e+00
4.538497924804687500e+00
4.540930986404418945e+00
4.543326854705810547e+00
4.545811176300048828e+00
4.548379421234130859e+00
4.551247835159301758e+00
4.553830623626708984e+00
4.556329965591430664e+00
4.559205532073974609e+00
4.561975717544555664e+00
4.564369201660156250e+00
4.566874980926513672e+00
4.569432020187377930e+00
4.571830987930297852e+00
4.574869871139526367e+00
4.578610420227050781e+00
4.581860303878784180e+00
4.585009098052978516e+00
4.587964296340942383e+00
4.590862512588500977e+00
4.593864202499389648e+00
4.597209453582763672e+00
4.600200176239013672e+00
4.603186368942260742e+00
4.606209993362426758e+00
4.609224319458007812e+00
4.612227916717529297e+00
4.615512132644653320e+00
4.618459463119506836e+00
4.621658086776733398e+00
4.624470949172973633e+00
4.627916097640991211e+00
4.630989313125610352e+00
4.634567022323608398e+00
4.637888193130493164e+00
4.640957117080688477e+00
4.643822908401489258e+00
4.646461486816406250e+00
4.649224042892456055e+00
4.652225017547607422e+00
4.654816389083862305e+00
4.657870531082153320e+00
4.660887718200683594e+00
4.664579391479492188e+00
4.667461156845092773e+00
4.670214653015136719e+00
4.672838449478149414e+00
4.675331830978393555e+00
4.678474187850952148e+00
4.681553840637207031e+00
4.685152530670166016e+00
4.688186883926391602e+00
4.690835952758789062e+00
4.693631887435913086e+00
4.696901321411132812e+00
4.699832439422607422e+00
4.702807903289794922e+00
4.705858707427978516e+00
4.709428071975708008e+00
4.712225198745727539e+00
4.714833974838256836e+00
4.717688560485839844e+00
4.720935821533203125e+00
4.724503040313720703e+00
4.727825164794921875e+00
4.730453491210937500e+00
4.733228206634521484e+00
4.736224889755249023e+00
4.738828420639038086e+00
4.741822719573974609e+00
4.744926691055297852e+00
4.748068809509277344e+00
4.751234054565429688e+00
4.754689693450927734e+00
4.757895231246948242e+00
4.760936737060546875e+00
4.763828516006469727e+00
4.766851902008056641e+00
4.769906997680664062e+00
4.773241519927978516e+00
4.777006864547729492e+00
4.780232429504394531e+00
4.783910751342773438e+00
4.787273883819580078e+00
4.790474653244018555e+00
4.794059276580810547e+00
4.796945810317993164e+00
4.800541877746582031e+00
4.804276466369628906e+00
4.807511091232299805e+00
4.811011552810668945e+00
4.814475059509277344e+00
4.817510843276977539e+00
4.820539951324462891e+00
4.823287010192871094e+00
4.826260805130004883e+00
4.829330682754516602e+00
4.832226276397705078e+00
4.835225105285644531e+00
4.838225841522216797e+00
4.841303825378417969e+00
4.844232082366943359e+00
4.847911596298217773e+00
4.851247787475585938e+00
4.854311227798461914e+00
4.857841730117797852e+00
4.860941410064697266e+00
4.864226102828979492e+00
4.867150306701660156e+00
4.869814634323120117e+00
4.872534990310668945e+00
4.875995397567749023e+00
4.879676103591918945e+00
4.882976293563842773e+00
4.886148929595947266e+00
4.889001607894897461e+00
4.892384767532348633e+00
4.895597219467163086e+00
4.899013519287109375e+00
4.901884078979492188e+00
4.904854297637939453e+00
4.907984256744384766e+00
4.910969495773315430e+00
4.914477348327636719e+00
4.917342185974121094e+00
4.920592784881591797e+00
4.923480987548828125e+00
4.926959991455078125e+00
4.929883003234863281e+00
4.932885646820068359e+00
4.936215162277221680e+00
4.939463376998901367e+00
4.942479610443115234e+00
4.945482254028320312e+00
4.948545217514038086e+00
4.951188325881958008e+00
4.954259395599365234e+00
4.957888364791870117e+00
4.961025476455688477e+00
4.963827371597290039e+00
4.966833829879760742e+00
4.969828367233276367e+00
4.972855806350708008e+00
4.975828886032104492e+00
4.978816747665405273e+00
4.981834888458251953e+00
4.984837770462036133e+00
4.987821102142333984e+00
4.990428686141967773e+00
4.993201732635498047e+00
4.995956659317016602e+00
4.998829364776611328e+00
5.001320123672485352e+00
5.004136085510253906e+00
5.006811380386352539e+00
5.009454250335693359e+00
5.012188673019409180e+00
5.014816045761108398e+00
5.017450571060180664e+00
5.020189762115478516e+00
5.022829055786132812e+00
5.025449514389038086e+00
5.028163194656372070e+00
5.030815601348876953e+00
5.033406019210815430e+00
5.035947322845458984e+00
5.038806676864624023e+00
5.041455984115600586e+00
5.044192552566528320e+00
5.047311782836914062e+00
5.049941778182983398e+00
5.052333593368530273e+00
5.054945945739746094e+00
5.057312965393066406e+00
5.059799671173095703e+00
5.062127351760864258e+00
5.064308166503906250e+00
5.066804885864257812e+00
5.069202423095703125e+00
5.071798563003540039e+00
5.074469566345214844e+00
5.077240467071533203e+00
5.080253362655639648e+00
5.082944393157958984e+00
5.085305452346801758e+00
5.087790250778198242e+00
5.090123653411865234e+00
5.092311620712280273e+00
5.094791650772094727e+00
5.096931219100952148e+00
5.099305152893066406e+00
5.101792573928833008e+00
5.103929519653320312e+00
5.106316089630126953e+00
5.108807563781738281e+00
5.111305952072143555e+00
5.113794565200805664e+00
5.116124629974365234e+00
5.118307113647460938e+00
5.120830774307250977e+00
5.122940540313720703e+00
5.125313758850097656e+00
5.127797603607177734e+00
5.130911588668823242e+00
5.133795976638793945e+00
5.136321544647216797e+00
5.138930320739746094e+00
5.141431331634521484e+00
5.143814563751220703e+00
5.145930290222167969e+00
5.148368597030639648e+00
5.151099920272827148e+00
5.153898239135742188e+00
5.156428813934326172e+00
5.159034729003906250e+00
5.161563873291015625e+00
5.163924455642700195e+00
5.166304826736450195e+00
5.168853759765625000e+00
5.171802759170532227e+00
5.174312114715576172e+00
5.176828384399414062e+00
5.179643392562866211e+00
5.182411193847656250e+00
5.184909820556640625e+00
5.187826871871948242e+00
5.190048694610595703e+00
5.192315101623535156e+00
5.195335865020751953e+00
5.198322296142578125e+00
5.201149225234985352e+00
5.203897237777709961e+00
5.206849336624145508e+00
5.209820032119750977e+00
5.212423324584960938e+00
5.215241432189941406e+00
5.217970609664916992e+00
5.220917701721191406e+00
5.223475933074951172e+00
5.225926876068115234e+00
5.228832960128784180e+00
5.231989622116088867e+00
5.234959840774536133e+00
5.237805604934692383e+00
5.240364789962768555e+00
5.242829322814941406e+00
5.245844841003417969e+00
5.248601913452148438e+00
5.251311302185058594e+00
5.254518985748291016e+00
5.257517814636230469e+00
5.260071277618408203e+00
5.262569665908813477e+00
5.264956951141357422e+00
5.267832517623901367e+00
5.270794868469238281e+00
5.273426532745361328e+00
5.276128292083740234e+00
5.278810024261474609e+00
5.282179832458496094e+00
5.285600185394287109e+00
5.288605928421020508e+00
5.291592836380004883e+00
5.294202089309692383e+00
5.297901630401611328e+00
5.301638841629028320e+00
5.305134296417236328e+00
5.308168649673461914e+00
5.311139106750488281e+00
5.314215183258056641e+00
5.317202568054199219e+00
5.319840669631958008e+00
5.322803258895874023e+00
5.325829029083251953e+00
5.328911542892456055e+00
5.331987380981445312e+00
5.335152387619018555e+00
5.338151216506958008e+00
5.341058254241943359e+00
5.344217061996459961e+00
5.347631931304931641e+00
5.350982904434204102e+00
5.354447126388549805e+00
5.357207059860229492e+00
5.359930515289306641e+00
5.362847328186035156e+00
5.365839481353759766e+00
5.368711948394775391e+00
5.371475219726562500e+00
5.374201536178588867e+00
5.376864910125732422e+00
5.379964828491210938e+00
5.382808446884155273e+00
5.385337352752685547e+00
5.388201236724853516e+00
5.390961647033691406e+00
5.393834114074707031e+00
5.396967887878417969e+00
5.400206565856933594e+00
5.403465270996093750e+00
5.406603813171386719e+00
5.409919738769531250e+00
5.413248538970947266e+00
5.416215419769287109e+00
5.418957710266113281e+00
5.421950817108154297e+00
5.424900770187377930e+00
5.427838325500488281e+00
5.430828332901000977e+00
5.433829307556152344e+00
5.436574459075927734e+00
5.439453601837158203e+00
5.442659378051757812e+00
5.446157693862915039e+00
5.449895620346069336e+00
5.452883243560791016e+00
5.456226587295532227e+00
5.459439039230346680e+00
5.462164163589477539e+00
5.465203523635864258e+00
5.467961549758911133e+00
5.471391916275024414e+00
5.474625825881958008e+00
5.477822780609130859e+00
5.480939388275146484e+00
5.484485864639282227e+00
5.487573385238647461e+00
5.490588188171386719e+00
5.494237184524536133e+00
5.497625112533569336e+00
5.500938177108764648e+00
5.503839015960693359e+00
5.506843805313110352e+00
5.509824275970458984e+00
5.512845039367675781e+00
5.515613555908203125e+00
5.518461704254150391e+00
5.521263122558593750e+00
5.524201154708862305e+00
5.526935100555419922e+00
5.529815673828125000e+00
5.532587766647338867e+00
5.535815477371215820e+00
5.538815259933471680e+00
5.541814804077148438e+00
5.544937372207641602e+00
5.548260211944580078e+00
5.551571846008300781e+00
5.554446220397949219e+00
5.557470083236694336e+00
5.560587882995605469e+00
5.563817501068115234e+00
5.566586017608642578e+00
5.569626569747924805e+00
5.572594642639160156e+00
5.575605869293212891e+00
5.578201532363891602e+00
5.580944776535034180e+00
5.583818197250366211e+00
5.586815595626831055e+00
5.589816331863403320e+00
5.592886447906494141e+00
5.595825910568237305e+00
5.598571538925170898e+00
5.601322174072265625e+00
5.604163169860839844e+00
5.606832265853881836e+00
5.609817504882812500e+00
5.612576723098754883e+00
5.615464210510253906e+00
5.618591308593750000e+00
5.621462583541870117e+00
5.624074935913085938e+00
5.626975297927856445e+00
5.629813909530639648e+00
5.632460594177246094e+00
5.634944677352905273e+00
5.637807369232177734e+00
5.640318393707275391e+00
5.643055677413940430e+00
5.645807266235351562e+00
5.648326873779296875e+00
5.651058197021484375e+00
5.653776645660400391e+00
5.656319141387939453e+00
5.659193992614746094e+00
5.661930084228515625e+00
5.664854526519775391e+00
5.667309284210205078e+00
5.670057773590087891e+00
5.672826290130615234e+00
5.675318717956542969e+00
5.678081035614013672e+00
5.680850505828857422e+00
5.683330535888671875e+00
5.686032056808471680e+00
5.688845872879028320e+00
5.691310882568359375e+00
5.694138288497924805e+00
5.696851968765258789e+00
5.699321985244750977e+00
5.701941013336181641e+00
5.704833269119262695e+00
5.707440137863159180e+00
5.709933519363403320e+00
5.712824821472167969e+00
5.715327024459838867e+00
5.718162536621093750e+00
5.720832586288452148e+00
5.723319530487060547e+00
5.726054906845092773e+00
5.728843450546264648e+00
5.731444835662841797e+00
5.734065055847167969e+00
5.736834287643432617e+00
5.739430665969848633e+00
5.742193460464477539e+00
5.744856595993041992e+00
5.747324228286743164e+00
5.750062704086303711e+00
5.752561092376708984e+00
5.755063772201538086e+00
5.757775545120239258e+00
5.760318756103515625e+00
5.762943744659423828e+00
5.765809774398803711e+00
5.768310070037841797e+00
5.771030902862548828e+00
5.773812532424926758e+00
5.776308774948120117e+00
5.779138088226318359e+00
5.781966447830200195e+00
5.784831762313842773e+00
5.787332057952880859e+00
5.790587425231933594e+00
5.793230772018432617e+00
5.796312808990478516e+00
5.799619197845458984e+00
5.802556276321411133e+00
5.805225610733032227e+00
5.808322191238403320e+00
5.811262845993041992e+00
5.814166069030761719e+00
5.816892862319946289e+00
5.819918870925903320e+00
5.822876453399658203e+00
5.825553417205810547e+00
5.828535318374633789e+00
5.831345558166503906e+00
5.834558248519897461e+00
5.837202310562133789e+00
5.839814662933349609e+00
5.842550039291381836e+00
5.845193147659301758e+00
5.847793340682983398e+00
5.850577354431152344e+00
5.853192806243896484e+00
5.855810165405273438e+00
5.858895778656005859e+00
5.861955881118774414e+00
5.864853143692016602e+00
5.868140697479248047e+00
5.871322393417358398e+00
5.874230146408081055e+00
5.876860380172729492e+00
5.880230188369750977e+00
5.883342027664184570e+00
5.885812997817993164e+00
5.888309240341186523e+00
5.891212940216064453e+00
5.894045591354370117e+00
5.896310329437255859e+00
5.899129629135131836e+00
5.901936292648315430e+00
5.904888868331909180e+00
5.907861709594726562e+00
5.910869598388671875e+00
5.913436174392700195e+00
5.915845870971679688e+00
5.919238567352294922e+00
5.922998905181884766e+00
5.926155805587768555e+00
5.929243803024291992e+00
5.932466745376586914e+00
5.935827493667602539e+00
5.938563823699951172e+00
5.941856145858764648e+00
5.945549964904785156e+00
5.948902368545532227e+00
5.951838016510009766e+00
5.955137014389038086e+00
5.958097696304321289e+00
5.961454868316650391e+00
5.964531660079956055e+00
5.967480897903442383e+00
5.970500707626342773e+00
5.973209142684936523e+00
5.976203203201293945e+00
5.978835821151733398e+00
5.981828212738037109e+00
5.984443664550781250e+00
5.987204313278198242e+00
5.989950418472290039e+00
5.992833852767944336e+00
5.995821475982666016e+00
5.998604059219360352e+00
6.002299785614013672e+00
6.005589962005615234e+00
6.008939504623413086e+00
6.012214422225952148e+00
6.015835285186767578e+00
6.018799304962158203e+00
6.021576642990112305e+00
6.024870157241821289e+00
6.028071641921997070e+00
6.030851364135742188e+00
6.033872604370117188e+00
6.036958456039428711e+00
6.040125131607055664e+00
6.042807340621948242e+00
6.045867443084716797e+00
6.048884153366088867e+00
6.051844596862792969e+00
6.055091142654418945e+00
6.058497667312622070e+00
6.061832189559936523e+00
6.064870595932006836e+00
6.068320512771606445e+00
6.071627140045166016e+00
6.074883222579956055e+00
6.077797651290893555e+00
6.080810546875000000e+00
6.083338260650634766e+00
6.085805892944335938e+00
6.088310003280639648e+00
6.090799570083618164e+00
6.093362569808959961e+00
6.095929622650146484e+00
6.098429679870605469e+00
6.101054668426513672e+00
6.103436946868896484e+00
6.105555057525634766e+00
6.107942819595336914e+00
6.110438346862792969e+00
6.112894773483276367e+00
6.115882635116577148e+00
6.118469238281250000e+00
6.121056795120239258e+00
6.123435974121093750e+00
6.126790761947631836e+00
6.129419803619384766e+00
6.131799459457397461e+00
6.134312868118286133e+00
6.136925458908081055e+00
6.139182090759277344e+00
6.141468524932861328e+00
6.143819808959960938e+00
6.146559000015258789e+00
6.149187088012695312e+00
6.151438236236572266e+00
6.153979063034057617e+00
6.156922578811645508e+00
6.159897565841674805e+00
6.162586212158203125e+00
6.164921998977661133e+00
6.167431831359863281e+00
6.169953346252441406e+00
6.172902107238769531e+00
6.175507783889770508e+00
6.177918195724487305e+00
6.180555820465087891e+00
6.182924985885620117e+00
6.185433387756347656e+00
6.187777280807495117e+00
6.189919710159301758e+00
6.192296504974365234e+00
6.195257902145385742e+00
6.198059558868408203e+00
6.200815200805664062e+00
6.203557729721069336e+00
6.205974817276000977e+00
6.208431482315063477e+00
6.211078643798828125e+00
6.213436603546142578e+00
6.215784549713134766e+00
6.218041658401489258e+00
6.220436811447143555e+00
6.223207712173461914e+00
6.225435256958007812e+00
6.227784395217895508e+00
6.230836868286132812e+00
6.233298540115356445e+00
6.235804319381713867e+00
6.238307714462280273e+00
6.240838527679443359e+00
6.243585824966430664e+00
6.246039390563964844e+00
6.248436927795410156e+00
6.251227140426635742e+00
6.254206418991088867e+00
6.256907701492309570e+00
6.259896278381347656e+00
6.262562751770019531e+00
6.265454769134521484e+00
6.268205165863037109e+00
6.270536899566650391e+00
6.273184776306152344e+00
6.275561571121215820e+00
6.278081655502319336e+00
6.280593872070312500e+00
6.282925844192504883e+00
6.285544633865356445e+00
6.288048028945922852e+00
6.290834665298461914e+00
6.293452501296997070e+00
6.295780658721923828e+00
6.298619747161865234e+00
6.301446914672851562e+00
6.304076194763183594e+00
6.306814193725585938e+00
6.309446811676025391e+00
6.311795949935913086e+00
6.314798355102539062e+00
6.317477941513061523e+00
6.320056438446044922e+00
6.322855949401855469e+00
6.325942039489746094e+00
6.329054832458496094e+00
6.331560611724853516e+00
6.333926200866699219e+00
6.336411952972412109e+00
6.339066028594970703e+00
6.341864585876464844e+00
6.344413042068481445e+00
6.346959352493286133e+00
6.349854230880737305e+00
6.352555513381958008e+00
6.355489730834960938e+00
6.358581781387329102e+00
6.361814260482788086e+00
6.364868402481079102e+00
6.368071556091308594e+00
6.371642589569091797e+00
6.374562978744506836e+00
6.377434253692626953e+00
6.380220651626586914e+00
6.383671760559082031e+00
6.387844562530517578e+00
6.394067764282226562e+00
6.396854400634765625e+00
6.400399684906005859e+00
6.403494358062744141e+00
6.406303644180297852e+00
6.409384965896606445e+00
6.412043571472167969e+00
6.414967536926269531e+00
6.417936563491821289e+00
6.420843124389648438e+00
6.425618648529052734e+00
6.430232286453247070e+00
6.434235334396362305e+00
6.439033031463623047e+00
6.442070245742797852e+00
6.444854736328125000e+00
6.447819948196411133e+00
6.450304269790649414e+00
6.453286647796630859e+00
6.456283569335937500e+00
6.459203720092773438e+00
6.461861610412597656e+00
6.464862108230590820e+00
6.467820644378662109e+00
6.470829963684082031e+00
6.473951339721679688e+00
6.476855039596557617e+00
6.479798078536987305e+00
6.482826709747314453e+00
6.485811471939086914e+00
6.488857984542846680e+00
6.491824626922607422e+00
6.494810819625854492e+00
6.497833728790283203e+00
6.500849723815917969e+00
6.503826618194580078e+00
6.506821393966674805e+00
6.510108947753906250e+00
6.513471126556396484e+00
6.516431093215942383e+00
6.520120382308959961e+00
6.522794961929321289e+00
6.525576829910278320e+00
6.528452396392822266e+00
6.531953096389770508e+00
6.535333395004272461e+00
6.538944959640502930e+00
6.542207479476928711e+00
6.545286893844604492e+00
6.548207283020019531e+00
6.552074432373046875e+00
6.555312633514404297e+00
6.558172225952148438e+00
6.561457157135009766e+00
6.564563512802124023e+00
6.567445516586303711e+00
6.570659637451171875e+00
6.574158191680908203e+00
6.577519893646240234e+00
6.580429077148437500e+00
6.583838939666748047e+00
6.587451457977294922e+00
6.590865850448608398e+00
6.594173431396484375e+00
6.597329854965209961e+00
6.600569963455200195e+00
6.603816986083984375e+00
6.606850147247314453e+00
6.609822988510131836e+00
6.612865686416625977e+00
6.615813255310058594e+00
6.618561506271362305e+00
6.621271848678588867e+00
6.624047279357910156e+00
6.626824617385864258e+00
6.629813909530639648e+00
6.632864475250244141e+00
6.635811567306518555e+00
6.638565540313720703e+00
6.641168594360351562e+00
6.644071340560913086e+00
6.647923707962036133e+00
6.651838064193725586e+00
6.655456304550170898e+00
6.658463001251220703e+00
6.661446332931518555e+00
6.664389371871948242e+00
6.666931629180908203e+00
6.669289112091064453e+00
6.671854496002197266e+00
6.674877166748046875e+00
6.677785634994506836e+00
6.680559635162353516e+00
6.683782577514648438e+00
6.686558008193969727e+00
6.689328432083129883e+00
6.692065715789794922e+00
6.695033073425292969e+00
6.697850465774536133e+00
6.700921058654785156e+00
6.703810930252075195e+00
6.706821441650390625e+00
6.709770679473876953e+00
6.712463617324829102e+00
6.715242385864257812e+00
6.718165397644042969e+00
6.720890760421752930e+00
6.723413705825805664e+00
6.725790500640869141e+00
6.728038549423217773e+00
6.731002092361450195e+00
6.733819246292114258e+00
6.736540079116821289e+00
6.738925695419311523e+00
6.741414785385131836e+00
6.743917226791381836e+00
6.746797800064086914e+00
6.749798059463500977e+00
6.752882957458496094e+00
6.755806207656860352e+00
6.759267330169677734e+00
6.762467861175537109e+00
6.765954971313476562e+00
6.768922090530395508e+00
6.771810293197631836e+00
6.774950981140136719e+00
6.777807712554931641e+00
6.780888795852661133e+00
6.784588575363159180e+00
6.787908077239990234e+00
6.791444540023803711e+00
6.794906139373779297e+00
6.798087835311889648e+00
6.800946235656738281e+00
6.804448366165161133e+00
6.807492494583129883e+00
6.811091899871826172e+00
6.814641952514648438e+00
6.817806243896484375e+00
6.821347236633300781e+00
6.824336528778076172e+00
6.827454090118408203e+00
6.830961227416992188e+00
6.834455966949462891e+00
6.837432622909545898e+00
6.840172290802001953e+00
6.842808723449707031e+00
6.845812797546386719e+00
6.849093437194824219e+00
6.852933406829833984e+00
6.855955600738525391e+00
6.858837127685546875e+00
6.862460851669311523e+00
6.865943193435668945e+00
6.868894338607788086e+00
6.872329235076904297e+00
6.875809431076049805e+00
6.878998756408691406e+00
6.881861686706542969e+00
6.884859561920166016e+00
6.888307094573974609e+00
6.891201496124267578e+00
6.894171237945556641e+00
6.896866559982299805e+00
6.900290727615356445e+00
6.904093027114868164e+00
6.907600164413452148e+00
6.910806179046630859e+00
6.913868188858032227e+00
6.916908740997314453e+00
6.920008182525634766e+00
6.923058986663818359e+00
6.926088571548461914e+00
6.929451465606689453e+00
6.933062553405761719e+00
6.935826063156127930e+00
6.938804149627685547e+00
6.941822767257690430e+00
6.944854974746704102e+00
6.947815895080566406e+00
6.950827360153198242e+00
6.953812360763549805e+00
6.956581830978393555e+00
6.959554195404052734e+00
6.962291002273559570e+00
6.965291738510131836e+00
6.968186140060424805e+00
6.970812320709228516e+00
6.973809003829956055e+00
6.976856231689453125e+00
6.979800462722778320e+00
6.982935905456542969e+00
6.985810041427612305e+00
6.988832950592041016e+00
6.991813421249389648e+00
6.994817972183227539e+00
6.997813463211059570e+00
7.000855684280395508e+00
7.003815412521362305e+00
7.006815910339355469e+00
7.009805202484130859e+00
7.012853622436523438e+00
7.015811443328857422e+00
7.018810033798217773e+00
7.021816730499267578e+00
7.024868249893188477e+00
7.027796030044555664e+00
7.030560731887817383e+00
7.033057212829589844e+00
7.035793304443359375e+00
7.038556814193725586e+00
7.041173219680786133e+00
7.043799400329589844e+00
7.046419143676757812e+00
7.048935413360595703e+00
7.051795244216918945e+00
7.054567337036132812e+00
7.057147502899169922e+00
7.059799909591674805e+00
7.062406778335571289e+00
7.065172910690307617e+00
7.067799091339111328e+00
7.070410728454589844e+00
7.073055744171142578e+00
7.075793027877807617e+00
7.078557729721069336e+00
7.081170797348022461e+00
7.083790779113769531e+00
7.086419820785522461e+00
7.089052915573120117e+00
7.091790437698364258e+00
7.094566583633422852e+00
7.097040414810180664e+00
7.099803924560546875e+00
7.102316617965698242e+00
7.105188369750976562e+00
7.107804775238037109e+00
7.110572099685668945e+00
7.113184452056884766e+00
7.115803003311157227e+00
7.118555068969726562e+00
7.121051788330078125e+00
7.123869419097900391e+00
7.126553773880004883e+00
7.130089521408081055e+00
7.132923364639282227e+00
7.136032819747924805e+00
7.138884305953979492e+00
7.141823530197143555e+00
7.144560337066650391e+00
7.147053003311157227e+00
7.149940967559814453e+00
7.152932643890380859e+00
7.155888080596923828e+00
7.158795595169067383e+00
7.161897897720336914e+00
7.164849042892456055e+00
7.167791843414306641e+00
7.170562028884887695e+00
7.173173427581787109e+00
7.175799846649169922e+00
7.178478717803955078e+00
7.181172847747802734e+00
7.184069633483886719e+00
7.186812639236450195e+00
7.189559221267700195e+00
7.192045927047729492e+00
7.194792747497558594e+00
7.197627067565917969e+00
7.200892448425292969e+00
7.203776836395263672e+00
7.206565141677856445e+00
7.209199666976928711e+00
7.211756467819213867e+00
7.214420318603515625e+00
7.217051267623901367e+00
7.219526290893554688e+00
7.221902132034301758e+00
7.224289178848266602e+00
7.226914167404174805e+00
7.229525566101074219e+00
7.231923818588256836e+00
7.234415292739868164e+00
7.236821174621582031e+00
7.239557027816772461e+00
7.241919279098510742e+00
7.244414567947387695e+00
7.247024297714233398e+00
7.249416351318359375e+00
7.251787424087524414e+00
7.254548072814941406e+00
7.257236242294311523e+00
7.260053396224975586e+00
7.262419939041137695e+00
7.265039682388305664e+00
7.267413616180419922e+00
7.270138502120971680e+00
7.272893190383911133e+00
7.275852441787719727e+00
7.278522491455078125e+00
7.281040906906127930e+00
7.283857345581054688e+00
7.286861181259155273e+00
7.289998531341552734e+00
7.292842626571655273e+00
7.295772790908813477e+00
7.298773527145385742e+00
7.301430225372314453e+00
7.303544759750366211e+00
7.305922746658325195e+00
7.308411121368408203e+00
7.310915470123291016e+00
7.313532114028930664e+00
7.315924167633056641e+00
7.318315505981445312e+00
7.321043491363525391e+00
7.323412895202636719e+00
7.326867103576660156e+00
7.330296516418457031e+00
7.333456516265869141e+00
7.336431741714477539e+00
7.340152502059936523e+00
7.343796968460083008e+00
7.347294092178344727e+00
7.350176572799682617e+00
7.352851629257202148e+00
7.356437206268310547e+00
7.360127210617065430e+00
7.363454818725585938e+00
7.366402864456176758e+00
7.369290828704833984e+00
7.372148275375366211e+00
7.374942064285278320e+00
7.377954244613647461e+00
7.381631135940551758e+00
7.384552001953125000e+00
7.387449741363525391e+00
7.390175342559814453e+00
7.393114566802978516e+00
7.396176815032958984e+00
7.399067878723144531e+00
7.401779890060424805e+00
7.404567480087280273e+00
7.407584190368652344e+00
7.410185575485229492e+00
7.412872076034545898e+00
7.415837287902832031e+00
7.418831586837768555e+00
7.421826362609863281e+00
7.424873113632202148e+00
7.427823066711425781e+00
7.430801868438720703e+00
7.433805465698242188e+00
7.436854600906372070e+00
7.439805746078491211e+00
7.442809581756591797e+00
7.445795536041259766e+00
7.448305845260620117e+00
7.451043128967285156e+00
7.453798770904541016e+00
7.456864833831787109e+00
7.459876298904418945e+00
7.462811231613159180e+00
7.465801477432250977e+00
7.468839406967163086e+00
7.471801042556762695e+00
7.474806070327758789e+00
7.477800846099853516e+00
7.480847358703613281e+00
7.483947038650512695e+00
7.487042188644409180e+00
7.489954948425292969e+00
7.492832183837890625e+00
7.495802164077758789e+00
7.498793840408325195e+00
7.501775979995727539e+00
7.504439353942871094e+00
7.507148981094360352e+00
7.509918451309204102e+00
7.512841701507568359e+00
7.515790700912475586e+00
7.518787860870361328e+00
7.521853446960449219e+00
7.524839401245117188e+00
7.527836799621582031e+00
7.530845642089843750e+00
7.533849000930786133e+00
7.536847829818725586e+00
7.539800882339477539e+00
7.542562246322631836e+00
7.545174837112426758e+00
7.547813177108764648e+00
7.550589323043823242e+00
7.553178787231445312e+00
7.555774450302124023e+00
7.558304548263549805e+00
7.561174631118774414e+00
7.564067125320434570e+00
7.566800117492675781e+00
7.570113658905029297e+00
7.573153734207153320e+00
7.576930761337280273e+00
7.579798460006713867e+00
7.583344459533691406e+00
7.586571455001831055e+00
7.589560270309448242e+00
7.592295646667480469e+00
7.595428228378295898e+00
7.598595619201660156e+00
7.602337121963500977e+00
7.606128692626953125e+00
7.609177112579345703e+00
7.611818790435791016e+00
7.614814996719360352e+00
7.617794513702392578e+00
7.620554685592651367e+00
7.623433828353881836e+00
7.626586675643920898e+00
7.629664897918701172e+00
7.632541656494140625e+00
7.635318279266357422e+00
7.638574838638305664e+00
7.642119407653808594e+00
7.644935846328735352e+00
7.647793292999267578e+00
7.650558948516845703e+00
7.653187274932861328e+00
7.655797481536865234e+00
7.658983469009399414e+00
7.662060022354125977e+00
7.664837360382080078e+00
7.667521953582763672e+00
7.670292377471923828e+00
7.672891855239868164e+00
7.675522565841674805e+00
7.678028583526611328e+00
7.680840730667114258e+00
7.684060096740722656e+00
7.687049865722656250e+00
7.690149307250976562e+00
7.693386316299438477e+00
7.696043014526367188e+00
7.699060678482055664e+00
7.702209234237670898e+00
7.706076860427856445e+00
7.709316492080688477e+00
7.712175607681274414e+00
7.714815616607666016e+00
7.718169927597045898e+00
7.721817731857299805e+00
7.724842548370361328e+00
7.727816820144653320e+00
7.731401443481445312e+00
7.734946012496948242e+00
7.737791538238525391e+00
7.740548372268676758e+00
7.743430137634277344e+00
7.746614456176757812e+00
7.749873876571655273e+00
7.752844572067260742e+00
7.755812406539916992e+00
7.759353876113891602e+00
7.762959480285644531e+00
7.766333580017089844e+00
7.769319534301757812e+00
7.772150993347167969e+00
7.774818658828735352e+00
7.777957916259765625e+00
7.780948400497436523e+00
7.783797740936279297e+00
7.786820411682128906e+00
7.790140151977539062e+00
7.793802261352539062e+00
7.796899318695068359e+00
7.800187587738037109e+00
7.802824974060058594e+00
7.805812835693359375e+00
7.808931589126586914e+00
7.811991453170776367e+00
7.815495729446411133e+00
7.818151235580444336e+00
7.820842027664184570e+00
7.823801517486572266e+00
7.826801300048828125e+00
7.829818248748779297e+00
7.832902193069458008e+00
7.835808277130126953e+00
7.839352369308471680e+00
7.843065977096557617e+00
7.846334218978881836e+00
7.849452018737792969e+00
7.852475643157958984e+00
7.855914592742919922e+00
7.858527898788452148e+00
7.860916137695312500e+00
7.863519430160522461e+00
7.865905284881591797e+00
7.868497133255004883e+00
7.871492862701416016e+00
7.874033689498901367e+00
7.876497983932495117e+00
7.879921197891235352e+00
7.883193254470825195e+00
7.886872291564941406e+00
7.890195369720458984e+00
7.893320083618164062e+00
7.896188735961914062e+00
7.899313926696777344e+00
7.902817249298095703e+00
7.905813932418823242e+00
7.908878087997436523e+00
7.912189960479736328e+00
7.915413618087768555e+00
7.918189048767089844e+00
7.921137571334838867e+00
7.924355745315551758e+00
7.927584171295166016e+00
7.930560350418090820e+00
7.933558225631713867e+00
7.936833858489990234e+00
7.940252542495727539e+00
7.943827390670776367e+00
7.947225809097290039e+00
7.950829505920410156e+00
7.954106092453002930e+00
7.957448720932006836e+00
7.960835218429565430e+00
7.963819026947021484e+00
7.967225790023803711e+00
7.970500707626342773e+00
7.973587274551391602e+00
7.976563930511474609e+00
7.979814291000366211e+00
7.982986927032470703e+00
7.985972404479980469e+00
7.988842964172363281e+00
7.992251873016357422e+00
7.995448112487792969e+00
7.998940229415893555e+00
8.002094745635986328e+00
8.005181074142456055e+00
8.008063554763793945e+00
8.011427402496337891e+00
8.014352083206176758e+00
8.017834424972534180e+00
8.021249532699584961e+00
8.024544477462768555e+00
8.027425527572631836e+00
8.030436754226684570e+00
8.033192396163940430e+00
8.036164522171020508e+00
8.038807392120361328e+00
8.041814327239990234e+00
8.044852972030639648e+00
8.047782897949218750e+00
8.050559759140014648e+00
8.053298473358154297e+00
8.055781364440917969e+00
8.058278083801269531e+00
8.060805082321166992e+00
8.063282251358032227e+00
8.065773010253906250e+00
8.068275451660156250e+00
8.070770025253295898e+00
8.072912931442260742e+00
8.075498819351196289e+00
8.077903032302856445e+00
8.080532073974609375e+00
8.082910537719726562e+00
8.085498571395874023e+00
8.088424444198608398e+00
8.091439723968505859e+00
8.094190359115600586e+00
8.097030162811279297e+00
8.099842309951782227e+00
8.102898836135864258e+00
8.105785846710205078e+00
8.108275890350341797e+00
8.110914945602416992e+00
8.113521337509155273e+00
8.115909576416015625e+00
8.118279218673706055e+00
8.120791196823120117e+00
8.123270988464355469e+00
8.125759363174438477e+00
8.127901792526245117e+00
8.130526781082153320e+00
8.132918596267700195e+00
8.135272979736328125e+00
8.137756824493408203e+00
8.139905214309692383e+00
8.142529726028442383e+00
8.145013570785522461e+00
8.147498607635498047e+00
8.149774551391601562e+00
8.151898860931396484e+00
8.154498338699340820e+00
8.156798601150512695e+00
8.159275054931640625e+00
8.161522865295410156e+00
8.163914442062377930e+00
8.166495084762573242e+00
8.168819665908813477e+00
8.171523094177246094e+00
8.173894643783569336e+00
8.176551103591918945e+00
8.179038763046264648e+00
8.181914806365966797e+00
8.184535026550292969e+00
8.187041044235229492e+00
8.189501285552978516e+00
8.191759347915649414e+00
8.194768905639648438e+00
8.197490453720092773e+00
8.200217008590698242e+00
8.202910423278808594e+00
8.205530643463134766e+00
8.207779645919799805e+00
8.210785388946533203e+00
8.213796377182006836e+00
8.216832876205444336e+00
8.219523906707763672e+00
8.221896409988403320e+00
8.224519491195678711e+00
8.227472782135009766e+00
8.230163335800170898e+00
8.232800483703613281e+00
8.235820770263671875e+00
8.238522291183471680e+00
8.240832805633544922e+00
8.243268728256225586e+00
8.245523929595947266e+00
8.247913360595703125e+00
8.250582933425903320e+00
8.253267765045166016e+00
8.256046056747436523e+00
8.258871555328369141e+00
8.261950254440307617e+00
8.264525890350341797e+00
8.266913175582885742e+00
8.269470930099487305e+00
8.271913290023803711e+00
8.274767637252807617e+00
8.277004480361938477e+00
8.279521226882934570e+00
8.282431125640869141e+00
8.285029172897338867e+00
8.287793636322021484e+00
8.290804147720336914e+00
8.294083833694458008e+00
8.297277688980102539e+00
8.300878763198852539e+00
8.304042816162109375e+00
8.307360649108886719e+00
8.310420989990234375e+00
8.313191175460815430e+00
8.316191434860229492e+00
8.319273948669433594e+00
8.322448253631591797e+00
8.325205087661743164e+00
8.328189373016357422e+00
8.330819606781005859e+00
8.333802938461303711e+00
8.336837291717529297e+00
8.339812755584716797e+00
8.342806816101074219e+00
8.345817327499389648e+00
8.348883628845214844e+00
8.351819276809692383e+00
8.354826927185058594e+00
8.358177900314331055e+00
8.361623764038085938e+00
8.365054845809936523e+00
8.367756605148315430e+00
8.370558500289916992e+00
8.373155117034912109e+00
8.375784397125244141e+00
8.378767013549804688e+00
8.381875753402709961e+00
8.384862661361694336e+00
8.387792110443115234e+00
8.390791654586791992e+00
8.394148349761962891e+00
8.397784709930419922e+00
8.401154994964599609e+00
8.404176235198974609e+00
8.407154798507690430e+00
8.410042285919189453e+00
8.413359642028808594e+00
8.416434049606323242e+00
8.419423341751098633e+00
8.422167539596557617e+00
8.424859285354614258e+00
8.427771568298339844e+00
8.430559396743774414e+00
8.433178901672363281e+00
8.435985803604125977e+00
8.438794136047363281e+00
8.441546678543090820e+00
8.444152116775512695e+00
8.446806192398071289e+00
8.449807167053222656e+00
8.452866315841674805e+00
8.455813884735107422e+00
8.458891391754150391e+00
8.461811780929565430e+00
8.464828729629516602e+00
8.467810869216918945e+00
8.470915079116821289e+00
8.473806858062744141e+00
8.476821660995483398e+00
8.479809045791625977e+00
8.483039617538452148e+00
8.485805749893188477e+00
8.488852977752685547e+00
8.491805076599121094e+00
8.494915962219238281e+00
8.497792482376098633e+00
8.500828027725219727e+00
8.503793716430664062e+00
8.506776094436645508e+00
8.509542703628540039e+00
8.512153148651123047e+00
8.514535665512084961e+00
8.517153263092041016e+00
8.519770860671997070e+00
8.522411584854125977e+00
8.525166034698486328e+00
8.527769327163696289e+00
8.530385732650756836e+00
8.533078193664550781e+00
8.536166906356811523e+00
8.539844274520874023e+00
8.542792558670043945e+00
8.546143770217895508e+00
8.549808263778686523e+00
8.552962541580200195e+00
8.556169271469116211e+00
8.559621572494506836e+00
8.562905073165893555e+00
8.565796375274658203e+00
8.568535327911376953e+00
8.570894479751586914e+00
8.573765039443969727e+00
8.576583147048950195e+00
8.578910589218139648e+00
8.581420660018920898e+00
8.583893537521362305e+00
8.587077856063842773e+00
8.590434312820434570e+00
8.593168735504150391e+00
8.596050739288330078e+00
8.599047183990478516e+00
8.602151393890380859e+00
8.605415105819702148e+00
8.608167648315429688e+00
8.611473560333251953e+00
8.614148139953613281e+00
8.616526842117309570e+00
8.618913888931274414e+00
8.621435642242431641e+00
8.624037742614746094e+00
8.626522779464721680e+00
8.628913640975952148e+00
8.631851196289062500e+00
8.634762525558471680e+00
8.637270689010620117e+00
8.639758348464965820e+00
8.642284393310546875e+00
8.644814491271972656e+00
8.646895885467529297e+00
8.649472951889038086e+00
8.652025222778320312e+00
8.654521703720092773e+00
8.657002449035644531e+00
8.659929275512695312e+00
8.662786722183227539e+00
8.665557384490966797e+00
8.668304681777954102e+00
8.671415090560913086e+00
8.674451828002929688e+00
8.678125381469726562e+00
8.682072162628173828e+00
8.685468435287475586e+00
8.688899517059326172e+00
8.692045211791992188e+00
8.694789648056030273e+00
8.697842121124267578e+00
8.700848579406738281e+00
8.703792572021484375e+00
8.706792354583740234e+00
8.710138082504272461e+00
8.713876724243164062e+00
8.717167139053344727e+00
8.719825267791748047e+00
8.722789525985717773e+00
8.726141929626464844e+00
8.729863643646240234e+00
8.732851505279541016e+00
8.735807895660400391e+00
8.738789319992065430e+00
8.742160558700561523e+00
8.745844125747680664e+00
8.748823404312133789e+00
8.751804351806640625e+00
8.754789829254150391e+00
8.757803440093994141e+00
8.761054277420043945e+00
8.764090776443481445e+00
8.766939401626586914e+00
8.770045042037963867e+00
8.772859096527099609e+00
8.776254415512084961e+00
8.779798746109008789e+00
8.782798528671264648e+00
8.786146402359008789e+00
8.789928436279296875e+00
8.792870044708251953e+00
8.795837879180908203e+00
8.798796415328979492e+00
8.802161216735839844e+00
8.805844783782958984e+00
8.808863639831542969e+00
8.811792612075805664e+00
8.814800024032592773e+00
8.818149089813232422e+00
8.821779966354370117e+00
8.825058698654174805e+00
8.828584909439086914e+00
8.831795692443847656e+00
8.834799051284790039e+00
8.838242053985595703e+00
8.841768980026245117e+00
8.844879627227783203e+00
8.848445177078247070e+00
8.851941585540771484e+00
8.855167150497436523e+00
8.857794523239135742e+00
8.860523462295532227e+00
8.863168954849243164e+00
8.865805864334106445e+00
8.868837118148803711e+00
8.871799707412719727e+00
8.874793529510498047e+00
8.877787351608276367e+00
8.880834102630615234e+00
8.883795261383056641e+00
8.886845827102661133e+00
8.889789581298828125e+00
8.892820596694946289e+00
8.896568536758422852e+00
8.899555683135986328e+00
8.902782201766967773e+00
8.905783653259277344e+00
8.908843517303466797e+00
8.911793708801269531e+00
8.914790868759155273e+00
8.918081998825073242e+00
8.921158313751220703e+00
8.924548625946044922e+00
8.927548646926879883e+00
8.930157423019409180e+00
8.932826042175292969e+00
8.935792684555053711e+00
8.938769340515136719e+00
8.941291570663452148e+00
8.943916082382202148e+00
8.946792125701904297e+00
8.949400424957275391e+00
8.952032327651977539e+00
8.954781770706176758e+00
8.957542181015014648e+00
8.960160970687866211e+00
8.962776899337768555e+00
8.965403556823730469e+00
8.968035936355590820e+00
8.970773220062255859e+00
8.973286390304565430e+00
8.976032018661499023e+00
8.978778123855590820e+00
8.981415271759033203e+00
8.984032392501831055e+00
8.986781835556030273e+00
8.989847660064697266e+00
8.992856502532958984e+00
8.995925188064575195e+00
8.998913764953613281e+00
9.002053737640380859e+00
9.004863977432250977e+00
9.007807970046997070e+00
9.010819196701049805e+00
9.013811349868774414e+00
9.016863107681274414e+00
9.019801378250122070e+00
9.022554874420166016e+00
9.025170087814331055e+00
9.028297424316406250e+00
9.031167030334472656e+00
9.033790349960327148e+00
9.036869287490844727e+00
9.039913177490234375e+00
9.042784929275512695e+00
9.045531749725341797e+00
9.048425674438476562e+00
9.051259517669677734e+00
9.054167985916137695e+00
9.056855440139770508e+00
9.059794187545776367e+00
9.062903165817260742e+00
9.065783739089965820e+00
9.068540096282958984e+00
9.071034669876098633e+00
9.073749065399169922e+00
9.076291561126708984e+00
9.079033136367797852e+00
9.081803321838378906e+00
9.084283828735351562e+00
9.087154388427734375e+00
9.089899778366088867e+00
9.092808723449707031e+00
9.095283746719360352e+00
9.098026037216186523e+00
9.100862264633178711e+00
9.103780269622802734e+00
9.106283426284790039e+00
9.109022855758666992e+00
9.111753702163696289e+00
9.114276409149169922e+00
9.117036581039428711e+00
9.119742155075073242e+00
9.122295618057250977e+00
9.125156164169311523e+00
9.127764463424682617e+00
9.130389451980590820e+00
9.133155345916748047e+00
9.135759592056274414e+00
9.138285636901855469e+00
9.141155958175659180e+00
9.143851518630981445e+00
9.146780014038085938e+00
9.149284601211547852e+00
9.152004718780517578e+00
9.154777526855468750e+00
9.157390117645263672e+00
9.159997940063476562e+00
9.162771463394165039e+00
9.165393590927124023e+00
9.168156385421752930e+00
9.170769691467285156e+00
9.173284292221069336e+00
9.176037073135375977e+00
9.178779840469360352e+00
9.181397438049316406e+00
9.184026002883911133e+00
9.186790943145751953e+00
9.189809560775756836e+00
9.192388772964477539e+00
9.195002317428588867e+00
9.197777271270751953e+00
9.200362443923950195e+00
9.203155994415283203e+00
9.205779552459716797e+00
9.208391904830932617e+00
9.211033105850219727e+00
9.213775396347045898e+00
9.216271638870239258e+00
9.219155311584472656e+00
9.221767663955688477e+00
9.224286317825317383e+00
9.227025032043457031e+00
9.229743242263793945e+00
9.232393503189086914e+00
9.235031366348266602e+00
9.237769126892089844e+00
9.240284442901611328e+00
9.242907285690307617e+00
9.245755195617675781e+00
9.248274803161621094e+00
9.250910997390747070e+00
9.253773450851440430e+00
9.256366014480590820e+00
9.258996486663818359e+00
9.261774301528930664e+00
9.264294147491455078e+00
9.267031908035278320e+00
9.269742965698242188e+00
9.272535800933837891e+00
9.275027990341186523e+00
9.277771711349487305e+00
9.280424118041992188e+00
9.283169507980346680e+00
9.286169052124023438e+00
9.289168834686279297e+00
9.291771411895751953e+00
9.294614791870117188e+00
9.297428131103515625e+00
9.300027608871459961e+00
9.302788972854614258e+00
9.305865764617919922e+00
9.308832645416259766e+00
9.311798334121704102e+00
9.314775466918945312e+00
9.317362070083618164e+00
9.320023536682128906e+00
9.322758913040161133e+00
9.325284242630004883e+00
9.328036308288574219e+00
9.330766916275024414e+00
9.333286046981811523e+00
9.335898399353027344e+00
9.338758468627929688e+00
9.341367483139038086e+00
9.344167709350585938e+00
9.346786737442016602e+00
9.349552154541015625e+00
9.352428913116455078e+00
9.355041980743408203e+00
9.358257055282592773e+00
9.361172437667846680e+00
9.363789081573486328e+00
9.366791486740112305e+00
9.369538307189941406e+00
9.372158527374267578e+00
9.375047445297241211e+00
9.377785444259643555e+00
9.380418062210083008e+00
9.383409976959228516e+00
9.386567831039428711e+00
9.390068769454956055e+00
9.393810749053955078e+00
9.396830320358276367e+00
9.400057554244995117e+00
9.403831243515014648e+00
9.406782865524291992e+00
9.409854650497436523e+00
9.413212776184082031e+00
9.416171073913574219e+00
9.418785572052001953e+00
9.421417951583862305e+00
9.424860715866088867e+00
9.427796602249145508e+00
9.430800437927246094e+00
9.434072732925415039e+00
9.437398910522460938e+00
9.440042734146118164e+00
9.442782640457153320e+00
9.445403575897216797e+00
9.448393583297729492e+00
9.451171636581420898e+00
9.454177141189575195e+00
9.457590341567993164e+00
9.460531234741210938e+00
9.463160037994384766e+00
9.465800046920776367e+00
9.468789577484130859e+00
9.471541404724121094e+00
9.474158287048339844e+00
9.476788282394409180e+00
9.479401826858520508e+00
9.482158899307250977e+00
9.484787464141845703e+00
9.487391948699951172e+00
9.490544795989990234e+00
9.493160963058471680e+00
9.495758056640625000e+00
9.498524904251098633e+00
9.501209020614624023e+00
9.504032135009765625e+00
9.506832122802734375e+00
9.509802818298339844e+00
9.512371301651000977e+00
9.515163660049438477e+00
9.517831563949584961e+00
9.520820617675781250e+00
9.523574829101562500e+00
9.526439905166625977e+00
9.529159545898437500e+00
9.531766176223754883e+00
9.534523248672485352e+00
9.537209987640380859e+00
9.539963722229003906e+00
9.542835950851440430e+00
9.545804977416992188e+00
9.548818588256835938e+00
9.551523208618164062e+00
9.554161787033081055e+00
9.556851387023925781e+00
9.559776067733764648e+00
9.562800407409667969e+00
9.565369129180908203e+00
9.568160057067871094e+00
9.570779561996459961e+00
9.573741674423217773e+00
9.576522350311279297e+00
9.579159021377563477e+00
9.581752777099609375e+00
9.584431886672973633e+00
9.587287664413452148e+00
9.590412855148315430e+00
9.593672752380371094e+00
9.596415996551513672e+00
9.599028587341308594e+00
9.601766109466552734e+00
9.604266643524169922e+00
9.606757164001464844e+00
9.609548807144165039e+00
9.612385749816894531e+00
9.615151882171630859e+00
9.617506742477416992e+00
9.620150566101074219e+00
9.622755289077758789e+00
9.625454664230346680e+00
9.627886295318603516e+00
9.630759954452514648e+00
9.633277177810668945e+00
9.635745048522949219e+00
9.638263463973999023e+00
9.640838861465454102e+00
9.643302440643310547e+00
9.645894050598144531e+00
9.648506879806518555e+00
9.650771856307983398e+00
9.653412103652954102e+00
9.656041622161865234e+00
9.658751010894775391e+00
9.661455392837524414e+00
9.664151906967163086e+00
9.666867733001708984e+00
9.669510841369628906e+00
9.671880722045898438e+00
9.674390077590942383e+00
9.676508903503417969e+00
9.679257869720458984e+00
9.681524276733398438e+00
9.683881521224975586e+00
9.686750173568725586e+00
9.689471244812011719e+00
9.691901206970214844e+00
9.694393396377563477e+00
9.696507692337036133e+00
9.699296236038208008e+00
9.702021121978759766e+00
9.704783201217651367e+00
9.707276582717895508e+00
9.709826231002807617e+00
9.712817907333374023e+00
9.715275764465332031e+00
9.717813491821289062e+00
9.720752000808715820e+00
9.723276615142822266e+00
9.725745439529418945e+00
9.728275299072265625e+00
9.730504751205444336e+00
9.732757091522216797e+00
9.735277175903320312e+00
9.738026142120361328e+00
9.740801095962524414e+00
9.743263959884643555e+00
9.745524883270263672e+00
9.748024463653564453e+00
9.750380039215087891e+00
9.752502441406250000e+00
9.755025386810302734e+00
9.757565259933471680e+00
9.760360717773437500e+00
9.762739896774291992e+00
9.764899015426635742e+00
9.767278194427490234e+00
9.769547700881958008e+00
9.771883964538574219e+00
9.774505853652954102e+00
9.776767015457153320e+00
9.779263496398925781e+00
9.781757354736328125e+00
9.784535646438598633e+00
9.787406206130981445e+00
9.790545940399169922e+00
9.793839454650878906e+00
9.796858310699462891e+00
9.800076723098754883e+00
9.803415060043334961e+00
9.806173324584960938e+00
9.809248924255371094e+00
9.812932968139648438e+00
9.816419839859008789e+00
9.819944143295288086e+00
9.823051691055297852e+00
9.825783014297485352e+00
9.828779458999633789e+00
9.831512689590454102e+00
9.834375619888305664e+00
9.837174415588378906e+00
9.840859651565551758e+00
9.843793153762817383e+00
9.846778154373168945e+00
9.849738121032714844e+00
9.852797508239746094e+00
9.855787992477416992e+00
9.859092712402343750e+00
9.862161874771118164e+00
9.864995479583740234e+00
9.868568420410156250e+00
9.871777296066284180e+00
9.875073671340942383e+00
9.878547668457031250e+00
9.881579160690307617e+00
9.884538888931274414e+00
9.887499332427978516e+00
9.890160322189331055e+00
9.892813920974731445e+00
9.895790815353393555e+00
9.898773431777954102e+00
9.901530504226684570e+00
9.904186010360717773e+00
9.907185792922973633e+00
9.910413742065429688e+00
9.913301229476928711e+00
9.916045665740966797e+00
9.918775320053100586e+00
9.921534776687622070e+00
9.924406290054321289e+00
9.927170753479003906e+00
9.929782152175903320e+00
9.932517290115356445e+00
9.935276031494140625e+00
9.937981843948364258e+00
9.940779209136962891e+00
9.943418979644775391e+00
9.946171045303344727e+00
9.948837757110595703e+00
9.951800107955932617e+00
9.954786539077758789e+00
9.957777261734008789e+00
9.960525512695312500e+00
9.963163852691650391e+00
9.965794086456298828e+00
9.968843221664428711e+00
9.971795558929443359e+00
9.974771976470947266e+00
9.977536439895629883e+00
9.980171680450439453e+00
9.983058929443359375e+00
9.985753297805786133e+00
9.988534688949584961e+00
9.991523504257202148e+00
9.994020223617553711e+00
9.996809720993041992e+00
9.999379634857177734e+00
1.000189638137817383e+01
1.000481057167053223e+01
1.000728201866149902e+01
1.000999116897583008e+01
1.001280927658081055e+01
1.001536703109741211e+01
1.001789379119873047e+01
1.002080917358398438e+01
1.002339792251586914e+01
1.002599024772644043e+01
1.002879834175109863e+01
1.003126955032348633e+01
1.003398728370666504e+01
1.003680634498596191e+01
1.003940153121948242e+01
1.004199337959289551e+01
1.004480886459350586e+01
1.004737925529479980e+01
1.005015921592712402e+01
1.005280995368957520e+01
1.005551767349243164e+01
1.005801391601562500e+01
1.006051635742187500e+01
1.006289553642272949e+01
1.006575536727905273e+01
1.006835365295410156e+01
1.007101416587829590e+01
1.007375502586364746e+01
1.007627058029174805e+01
1.007902741432189941e+01
1.008175420761108398e+01
1.008436608314514160e+01
1.008688855171203613e+01
1.008990979194641113e+01
1.009291768074035645e+01
1.009594726562500000e+01
1.009875631332397461e+01
1.010140323638916016e+01
1.010416269302368164e+01
1.010759210586547852e+01
1.011027646064758301e+01
1.011324691772460938e+01
1.011621212959289551e+01
1.011924099922180176e+01
1.012253212928771973e+01
1.012539815902709961e+01
1.012798094749450684e+01
1.013075852394104004e+01
1.013325548171997070e+01
1.013575291633605957e+01
1.013882064819335938e+01
1.014189863204956055e+01
1.014481377601623535e+01
1.014737772941589355e+01
1.014973855018615723e+01
1.015225887298583984e+01
1.015474247932434082e+01
1.015747117996215820e+01
1.016018629074096680e+01
1.016238927841186523e+01
1.016475796699523926e+01
1.016725325584411621e+01
1.016973996162414551e+01
1.017226314544677734e+01
1.017475104331970215e+01
1.017743587493896484e+01
1.017989659309387207e+01
1.018225312232971191e+01
1.018501877784729004e+01
1.018725848197937012e+01
1.018993401527404785e+01
1.019279932975769043e+01
1.019525361061096191e+01
1.019779586791992188e+01
1.020085740089416504e+01
1.020375490188598633e+01
1.020653557777404785e+01
1.020919179916381836e+01
1.021228146553039551e+01
1.021516728401184082e+01
1.021777224540710449e+01
1.022028851509094238e+01
1.022319197654724121e+01
1.022618937492370605e+01
1.022927784919738770e+01
1.023200106620788574e+01
1.023475813865661621e+01
1.023777627944946289e+01
1.024027967453002930e+01
1.024316048622131348e+01
1.024577164649963379e+01
1.024884271621704102e+01
1.025176477432250977e+01
1.025453352928161621e+01
1.025703191757202148e+01
1.025990438461303711e+01
1.026278948783874512e+01
1.026553630828857422e+01
1.026816225051879883e+01
1.027103805541992188e+01
1.027378749847412109e+01
1.027653145790100098e+01
1.027939462661743164e+01
1.028201580047607422e+01
1.028483104705810547e+01
1.028778147697448730e+01
1.029075884819030762e+01
1.029376053810119629e+01
1.029639410972595215e+01
1.029917335510253906e+01
1.030176901817321777e+01
1.030442571640014648e+01
1.030717253684997559e+01
1.030978560447692871e+01
1.031294751167297363e+01
1.031591224670410156e+01
1.031877565383911133e+01
1.032186460494995117e+01
1.032519626617431641e+01
1.032835340499877930e+01
1.033141064643859863e+01
1.033443236351013184e+01
1.033793807029724121e+01
1.034085083007812500e+01
1.034378767013549805e+01
1.034689760208129883e+01
1.035013294219970703e+01
1.035375285148620605e+01
1.035703587532043457e+01
1.036052107810974121e+01
1.036341524124145508e+01
1.036616802215576172e+01
1.036921000480651855e+01
1.037282180786132812e+01
1.037577509880065918e+01
1.037876558303833008e+01
1.038185906410217285e+01
1.038559961318969727e+01
1.038879561424255371e+01
1.039178466796875000e+01
1.039452195167541504e+01
1.039721488952636719e+01
1.040041017532348633e+01
1.040315818786621094e+01
1.040639162063598633e+01
1.040903115272521973e+01
1.041137838363647461e+01
1.041403055191040039e+01
1.041681146621704102e+01
1.041926527023315430e+01
1.042175221443176270e+01
1.042425322532653809e+01
1.042675018310546875e+01
1.042926573753356934e+01
1.043173980712890625e+01
1.043474793434143066e+01
1.043746089935302734e+01
1.044017410278320312e+01
1.044274425506591797e+01
1.044525313377380371e+01
1.044774198532104492e+01
1.045055913925170898e+01
1.045323562622070312e+01
1.045604562759399414e+01
1.045836806297302246e+01
1.046076202392578125e+01
1.046326565742492676e+01
1.046574330329895020e+01
1.046825313568115234e+01
1.047075057029724121e+01
1.047345042228698730e+01
1.047589015960693359e+01
1.047852683067321777e+01
1.048124575614929199e+01
1.048395013809204102e+01
1.048685002326965332e+01
1.048980689048767090e+01
1.049255871772766113e+01
1.049545860290527344e+01
1.049806880950927734e+01
1.050078487396240234e+01
1.050379085540771484e+01
1.050679326057434082e+01
1.050940823554992676e+01
1.051180863380432129e+01
1.051475167274475098e+01
1.051778578758239746e+01
1.052025580406188965e+01
1.052292799949645996e+01
1.052581810951232910e+01
1.052882313728332520e+01
1.053175640106201172e+01
1.053473758697509766e+01
1.053777766227722168e+01
1.054079341888427734e+01
1.054379391670227051e+01
1.054675865173339844e+01
1.054946112632751465e+01
1.055207157135009766e+01
1.055475807189941406e+01
1.055779600143432617e+01
1.056083011627197266e+01
1.056377387046813965e+01
1.056639838218688965e+01
1.056916260719299316e+01
1.057176256179809570e+01
1.057473707199096680e+01
1.057741641998291016e+01
1.058016228675842285e+01
1.058276963233947754e+01
1.058551788330078125e+01
1.058816337585449219e+01
1.059130406379699707e+01
1.059501886367797852e+01
1.059855127334594727e+01
1.060193705558776855e+01
1.060486125946044922e+01
1.060778832435607910e+01
1.061077022552490234e+01
1.061350607872009277e+01
1.061616611480712891e+01
1.061962008476257324e+01
1.062279343605041504e+01
1.062577009201049805e+01
1.062853932380676270e+01
1.063154029846191406e+01
1.063445854187011719e+01
1.063806724548339844e+01
1.064125180244445801e+01
1.064419245719909668e+01
1.064741253852844238e+01
1.065016627311706543e+01
1.065300273895263672e+01
1.065616679191589355e+01
1.066157531738281250e+01
1.066451287269592285e+01
1.066776514053344727e+01
1.067066025733947754e+01
1.067357230186462402e+01
1.067697834968566895e+01
1.068055582046508789e+01
1.068377876281738281e+01
1.068676924705505371e+01
1.069013190269470215e+01
1.069384074211120605e+01
1.069719624519348145e+01
1.070017910003662109e+01
1.070341730117797852e+01
1.070677781105041504e+01
1.070989942550659180e+01
1.071299171447753906e+01
1.071618485450744629e+01
1.071990466117858887e+01
1.072276401519775391e+01
1.072552514076232910e+01
1.072816634178161621e+01
1.073186039924621582e+01
1.073518443107604980e+01
1.073817920684814453e+01
1.074117970466613770e+01
1.074416804313659668e+01
1.074754524230957031e+01
1.075056886672973633e+01
1.075388574600219727e+01
1.075762748718261719e+01
1.076081657409667969e+01
1.076377296447753906e+01
1.076703166961669922e+01
1.077056145668029785e+01
1.077392530441284180e+01
1.077679014205932617e+01
1.077940082550048828e+01
1.078262424468994141e+01
1.078577208518981934e+01
1.078879213333129883e+01
1.079171061515808105e+01
1.079475426673889160e+01
1.079787254333496094e+01
1.080083060264587402e+01
1.080418682098388672e+01
1.080739712715148926e+01
1.081063628196716309e+01
1.081403565406799316e+01
1.081682372093200684e+01
1.081977009773254395e+01
1.082277035713195801e+01
1.082586407661437988e+01
1.082954549789428711e+01
1.083309149742126465e+01
1.083601260185241699e+01
1.083876156806945801e+01
1.084179091453552246e+01
1.084491610527038574e+01
1.084788823127746582e+01
1.085076665878295898e+01
1.085384345054626465e+01
1.085745930671691895e+01
1.086080384254455566e+01
1.086391210556030273e+01
1.086678457260131836e+01
1.086950874328613281e+01
1.087239909172058105e+01
1.087518262863159180e+01
1.087819766998291016e+01
1.088178086280822754e+01
1.088482308387756348e+01
1.088777303695678711e+01
1.089102673530578613e+01
1.089374375343322754e+01
1.089651536941528320e+01
1.089976620674133301e+01
1.090308547019958496e+01
1.090640687942504883e+01
1.090941095352172852e+01
1.091244816780090332e+01
1.091583442687988281e+01
1.091919207572937012e+01
1.092240953445434570e+01
1.092591691017150879e+01
1.092923879623413086e+01
1.093241167068481445e+01
1.093526816368103027e+01
1.093824052810668945e+01
1.094118070602416992e+01
1.094416522979736328e+01
1.094718408584594727e+01
1.095016598701477051e+01
1.095322918891906738e+01
1.095645117759704590e+01
1.096008658409118652e+01
1.096277523040771484e+01
1.096539235115051270e+01
1.096816682815551758e+01
1.097090196609497070e+01
1.097375297546386719e+01
1.097650361061096191e+01
1.097938942909240723e+01
1.098203158378601074e+01
1.098499417304992676e+01
1.098776268959045410e+01
1.099052286148071289e+01
1.099316596984863281e+01
1.099576568603515625e+01
1.099835205078125000e+01
1.100101017951965332e+01
1.100375771522521973e+01
1.100652694702148438e+01
1.100916576385498047e+01
1.101175689697265625e+01
1.101452493667602539e+01
1.101716685295104980e+01
1.101975440979003906e+01
1.102247762680053711e+01
1.102516698837280273e+01
1.102774548530578613e+01
1.103038001060485840e+01
1.103302025794982910e+01
1.103576111793518066e+01
1.103838324546813965e+01
1.104102182388305664e+01
1.104376077651977539e+01
1.104626917839050293e+01
1.104917120933532715e+01
1.105175685882568359e+01
1.105447459220886230e+01
1.105716753005981445e+01
1.105975866317749023e+01
1.106238436698913574e+01
1.106516671180725098e+01
1.106775784492492676e+01
1.107036519050598145e+01
1.107316708564758301e+01
1.107575821876525879e+01
1.107834744453430176e+01
1.108100914955139160e+01
1.108376145362854004e+01
1.108647871017456055e+01
1.108900547027587891e+01
1.109173202514648438e+01
1.109425640106201172e+01
1.109676980972290039e+01
1.109924459457397461e+01
1.110173082351684570e+01
1.110425662994384766e+01
1.110687232017517090e+01
1.110924506187438965e+01
1.111151003837585449e+01
1.111388087272644043e+01
1.111624479293823242e+01
1.111904406547546387e+01
1.112180662155151367e+01
1.112454390525817871e+01
1.112715744972229004e+01
1.112949204444885254e+01
1.113202476501464844e+01
1.113424372673034668e+01
1.113677239418029785e+01
1.113925933837890625e+01
1.114217901229858398e+01
1.114480423927307129e+01
1.114725756645202637e+01
1.114998626708984375e+01
1.115224266052246094e+01
1.115486502647399902e+01
1.115749478340148926e+01
1.115986752510070801e+01
1.116226315498352051e+01
1.116497302055358887e+01
1.116725850105285645e+01
1.117027306556701660e+01
1.117287635803222656e+01
1.117537474632263184e+01
1.117839431762695312e+01
1.118100953102111816e+01
1.118324208259582520e+01
1.118576931953430176e+01
1.118856787681579590e+01
1.119110369682312012e+01
1.119377708435058594e+01
1.119640445709228516e+01
1.119887876510620117e+01
1.120189380645751953e+01
1.120476865768432617e+01
1.120738053321838379e+01
1.121042633056640625e+01
1.121341657638549805e+01
1.121622300148010254e+01
1.121889853477478027e+01
1.122184944152832031e+01
1.122482562065124512e+01
1.122724008560180664e+01
1.122973155975341797e+01
1.123236346244812012e+01
1.123500227928161621e+01
1.123759007453918457e+01
1.124045085906982422e+01
1.124300456047058105e+01
1.124581170082092285e+01
1.124842405319213867e+01
1.125138282775878906e+01
1.125416159629821777e+01
1.125678706169128418e+01
1.125925970077514648e+01
1.126194381713867188e+01
1.126479148864746094e+01
1.126726102828979492e+01
1.126992797851562500e+01
1.127279472351074219e+01
1.127525901794433594e+01
1.127788090705871582e+01
1.128125452995300293e+01
1.128416895866394043e+01
1.128742098808288574e+01
1.129016852378845215e+01
1.129376602172851562e+01
1.129743218421936035e+01
1.130428791046142578e+01
1.130773854255676270e+01
1.131116533279418945e+01
1.131387019157409668e+01
1.131710696220397949e+01
1.132005476951599121e+01
1.132389688491821289e+01
1.132700562477111816e+01
1.132996177673339844e+01
1.133278775215148926e+01
1.133580827713012695e+01
1.133913064002990723e+01
1.134356141090393066e+01
1.134679412841796875e+01
1.134950733184814453e+01
1.135216045379638672e+01
1.135504436492919922e+01
1.135778284072875977e+01
1.136080813407897949e+01
1.136379075050354004e+01
1.136676096916198730e+01
1.136975741386413574e+01
1.137236714363098145e+01
1.137579584121704102e+01
1.137875795364379883e+01
1.138136959075927734e+01
1.138388776779174805e+01
1.138753461837768555e+01
1.139087748527526855e+01
1.139434719085693359e+01
1.139723968505859375e+01
1.139998769760131836e+01
1.140348243713378906e+01
1.140675759315490723e+01
1.141043806076049805e+01
1.141437911987304688e+01
1.141848206520080566e+01
1.142208790779113770e+01
1.142487239837646484e+01
1.142723965644836426e+01
1.142948818206787109e+01
1.143201088905334473e+01
1.143448638916015625e+01
1.143700098991394043e+01
1.143925929069519043e+01
1.144150733947753906e+01
1.144386744499206543e+01
1.144677209854125977e+01
1.144944739341735840e+01
1.145222401618957520e+01
1.145500421524047852e+01
1.145725989341735840e+01
1.145974349975585938e+01
1.146250748634338379e+01
1.146487331390380859e+01
1.146725988388061523e+01
1.146949195861816406e+01
1.147186923027038574e+01
1.147426009178161621e+01
1.147676730155944824e+01
1.147926211357116699e+01
1.148173046112060547e+01
1.148425841331481934e+01
1.148673295974731445e+01
1.148942923545837402e+01
1.149237084388732910e+01
1.149472522735595703e+01
1.149746537208557129e+01
1.149987244606018066e+01
1.150224018096923828e+01
1.150478243827819824e+01
1.150725936889648438e+01
1.151009559631347656e+01
1.151279568672180176e+01
1.151525950431823730e+01
1.151774454116821289e+01
1.152026033401489258e+01
1.152273035049438477e+01
1.152525997161865234e+01
1.152774500846862793e+01
1.153049373626708984e+01
1.153325724601745605e+01
1.153647089004516602e+01
1.153941774368286133e+01
1.154199910163879395e+01
1.154487490653991699e+01
1.154750919342041016e+01
1.155000138282775879e+01
1.155241227149963379e+01
1.155518102645874023e+01
1.155799317359924316e+01
1.156038498878479004e+01
1.156287789344787598e+01
1.156523871421813965e+01
1.156748652458190918e+01
1.157045388221740723e+01
1.157299613952636719e+01
1.157538366317749023e+01
1.157787728309631348e+01
1.158038353919982910e+01
1.158339929580688477e+01
1.158622241020202637e+01
1.158936929702758789e+01
1.159310817718505859e+01
1.159639000892639160e+01
1.159918284416198730e+01
1.160218191146850586e+01
1.160536026954650879e+01
1.160857415199279785e+01
1.161127209663391113e+01
1.161418318748474121e+01
1.161718249320983887e+01
1.162017178535461426e+01
1.162318348884582520e+01
1.162617135047912598e+01
1.162878489494323730e+01
1.163176989555358887e+01
1.163488769531250000e+01
1.163802623748779297e+01
1.164076328277587891e+01
1.164338111877441406e+01
1.164618134498596191e+01
1.164920473098754883e+01
1.165276122093200684e+01
1.165575504302978516e+01
1.165891265869140625e+01
1.166177773475646973e+01
1.166452884674072266e+01
1.166737699508666992e+01
1.167019486427307129e+01
1.167318892478942871e+01
1.167590880393981934e+01
1.167875814437866211e+01
1.168174624443054199e+01
1.168437671661376953e+01
1.168718385696411133e+01
1.169018054008483887e+01
1.169339942932128906e+01
1.169616961479187012e+01
1.169877362251281738e+01
1.170139837265014648e+01
1.170416855812072754e+01
1.170674180984497070e+01
1.170935058593750000e+01
1.171198797225952148e+01
1.171472907066345215e+01
1.171735024452209473e+01
1.171988558769226074e+01
1.172247314453125000e+01
1.172516918182373047e+01
1.172773528099060059e+01
1.173035168647766113e+01
1.173301196098327637e+01
1.173574709892272949e+01
1.173838400840759277e+01
1.174101376533508301e+01
1.174337816238403320e+01
1.174600577354431152e+01
1.174876379966735840e+01
1.175134944915771484e+01
1.175398778915405273e+01
1.175682759284973145e+01
1.175934934616088867e+01
1.176188492774963379e+01
1.176475906372070312e+01
1.176736831665039062e+01
1.176996183395385742e+01
1.177275371551513672e+01
1.177533888816833496e+01
1.177796769142150879e+01
1.178075337409973145e+01
1.178334951400756836e+01
1.178596901893615723e+01
1.178876233100891113e+01
1.179137969017028809e+01
1.179399824142456055e+01
1.179675674438476562e+01
1.179925704002380371e+01
1.180221223831176758e+01
1.180517029762268066e+01
1.180776357650756836e+01
1.181050419807434082e+01
1.181317234039306641e+01
1.181587457656860352e+01
1.181875896453857422e+01
1.182149243354797363e+01
1.182401061058044434e+01
1.182673454284667969e+01
1.182935047149658203e+01
1.183188033103942871e+01
1.183449316024780273e+01
1.183716917037963867e+01
1.183974671363830566e+01
1.184224820137023926e+01
1.184501314163208008e+01
1.184749031066894531e+01
1.185016798973083496e+01
1.185276508331298828e+01
1.185525918006896973e+01
1.185796499252319336e+01
1.186084556579589844e+01
1.186349463462829590e+01
1.186600017547607422e+01
1.186838150024414062e+01
1.187100481986999512e+01
1.187373447418212891e+01
1.187625789642333984e+01
1.187887930870056152e+01
1.188174080848693848e+01
1.188437843322753906e+01
1.188688230514526367e+01
1.188948678970336914e+01
1.189199733734130859e+01
1.189484858512878418e+01
1.189774155616760254e+01
1.190035128593444824e+01
1.190287852287292480e+01
1.190575146675109863e+01
1.190838980674743652e+01
1.191087746620178223e+01
1.191346740722656250e+01
1.191588664054870605e+01
1.191874217987060547e+01
1.192135190963745117e+01
1.192398548126220703e+01
1.192674160003662109e+01
1.192935013771057129e+01
1.193200635910034180e+01
1.193449401855468750e+01
1.193717050552368164e+01
1.193974661827087402e+01
1.194237327575683594e+01
1.194488453865051270e+01
1.194773292541503906e+01
1.195036244392395020e+01
1.195301222801208496e+01
1.195546627044677734e+01
1.195799612998962402e+01
