4.053115844726562500e-06
9.216785430908203125e-03
1.823401451110839844e-02
2.748417854309082031e-02
3.671765327453613281e-02
4.616785049438476562e-02
5.523538589477539062e-02
6.411051750183105469e-02
7.313179969787597656e-02
8.224129676818847656e-02
9.107708930969238281e-02
1.001200675964355469e-01
1.091148853302001953e-01
1.181068420410156250e-01
1.271193027496337891e-01
1.358997821807861328e-01
1.446764469146728516e-01
1.538100242614746094e-01
1.637554168701171875e-01
1.721942424774169922e-01
1.808755397796630859e-01
1.898283958435058594e-01
1.987156867980957031e-01
2.078218460083007812e-01
2.165160179138183594e-01
2.253863811492919922e-01
2.347323894500732422e-01
2.432165145874023438e-01
2.521517276763916016e-01
2.607753276824951172e-01
2.696948051452636719e-01
2.797050476074218750e-01
2.897686958312988281e-01
2.988185882568359375e-01
3.077895641326904297e-01
3.168094158172607422e-01
3.258194923400878906e-01
3.347425460815429688e-01
3.438267707824707031e-01
3.527696132659912109e-01
3.616735935211181641e-01
3.708181381225585938e-01
3.798196315765380859e-01
3.885591030120849609e-01
3.972609043121337891e-01
4.060795307159423828e-01
4.150688648223876953e-01
4.241476058959960938e-01
4.333834648132324219e-01
4.421195983886718750e-01
4.501483440399169922e-01
4.586575031280517578e-01
4.670808315277099609e-01
4.758479595184326172e-01
4.848072528839111328e-01
4.937672615051269531e-01
5.024919509887695312e-01
5.117979049682617188e-01
5.208075046539306641e-01
5.297226905822753906e-01
5.388121604919433594e-01
5.474538803100585938e-01
5.553166866302490234e-01
5.631971359252929688e-01
5.709037780761718750e-01
5.784277915954589844e-01
5.856742858886718750e-01
5.937237739562988281e-01
6.017365455627441406e-01
6.094300746917724609e-01
6.168982982635498047e-01
6.244671344757080078e-01
6.327652931213378906e-01
6.404733657836914062e-01
6.484198570251464844e-01
6.558334827423095703e-01
6.634771823883056641e-01
6.717352867126464844e-01
6.794564723968505859e-01
6.874470710754394531e-01
6.957511901855468750e-01
7.034859657287597656e-01
7.113811969757080078e-01
7.192876338958740234e-01
7.268066406250000000e-01
7.344298362731933594e-01
7.422790527343750000e-01
7.497940063476562500e-01
7.574517726898193359e-01
7.662913799285888672e-01
7.732770442962646484e-01
7.803130149841308594e-01
7.878947257995605469e-01
7.957577705383300781e-01
8.033096790313720703e-01
8.107776641845703125e-01
8.184030055999755859e-01
8.261816501617431641e-01
8.338012695312500000e-01
8.414802551269531250e-01
8.493194580078125000e-01
8.568849563598632812e-01
8.651361465454101562e-01
8.723421096801757812e-01
8.800799846649169922e-01
8.887538909912109375e-01
8.958251476287841797e-01
9.032187461853027344e-01
9.109578132629394531e-01
9.187715053558349609e-01
9.264760017395019531e-01
9.348554611206054688e-01
9.423325061798095703e-01
9.499948024749755859e-01
9.574372768402099609e-01
9.647235870361328125e-01
9.729146957397460938e-01
9.804568290710449219e-01
9.913098812103271484e-01
9.988412857055664062e-01
1.006729125976562500e+00
1.014715433120727539e+00
1.022737026214599609e+00
1.030323982238769531e+00
1.037748336791992188e+00
1.044911384582519531e+00
1.052254915237426758e+00
1.059096336364746094e+00
1.066053390502929688e+00
1.073199510574340820e+00
1.080267906188964844e+00
1.087375879287719727e+00
1.094755887985229492e+00
1.101611852645874023e+00
1.108258008956909180e+00
1.115023374557495117e+00
1.122159242630004883e+00
1.129174947738647461e+00
1.136413574218750000e+00
1.143774986267089844e+00
1.151047706604003906e+00
1.158174514770507812e+00
1.165251731872558594e+00
1.172750234603881836e+00
1.179868459701538086e+00
1.186647891998291016e+00
1.193678617477416992e+00
1.200383186340332031e+00
1.207096099853515625e+00
1.213874101638793945e+00
1.220571279525756836e+00
1.225876092910766602e+00
1.231030225753784180e+00
1.237319469451904297e+00
1.243619680404663086e+00
1.249670028686523438e+00
1.255873918533325195e+00
1.263116359710693359e+00
1.270148754119873047e+00
1.276949644088745117e+00
1.284160137176513672e+00
1.291144609451293945e+00
1.298003911972045898e+00
1.305162906646728516e+00
1.311645746231079102e+00
1.317987442016601562e+00
1.325746536254882812e+00
1.331970691680908203e+00
1.338768482208251953e+00
1.343617200851440430e+00
1.347204923629760742e+00
1.352633714675903320e+00
1.357514142990112305e+00
1.364942789077758789e+00
1.370888710021972656e+00
1.376312732696533203e+00
1.382627487182617188e+00
1.388591527938842773e+00
1.395569086074829102e+00
1.401657342910766602e+00
1.407751083374023438e+00
1.412835836410522461e+00
1.417500257492065430e+00
1.422288417816162109e+00
1.426792860031127930e+00
1.433648347854614258e+00
1.439580917358398438e+00
1.446725368499755859e+00
1.452716827392578125e+00
1.458342313766479492e+00
1.464900016784667969e+00
1.470567226409912109e+00
1.476719141006469727e+00
1.482578992843627930e+00
1.488831520080566406e+00
1.494524717330932617e+00
1.500627040863037109e+00
1.506219863891601562e+00
1.511925697326660156e+00
1.516942262649536133e+00
1.522043466567993164e+00
1.527573823928833008e+00
1.532837390899658203e+00
1.537709951400756836e+00
1.543072462081909180e+00
1.547908782958984375e+00
1.552885293960571289e+00
1.557592868804931641e+00
1.562271833419799805e+00
1.566260814666748047e+00
1.571871042251586914e+00
1.576627016067504883e+00
1.580854177474975586e+00
1.585806846618652344e+00
1.590914249420166016e+00
1.596059322357177734e+00
1.600234031677246094e+00
1.604499101638793945e+00
1.608566522598266602e+00
1.614675045013427734e+00
1.620312452316284180e+00
1.625622034072875977e+00
1.630022287368774414e+00
1.634648799896240234e+00
1.639201641082763672e+00
1.643215656280517578e+00
1.647549629211425781e+00
1.651633977890014648e+00
1.655472755432128906e+00
1.660320758819580078e+00
1.664889097213745117e+00
1.670059204101562500e+00
1.674888610839843750e+00
1.679084062576293945e+00
1.683082342147827148e+00
1.687120914459228516e+00
1.692766666412353516e+00
1.697894573211669922e+00
1.703629732131958008e+00
1.708718538284301758e+00
1.713879108428955078e+00
1.719130754470825195e+00
1.723540544509887695e+00
1.727871894836425781e+00
1.732135772705078125e+00
1.736864089965820312e+00
1.741094827651977539e+00
1.745725393295288086e+00
1.750516176223754883e+00
1.754918336868286133e+00
1.759093761444091797e+00
1.763222694396972656e+00
1.767199277877807617e+00
1.771669626235961914e+00
1.776094913482666016e+00
1.780575990676879883e+00
1.784663677215576172e+00
1.789311408996582031e+00
1.794500827789306641e+00
1.800674438476562500e+00
1.806524515151977539e+00
1.812065601348876953e+00
1.817937374114990234e+00
1.823333978652954102e+00
1.828309297561645508e+00
1.833682775497436523e+00
1.839591264724731445e+00
1.845783948898315430e+00
1.850490331649780273e+00
1.856890201568603516e+00
1.861794233322143555e+00
1.866777658462524414e+00
1.872092008590698242e+00
1.878626346588134766e+00
1.885708570480346680e+00
1.891591548919677734e+00
1.897618532180786133e+00
1.902910470962524414e+00
1.907788753509521484e+00
1.914709329605102539e+00
1.920738935470581055e+00
1.926556587219238281e+00
1.932637453079223633e+00
1.938563108444213867e+00
1.944648504257202148e+00
1.950725793838500977e+00
1.956622838973999023e+00
1.962725877761840820e+00
1.968600988388061523e+00
1.973929405212402344e+00
1.979784011840820312e+00
1.985544204711914062e+00
1.991176605224609375e+00
1.997651576995849609e+00
2.003300905227661133e+00
2.009713172912597656e+00
2.015927553176879883e+00
2.020942211151123047e+00
2.026065349578857422e+00
2.031329631805419922e+00
2.036361217498779297e+00
2.041335582733154297e+00
2.046614408493041992e+00
2.054290294647216797e+00
2.060595750808715820e+00
2.065531730651855469e+00
2.070815086364746094e+00
2.076121568679809570e+00
2.081156253814697266e+00
2.086570262908935547e+00
2.091593503952026367e+00
2.097178936004638672e+00
2.101470232009887695e+00
2.106652021408081055e+00
2.111734151840209961e+00
2.116459369659423828e+00
2.120794534683227539e+00
2.125877380371093750e+00
2.130668163299560547e+00
2.137312412261962891e+00
2.142174720764160156e+00
2.146669387817382812e+00
2.150591135025024414e+00
2.154482603073120117e+00
2.158488035202026367e+00
2.162488460540771484e+00
2.166478633880615234e+00
2.174643993377685547e+00
2.180250644683837891e+00
2.186261177062988281e+00
2.191643476486206055e+00
2.198573589324951172e+00
2.205044507980346680e+00
2.211895704269409180e+00
2.217566490173339844e+00
2.224004983901977539e+00
2.230994939804077148e+00
2.237566471099853516e+00
2.243889331817626953e+00
2.250195264816284180e+00
2.257602930068969727e+00
2.263617753982543945e+00
2.270601749420166016e+00
2.276932954788208008e+00
2.283097982406616211e+00
2.289970636367797852e+00
2.297734022140502930e+00
2.305437564849853516e+00
2.313444137573242188e+00
2.321341514587402344e+00
2.328819990158081055e+00
2.336729526519775391e+00
2.343717813491821289e+00
2.350700855255126953e+00
2.358238458633422852e+00
2.365776538848876953e+00
2.373375415802001953e+00
2.380923271179199219e+00
2.388947010040283203e+00
2.396953344345092773e+00
2.404813766479492188e+00
2.412730932235717773e+00
2.420384407043457031e+00
2.427923202514648438e+00
2.435108184814453125e+00
2.441943168640136719e+00
2.449033021926879883e+00
2.456240653991699219e+00
2.463780164718627930e+00
2.470254659652709961e+00
2.477011203765869141e+00
2.483900785446166992e+00
2.490608215332031250e+00
2.496911048889160156e+00
2.502850055694580078e+00
2.508101463317871094e+00
2.513696193695068359e+00
2.519730091094970703e+00
2.525941133499145508e+00
2.532234430313110352e+00
2.538405179977416992e+00
2.544600009918212891e+00
2.550661087036132812e+00
2.556833982467651367e+00
2.563863039016723633e+00
2.569925069808959961e+00
2.575739860534667969e+00
2.581838369369506836e+00
2.587599039077758789e+00
2.593935966491699219e+00
2.599850177764892578e+00
2.606613636016845703e+00
2.613146781921386719e+00
2.622520208358764648e+00
2.630090236663818359e+00
2.638650417327880859e+00
2.644144296646118164e+00
2.649994611740112305e+00
2.654529333114624023e+00
2.659518241882324219e+00
2.664661407470703125e+00
2.669480800628662109e+00
2.674790859222412109e+00
2.679910182952880859e+00
2.684803485870361328e+00
2.689626693725585938e+00
2.695604562759399414e+00
2.700317144393920898e+00
2.704643487930297852e+00
2.709270477294921875e+00
2.713808298110961914e+00
2.718474864959716797e+00
2.724282503128051758e+00
2.728467702865600586e+00
2.734252691268920898e+00
2.740114212036132812e+00
2.744882822036743164e+00
2.749492645263671875e+00
2.755248785018920898e+00
2.759770154953002930e+00
2.765532016754150391e+00
2.769867420196533203e+00
2.773958683013916016e+00
2.778294563293457031e+00
2.785357236862182617e+00
2.791672468185424805e+00
2.799586772918701172e+00
2.808688640594482422e+00
2.816946744918823242e+00
2.825059652328491211e+00
2.833405733108520508e+00
2.842051506042480469e+00
2.850397825241088867e+00
2.859313726425170898e+00
2.867297410964965820e+00
2.876078128814697266e+00
2.884304761886596680e+00
2.892780065536499023e+00
2.901106357574462891e+00
2.909304380416870117e+00
2.917474746704101562e+00
2.926058292388916016e+00
2.934317827224731445e+00
2.942975044250488281e+00
2.951427936553955078e+00
2.960075139999389648e+00
2.968267917633056641e+00
2.975734233856201172e+00
2.983734130859375000e+00
2.991649627685546875e+00
2.999936819076538086e+00
3.007944107055664062e+00
3.015956640243530273e+00
3.024299860000610352e+00
3.032763957977294922e+00
3.041070699691772461e+00
3.049300193786621094e+00
3.057769536972045898e+00
3.066424846649169922e+00
3.075054407119750977e+00
3.083426713943481445e+00
3.091955423355102539e+00
3.100063800811767578e+00
3.108322620391845703e+00
3.116774082183837891e+00
3.125071763992309570e+00
3.133400201797485352e+00
3.141987800598144531e+00
3.150149822235107422e+00
3.158407688140869141e+00
3.166877746582031250e+00
3.175300121307373047e+00
3.184078931808471680e+00
3.192308664321899414e+00
3.200770378112792969e+00
3.209117650985717773e+00
3.217441082000732422e+00
3.225976943969726562e+00
3.234073400497436523e+00
3.242278099060058594e+00
3.250763893127441406e+00
3.258962392807006836e+00
3.267389774322509766e+00
3.276026964187622070e+00
3.284424066543579102e+00
3.292965412139892578e+00
3.301403999328613281e+00
3.310082912445068359e+00
3.318300485610961914e+00
3.326973438262939453e+00
3.335439682006835938e+00
3.343729734420776367e+00
3.352004051208496094e+00
3.360045909881591797e+00
3.368412971496582031e+00
3.376966714859008789e+00
3.385359287261962891e+00
3.393681764602661133e+00
3.401437282562255859e+00
3.409952878952026367e+00
3.418390750885009766e+00
3.427050828933715820e+00
3.434990644454956055e+00
3.442803621292114258e+00
3.450954675674438477e+00
3.459071397781372070e+00
3.467291593551635742e+00
3.475080966949462891e+00
3.483297824859619141e+00
3.491594552993774414e+00
3.500070571899414062e+00
3.508421659469604492e+00
3.516981840133666992e+00
3.525337934494018555e+00
3.533971548080444336e+00
3.541995048522949219e+00
3.550188541412353516e+00
3.557733774185180664e+00
3.565599679946899414e+00
3.573245525360107422e+00
3.581020593643188477e+00
3.588655710220336914e+00
3.596424102783203125e+00
3.604421377182006836e+00
3.612724304199218750e+00
3.620435476303100586e+00
3.628358602523803711e+00
3.635922193527221680e+00
3.643446207046508789e+00
3.650574207305908203e+00
3.658294677734375000e+00
3.665475368499755859e+00
3.674243927001953125e+00
3.681793689727783203e+00
3.689715147018432617e+00
3.697191953659057617e+00
3.705028772354125977e+00
3.712601661682128906e+00
3.720408439636230469e+00
3.728716135025024414e+00
3.736330032348632812e+00
3.744026660919189453e+00
3.751725435256958008e+00
3.759291648864746094e+00
3.766783237457275391e+00
3.775703430175781250e+00
3.783312559127807617e+00
3.790861606597900391e+00
3.798700094223022461e+00
3.806305170059204102e+00
3.813770771026611328e+00
3.820982456207275391e+00
3.827722311019897461e+00
3.835016489028930664e+00
3.843019008636474609e+00
3.850821495056152344e+00
3.858403921127319336e+00
3.866161823272705078e+00
3.874142646789550781e+00
3.882021665573120117e+00
3.889722585678100586e+00
3.897405385971069336e+00
3.905176639556884766e+00
3.913020849227905273e+00
3.920302152633666992e+00
3.927922010421752930e+00
3.935455322265625000e+00
3.943165779113769531e+00
3.950792074203491211e+00
3.958731651306152344e+00
3.966179370880126953e+00
3.973810195922851562e+00
3.981701374053955078e+00
3.989364385604858398e+00
3.997028112411499023e+00
4.004372596740722656e+00
4.011699914932250977e+00
4.019317150115966797e+00
4.026791095733642578e+00
4.034434318542480469e+00
4.042100191116333008e+00
4.049104213714599609e+00
4.056256771087646484e+00
4.063091039657592773e+00
4.070203542709350586e+00
4.077264308929443359e+00
4.084385156631469727e+00
4.091418266296386719e+00
4.098735094070434570e+00
4.106124162673950195e+00
4.113142490386962891e+00
4.119875431060791016e+00
4.125876665115356445e+00
4.133122444152832031e+00
4.140167713165283203e+00
4.147172927856445312e+00
4.154263496398925781e+00
4.161384105682373047e+00
4.168400764465332031e+00
4.175331115722656250e+00
4.181645631790161133e+00
4.187906742095947266e+00
4.195173501968383789e+00
4.202249765396118164e+00
4.209304094314575195e+00
4.216326236724853516e+00
4.223108053207397461e+00
4.229981660842895508e+00
4.236919879913330078e+00
4.244009256362915039e+00
4.251151800155639648e+00
4.258328914642333984e+00
4.265709638595581055e+00
4.272694826126098633e+00
4.279361486434936523e+00
4.286693811416625977e+00
4.294014215469360352e+00
4.301065683364868164e+00
4.308113098144531250e+00
4.315240859985351562e+00
4.322287321090698242e+00
4.329377651214599609e+00
4.336702823638916016e+00
4.343924045562744141e+00
4.350740194320678711e+00
4.357620954513549805e+00
4.364828586578369141e+00
4.372138500213623047e+00
4.379228115081787109e+00
4.386254072189331055e+00
4.392248868942260742e+00
4.398015499114990234e+00
4.403993129730224609e+00
4.410580873489379883e+00
4.415822029113769531e+00
4.420038700103759766e+00
4.423521280288696289e+00
4.426927804946899414e+00
4.431094408035278320e+00
4.435091733932495117e+00
4.438556194305419922e+00
4.440979957580566406e+00
4.443440437316894531e+00
4.446047306060791016e+00
4.448718547821044922e+00
4.450855016708374023e+00
4.453104972839355469e+00
4.455444335937500000e+00
4.458043813705444336e+00
4.460354089736938477e+00
4.462481498718261719e+00
4.465000391006469727e+00
4.467448234558105469e+00
4.469997406005859375e+00
4.472372293472290039e+00
4.474793434143066406e+00
4.477689981460571289e+00
4.480108022689819336e+00
4.482358455657958984e+00
4.484477043151855469e+00
4.486717462539672852e+00
4.489506721496582031e+00
4.492353677749633789e+00
4.494460582733154297e+00
4.496743202209472656e+00
4.499444007873535156e+00
4.502126693725585938e+00
4.504718542098999023e+00
4.506873369216918945e+00
4.509766578674316406e+00
4.512360334396362305e+00
4.514463186264038086e+00
4.516742706298828125e+00
4.519443750381469727e+00
4.522350549697875977e+00
4.524719715118408203e+00
4.526973962783813477e+00
4.529475927352905273e+00
4.532137393951416016e+00
4.534845352172851562e+00
4.537558794021606445e+00
4.539904356002807617e+00
4.542357444763183594e+00
4.544826745986938477e+00
4.547384023666381836e+00
4.550116062164306641e+00
4.552749156951904297e+00
4.555344343185424805e+00
4.558115005493164062e+00
4.560861349105834961e+00
4.563459634780883789e+00
4.565934896469116211e+00
4.568430423736572266e+00
4.570790052413940430e+00
4.573911428451538086e+00
4.577750682830810547e+00
4.580935716629028320e+00
4.584036827087402344e+00
4.586936950683593750e+00
4.589958190917968750e+00
4.592937946319580078e+00
4.596154451370239258e+00
4.599143981933593750e+00
4.602184534072875977e+00
4.605186223983764648e+00
4.608363389968872070e+00
4.611425638198852539e+00
4.614518404006958008e+00
4.617390155792236328e+00
4.620742797851562500e+00
4.623465299606323242e+00
4.626940488815307617e+00
4.630063056945800781e+00
4.633563756942749023e+00
4.636963129043579102e+00
4.639889001846313477e+00
4.642769336700439453e+00
4.645370244979858398e+00
4.648342847824096680e+00
4.651124954223632812e+00
4.653769016265869141e+00
4.656906127929687500e+00
4.659902572631835938e+00
4.663516759872436523e+00
4.666383743286132812e+00
4.669134855270385742e+00
4.671755075454711914e+00
4.674420595169067383e+00
4.677592992782592773e+00
4.680527210235595703e+00
4.684226751327514648e+00
4.687122106552124023e+00
4.689757823944091797e+00
4.692767858505249023e+00
4.695889472961425781e+00
4.698770046234130859e+00
4.701768636703491211e+00
4.704966068267822266e+00
4.708398103713989258e+00
4.711125850677490234e+00
4.713759183883666992e+00
4.716711759567260742e+00
4.720081329345703125e+00
4.723510980606079102e+00
4.726769924163818359e+00
4.729377031326293945e+00
4.732345342636108398e+00
4.735123395919799805e+00
4.737758398056030273e+00
4.740770101547241211e+00
4.743936300277709961e+00
4.747017621994018555e+00
4.750266790390014648e+00
4.753736019134521484e+00
4.756903648376464844e+00
4.759909391403198242e+00
4.762758731842041016e+00
4.765770435333251953e+00
4.768929243087768555e+00
4.772455930709838867e+00
4.776030063629150391e+00
4.779467582702636719e+00
4.782883644104003906e+00
4.786396980285644531e+00
4.789563417434692383e+00
4.793008565902709961e+00
4.796082735061645508e+00
4.799802780151367188e+00
4.803410530090332031e+00
4.806565046310424805e+00
4.810061216354370117e+00
4.813493013381958008e+00
4.816578865051269531e+00
4.819552898406982422e+00
4.822418212890625000e+00
4.825359582901000977e+00
4.828373908996582031e+00
4.831385374069213867e+00
4.834367990493774414e+00
4.837347030639648438e+00
4.840370893478393555e+00
4.843444824218750000e+00
4.846938371658325195e+00
4.850380659103393555e+00
4.853413820266723633e+00
4.856944322586059570e+00
4.859939098358154297e+00
4.863164663314819336e+00
4.866128206253051758e+00
4.868770360946655273e+00
4.871555805206298828e+00
4.875169754028320312e+00
4.878814935684204102e+00
4.882077455520629883e+00
4.885136842727661133e+00
4.888053655624389648e+00
4.891461133956909180e+00
4.894619464874267578e+00
4.898016691207885742e+00
4.900892019271850586e+00
4.903847455978393555e+00
4.907079935073852539e+00
4.910042047500610352e+00
4.913526535034179688e+00
4.916436672210693359e+00
4.919645786285400391e+00
4.922558307647705078e+00
4.925878524780273438e+00
4.928874015808105469e+00
4.931936025619506836e+00
4.935437917709350586e+00
4.938380956649780273e+00
4.941544055938720703e+00
4.944572925567626953e+00
4.947551250457763672e+00
4.950125217437744141e+00
4.953426837921142578e+00
4.956928730010986328e+00
4.960068941116333008e+00
4.962866544723510742e+00
4.965750455856323242e+00
4.968745470046997070e+00
4.971874952316284180e+00
4.974760770797729492e+00
4.977745532989501953e+00
4.980752706527709961e+00
4.983746051788330078e+00
4.986744880676269531e+00
4.989378690719604492e+00
4.992142438888549805e+00
4.994865179061889648e+00
4.997733831405639648e+00
5.000357151031494141e+00
5.003000259399414062e+00
5.005732774734497070e+00
5.008360147476196289e+00
5.011121034622192383e+00
5.013731956481933594e+00
5.016382455825805664e+00
5.019123554229736328e+00
5.021733999252319336e+00
5.024382829666137695e+00
5.027119398117065430e+00
5.029732704162597656e+00
5.032360315322875977e+00
5.034876346588134766e+00
5.037733316421508789e+00
5.040363550186157227e+00
5.043122529983520508e+00
5.046349048614501953e+00
5.048849344253540039e+00
5.051373958587646484e+00
5.053852558135986328e+00
5.056349277496337891e+00
5.058722257614135742e+00
5.060986518859863281e+00
5.063416481018066406e+00
5.065722465515136719e+00
5.068144321441650391e+00
5.070722579956054688e+00
5.073384046554565430e+00
5.076360464096069336e+00
5.079372882843017578e+00
5.081846714019775391e+00
5.084342718124389648e+00
5.086720943450927734e+00
5.088978767395019531e+00
5.091351985931396484e+00
5.093694686889648438e+00
5.095859050750732422e+00
5.098339796066284180e+00
5.100693941116333008e+00
5.102856636047363281e+00
5.105348348617553711e+00
5.107723474502563477e+00
5.110341548919677734e+00
5.112694025039672852e+00
5.114971637725830078e+00
5.117342710494995117e+00
5.119723320007324219e+00
5.121846675872802734e+00
5.124348163604736328e+00
5.126720428466796875e+00
5.129867792129516602e+00
5.132721424102783203e+00
5.135414123535156250e+00
5.137861490249633789e+00
5.140364646911621094e+00
5.142724752426147461e+00
5.144854784011840820e+00
5.147393941879272461e+00
5.150136470794677734e+00
5.152848482131958008e+00
5.155461549758911133e+00
5.158004045486450195e+00
5.160492181777954102e+00
5.162850856781005859e+00
5.165341377258300781e+00
5.167913675308227539e+00
5.170722484588623047e+00
5.173348903656005859e+00
5.175721406936645508e+00
5.178693532943725586e+00
5.181339740753173828e+00
5.183864116668701172e+00
5.186725139617919922e+00
5.188985824584960938e+00
5.191458225250244141e+00
5.194363832473754883e+00
5.197396755218505859e+00
5.200141906738281250e+00
5.202886819839477539e+00
5.205850839614868164e+00
5.208726882934570312e+00
5.211445331573486328e+00
5.214402675628662109e+00
5.217031240463256836e+00
5.219877958297729492e+00
5.222544193267822266e+00
5.224892616271972656e+00
5.227791309356689453e+00
5.230890274047851562e+00
5.233857393264770508e+00
5.236721515655517578e+00
5.239442348480224609e+00
5.241785526275634766e+00
5.244726419448852539e+00
5.247615575790405273e+00
5.250375747680664062e+00
5.253693103790283203e+00
5.256509304046630859e+00
5.259161949157714844e+00
5.261476516723632812e+00
5.263865232467651367e+00
5.266725540161132812e+00
5.269752264022827148e+00
5.272368669509887695e+00
5.275140762329101562e+00
5.277720689773559570e+00
5.281446695327758789e+00
5.284711599349975586e+00
5.287583589553833008e+00
5.290520429611206055e+00
5.293152809143066406e+00
5.296923398971557617e+00
5.300635576248168945e+00
5.304144144058227539e+00
5.307167053222656250e+00
5.310159683227539062e+00
5.313362598419189453e+00
5.316139936447143555e+00
5.318740844726562500e+00
5.321747303009033203e+00
5.324746370315551758e+00
5.328056097030639648e+00
5.331103086471557617e+00
5.334117650985717773e+00
5.337118625640869141e+00
5.340207099914550781e+00
5.343457221984863281e+00
5.346783399581909180e+00
5.350086450576782227e+00
5.353373765945434570e+00
5.356128454208374023e+00
5.358889579772949219e+00
5.361762046813964844e+00
5.364764690399169922e+00
5.367697477340698242e+00
5.370383977890014648e+00
5.373136520385742188e+00
5.375864267349243164e+00
5.378876924514770508e+00
5.381732940673828125e+00
5.384370088577270508e+00
5.387128591537475586e+00
5.389889478683471680e+00
5.392747640609741211e+00
5.396068811416625977e+00
5.399398088455200195e+00
5.402388572692871094e+00
5.405689477920532227e+00
5.409078121185302734e+00
5.412397623062133789e+00
5.415118694305419922e+00
5.417866230010986328e+00
5.420889377593994141e+00
5.423879623413085938e+00
5.426879405975341797e+00
5.429736137390136719e+00
5.432748079299926758e+00
5.435508489608764648e+00
5.438365697860717773e+00
5.441706895828247070e+00
5.445437908172607422e+00
5.448951959609985352e+00
5.451967000961303711e+00
5.455447912216186523e+00
5.458413839340209961e+00
5.461175203323364258e+00
5.464139938354492188e+00
5.466867208480834961e+00
5.470412492752075195e+00
5.473698616027832031e+00
5.476737737655639648e+00
5.480078458786010742e+00
5.483583927154541016e+00
5.486512422561645508e+00
5.489522218704223633e+00
5.493434190750122070e+00
5.496759891510009766e+00
5.499928951263427734e+00
5.502892971038818359e+00
5.505764245986938477e+00
5.508898496627807617e+00
5.511772632598876953e+00
5.514630317687988281e+00
5.517368078231811523e+00
5.520356178283691406e+00
5.523129701614379883e+00
5.525879383087158203e+00
5.528746843338012695e+00
5.531616449356079102e+00
5.534745931625366211e+00
5.537745714187622070e+00
5.540745019912719727e+00
5.543889760971069336e+00
5.547427177429199219e+00
5.550501585006713867e+00
5.553411483764648438e+00
5.556587696075439453e+00
5.559639215469360352e+00
5.562749624252319336e+00
5.565508365631103516e+00
5.568712949752807617e+00
5.571711540222167969e+00
5.574504613876342773e+00
5.577131509780883789e+00
5.579864978790283203e+00
5.582830905914306641e+00
5.585746288299560547e+00
5.588746070861816406e+00
5.591877222061157227e+00
5.594745635986328125e+00
5.597507476806640625e+00
5.600356817245483398e+00
5.603123426437377930e+00
5.605734825134277344e+00
5.608754634857177734e+00
5.611480951309204102e+00
5.614395618438720703e+00
5.617499828338623047e+00
5.620366811752319336e+00
5.622994899749755859e+00
5.625981330871582031e+00
5.628734111785888672e+00
5.631412267684936523e+00
5.633875131607055664e+00
5.636735200881958008e+00
5.639405012130737305e+00
5.641982316970825195e+00
5.644734382629394531e+00
5.647405385971069336e+00
5.649983406066894531e+00
5.652709484100341797e+00
5.655402183532714844e+00
5.658238649368286133e+00
5.660869598388671875e+00
5.663735389709472656e+00
5.666342020034790039e+00
5.668983459472656250e+00
5.671734809875488281e+00
5.674353122711181641e+00
5.677098035812377930e+00
5.679735898971557617e+00
5.682392597198486328e+00
5.684995889663696289e+00
5.687735557556152344e+00
5.690345525741577148e+00
5.692990303039550781e+00
5.695735454559326172e+00
5.698354721069335938e+00
5.700866222381591797e+00
5.703735113143920898e+00
5.706373691558837891e+00
5.708865165710449219e+00
5.711735963821411133e+00
5.714335680007934570e+00
5.717149972915649414e+00
5.719740867614746094e+00
5.722354650497436523e+00
5.724980592727661133e+00
5.727736711502075195e+00
5.730369806289672852e+00
5.732994556427001953e+00
5.735736608505249023e+00
5.738361120223999023e+00
5.741120100021362305e+00
5.743736982345581055e+00
5.746356010437011719e+00
5.748994827270507812e+00
5.751487493515014648e+00
5.753995656967163086e+00
5.756708621978759766e+00
5.759377241134643555e+00
5.761869192123413086e+00
5.764735937118530273e+00
5.767397880554199219e+00
5.769982576370239258e+00
5.772735595703125000e+00
5.775408744812011719e+00
5.777991294860839844e+00
5.781068325042724609e+00
5.783739328384399414e+00
5.786337137222290039e+00
5.789486169815063477e+00
5.792441368103027344e+00
5.795410633087158203e+00
5.798706531524658203e+00
5.801486730575561523e+00
5.804373502731323242e+00
5.807399988174438477e+00
5.810424089431762695e+00
5.813124418258666992e+00
5.815955638885498047e+00
5.818853139877319336e+00
5.821765184402465820e+00
5.824486017227172852e+00
5.827554941177368164e+00
5.830430746078491211e+00
5.833567857742309570e+00
5.836160898208618164e+00
5.838782072067260742e+00
5.841483592987060547e+00
5.844124794006347656e+00
5.846737146377563477e+00
5.849481582641601562e+00
5.852123498916625977e+00
5.854737520217895508e+00
5.857893466949462891e+00
5.860898017883300781e+00
5.863929033279418945e+00
5.867168664932250977e+00
5.870357513427734375e+00
5.873145818710327148e+00
5.875801563262939453e+00
5.879414081573486328e+00
5.882342576980590820e+00
5.884726047515869141e+00
5.887448310852050781e+00
5.890395402908325195e+00
5.892966032028198242e+00
5.895449876785278320e+00
5.898032426834106445e+00
5.900871992111206055e+00
5.903857707977294922e+00
5.906867980957031250e+00
5.909861087799072266e+00
5.912342071533203125e+00
5.914863824844360352e+00
5.918390750885009766e+00
5.922001600265502930e+00
5.925123214721679688e+00
5.928382635116577148e+00
5.931471824645996094e+00
5.934751510620117188e+00
5.937490940093994141e+00
5.940900564193725586e+00
5.944530963897705078e+00
5.947944402694702148e+00
5.950940370559692383e+00
5.954163789749145508e+00
5.957183122634887695e+00
5.960376739501953125e+00
5.963516473770141602e+00
5.966529846191406250e+00
5.969504833221435547e+00
5.972124099731445312e+00
5.975105285644531250e+00
5.977769374847412109e+00
5.980749845504760742e+00
5.983417272567749023e+00
5.986122608184814453e+00
5.988866090774536133e+00
5.991751432418823242e+00
5.994754314422607422e+00
5.997720241546630859e+00
6.001478195190429688e+00
6.004641294479370117e+00
6.007973194122314453e+00
6.011476993560791016e+00
6.014919757843017578e+00
6.017746686935424805e+00
6.020497083663940430e+00
6.023865461349487305e+00
6.027012109756469727e+00
6.029738903045654297e+00
6.032928466796875000e+00
6.035879850387573242e+00
6.039120435714721680e+00
6.041750907897949219e+00
6.044948339462280273e+00
6.047933816909790039e+00
6.050940036773681641e+00
6.054152727127075195e+00
6.057544469833374023e+00
6.060918569564819336e+00
6.063875436782836914e+00
6.067437648773193359e+00
6.070714235305786133e+00
6.073888301849365234e+00
6.076734304428100586e+00
6.079727649688720703e+00
6.082328081130981445e+00
6.084728479385375977e+00
6.087388753890991211e+00
6.089765548706054688e+00
6.092325210571289062e+00
6.094871997833251953e+00
6.097361803054809570e+00
6.099985837936401367e+00
6.102341890335083008e+00
6.104467868804931641e+00
6.106870412826538086e+00
6.109347343444824219e+00
6.111848592758178711e+00
6.114882946014404297e+00
6.117538213729858398e+00
6.119971275329589844e+00
6.122340679168701172e+00
6.125728607177734375e+00
6.128350257873535156e+00
6.130740642547607422e+00
6.133321046829223633e+00
6.135838270187377930e+00
6.138106822967529297e+00
6.140370607376098633e+00
6.142727851867675781e+00
6.145517110824584961e+00
6.148090839385986328e+00
6.150337457656860352e+00
6.152861833572387695e+00
6.155853986740112305e+00
6.158959865570068359e+00
6.161502361297607422e+00
6.163856744766235352e+00
6.166337966918945312e+00
6.168861150741577148e+00
6.171870231628417969e+00
6.174482345581054688e+00
6.176858901977539062e+00
6.179484844207763672e+00
6.181854248046875000e+00
6.184338092803955078e+00
6.186674118041992188e+00
6.188855409622192383e+00
6.191351652145385742e+00
6.194353342056274414e+00
6.197056293487548828e+00
6.199771165847778320e+00
6.202516794204711914e+00
6.204961299896240234e+00
6.207351684570312500e+00
6.209980010986328125e+00
6.212343692779541016e+00
6.214700698852539062e+00
6.216971397399902344e+00
6.219444036483764648e+00
6.222094297409057617e+00
6.224341869354248047e+00
6.226727962493896484e+00
6.229731082916259766e+00
6.232357978820800781e+00
6.234732627868652344e+00
6.237348794937133789e+00
6.239901065826416016e+00
6.242497444152832031e+00
6.244974613189697266e+00
6.247451782226562500e+00
6.250389575958251953e+00
6.253102540969848633e+00
6.255882978439331055e+00
6.258880615234375000e+00
6.261518716812133789e+00
6.264410018920898438e+00
6.267165899276733398e+00
6.269502401351928711e+00
6.272114753723144531e+00
6.274467468261718750e+00
6.276969909667968750e+00
6.279565572738647461e+00
6.281882047653198242e+00
6.284472227096557617e+00
6.286974668502807617e+00
6.289732933044433594e+00
6.292336225509643555e+00
6.294728994369506836e+00
6.297602176666259766e+00
6.300408601760864258e+00
6.302982091903686523e+00
6.305771112442016602e+00
6.308358430862426758e+00
6.310726881027221680e+00
6.313754320144653320e+00
6.316544532775878906e+00
6.318985462188720703e+00
6.321881532669067383e+00
6.324897527694702148e+00
6.327996015548706055e+00
6.330569267272949219e+00
6.332912683486938477e+00
6.335448980331420898e+00
6.337983131408691406e+00
6.340731382369995117e+00
6.343453645706176758e+00
6.346015930175781250e+00
6.348732233047485352e+00
6.351476430892944336e+00
6.354487657546997070e+00
6.357615709304809570e+00
6.360754728317260742e+00
6.363972187042236328e+00
6.366992235183715820e+00
6.370666265487670898e+00
6.373493671417236328e+00
6.376365184783935547e+00
6.379455804824829102e+00
6.382777929306030273e+00
6.387467861175537109e+00
6.392974615097045898e+00
6.396007537841796875e+00
6.399483919143676758e+00
6.402590036392211914e+00
6.405335903167724609e+00
6.408388137817382812e+00
6.410982370376586914e+00
6.413862943649291992e+00
6.416850090026855469e+00
6.419916629791259766e+00
6.424905300140380859e+00
6.429570913314819336e+00
6.433576583862304688e+00
6.438003063201904297e+00
6.440996885299682617e+00
6.443862676620483398e+00
6.446750640869140625e+00
6.449340105056762695e+00
6.452343225479125977e+00
6.455362319946289062e+00
6.458108425140380859e+00
6.460866928100585938e+00
6.463867902755737305e+00
6.466828107833862305e+00
6.469829559326171875e+00
6.472879886627197266e+00
6.475814580917358398e+00
6.478739738464355469e+00
6.481829643249511719e+00
6.484829187393188477e+00
6.487829446792602539e+00
6.490825176239013672e+00
6.493829011917114258e+00
6.496830463409423828e+00
6.499857187271118164e+00
6.502818107604980469e+00
6.505831003189086914e+00
6.509195566177368164e+00
6.512554407119750977e+00
6.515495061874389648e+00
6.519123077392578125e+00
6.521741390228271484e+00
6.524489879608154297e+00
6.527564764022827148e+00
6.530864238739013672e+00
6.534385919570922852e+00
6.537867307662963867e+00
6.541340351104736328e+00
6.544355392456054688e+00
6.547371625900268555e+00
6.551030635833740234e+00
6.554354906082153320e+00
6.557145118713378906e+00
6.560559988021850586e+00
6.563505172729492188e+00
6.566345691680908203e+00
6.569648742675781250e+00
6.573402881622314453e+00
6.576472997665405273e+00
6.579408168792724609e+00
6.582944393157958984e+00
6.586542844772338867e+00
6.589929342269897461e+00
6.593105792999267578e+00
6.596367835998535156e+00
6.599709033966064453e+00
6.602919578552246094e+00
6.605878829956054688e+00
6.608846426010131836e+00
6.611881017684936523e+00
6.614767313003540039e+00
6.617489099502563477e+00
6.620333433151245117e+00
6.623104095458984375e+00
6.625828742980957031e+00
6.628829479217529297e+00
6.631855249404907227e+00
6.634751319885253906e+00
6.637482404708862305e+00
6.640097618103027344e+00
6.642985820770263672e+00
6.647111892700195312e+00
6.650880813598632812e+00
6.654563426971435547e+00
6.657521009445190430e+00
6.660558462142944336e+00
6.663386583328247070e+00
6.665832042694091797e+00
6.668316841125488281e+00
6.670908212661743164e+00
6.673856258392333984e+00
6.676702499389648438e+00
6.679614782333374023e+00
6.682843446731567383e+00
6.685460090637207031e+00
6.688345909118652344e+00
6.690978765487670898e+00
6.693972110748291016e+00
6.696868658065795898e+00
6.699879884719848633e+00
6.702878475189208984e+00
6.705810785293579102e+00
6.708706140518188477e+00
6.711488723754882812e+00
6.714340448379516602e+00
6.717166185379028320e+00
6.719862222671508789e+00
6.722345590591430664e+00
6.724702596664428711e+00
6.726997375488281250e+00
6.729991197586059570e+00
6.732832431793212891e+00
6.735494136810302734e+00
6.737843275070190430e+00
6.740350484848022461e+00
6.742834568023681641e+00
6.745715618133544922e+00
6.748830556869506836e+00
6.751866817474365234e+00
6.754829883575439453e+00
6.758426427841186523e+00
6.761584520339965820e+00
6.764965295791625977e+00
6.767910003662109375e+00
6.770716667175292969e+00
6.773861169815063477e+00
6.776902198791503906e+00
6.780029773712158203e+00
6.783620119094848633e+00
6.787046909332275391e+00
6.790358781814575195e+00
6.794032096862792969e+00
6.797124385833740234e+00
6.800064802169799805e+00
6.803400039672851562e+00
6.806514024734497070e+00
6.810284852981567383e+00
6.813675165176391602e+00
6.816895961761474609e+00
6.820373296737670898e+00
6.823447704315185547e+00
6.826520919799804688e+00
6.830039978027343750e+00
6.833530187606811523e+00
6.836378574371337891e+00
6.839114189147949219e+00
6.841820955276489258e+00
6.844835281372070312e+00
6.848151683807373047e+00
6.852001667022705078e+00
6.854870080947875977e+00
6.857880592346191406e+00
6.861569404602050781e+00
6.864874124526977539e+00
6.867951869964599609e+00
6.871474504470825195e+00
6.874832391738891602e+00
6.878004074096679688e+00
6.880861520767211914e+00
6.883948087692260742e+00
6.887387752532958984e+00
6.890349388122558594e+00
6.893108129501342773e+00
6.895890712738037109e+00
6.899500370025634766e+00
6.903210639953613281e+00
6.906620502471923828e+00
6.909893751144409180e+00
6.912911653518676758e+00
6.915915012359619141e+00
6.918992519378662109e+00
6.922001600265502930e+00
6.925220489501953125e+00
6.928539514541625977e+00
6.931978702545166016e+00
6.934823274612426758e+00
6.937835216522216797e+00
6.940833806991577148e+00
6.943871736526489258e+00
6.946837186813354492e+00
6.949833869934082031e+00
6.952719449996948242e+00
6.955617904663085938e+00
6.958470582962036133e+00
6.961348295211791992e+00
6.964360713958740234e+00
6.967108964920043945e+00
6.969833135604858398e+00
6.972833633422851562e+00
6.975832939147949219e+00
6.978833913803100586e+00
6.981859922409057617e+00
6.984835863113403320e+00
6.987833738327026367e+00
6.990833282470703125e+00
6.993853092193603516e+00
6.996836900711059570e+00
6.999871969223022461e+00
7.002831697463989258e+00
7.005832195281982422e+00
7.008833646774291992e+00
7.011868715286254883e+00
7.014833450317382812e+00
7.017833232879638672e+00
7.020830631256103516e+00
7.023849010467529297e+00
7.026718854904174805e+00
7.029487133026123047e+00
7.031964302062988281e+00
7.034717321395874023e+00
7.037487030029296875e+00
7.040104866027832031e+00
7.042718410491943359e+00
7.045351266860961914e+00
7.047848224639892578e+00
7.050718069076538086e+00
7.053472280502319336e+00
7.056105613708496094e+00
7.058717727661132812e+00
7.061337947845458984e+00
7.064105987548828125e+00
7.066717386245727539e+00
7.069343805313110352e+00
7.071961402893066406e+00
7.074719429016113281e+00
7.077486038208007812e+00
7.080101966857910156e+00
7.082718133926391602e+00
7.085354089736938477e+00
7.087985992431640625e+00
7.090718507766723633e+00
7.093471765518188477e+00
7.095998287200927734e+00
7.098729372024536133e+00
7.101353883743286133e+00
7.104118347167968750e+00
7.106730699539184570e+00
7.109475851058959961e+00
7.112116336822509766e+00
7.114729166030883789e+00
7.117459297180175781e+00
7.119984149932861328e+00
7.122844457626342773e+00
7.125480651855468750e+00
7.129109859466552734e+00
7.131959676742553711e+00
7.135004043579101562e+00
7.137886047363281250e+00
7.140769481658935547e+00
7.143461465835571289e+00
7.145981550216674805e+00
7.148960590362548828e+00
7.152014970779418945e+00
7.154924392700195312e+00
7.157716274261474609e+00
7.160852670669555664e+00
7.163823127746582031e+00
7.166717529296875000e+00
7.169463396072387695e+00
7.172104358673095703e+00
7.174721479415893555e+00
7.177352190017700195e+00
7.180104494094848633e+00
7.182984590530395508e+00
7.185822725296020508e+00
7.188472986221313477e+00
7.190984964370727539e+00
7.193717956542968750e+00
7.196593523025512695e+00
7.199851036071777344e+00
7.202712535858154297e+00
7.205481529235839844e+00
7.208082199096679688e+00
7.210709333419799805e+00
7.213366746902465820e+00
7.215969085693359375e+00
7.218428611755371094e+00
7.220810651779174805e+00
7.223378181457519531e+00
7.225840568542480469e+00
7.228432655334472656e+00
7.230835914611816406e+00
7.233340978622436523e+00
7.235885858535766602e+00
7.238491296768188477e+00
7.240845680236816406e+00
7.243447065353393555e+00
7.245926141738891602e+00
7.248322725296020508e+00
7.250706434249877930e+00
7.253456592559814453e+00
7.256356477737426758e+00
7.258956432342529297e+00
7.261323451995849609e+00
7.263970136642456055e+00
7.266342163085937500e+00
7.269111394882202148e+00
7.271900892257690430e+00
7.274859666824340820e+00
7.277450084686279297e+00
7.279969692230224609e+00
7.282861948013305664e+00
7.285852670669555664e+00
7.288845777511596680e+00
7.291815519332885742e+00
7.294708490371704102e+00
7.297682523727416992e+00
7.300332069396972656e+00
7.302449941635131836e+00
7.304846048355102539e+00
7.307425975799560547e+00
7.309840202331542969e+00
7.312463283538818359e+00
7.314822912216186523e+00
7.317352771759033203e+00
7.319967269897460938e+00
7.322341680526733398e+00
7.325948715209960938e+00
7.329352855682373047e+00
7.332488298416137695e+00
7.335396766662597656e+00
7.339428663253784180e+00
7.342939138412475586e+00
7.346340417861938477e+00
7.349087238311767578e+00
7.351835250854492188e+00
7.355491161346435547e+00
7.359138965606689453e+00
7.362461090087890625e+00
7.365342378616333008e+00
7.368358612060546875e+00
7.371091127395629883e+00
7.373860597610473633e+00
7.377076625823974609e+00
7.380679130554199219e+00
7.383479118347167969e+00
7.386364698410034180e+00
7.389146327972412109e+00
7.392138957977294922e+00
7.395090579986572266e+00
7.397984266281127930e+00
7.400751113891601562e+00
7.403617143630981445e+00
7.406493902206420898e+00
7.409115552902221680e+00
7.411886692047119141e+00
7.414876699447631836e+00
7.417876243591308594e+00
7.420876502990722656e+00
7.423987627029418945e+00
7.426859617233276367e+00
7.429859399795532227e+00
7.432859897613525391e+00
7.435948133468627930e+00
7.438858747482299805e+00
7.441859722137451172e+00
7.444717407226562500e+00
7.447373151779174805e+00
7.449977397918701172e+00
7.452860116958618164e+00
7.455873966217041016e+00
7.458859205245971680e+00
7.461859464645385742e+00
7.464859724044799805e+00
7.467860937118530273e+00
7.470860958099365234e+00
7.473859071731567383e+00
7.476860046386718750e+00
7.479848384857177734e+00
7.483057022094726562e+00
7.486055374145507812e+00
7.489067316055297852e+00
7.491851568222045898e+00
7.494871139526367188e+00
7.497718811035156250e+00
7.500720500946044922e+00
7.503396987915039062e+00
7.506108999252319336e+00
7.508852005004882812e+00
7.511901855468750000e+00
7.514912605285644531e+00
7.517719984054565430e+00
7.520901441574096680e+00
7.523849725723266602e+00
7.526854038238525391e+00
7.529898643493652344e+00
7.532915353775024414e+00
7.535901308059692383e+00
7.538767814636230469e+00
7.541511774063110352e+00
7.544108867645263672e+00
7.546724796295166016e+00
7.549474716186523438e+00
7.552086591720581055e+00
7.554720640182495117e+00
7.557338953018188477e+00
7.560106277465820312e+00
7.562991619110107422e+00
7.565863370895385742e+00
7.569123744964599609e+00
7.572425127029418945e+00
7.575866222381591797e+00
7.578862667083740234e+00
7.582363128662109375e+00
7.585567712783813477e+00
7.588476419448852539e+00
7.591389179229736328e+00
7.594365596771240234e+00
7.597621679306030273e+00
7.601385593414306641e+00
7.605152368545532227e+00
7.608091354370117188e+00
7.610863208770751953e+00
7.613862037658691406e+00
7.616723299026489258e+00
7.619480848312377930e+00
7.622349739074707031e+00
7.625630617141723633e+00
7.628682374954223633e+00
7.631479740142822266e+00
7.634334087371826172e+00
7.637623310089111328e+00
7.641109704971313477e+00
7.643853902816772461e+00
7.646720886230468750e+00
7.649472951889038086e+00
7.652102947235107422e+00
7.654720783233642578e+00
7.657985448837280273e+00
7.660979032516479492e+00
7.663918018341064453e+00
7.666509389877319336e+00
7.669318437576293945e+00
7.671852111816406250e+00
7.674487829208374023e+00
7.676955223083496094e+00
7.679913043975830078e+00
7.683001995086669922e+00
7.685959815979003906e+00
7.689389228820800781e+00
7.692348718643188477e+00
7.694958686828613281e+00
7.697978734970092773e+00
7.701389312744140625e+00
7.705166101455688477e+00
7.708333492279052734e+00
7.711086988449096680e+00
7.713852882385253906e+00
7.717440366744995117e+00
7.720941305160522461e+00
7.723864316940307617e+00
7.726866960525512695e+00
7.730564355850219727e+00
7.733973979949951172e+00
7.736734151840209961e+00
7.739610910415649414e+00
7.742355346679687500e+00
7.745626449584960938e+00
7.748881578445434570e+00
7.751861333847045898e+00
7.754863262176513672e+00
7.758395671844482422e+00
7.762029409408569336e+00
7.765426397323608398e+00
7.768336534500122070e+00
7.771094322204589844e+00
7.773862838745117188e+00
7.776983976364135742e+00
7.779987335205078125e+00
7.782726764678955078e+00
7.785862922668457031e+00
7.789408445358276367e+00
7.792865037918090820e+00
7.795993089675903320e+00
7.799092292785644531e+00
7.801859378814697266e+00
7.804868936538696289e+00
7.807867050170898438e+00
7.811007738113403320e+00
7.814490795135498047e+00
7.817086458206176758e+00
7.819866418838500977e+00
7.822863101959228516e+00
7.825863599777221680e+00
7.828865528106689453e+00
7.831904649734497070e+00
7.834864854812622070e+00
7.838378429412841797e+00
7.842141151428222656e+00
7.845423936843872070e+00
7.848349809646606445e+00
7.851535797119140625e+00
7.854844570159912109e+00
7.857456684112548828e+00
7.859837770462036133e+00
7.862444877624511719e+00
7.864914655685424805e+00
7.867387771606445312e+00
7.870505571365356445e+00
7.872942924499511719e+00
7.875406026840209961e+00
7.878853082656860352e+00
7.882320165634155273e+00
7.885956525802612305e+00
7.889319896697998047e+00
7.892335891723632812e+00
7.895090341567993164e+00
7.898322820663452148e+00
7.901881694793701172e+00
7.904852151870727539e+00
7.907890081405639648e+00
7.911386966705322266e+00
7.914355278015136719e+00
7.917338132858276367e+00
7.920125246047973633e+00
7.923418045043945312e+00
7.926464080810546875e+00
7.929666757583618164e+00
7.932470798492431641e+00
7.935864925384521484e+00
7.939386129379272461e+00
7.942926883697509766e+00
7.946342229843139648e+00
7.949878931045532227e+00
7.953173160552978516e+00
7.956534385681152344e+00
7.959932804107666016e+00
7.962929725646972656e+00
7.966411590576171875e+00
7.969537496566772461e+00
7.972653150558471680e+00
7.975573539733886719e+00
7.978899717330932617e+00
7.982020139694213867e+00
7.984969139099121094e+00
7.987928152084350586e+00
7.991402387619018555e+00
7.994538545608520508e+00
7.997947692871093750e+00
8.001168966293334961e+00
8.004098653793334961e+00
8.007129430770874023e+00
8.010349273681640625e+00
8.013414621353149414e+00
8.016866683959960938e+00
8.020359277725219727e+00
8.023476839065551758e+00
8.026342391967773438e+00
8.029352903366088867e+00
8.032312631607055664e+00
8.035088062286376953e+00
8.037855625152587891e+00
8.040865898132324219e+00
8.043866634368896484e+00
8.046736717224121094e+00
8.049461841583251953e+00
8.052325725555419922e+00
8.054711818695068359e+00
8.057310342788696289e+00
8.059710741043090820e+00
8.062331676483154297e+00
8.064709663391113281e+00
8.067347526550292969e+00
8.069683790206909180e+00
8.071841955184936523e+00
8.074360370635986328e+00
8.076836347579956055e+00
8.079460144042968750e+00
8.081839561462402344e+00
8.084407329559326172e+00
8.087377786636352539e+00
8.090355396270751953e+00
8.093335151672363281e+00
8.095970392227172852e+00
8.098893880844116211e+00
8.101864337921142578e+00
8.104713439941406250e+00
8.107331037521362305e+00
8.109822511672973633e+00
8.112428903579711914e+00
8.114838600158691406e+00
8.117314815521240234e+00
8.119710683822631836e+00
8.122202873229980469e+00
8.124684810638427734e+00
8.126839637756347656e+00
8.129458189010620117e+00
8.131819009780883789e+00
8.134303331375122070e+00
8.136584043502807617e+00
8.138836622238159180e+00
8.141462087631225586e+00
8.143944263458251953e+00
8.146328687667846680e+00
8.148684740066528320e+00
8.150839328765869141e+00
8.153325319290161133e+00
8.155709981918334961e+00
8.158311605453491211e+00
8.160454988479614258e+00
8.162839889526367188e+00
8.165320634841918945e+00
8.167905330657958984e+00
8.170452833175659180e+00
8.172841072082519531e+00
8.175476074218750000e+00
8.177953958511352539e+00
8.180821657180786133e+00
8.183440208435058594e+00
8.185950994491577148e+00
8.188327550888061523e+00
8.190710306167602539e+00
8.193733692169189453e+00
8.196478843688964844e+00
8.199371337890625000e+00
8.201855182647705078e+00
8.204464197158813477e+00
8.206711053848266602e+00
8.209904909133911133e+00
8.212733507156372070e+00
8.215851783752441406e+00
8.218449354171752930e+00
8.220839738845825195e+00
8.223485946655273438e+00
8.226372480392456055e+00
8.229082584381103516e+00
8.231838464736938477e+00
8.234735488891601562e+00
8.237452745437622070e+00
8.239711523056030273e+00
8.242303848266601562e+00
8.244449615478515625e+00
8.246814489364624023e+00
8.249598741531372070e+00
8.252318620681762695e+00
8.255002498626708984e+00
8.257837533950805664e+00
8.260983943939208984e+00
8.263456344604492188e+00
8.265814304351806641e+00
8.268450736999511719e+00
8.270822286605834961e+00
8.273685693740844727e+00
8.275829553604125977e+00
8.278499364852905273e+00
8.281336069107055664e+00
8.283939599990844727e+00
8.286839723587036133e+00
8.289840459823608398e+00
8.293112516403198242e+00
8.296430110931396484e+00
8.299902915954589844e+00
8.302982330322265625e+00
8.306407690048217773e+00
8.309339046478271484e+00
8.312299966812133789e+00
8.315393447875976562e+00
8.318345308303833008e+00
8.321362733840942383e+00
8.324306726455688477e+00
8.327093839645385742e+00
8.329947948455810547e+00
8.332841873168945312e+00
8.335865736007690430e+00
8.338842153549194336e+00
8.341841697692871094e+00
8.344842195510864258e+00
8.347856283187866211e+00
8.350854396820068359e+00
8.353855133056640625e+00
8.357234954833984375e+00
8.360794782638549805e+00
8.363954782485961914e+00
8.366689920425415039e+00
8.369475364685058594e+00
8.372079372406005859e+00
8.374711513519287109e+00
8.377699851989746094e+00
8.380855560302734375e+00
8.383875131607055664e+00
8.386841058731079102e+00
8.389839649200439453e+00
8.393402814865112305e+00
8.396899938583374023e+00
8.400132417678833008e+00
8.403091669082641602e+00
8.406096696853637695e+00
8.408967018127441406e+00
8.412343978881835938e+00
8.415414094924926758e+00
8.418329238891601562e+00
8.421101570129394531e+00
8.423852682113647461e+00
8.426723003387451172e+00
8.429481983184814453e+00
8.432111263275146484e+00
8.434972763061523438e+00
8.437697649002075195e+00
8.440473556518554688e+00
8.443084716796875000e+00
8.445841550827026367e+00
8.448838233947753906e+00
8.451848268508911133e+00
8.454838037490844727e+00
8.457846164703369141e+00
8.460843801498413086e+00
8.463860273361206055e+00
8.466839551925659180e+00
8.469847202301025391e+00
8.472839593887329102e+00
8.475839138031005859e+00
8.478838920593261719e+00
8.481968164443969727e+00
8.484878778457641602e+00
8.487839937210083008e+00
8.490840196609497070e+00
8.493845701217651367e+00
8.496839761734008789e+00
8.499839067459106445e+00
8.502838611602783203e+00
8.505697727203369141e+00
8.508454084396362305e+00
8.511080503463745117e+00
8.513462543487548828e+00
8.516083478927612305e+00
8.518697261810302734e+00
8.521342754364013672e+00
8.524091720581054688e+00
8.526697635650634766e+00
8.529337882995605469e+00
8.532201528549194336e+00
8.535388231277465820e+00
8.538848400115966797e+00
8.541830301284790039e+00
8.545415878295898438e+00
8.548846244812011719e+00
8.551989316940307617e+00
8.555089473724365234e+00
8.558593750000000000e+00
8.561950683593750000e+00
8.564831018447875977e+00
8.567445516586303711e+00
8.569816350936889648e+00
8.572710514068603516e+00
8.575564146041870117e+00
8.577814817428588867e+00
8.580378055572509766e+00
8.582817077636718750e+00
8.586096525192260742e+00
8.589355707168579102e+00
8.592108488082885742e+00
8.594963073730468750e+00
8.597983121871948242e+00
8.601424694061279297e+00
8.604490756988525391e+00
8.607089757919311523e+00
8.610453605651855469e+00
8.613080501556396484e+00
8.615459203720092773e+00
8.617815494537353516e+00
8.620504617691040039e+00
8.622946977615356445e+00
8.625450372695922852e+00
8.627816915512084961e+00
8.630841255187988281e+00
8.633692979812622070e+00
8.636306762695312500e+00
8.638687133789062500e+00
8.641314506530761719e+00
8.643688917160034180e+00
8.645814418792724609e+00
8.648464441299438477e+00
8.650955438613891602e+00
8.653448343276977539e+00
8.655948162078857422e+00
8.658830642700195312e+00
8.661712169647216797e+00
8.664453744888305664e+00
8.667439222335815430e+00
8.670349121093750000e+00
8.673538923263549805e+00
8.677421331405639648e+00
8.681124687194824219e+00
8.684522390365600586e+00
8.687848329544067383e+00
8.690972089767456055e+00
8.693887948989868164e+00
8.696834087371826172e+00
8.699842453002929688e+00
8.702841520309448242e+00
8.705841541290283203e+00
8.709301948547363281e+00
8.713031530380249023e+00
8.716103076934814453e+00
8.718830585479736328e+00
8.721842050552368164e+00
8.725404739379882812e+00
8.728911638259887695e+00
8.731893777847290039e+00
8.734841823577880859e+00
8.737840175628662109e+00
8.741416454315185547e+00
8.744926214218139648e+00
8.747843265533447266e+00
8.750840663909912109e+00
8.753840923309326172e+00
8.756927251815795898e+00
8.759964704513549805e+00
8.763120412826538086e+00
8.766011476516723633e+00
8.768966674804687500e+00
8.771880865097045898e+00
8.775406122207641602e+00
8.778843402862548828e+00
8.781841993331909180e+00
8.785412788391113281e+00
8.788847446441650391e+00
8.791843891143798828e+00
8.794842004776000977e+00
8.797842264175415039e+00
8.801407098770141602e+00
8.804896831512451172e+00
8.807896614074707031e+00
8.810842275619506836e+00
8.813842058181762695e+00
8.817433118820190430e+00
8.820927858352661133e+00
8.824143171310424805e+00
8.827593564987182617e+00
8.830842733383178711e+00
8.833842039108276367e+00
8.837407350540161133e+00
8.840900897979736328e+00
8.843915462493896484e+00
8.847527742385864258e+00
8.851031303405761719e+00
8.854104518890380859e+00
8.856712818145751953e+00
8.859450578689575195e+00
8.862090110778808594e+00
8.864843130111694336e+00
8.867844343185424805e+00
8.870842456817626953e+00
8.873712539672851562e+00
8.876842498779296875e+00
8.879841804504394531e+00
8.882842302322387695e+00
8.885848522186279297e+00
8.888712406158447266e+00
8.891844987869262695e+00
8.895680665969848633e+00
8.898502349853515625e+00
8.901703596115112305e+00
8.904713630676269531e+00
8.907897472381591797e+00
8.910900592803955078e+00
8.913704633712768555e+00
8.917140483856201172e+00
8.920392990112304688e+00
8.923557996749877930e+00
8.926453351974487305e+00
8.929089069366455078e+00
8.931831836700439453e+00
8.934843540191650391e+00
8.937702417373657227e+00
8.940310478210449219e+00
8.942830085754394531e+00
8.945701122283935547e+00
8.948337316513061523e+00
8.950964689254760742e+00
8.953701019287109375e+00
8.956464529037475586e+00
8.959091901779174805e+00
8.961700439453125000e+00
8.964334964752197266e+00
8.966942787170410156e+00
8.969701766967773438e+00
8.972323179244995117e+00
8.974963426589965820e+00
8.977700710296630859e+00
8.980321168899536133e+00
8.982946634292602539e+00
8.985771179199218750e+00
8.988851785659790039e+00
8.991932153701782227e+00
8.994845390319824219e+00
8.997946262359619141e+00
9.000989437103271484e+00
9.003849506378173828e+00
9.006859064102172852e+00
9.009865522384643555e+00
9.012857675552368164e+00
9.015861034393310547e+00
9.018725633621215820e+00
9.021476030349731445e+00
9.024227380752563477e+00
9.027406930923461914e+00
9.030069112777709961e+00
9.032841682434082031e+00
9.035850524902343750e+00
9.038853883743286133e+00
9.041710853576660156e+00
9.044463157653808594e+00
9.047405004501342773e+00
9.050320863723754883e+00
9.053099155426025391e+00
9.055841684341430664e+00
9.058840990066528320e+00
9.061841011047363281e+00
9.064713239669799805e+00
9.067475795745849609e+00
9.069964408874511719e+00
9.072700738906860352e+00
9.075356245040893555e+00
9.077959299087524414e+00
9.080699920654296875e+00
9.083410024642944336e+00
9.086147785186767578e+00
9.088829994201660156e+00
9.091700792312622070e+00
9.094319105148315430e+00
9.096963405609130859e+00
9.099830389022827148e+00
9.102699041366577148e+00
9.105319499969482422e+00
9.108041048049926758e+00
9.110700368881225586e+00
9.113310098648071289e+00
9.115960597991943359e+00
9.118700504302978516e+00
9.121304988861083984e+00
9.124086141586303711e+00
9.126700639724731445e+00
9.129320621490478516e+00
9.132086992263793945e+00
9.134700298309326172e+00
9.137320756912231445e+00
9.140083312988281250e+00
9.142829656600952148e+00
9.145701408386230469e+00
9.148313045501708984e+00
9.150958538055419922e+00
9.153714656829833984e+00
9.156329870223999023e+00
9.158961534500122070e+00
9.161701202392578125e+00
9.164319515228271484e+00
9.167086124420166016e+00
9.169700622558593750e+00
9.172312974929809570e+00
9.174961566925048828e+00
9.177701473236083984e+00
9.180325031280517578e+00
9.182959794998168945e+00
9.185832023620605469e+00
9.188700675964355469e+00
9.191350936889648438e+00
9.193960905075073242e+00
9.196700334548950195e+00
9.199361324310302734e+00
9.202085256576538086e+00
9.204705476760864258e+00
9.207358121871948242e+00
9.209959745407104492e+00
9.212701320648193359e+00
9.215357065200805664e+00
9.218086719512939453e+00
9.220701217651367188e+00
9.223353862762451172e+00
9.225960254669189453e+00
9.228700876235961914e+00
9.231354951858520508e+00
9.233960151672363281e+00
9.236701965332031250e+00
9.239355564117431641e+00
9.241832733154296875e+00
9.244701147079467773e+00
9.247355461120605469e+00
9.249835729598999023e+00
9.252701044082641602e+00
9.255357742309570312e+00
9.257946491241455078e+00
9.260699987411499023e+00
9.263355970382690430e+00
9.265960216522216797e+00
9.268701553344726562e+00
9.271451711654663086e+00
9.273960590362548828e+00
9.276690006256103516e+00
9.279389619827270508e+00
9.282329082489013672e+00
9.285097360610961914e+00
9.288099765777587891e+00
9.290702104568481445e+00
9.293599605560302734e+00
9.296322584152221680e+00
9.298953056335449219e+00
9.301843881607055664e+00
9.304851531982421875e+00
9.307845592498779297e+00
9.310842990875244141e+00
9.313700914382934570e+00
9.316313743591308594e+00
9.318949460983276367e+00
9.321702480316162109e+00
9.324313640594482422e+00
9.326961755752563477e+00
9.329702615737915039e+00
9.332320928573608398e+00
9.334831476211547852e+00
9.337701082229614258e+00
9.340334177017211914e+00
9.343086957931518555e+00
9.345716238021850586e+00
9.348457336425781250e+00
9.351454973220825195e+00
9.353975296020507812e+00
9.357326984405517578e+00
9.360091209411621094e+00
9.362847805023193359e+00
9.365718841552734375e+00
9.368473768234252930e+00
9.371084451675415039e+00
9.373961925506591797e+00
9.376715421676635742e+00
9.379371643066406250e+00
9.382338047027587891e+00
9.385656833648681641e+00
9.389117956161499023e+00
9.392936229705810547e+00
9.395846843719482422e+00
9.399178028106689453e+00
9.402849435806274414e+00
9.405845880508422852e+00
9.408850908279418945e+00
9.412291288375854492e+00
9.415073633193969727e+00
9.417716741561889648e+00
9.420470237731933594e+00
9.423850297927856445e+00
9.426845312118530273e+00
9.429846048355102539e+00
9.433107614517211914e+00
9.436333179473876953e+00
9.438959836959838867e+00
9.441716670989990234e+00
9.444350481033325195e+00
9.447380304336547852e+00
9.450086593627929688e+00
9.453378438949584961e+00
9.456617355346679688e+00
9.459492206573486328e+00
9.462075233459472656e+00
9.464845180511474609e+00
9.467733860015869141e+00
9.470457553863525391e+00
9.473066806793212891e+00
9.475704431533813477e+00
9.478333473205566406e+00
9.481083154678344727e+00
9.483704566955566406e+00
9.486323356628417969e+00
9.489448308944702148e+00
9.492066144943237305e+00
9.494704008102416992e+00
9.497507333755493164e+00
9.500300168991088867e+00
9.502978324890136719e+00
9.505882740020751953e+00
9.508713245391845703e+00
9.511368036270141602e+00
9.514089822769165039e+00
9.516834259033203125e+00
9.519705295562744141e+00
9.522534608840942383e+00
9.525424003601074219e+00
9.528069257736206055e+00
9.530753612518310547e+00
9.533463001251220703e+00
9.536247968673706055e+00
9.538949966430664062e+00
9.541836738586425781e+00
9.544883966445922852e+00
9.547707796096801758e+00
9.550510644912719727e+00
9.553117275238037109e+00
9.555884122848510742e+00
9.558753728866577148e+00
9.561708450317382812e+00
9.564322233200073242e+00
9.567066192626953125e+00
9.569708108901977539e+00
9.572705745697021484e+00
9.575448989868164062e+00
9.578068733215332031e+00
9.580705881118774414e+00
9.583390235900878906e+00
9.586299419403076172e+00
9.589411735534667969e+00
9.592592716217041016e+00
9.595504760742187500e+00
9.597940444946289062e+00
9.600694894790649414e+00
9.603344917297363281e+00
9.605694293975830078e+00
9.608603477478027344e+00
9.611333370208740234e+00
9.614060878753662109e+00
9.616433143615722656e+00
9.619053840637207031e+00
9.621691226959228516e+00
9.624448060989379883e+00
9.626820802688598633e+00
9.629694223403930664e+00
9.632285356521606445e+00
9.634741067886352539e+00
9.637296915054321289e+00
9.639691352844238281e+00
9.642285108566284180e+00
9.644822359085083008e+00
9.647464275360107422e+00
9.649693965911865234e+00
9.652327060699462891e+00
9.654973983764648438e+00
9.657694101333618164e+00
9.660469770431518555e+00
9.663065433502197266e+00
9.665834903717041016e+00
9.668438196182250977e+00
9.670820951461791992e+00
9.673297405242919922e+00
9.675506591796875000e+00
9.678288221359252930e+00
9.680430889129638672e+00
9.682819843292236328e+00
9.685693979263305664e+00
9.688529253005981445e+00
9.690860986709594727e+00
9.693299055099487305e+00
9.695504188537597656e+00
9.698357582092285156e+00
9.700948476791381836e+00
9.703697681427001953e+00
9.706287145614624023e+00
9.708834409713745117e+00
9.711699247360229492e+00
9.714307546615600586e+00
9.716755628585815430e+00
9.719692945480346680e+00
9.722286939620971680e+00
9.724692344665527344e+00
9.727292060852050781e+00
9.729409694671630859e+00
9.731719255447387695e+00
9.734359741210937500e+00
9.736944437026977539e+00
9.739698886871337891e+00
9.742294311523437500e+00
9.744425773620605469e+00
9.746923685073852539e+00
9.749285459518432617e+00
9.751470088958740234e+00
9.754026651382446289e+00
9.756579875946044922e+00
9.759335994720458984e+00
9.761567354202270508e+00
9.763821840286254883e+00
9.766307592391967773e+00
9.768499851226806641e+00
9.770822048187255859e+00
9.773409128189086914e+00
9.775691270828247070e+00
9.778293609619140625e+00
9.780705451965332031e+00
9.783548116683959961e+00
9.786341905593872070e+00
9.789660930633544922e+00
9.792891979217529297e+00
9.795884132385253906e+00
9.799107551574707031e+00
9.802341699600219727e+00
9.805084466934204102e+00
9.808335065841674805e+00
9.812002658843994141e+00
9.815491676330566406e+00
9.818834543228149414e+00
9.821953058242797852e+00
9.824718475341796875e+00
9.827717542648315430e+00
9.830435752868652344e+00
9.833415508270263672e+00
9.836369514465332031e+00
9.839840888977050781e+00
9.842848062515258789e+00
9.845722675323486328e+00
9.848726749420166016e+00
9.851849317550659180e+00
9.854717493057250977e+00
9.858136415481567383e+00
9.861086130142211914e+00
9.863990306854248047e+00
9.867674827575683594e+00
9.870707035064697266e+00
9.874154329299926758e+00
9.877604007720947266e+00
9.880571842193603516e+00
9.883580923080444336e+00
9.886467933654785156e+00
9.889069557189941406e+00
9.891720056533813477e+00
9.894722223281860352e+00
9.897721529006958008e+00
9.900456666946411133e+00
9.903231382369995117e+00
9.906296730041503906e+00
9.909323930740356445e+00
9.912306785583496094e+00
9.914947271347045898e+00
9.917716503143310547e+00
9.920569658279418945e+00
9.923398494720458984e+00
9.926075458526611328e+00
9.928704977035522461e+00
9.931527614593505859e+00
9.934308290481567383e+00
9.936912536621093750e+00
9.939717054367065430e+00
9.942313671112060547e+00
9.945079088211059570e+00
9.947826385498046875e+00
9.950853586196899414e+00
9.953716754913330078e+00
9.956717014312744141e+00
9.959456682205200195e+00
9.962067127227783203e+00
9.964820623397827148e+00
9.967820644378662109e+00
9.970820188522338867e+00
9.973715782165527344e+00
9.976452112197875977e+00
9.979066371917724609e+00
9.982080459594726562e+00
9.984704732894897461e+00
9.987570762634277344e+00
9.990454912185668945e+00
9.992946863174438477e+00
9.995704889297485352e+00
9.998305320739746094e+00
1.000080800056457520e+01
1.000370645523071289e+01
1.000631022453308105e+01
1.000894141197204590e+01
1.001170778274536133e+01
1.001431751251220703e+01
1.001680827140808105e+01
1.001970505714416504e+01
1.002232813835144043e+01
1.002503013610839844e+01
1.002770519256591797e+01
1.003030776977539062e+01
1.003291177749633789e+01
1.003570508956909180e+01
1.003830742835998535e+01
1.004094886779785156e+01
1.004370570182800293e+01
1.004631090164184570e+01
1.004905986785888672e+01
1.005170917510986328e+01
1.005444240570068359e+01
1.005693864822387695e+01
1.005943322181701660e+01
1.006180787086486816e+01
1.006470608711242676e+01
1.006738424301147461e+01
1.006993842124938965e+01
1.007270598411560059e+01
1.007536005973815918e+01
1.007795262336730957e+01
1.008070683479309082e+01
1.008337903022766113e+01
1.008580827713012695e+01
1.008891963958740234e+01
1.009202527999877930e+01
1.009495019912719727e+01
1.009770822525024414e+01
1.010030722618103027e+01
1.010306644439697266e+01
1.010659027099609375e+01
1.010930895805358887e+01
1.011231541633605957e+01
1.011535549163818359e+01
1.011829638481140137e+01
1.012154030799865723e+01
1.012433052062988281e+01
1.012691378593444824e+01
1.012969398498535156e+01
1.013229179382324219e+01
1.013469457626342773e+01
1.013788032531738281e+01
1.014080953598022461e+01
1.014382886886596680e+01
1.014628148078918457e+01
1.014869403839111328e+01
1.015129399299621582e+01
1.015369415283203125e+01
1.015646076202392578e+01
1.015907835960388184e+01
1.016131520271301270e+01
1.016379737854003906e+01
1.016618371009826660e+01
1.016869449615478516e+01
1.017132759094238281e+01
1.017369437217712402e+01
1.017650008201599121e+01
1.017879796028137207e+01
1.018130803108215332e+01
1.018393206596374512e+01
1.018629288673400879e+01
1.018888545036315918e+01
1.019170069694519043e+01
1.019428849220275879e+01
1.019681096076965332e+01
1.019984078407287598e+01
1.020270967483520508e+01
1.020545530319213867e+01
1.020832371711730957e+01
1.021138525009155273e+01
1.021407675743103027e+01
1.021671962738037109e+01
1.021939802169799805e+01
1.022231006622314453e+01
1.022530388832092285e+01
1.022831320762634277e+01
1.023095154762268066e+01
1.023376584053039551e+01
1.023672056198120117e+01
1.023938536643981934e+01
1.024206733703613281e+01
1.024471855163574219e+01
1.024782156944274902e+01
1.025071835517883301e+01
1.025345349311828613e+01
1.025596022605895996e+01
1.025881171226501465e+01
1.026171898841857910e+01
1.026444745063781738e+01
1.026707124710083008e+01
1.026994347572326660e+01
1.027271795272827148e+01
1.027554488182067871e+01
1.027833914756774902e+01
1.028092980384826660e+01
1.028382301330566406e+01
1.028671836853027344e+01
1.028971910476684570e+01
1.029270672798156738e+01
1.029537630081176758e+01
1.029807686805725098e+01
1.030071759223937988e+01
1.030344319343566895e+01
1.030606675148010254e+01
1.030870866775512695e+01
1.031196856498718262e+01
1.031492590904235840e+01
1.031772375106811523e+01
1.032094907760620117e+01
1.032429647445678711e+01
1.032739877700805664e+01
1.033032703399658203e+01
1.033352303504943848e+01
1.033681774139404297e+01
1.033982610702514648e+01
1.034272050857543945e+01
1.034583783149719238e+01
1.034933662414550781e+01
1.035272145271301270e+01
1.035632944107055664e+01
1.035946607589721680e+01
1.036233496665954590e+01
1.036507296562194824e+01
1.036838388442993164e+01
1.037182903289794922e+01
1.037472391128540039e+01
1.037772440910339355e+01
1.038102984428405762e+01
1.038459014892578125e+01
1.038772249221801758e+01
1.039073395729064941e+01
1.039345240592956543e+01
1.039643430709838867e+01
1.039932298660278320e+01
1.040234804153442383e+01
1.040531516075134277e+01
1.040793824195861816e+01
1.041031050682067871e+01
1.041294145584106445e+01
1.041569828987121582e+01
1.041830134391784668e+01
1.042069745063781738e+01
1.042330837249755859e+01
1.042569494247436523e+01
1.042830038070678711e+01
1.043077826499938965e+01
1.043369722366333008e+01
1.043645000457763672e+01
1.043904566764831543e+01
1.044169569015502930e+01
1.044428133964538574e+01
1.044669604301452637e+01
1.044962239265441895e+01
1.045230031013488770e+01
1.045499610900878906e+01
1.045730042457580566e+01
1.045969581604003906e+01
1.046229338645935059e+01
1.046469521522521973e+01
1.046734571456909180e+01
1.046969580650329590e+01
1.047243905067443848e+01
1.047479939460754395e+01
1.047755336761474609e+01
1.048031258583068848e+01
1.048294067382812500e+01
1.048582339286804199e+01
1.048883867263793945e+01
1.049156308174133301e+01
1.049444699287414551e+01
1.049700570106506348e+01
1.049987912178039551e+01
1.050281071662902832e+01
1.050570178031921387e+01
1.050831723213195801e+01
1.051087641716003418e+01
1.051371979713439941e+01
1.051673960685729980e+01
1.051937198638916016e+01
1.052198505401611328e+01
1.052482318878173828e+01
1.052788090705871582e+01
1.053071641921997070e+01
1.053379750251770020e+01
1.053673458099365234e+01
1.053981184959411621e+01
1.054271936416625977e+01
1.054571413993835449e+01
1.054844880104064941e+01
1.055094003677368164e+01
1.055376052856445312e+01
1.055686926841735840e+01
1.055988883972167969e+01
1.056272053718566895e+01
1.056531500816345215e+01
1.056808018684387207e+01
1.057070875167846680e+01
1.057372021675109863e+01
1.057632541656494141e+01
1.057907032966613770e+01
1.058172011375427246e+01
1.058444833755493164e+01
1.058707857131958008e+01
1.059034299850463867e+01
1.059401011466979980e+01
1.059759879112243652e+01
1.060098052024841309e+01
1.060385441780090332e+01
1.060682630538940430e+01
1.060972523689270020e+01
1.061244082450866699e+01
1.061507153511047363e+01
1.061880850791931152e+01
1.062179923057556152e+01
1.062472438812255859e+01
1.062754654884338379e+01
1.063056421279907227e+01
1.063346982002258301e+01
1.063717627525329590e+01
1.064037561416625977e+01
1.064340424537658691e+01
1.064641594886779785e+01
1.064907765388488770e+01
1.065217900276184082e+01
1.065545701980590820e+01
1.066061162948608398e+01
1.066348791122436523e+01
1.066672778129577637e+01
1.066957664489746094e+01
1.067261242866516113e+01
1.067601728439331055e+01
1.067958450317382812e+01
1.068281722068786621e+01
1.068572354316711426e+01
1.068933534622192383e+01
1.069285583496093750e+01
1.069630241394042969e+01
1.069919753074645996e+01
1.070241641998291016e+01
1.070582795143127441e+01
1.070893836021423340e+01
1.071199917793273926e+01
1.071537613868713379e+01
1.071882748603820801e+01
1.072172474861145020e+01
1.072445034980773926e+01
1.072706460952758789e+01
1.073087286949157715e+01
1.073433327674865723e+01
1.073719763755798340e+01
1.074030542373657227e+01
1.074306750297546387e+01
1.074660563468933105e+01
1.074957180023193359e+01
1.075297999382019043e+01
1.075657510757446289e+01
1.075982785224914551e+01
1.076272416114807129e+01
1.076609182357788086e+01
1.076962018013000488e+01
1.077296185493469238e+01
1.077571153640747070e+01
1.077832055091857910e+01
1.078182077407836914e+01
1.078482842445373535e+01
1.078772568702697754e+01
1.079077649116516113e+01
1.079372215270996094e+01
1.079693579673767090e+01
1.079983019828796387e+01
1.080338358879089355e+01
1.080631875991821289e+01
1.080963444709777832e+01
1.081296610832214355e+01
1.081583070755004883e+01
1.081872582435607910e+01
1.082172274589538574e+01
1.082496452331542969e+01
1.082866072654724121e+01
1.083206939697265625e+01
1.083493208885192871e+01
1.083772659301757812e+01
1.084090971946716309e+01
1.084395503997802734e+01
1.084682631492614746e+01
1.084971141815185547e+01
1.085283207893371582e+01
1.085647463798522949e+01
1.085983228683471680e+01
1.086282634735107422e+01
1.086572241783142090e+01
1.086844635009765625e+01
1.087136554718017578e+01
1.087419581413269043e+01
1.087739348411560059e+01
1.088084840774536133e+01
1.088382887840270996e+01
1.088672161102294922e+01
1.088995289802551270e+01
1.089272475242614746e+01
1.089549612998962402e+01
1.089872455596923828e+01
1.090211033821105957e+01
1.090531015396118164e+01
1.090847086906433105e+01
1.091147351264953613e+01
1.091488599777221680e+01
1.091833424568176270e+01
1.092149496078491211e+01
1.092501497268676758e+01
1.092837643623352051e+01
1.093137550354003906e+01
1.093431019783020020e+01
1.093732070922851562e+01
1.094032454490661621e+01
1.094304871559143066e+01
1.094631552696228027e+01
1.094930052757263184e+01
1.095232391357421875e+01
1.095551967620849609e+01
1.095910453796386719e+01
1.096171283721923828e+01
1.096432900428771973e+01
1.096705126762390137e+01
1.096981382369995117e+01
1.097272491455078125e+01
1.097545504570007324e+01
1.097831106185913086e+01
1.098095679283142090e+01
1.098395800590515137e+01
1.098671674728393555e+01
1.098943758010864258e+01
1.099204945564270020e+01
1.099471187591552734e+01
1.099728465080261230e+01
1.099994444847106934e+01
1.100271224975585938e+01
1.100543093681335449e+01
1.100804662704467773e+01
1.101071190834045410e+01
1.101343512535095215e+01
1.101604700088500977e+01
1.101871228218078613e+01
1.102143406867980957e+01
1.102405071258544922e+01
1.102671170234680176e+01
1.102931141853332520e+01
1.103193354606628418e+01
1.103471469879150391e+01
1.103731346130371094e+01
1.103992748260498047e+01
1.104271197319030762e+01
1.104530549049377441e+01
1.104804658889770508e+01
1.105071091651916504e+01
1.105343151092529297e+01
1.105604577064514160e+01
1.105871224403381348e+01
1.106131625175476074e+01
1.106406974792480469e+01
1.106671285629272461e+01
1.106930828094482422e+01
1.107204651832580566e+01
1.107471251487731934e+01
1.107730436325073242e+01
1.107994723320007324e+01
1.108271241188049316e+01
1.108543658256530762e+01
1.108794450759887695e+01
1.109070038795471191e+01
1.109329414367675781e+01
1.109570121765136719e+01
1.109827971458435059e+01
1.110070037841796875e+01
1.110333132743835449e+01
1.110580253601074219e+01
1.110828232765197754e+01
1.111041569709777832e+01
1.111280059814453125e+01
1.111529779434204102e+01
1.111807084083557129e+01
1.112083053588867188e+01
1.112357044219970703e+01
1.112604379653930664e+01
1.112844920158386230e+01
1.113095641136169434e+01
1.113328123092651367e+01
1.113570094108581543e+01
1.113829255104064941e+01
1.114105129241943359e+01
1.114370203018188477e+01
1.114629364013671875e+01
1.114890837669372559e+01
1.115131235122680664e+01
1.115380263328552246e+01
1.115640926361083984e+01
1.115880322456359863e+01
1.116129493713378906e+01
1.116380381584167480e+01
1.116629457473754883e+01
1.116935992240905762e+01
1.117180705070495605e+01
1.117431974411010742e+01
1.117730665206909180e+01
1.117992210388183594e+01
1.118217039108276367e+01
1.118472385406494141e+01
1.118754792213439941e+01
1.119006824493408203e+01
1.119276833534240723e+01
1.119536519050598145e+01
1.119782924652099609e+01
1.120082330703735352e+01
1.120372581481933594e+01
1.120629119873046875e+01
1.120944809913635254e+01
1.121249318122863770e+01
1.121532177925109863e+01
1.121783709526062012e+01
1.122081017494201660e+01
1.122370767593383789e+01
1.122617578506469727e+01
1.122870206832885742e+01
1.123133611679077148e+01
1.123390793800354004e+01
1.123654794692993164e+01
1.123945593833923340e+01
1.124190735816955566e+01
1.124482798576354980e+01
1.124749183654785156e+01
1.125032162666320801e+01
1.125304508209228516e+01
1.125570416450500488e+01
1.125827074050903320e+01
1.126097536087036133e+01
1.126371073722839355e+01
1.126629090309143066e+01
1.126883363723754883e+01
1.127186131477355957e+01
1.127429175376892090e+01
1.127688431739807129e+01
1.128033208847045898e+01
1.128305459022521973e+01
1.128644847869873047e+01
1.128907036781311035e+01
1.129271602630615234e+01
1.129684090614318848e+01
1.130334949493408203e+01
1.130678367614746094e+01
1.131004548072814941e+01
1.131293725967407227e+01
1.131611847877502441e+01
1.131896376609802246e+01
1.132284116744995117e+01
1.132595825195312500e+01
1.132898998260498047e+01
1.133182215690612793e+01
1.133489131927490234e+01
1.133837151527404785e+01
1.134261751174926758e+01
1.134570956230163574e+01
1.134849119186401367e+01
1.135105800628662109e+01
1.135391187667846680e+01
1.135678982734680176e+01
1.135990285873413086e+01
1.136270570755004883e+01
1.136579751968383789e+01
1.136874246597290039e+01
1.137134337425231934e+01
1.137474346160888672e+01
1.137770891189575195e+01
1.138033843040466309e+01
1.138292431831359863e+01
1.138665580749511719e+01
1.138987803459167480e+01
1.139337182044982910e+01
1.139632225036621094e+01
1.139891338348388672e+01
1.140266680717468262e+01
1.140571570396423340e+01
1.140950655937194824e+01
1.141359591484069824e+01
1.141748738288879395e+01
1.142111420631408691e+01
1.142380499839782715e+01
1.142616772651672363e+01
1.142842125892639160e+01
1.143091773986816406e+01
1.143339157104492188e+01
1.143590903282165527e+01
1.143828940391540527e+01
1.144041323661804199e+01
1.144280409812927246e+01
1.144573044776916504e+01
1.144843792915344238e+01
1.145133781433105469e+01
1.145390963554382324e+01
1.145629000663757324e+01
1.145870065689086914e+01
1.146150231361389160e+01
1.146380639076232910e+01
1.146626639366149902e+01
1.146842312812805176e+01
1.147080469131469727e+01
1.147329020500183105e+01
1.147570490837097168e+01
1.147827315330505371e+01
1.148070240020751953e+01
1.148329257965087891e+01
1.148570275306701660e+01
1.148848962783813477e+01
1.149130964279174805e+01
1.149370121955871582e+01
1.149642229080200195e+01
1.149884939193725586e+01
1.150127577781677246e+01
1.150370216369628906e+01
1.150626897811889648e+01
1.150904560089111328e+01
1.151170420646667480e+01
1.151427125930786133e+01
1.151670289039611816e+01
1.151932954788208008e+01
1.152170157432556152e+01
1.152428984642028809e+01
1.152670097351074219e+01
1.152949190139770508e+01
1.153229999542236328e+01
1.153550004959106445e+01
1.153849601745605469e+01
1.154094433784484863e+01
1.154388666152954102e+01
1.154647254943847656e+01
1.154893088340759277e+01
1.155148458480834961e+01
1.155434918403625488e+01
1.155693292617797852e+01
1.155935788154602051e+01
1.156180548667907715e+01
1.156427073478698730e+01
1.156639146804809570e+01
1.156948637962341309e+01
1.157191014289855957e+01
1.157429003715515137e+01
1.157682919502258301e+01
1.157938241958618164e+01
1.158231496810913086e+01
1.158531188964843750e+01
1.158853435516357422e+01
1.159228920936584473e+01
1.159537792205810547e+01
1.159830617904663086e+01
1.160130167007446289e+01
1.160446190834045410e+01
1.160756444931030273e+01
1.161031246185302734e+01
1.161328840255737305e+01
1.161637139320373535e+01
1.161904788017272949e+01
1.162229752540588379e+01
1.162505745887756348e+01
1.162786817550659180e+01
1.163071632385253906e+01
1.163382005691528320e+01
1.163691306114196777e+01
1.163970494270324707e+01
1.164231061935424805e+01
1.164530801773071289e+01
1.164848160743713379e+01
1.165182709693908691e+01
1.165478229522705078e+01
1.165794730186462402e+01
1.166072821617126465e+01
1.166358518600463867e+01
1.166632723808288574e+01
1.166930842399597168e+01
1.167207717895507812e+01
1.167481946945190430e+01
1.167771410942077637e+01
1.168071937561035156e+01
1.168336081504821777e+01
1.168629574775695801e+01
1.168929600715637207e+01
1.169231748580932617e+01
1.169505143165588379e+01
1.169772553443908691e+01
1.170030665397644043e+01
1.170304965972900391e+01
1.170571446418762207e+01
1.170830678939819336e+01
1.171092033386230469e+01
1.171371245384216309e+01
1.171630787849426270e+01
1.171879053115844727e+01
1.172142934799194336e+01
1.172404766082763672e+01
1.172671413421630859e+01
1.172930502891540527e+01
1.173192071914672852e+01
1.173471522331237793e+01
1.173729133605957031e+01
1.173992371559143066e+01
1.174230837821960449e+01
1.174493336677551270e+01
1.174771451950073242e+01
1.175030541419982910e+01
1.175292301177978516e+01
1.175571417808532715e+01
1.175830364227294922e+01
1.176079082489013672e+01
1.176371526718139648e+01
1.176630425453186035e+01
1.176889586448669434e+01
1.177171397209167480e+01
1.177429556846618652e+01
1.177692484855651855e+01
1.177971434593200684e+01
1.178230190277099609e+01
1.178489494323730469e+01
1.178771519660949707e+01
1.179031324386596680e+01
1.179292368888854980e+01
1.179571413993835449e+01
1.179829168319702148e+01
1.180129551887512207e+01
1.180404901504516602e+01
1.180671501159667969e+01
1.180943369865417480e+01
1.181204795837402344e+01
1.181479358673095703e+01
1.181771969795227051e+01
1.182043957710266113e+01
1.182291865348815918e+01
1.182571268081665039e+01
1.182830500602722168e+01
1.183079123497009277e+01
1.183342361450195312e+01
1.183604359626770020e+01
1.183871340751647949e+01
1.184127783775329590e+01
1.184392070770263672e+01
1.184641575813293457e+01
1.184904146194458008e+01
1.185171437263488770e+01
1.185429286956787109e+01
1.185689473152160645e+01
1.185979294776916504e+01
1.186242938041687012e+01
1.186492395401000977e+01
1.186735987663269043e+01
1.186992812156677246e+01
1.187271356582641602e+01
1.187529921531677246e+01
1.187779140472412109e+01
1.188071393966674805e+01
1.188335824012756348e+01
1.188579273223876953e+01
1.188841867446899414e+01
1.189092111587524414e+01
1.189378976821899414e+01
1.189671492576599121e+01
1.189935660362243652e+01
1.190179228782653809e+01
1.190471410751342773e+01
1.190731644630432129e+01
1.190979123115539551e+01
1.191241431236267090e+01
1.191479086875915527e+01
1.191771316528320312e+01
1.192030882835388184e+01
1.192292118072509766e+01
1.192571401596069336e+01
1.192830991744995117e+01
1.193092918395996094e+01
1.193342041969299316e+01
1.193604826927185059e+01
1.193871569633483887e+01
1.194130516052246094e+01
1.194379258155822754e+01
1.194671583175659180e+01
1.194928812980651855e+01
1.195192217826843262e+01
1.195439696311950684e+01
1.195692205429077148e+01
