-2.784356117248535156e+00
-1.170274019241333008e-01
-1.573347151279449463e-01
-2.340340763330459595e-01
-3.861707448959350586e-01
-3.539959589640299664e-01
-3.031829882945333288e-01
-3.437338350340723991e-01
-3.276776265766885299e-01
-1.581630639731884114e-01
-5.863549424843354785e-02
-1.012803111225366592e-01
-1.268995627760887146e-01
-1.287537030875682831e-01
-9.967964142560958862e-02
-9.912807540968060493e-02
-1.366709159577594035e-01
-1.306768128027518683e-01
-6.951057303108666707e-02
-3.215294498950242719e-02
-5.854269454167002756e-02
-9.271999126808209979e-02
-9.053520064639009046e-02
-7.116686475152771141e-02
-7.737858816981316168e-02
-8.295147565121833988e-02
-8.127310954862171366e-02
-4.908928887120315304e-02
-4.449886057911248138e-02
-4.599295482039451877e-02
-5.625218177034008865e-02
-3.900870052166283131e-02
-6.865473633462732331e-03
-4.863985540235743650e-03
-1.552230907338006220e-02
3.129828928245438277e-03
1.682438620844402960e-02
-2.079753283607332220e-02
-6.747722415587840972e-02
-3.587160799652337750e-02
5.182018185534128032e-03
-4.414213643897147571e-02
-2.098572340815566331e-02
1.062130572443658640e-02
9.578451514244079807e-04
-1.448580638869948964e-02
-1.924506955324335397e-02
-2.037402351076404369e-02
-2.691789169092567713e-02
-1.361774057149887094e-03
1.114077559288810353e-02
-9.873006063011975988e-03
5.804306057826528337e-02
1.904957286185688520e-02
5.712606825611808367e-03
-4.696973599493503571e-03
-1.715112451398581941e-02
-2.354679115373512627e-02
-2.101288571701211486e-02
-1.867085012296835697e-02
-3.329018344644640295e-04
7.903755552345705787e-03
8.452496358326502465e-03
-7.753540296107530594e-03
-1.159855677531315687e-02
-9.161571435856096304e-03
-1.244552166604283999e-02
-1.252400009509395222e-02
-6.054224419421044313e-03
1.039249801209994779e-02
2.876549434493964625e-03
-2.317928036467896413e-02
-2.272827504840615673e-02
-3.880640310612884503e-02
-4.187394787867863843e-02
-4.841323755681514740e-02
-3.742248526254257635e-02
-2.399829727334854002e-02
-2.628866054966479820e-02
-3.547545550391077718e-02
5.478876549750566829e-03
-1.834848402068018844e-02
-1.661769384518265585e-02
-2.005643965676427026e-02
-9.072706196457147251e-03
-4.361909814178943634e-04
-1.331899501383304553e-03
-2.086933143436908635e-03
-9.325499646365642548e-03
-3.067595418542623520e-02
-4.168500034138560018e-02
-3.672428010031580925e-02
-4.108225358650088171e-02
-3.667363347485661645e-02
-3.918925477191805701e-02
-5.069402186200022697e-02
-5.321544585749506812e-02
-4.899618844501674175e-02
-5.524367610923945626e-02
-6.833261358551681597e-02
-5.750857773236930232e-02
-3.854444953612982949e-02
-4.424868025816976885e-02
-6.994034410454333384e-02
-8.273698636330664713e-02
-8.755860109813511094e-02
-8.914058422669768333e-02
-1.006850362755358219e-01
-1.109580778516829069e-01
-1.146401180885732174e-01
-1.028500369749963256e-01
-9.865783257409929674e-02
-1.004242154769599410e-01
-1.046055621467530672e-01
-1.141269131563603934e-01
-1.415386385284364279e-01
-1.676684937439859024e-01
-1.573318115435540787e-01
-1.414054050110280514e-01
-1.600269756279885658e-01
-1.816312159411609117e-01
-1.578815546818077564e-01
-1.657927819527685587e-01
-1.764835537411272581e-01
-1.577151027508079950e-01
-1.378479165025055520e-01
-1.375232604332268238e-01
-1.456009902991354521e-01
-1.557930120266974028e-01
-1.853452363051474039e-01
-2.041814857162535246e-01
-1.941635378636419884e-01
-2.455509931780398003e-01
-2.229715588502585999e-01
-2.228581878356635515e-01
-2.216817992739379406e-01
-2.084926656447350923e-01
-1.859234726987779029e-01
-1.712805853225290720e-01
-1.706060745753347763e-01
-1.887345642782747857e-01
-1.997528147883713134e-01
-2.071990365162491854e-01
-1.916490515694022068e-01
-1.859094237908721081e-01
-1.848409596830606350e-01
-1.816965475212782566e-01
-1.856436439324170296e-01
-1.942319263238459770e-01
-2.060320156160742044e-01
-1.870680632535368093e-01
-1.469887229148298391e-01
-1.408163825515657552e-01
-1.311512785498052946e-01
-1.398856925312429722e-01
-1.448436657432466690e-01
-1.578960072714835350e-01
-1.669751756358891781e-01
-1.627877189312130213e-01
-1.546190834138542469e-01
-1.746927297208458185e-01
-1.880106838885694798e-01
-1.884586658794432934e-01
-1.700162675697356462e-01
-1.602076210547238588e-01
-1.643889710772782620e-01
-1.651084863115102053e-01
-1.542843908537179232e-01
-1.485161468852311262e-01
-1.500299867708236035e-01
-1.435011289548128732e-01
-1.261041871737688669e-01
-1.021929457318037776e-01
-1.007094621192663880e-01
-1.086156053002923783e-01
-1.066009921487420797e-01
-9.705501249991357882e-02
-7.975941537879407961e-02
-6.796092777512967309e-02
-9.750507823191582879e-02
-1.453340990003198496e-01
-1.533595247659832184e-01
-1.334297074470668920e-01
-1.007612785790115567e-01
-9.805250973440707285e-02
-1.162865577731281574e-01
-1.056431260425597374e-01
-7.552168914116919041e-02
-5.820973240770399570e-02
-6.675080233253538609e-02
-7.646058876998722276e-02
-7.116510947234928885e-02
-7.802528482861817438e-02
-1.131920010317117031e-01
-1.354541093576699384e-01
-8.643091772682964802e-02
-3.194673215039074698e-02
-2.733549834229052206e-02
-4.209998087026178837e-02
-3.430994027294218679e-02
-3.453585365787148302e-03
1.678316327743232389e-02
2.231945795938372439e-03
-2.200318281538784365e-02
-3.772564702667295655e-02
-4.654199224896728854e-02
-4.917381652630865851e-02
-8.337148823775350492e-02
-8.152748891152442057e-02
-5.395672419108450690e-02
-3.076612749136984487e-02
-4.715068289078772068e-02
-6.156613552011549334e-02
-4.713145424611866335e-02
6.824001204222441153e-04
2.171197677962482045e-02
-4.365271748974918972e-03
-2.554768030531704565e-02
-2.742283646948635509e-02
-3.256353889591991763e-02
-4.889811058528721610e-02
-6.100848433561623096e-02
-4.456535396166146079e-02
-3.782631163485348363e-02
-5.181416315026581010e-02
-7.211277191527187824e-02
-6.905657248571514528e-02
-3.709172466769814630e-02
-2.042269976809620718e-02
-4.073518654331564903e-02
-8.537739207968116084e-02
-9.689559107646346370e-02
-1.037841162644326659e-01
-9.779165545478463173e-02
-9.420805955305695811e-02
-9.199410388246179182e-02
-9.821253484115004262e-02
-1.129097308032214614e-01
-1.183747141622006893e-01
-1.098305418156087371e-01
-9.309328561648726186e-02
-7.775569437071680468e-02
-7.342386292293667793e-02
-8.388352924957871715e-02
-9.740108819678425234e-02
-9.690844537690282423e-02
-9.186216825619339388e-02
-8.846022458747029860e-02
-8.552611721679567736e-02
-8.660480817779898921e-02
-1.010346568189561395e-01
-1.156058044172823401e-01
-1.223644063808023985e-01
-1.219048713333904799e-01
-1.211705916561186258e-01
-1.213749804534018095e-01
-1.297660254873335417e-01
-1.644609400071203598e-01
-1.868006535805761814e-01
-1.551152314059436321e-01
-1.130118112079799148e-01
-1.173928765580058153e-01
-1.325692248530686013e-01
-1.509985779412090778e-01
-1.415284973569214400e-01
-1.140992612577974852e-01
-1.199179354123771218e-01
-1.527056294493377153e-01
-1.713854501955211218e-01
-1.711191917769610826e-01
-1.790689540095627419e-01
-1.942110149189829882e-01
-1.943923892453312818e-01
-1.509939620271325000e-01
-1.125911787152290289e-01
-1.472112018615007456e-01
-1.830466967076063156e-01
-1.761757118627428897e-01
-1.442946104332804569e-01
-1.424835609272122328e-01
-1.810536371544003431e-01
-2.195083083584904726e-01
-2.312105203047394864e-01
-2.332240263000130709e-01
-2.406887881457805689e-01
-2.516635982319712639e-01
-2.498238587751984707e-01
-2.044217931106686592e-01
-1.925079155713319834e-01
-2.142155017703771536e-01
-2.287036480382084735e-01
-1.981978470459580532e-01
-1.701619984582066480e-01
-1.874852003529667854e-01
-2.423548774793743976e-01
-2.742964969947934151e-01
-2.611104274168610795e-01
-2.632614450529217609e-01
-2.786023749038576969e-01
-2.779685849323868529e-01
-2.554305240511894337e-01
-2.362824166193604469e-01
-2.404263639822602217e-01
-2.372712248936295620e-01
-2.157683016732335202e-01
-1.947936968877911623e-01
-2.002396823838353268e-01
-2.400882842019200214e-01
-2.722505318000912888e-01
-2.664469311013817898e-01
-2.397075230255723000e-01
-2.503301700577139632e-01
-2.545814542099833488e-01
-2.627414885908365139e-01
-2.632252316921949165e-01
-2.535125609254464396e-01
-2.297713238513097167e-01
-2.005956459557637628e-01
-1.891635976498946548e-01
-1.977752308128401526e-01
-2.068386717466637603e-01
-2.221268615452572648e-01
-2.232715354068204872e-01
-2.197456228313967586e-01
-2.174024848965928070e-01
-2.273175018606707343e-01
-2.309706735890358631e-01
-2.303203582298010699e-01
-2.136177511420100927e-01
-1.997399584855884258e-01
-1.993030497338622864e-01
-2.135358973871916421e-01
-2.272721088957041502e-01
-2.333130409475416001e-01
-2.241216057445853949e-01
-2.153353014495223705e-01
-2.147065253462642487e-01
-2.090981544461101294e-01
-2.100547531154006720e-01
-2.025391004513949211e-01
-1.912613123189657871e-01
-1.856095242779702004e-01
-1.872554149944335167e-01
-1.880320530850440319e-01
-1.811972491908818428e-01
-1.742792170960456022e-01
-1.634092087391763870e-01
-1.530865604523569401e-01
-1.434354483615606912e-01
-1.335032306145876591e-01
-1.222957183141261395e-01
-1.137534636538475724e-01
-1.163673802744597252e-01
-1.324920869898051079e-01
-1.542660222854465302e-01
-1.740678293164819590e-01
-1.778540493454784099e-01
-1.507626050617545954e-01
-1.678116524126380682e-01
-1.954119303729385249e-01
-1.990147741045802943e-01
-1.574506239499896820e-01
-1.113276199903339148e-01
-9.384544207714498598e-02
-1.040324316825717715e-01
-1.012097892817109823e-01
-8.299572928808629513e-02
-9.340565740130842010e-02
-1.147747106384486016e-01
-8.089646394364535809e-02
-5.274187265895306787e-02
-7.667282386682927608e-02
-1.050545895006507607e-01
-6.870209886692464629e-02
-1.657557352446019719e-02
-6.334408512338995587e-03
-2.560585453175008228e-02
-4.702390260063112060e-02
-4.858844927512109141e-02
-3.641753024421632429e-02
-4.015700719319283823e-02
-7.827626871876418313e-02
-9.022289025597274303e-02
-8.425205159001052102e-02
-7.494921940378844460e-02
-9.910781490616500655e-02
-1.200366947334259721e-01
-9.110654774121940136e-02
-4.311473998241126260e-02
-2.552721346728503704e-02
-3.295104647986590862e-02
-5.268195378594100337e-02
-5.541553157381713668e-02
-4.221927630715072155e-02
-3.028924963437020640e-02
-3.291915578301995993e-02
-5.186089610215276202e-02
-7.283683714922517538e-02
-7.765009941067546606e-02
-6.032510835211724043e-02
-3.583460028748959580e-02
-2.008194949012249639e-02
-3.038017328362912009e-02
-6.441095441114157161e-02
-6.844821840059012175e-02
-3.029432788025587797e-02
-4.656200632452964921e-02
-7.856102436780929010e-02
-9.044304862618446350e-02
-9.847819553688168248e-02
-9.036460109055041712e-02
-6.971597187221049985e-02
-5.417784862220287323e-02
-4.596549589186906676e-02
-5.201532393693923673e-02
-5.647008344531059126e-02
-5.475330054759978970e-02
-4.021367430686950684e-02
-3.040943741798400948e-02
-2.688357010483741899e-02
-3.696902543306350430e-02
-4.321161322295665602e-02
-4.371760413050651550e-02
-3.503125254064798355e-02
-3.173782210797071457e-02
-3.346313219517469545e-02
-4.762943275272846222e-02
-6.069672815501690050e-02
-6.850529154762625972e-02
-7.697777291759848317e-02
-7.932885847985744754e-02
-8.981138626113534251e-02
-9.234835598617792407e-02
-7.956322170794009885e-02
-5.779213309288024764e-02
-3.894472382962703427e-02
-3.941897749900817594e-02
-7.023906968533992490e-02
-6.057774107903242389e-02
-3.767025675624609271e-02
-3.195804115384816985e-02
-6.806854065507650375e-02
-1.035634582862257902e-01
-1.010153263807296725e-01
-7.763179503381252566e-02
-6.518343389034271518e-02
-7.887676274403929155e-02
-7.397015234455465993e-02
-5.103827510029077669e-02
-6.800581980496644974e-02
-8.470782581716776449e-02
-7.103981161490083296e-02
-6.639240765944123823e-02
-1.178520211018621866e-01
-1.733801686204969883e-01
-1.819959045387804508e-01
-1.576828339137136825e-01
-1.342171342112123966e-01
-1.330089727416634560e-01
-1.503754043951630592e-01
-1.565480846911668777e-01
-1.257172495126724354e-01
-1.150334458798170090e-01
-1.223844606429338455e-01
-1.327380675822496525e-01
-1.186940696090459796e-01
-1.107197698205709402e-01
-1.479486893862485830e-01
-1.866349879652261790e-01
-1.938147373497486059e-01
-1.837995631620287784e-01
-1.607110792770981844e-01
-1.519169799052178804e-01
-1.550292010419070665e-01
-1.500681803561746963e-01
-1.317816733382642380e-01
-1.164853024296462480e-01
-1.202054834924638216e-01
-1.379512545652687439e-01
-1.672372040338814259e-01
-1.957226795144379194e-01
-2.163231049664318673e-01
-2.149773088283836731e-01
-1.895437178201973549e-01
-1.915745732374489196e-01
-2.321051363833248615e-01
-2.194979419000446796e-01
-1.817365405149757862e-01
-1.709605877287685982e-01
-1.626900151371955816e-01
-1.662044371478259563e-01
-1.821962001733481995e-01
-1.986323366872966290e-01
-2.047043721657246240e-01
-1.969909661915153209e-01
-1.877300150226801634e-01
-1.851361732464283649e-01
-1.972391828428953775e-01
-2.047813619952648934e-01
-2.066060985904187020e-01
-1.904611687641590834e-01
-1.808977767359465361e-01
-1.849473822396248690e-01
-1.989539863076061066e-01
-2.159403400029987208e-01
-2.243824153672903665e-01
-2.207477159332484062e-01
-2.113004222046583891e-01
-2.079537141602486316e-01
-2.075505304615944679e-01
-2.109604445751756541e-01
-2.081219094339758213e-01
-1.986485978122800589e-01
-1.934707622509449776e-01
-1.937591002788394690e-01
-1.898837174754589852e-01
-1.914682272356003634e-01
-1.977531134616583586e-01
-1.938302954193204530e-01
-1.878415008541196585e-01
-1.679405731614679043e-01
-1.469041319098323695e-01
-1.363700518850237131e-01
-1.436623335350304953e-01
-1.551086847204715125e-01
-1.606116426642984207e-01
-1.390783345792442616e-01
-1.211124359164386932e-01
-1.600272017996758334e-01
-2.020956526976078749e-01
-2.054545633029192797e-01
-1.900731482077389900e-01
-1.680428006220608950e-01
-1.722765215206891187e-01
-1.816361032892018501e-01
-1.489611588884144910e-01
-1.169008836615830632e-01
-1.099992644507437889e-01
-1.324776798021048418e-01
-1.309568717610090915e-01
-1.127128704916685875e-01
-1.032008405309170485e-01
-1.399523071479052416e-01
-1.386222257744521014e-01
-1.183768614660948570e-01
-1.087553638499230146e-01
-1.160033542197197731e-01
-1.193508985918015214e-01
-7.977682459168136675e-02
-5.305841597728431364e-02
-4.682583226822316369e-02
-8.517750403843819818e-02
-9.329286520369350910e-02
-9.286845480091869554e-02
-1.008725955616682768e-01
-1.268825806211680285e-01
-1.545266381930559818e-01
-1.527341819833964165e-01
-1.291329852771014031e-01
-1.096223983447998790e-01
-9.977897247299552519e-02
-7.976664071902632436e-02
-5.962386047467589656e-02
-5.558655476197600642e-02
-6.386622777208686430e-02
-6.113865738734602928e-02
-5.872614439576864104e-02
-7.043352108448744375e-02
-8.351543443277478773e-02
-9.455029862001537722e-02
-9.438978666439652720e-02
-7.955165551975369731e-02
-5.597441093996167322e-02
-4.437656891532242021e-02
-4.975877844262868027e-02
-7.602272715885191601e-02
-8.493501145858317614e-02
-7.064785372931510488e-02
-6.851553481537848989e-02
-8.660895910579710644e-02
-1.074199986876919893e-01
-1.179038741858676048e-01
-1.075978848384693265e-01
-7.972274303901941139e-02
-6.147164062131196122e-02
-6.136671586427837333e-02
-7.608382629696279487e-02
-8.860652076546102207e-02
-7.959883885923772773e-02
-5.982818158809095899e-02
-5.229836294893175364e-02
-5.887592418584972759e-02
-7.140629871282726249e-02
-7.608644443098455667e-02
-6.963912604842334431e-02
-7.032021547202020606e-02
-7.007307375315577347e-02
-7.881870756391436139e-02
-9.417251835111528635e-02
-9.775294850114732426e-02
-1.082284134114161189e-01
-1.176514417165890336e-01
-1.234659142093732925e-01
-1.202765326248481925e-01
-1.093861342640593676e-01
-1.108790839323774008e-01
-1.454404378542676624e-01
-1.740764523157850019e-01
-1.326823687413707376e-01
-9.306562005076557398e-02
-9.462121597025544006e-02
-1.133795595029369052e-01
-1.177454132819548277e-01
-8.981186787132174054e-02
-5.482752958778291941e-02
-7.980419511441141922e-02
-1.290995862567797248e-01
-1.521755405003205053e-01
-1.377515956992283463e-01
-1.361113552236929425e-01
-1.483223431045189444e-01
-1.587001066887751277e-01
-1.329788606846705190e-01
-1.454333324218168855e-01
-1.643411729717627057e-01
-1.605069473618641607e-01
-1.447000839048996623e-01
-1.369252823526039831e-01
-1.853010170394554790e-01
-2.238121025497093741e-01
-2.287293600151315276e-01
-1.870927972951904050e-01
-1.794073190772906001e-01
-1.788312956923618913e-01
-1.753255241783335805e-01
-1.521823511691763886e-01
-1.262840212555602082e-01
-1.169276417465880541e-01
-1.315256406785920151e-01
-1.551301026018336304e-01
-1.691940692951902636e-01
-1.836236944189295062e-01
-1.969910124083980862e-01
-2.034201362868771068e-01
-1.911254467209801133e-01
-1.735060872277244814e-01
-1.544549631653353572e-01
-1.502321927575394622e-01
-1.585730775957926997e-01
-1.624464757507667056e-01
-1.571538978954777066e-01
-1.601879857247695271e-01
-1.798886745935305842e-01
-1.990469574695453159e-01
-2.013613958843052387e-01
-1.721133829094469436e-01
-1.449024663306772709e-01
-1.602249146439135019e-01
-1.732405704446136896e-01
-1.715978537686169147e-01
-1.682809875346720219e-01
-1.624398848973214737e-01
-1.670447369106113911e-01
-1.942224842496216297e-01
-2.100732025690376648e-01
-2.017208550125360600e-01
-1.808954801410436741e-01
-1.675524745136499349e-01
-1.759425066411495209e-01
-1.932864591479301342e-01
-1.990170858800411335e-01
-1.804216984659433309e-01
-1.670353051275014766e-01
-1.674320705235004536e-01
-1.831573389470577129e-01
-1.785061806440353394e-01
-1.582707293331623022e-01
-1.433196801692247502e-01
-1.748824786394834463e-01
-1.821954306215047836e-01
-1.652229148894548416e-01
-1.488733839243650547e-01
-1.595358382910490036e-01
-1.807521857321262304e-01
-1.544045867398381178e-01
-1.242702208459377233e-01
-1.221013948321342524e-01
-1.350622862577438299e-01
-1.347420692443847545e-01
-1.190621554851531982e-01
-1.484809100627899059e-01
-1.698600228875875584e-01
-1.362760005518794115e-01
-1.386122548952698763e-01
-1.643350997939705960e-01
-1.435631426051258985e-01
-9.417564142495393753e-02
-5.218935031443834582e-02
-7.557817343622445783e-02
-1.012449068948626518e-01
-9.275518748909235278e-02
-8.191267456859349649e-02
-1.109296074137091637e-01
-1.196881530806422206e-01
-1.134982837364077596e-01
-1.173325615003704969e-01
-1.227571437135338839e-01
-1.053223871625959818e-01
-5.607804292812943597e-02
-4.063402628526091576e-02
-6.280437493696808260e-02
-7.630258323624730665e-02
-7.041683858260512630e-02
-7.572993310168385506e-02
-9.226116435602307875e-02
-1.054710471071302891e-01
-1.148113753646612112e-01
-1.078176308423280660e-01
-8.922469615936279297e-02
-9.854642599821090976e-02
-7.848924994468689520e-02
-7.245736792683601935e-02
-8.124101795256137570e-02
-8.330274783074856360e-02
-8.959846384823322296e-02
-1.061881318688392695e-01
-1.307157568633556255e-01
-1.350256531033665053e-01
-1.161563082132488489e-01
-9.412497640587388914e-02
-8.980495766736566743e-02
-9.258659887127577981e-02
-9.803827735595405102e-02
-1.002162236254662275e-01
-1.021792716812342378e-01
-1.052950527053326396e-01
-1.128190818708389997e-01
-9.618766861967742443e-02
-7.708959500305354040e-02
-7.062271903268993456e-02
-7.482243473641574105e-02
-7.885680324397981167e-02
-7.263735434971749227e-02
-5.326394415460526666e-02
-4.586940654553472996e-02
-5.926765524782240391e-02
-7.870591157115995606e-02
-9.348008655942977030e-02
-1.016274268273264225e-01
-9.744669371284545023e-02
-9.183489964343607981e-02
-1.064750465098768528e-01
-1.148585032206028700e-01
-1.190315866377204684e-01
-1.164044627454131897e-01
-1.254818101879209280e-01
-1.430574191268533524e-01
-1.409641852136701290e-01
-9.764055940322577398e-02
-9.443461815826595385e-02
-1.221415169071406182e-01
-1.503683454822749010e-01
-1.460479922126978747e-01
-1.225147306453436558e-01
-1.491443313192576114e-01
-1.732526082079857699e-01
-1.605554477777332012e-01
-1.326935898046940621e-01
-1.392142233904451187e-01
-1.637692892458289806e-01
-1.374390221666544620e-01
-1.090044904034584705e-01
-1.344350922387093361e-01
-1.286141957622021492e-01
-1.066389491315931082e-01
-1.213913797866553040e-01
-1.626250549685210045e-01
-2.067049741279333719e-01
-1.928491964470595010e-01
-1.820722445379942545e-01
-2.017157203983515612e-01
-2.175396702717989628e-01
-1.841660670470446348e-01
-1.762742583174258526e-01
-1.942700990010052808e-01
-2.059578601736575254e-01
-2.022110123652964830e-01
-2.056274247821420487e-01
-2.295607869978994187e-01
-2.201263494323938974e-01
-1.902722101192921289e-01
-1.814378775190562121e-01
-1.983100726734846886e-01
-2.136886441614478938e-01
-2.254261636640876587e-01
-2.391699125524610337e-01
-2.487399528268724735e-01
-2.617924275342374818e-01
-2.749256002251058706e-01
-2.485117845470085629e-01
-2.518682830268517137e-01
-2.536346616456285341e-01
-2.420823008054867331e-01
-2.241676695877686254e-01
-2.002979047829285264e-01
-1.843078982317820080e-01
-1.728039197856560405e-01
-1.746008367976173703e-01
-1.993867987534031216e-01
-2.275498637696728166e-01
-2.491877825697884075e-01
-2.661834547994658129e-01
-2.694510827539488562e-01
-2.648728395579382777e-01
-2.633227684302255622e-01
-2.716420923126861564e-01
-2.811808281345292704e-01
-2.990858712000772357e-01
-3.116784606827422976e-01
-3.139700107974931487e-01
-3.044184433994814865e-01
-2.868142845807596930e-01
-2.762156973360106460e-01
-2.797374753979965933e-01
-2.828497001668438537e-01
-2.843802207848057373e-01
-2.828056642552837507e-01
-2.762530257692560332e-01
-2.660655459156259783e-01
-2.588200067868456355e-01
-2.588092148071154952e-01
-2.590772372437640803e-01
-2.671837869798764364e-01
-2.718483194475993514e-01
-2.698109030490741245e-01
-2.621611305745318310e-01
-2.502923229010775574e-01
-2.406657857121899668e-01
-2.315241529839113244e-01
-2.284263263689353951e-01
-2.291701267706230394e-01
-2.253066043602302559e-01
-2.278187926160171739e-01
-2.391123461769893710e-01
-2.439561168896034471e-01
-2.519869393901899568e-01
-2.544918427476659528e-01
-2.618215985829010495e-01
-2.711372079560533388e-01
-2.816865509608760254e-01
-2.887522656703367940e-01
-2.918205093825235741e-01
-2.968440737808123453e-01
-2.976678531849756837e-01
-2.982746301451698057e-01
-2.972058569313958398e-01
-2.908791681053116696e-01
-2.830174942733719723e-01
-2.754956749500706570e-01
-2.536788203986361512e-01
-2.298057087929919473e-01
-2.066136897774413228e-01
-1.986233537318184972e-01
-2.024197221035137773e-01
-2.144386377418413814e-01
-2.188417528057470807e-01
-2.153617527568712775e-01
-1.907520462060347255e-01
-2.000707375118508935e-01
-2.535122351953759678e-01
-2.920851124683395139e-01
-2.910393323982134461e-01
-2.721678484464064018e-01
-2.452270392561331502e-01
-2.229714330518618171e-01
-2.369839500868692883e-01
-2.562885303283110039e-01
-2.412190724397078045e-01
-2.142671410227194317e-01
-1.944437442813068684e-01
-2.146667955908924397e-01
-2.506979633588343748e-01
-2.686623326037079207e-01
-2.562083682511001603e-01
-2.663962543476373068e-01
-3.034476116765290610e-01
-3.316267502028494851e-01
-2.987403378356248140e-01
-2.633243933785706647e-01
-2.734121531713754050e-01
-2.660381347406655661e-01
-2.194294363725930452e-01
-1.760755792725831326e-01
-1.703891447279602400e-01
-1.951506771612912527e-01
-2.184592809993773643e-01
-2.230214372742921058e-01
-2.233763128984719570e-01
-2.234572753775864729e-01
-2.305477519053965862e-01
-2.440403299871832243e-01
-2.701673822943121417e-01
-2.925806211773306353e-01
-2.990767749492079242e-01
-2.932984496001154184e-01
-2.832664892543107493e-01
-2.712607052642851957e-01
-2.590077542234212049e-01
-2.472996853757649660e-01
-2.415687621105462313e-01
-2.435070595238357782e-01
-2.500780595000833273e-01
-2.573180278297513834e-01
-2.576393661554902681e-01
-2.561777812894433515e-01
-2.553375855088234059e-01
-2.665650837123393901e-01
-2.789245425723493321e-01
-2.917219876311719640e-01
-2.970390173606574646e-01
-2.856085491366684437e-01
-2.649569039233029000e-01
-2.338533272035419885e-01
-2.052100126631558052e-01
-2.036014637909829561e-01
-2.321453197859227602e-01
-2.436281120404601153e-01
-2.313562164083123318e-01
-2.146549133583903202e-01
-2.021233381703496090e-01
-2.101205876097083092e-01
-2.230608360841870308e-01
-2.457658784464001600e-01
-2.542006371542811505e-01
-2.638577157631516457e-01
-2.486483850516378880e-01
-2.394259436987340450e-01
-2.118602647446095888e-01
-1.984773139469325487e-01
-2.057733024470508043e-01
-2.304196099750697724e-01
-2.442995454184710979e-01
-2.432715266011655220e-01
-2.309267698787152712e-01
-2.160300132818520069e-01
-2.116002728231251295e-01
-2.139824469573795851e-01
-2.368680820334702619e-01
-2.292212578002363332e-01
-1.805024737957864889e-01
-1.476443548221141044e-01
-1.512706684414297231e-01
-1.680148186627775375e-01
-1.899619842413812765e-01
-1.941042731050401926e-01
-1.686854336876422167e-01
-1.395587426144629661e-01
-1.527694802964106313e-01
-1.868406597757711896e-01
-2.132932048523798474e-01
-1.990020018303766958e-01
-1.625503804767504390e-01
-1.443061573663726449e-01
-1.647442927816882841e-01
-1.794983010971918647e-01
-1.681036439025774543e-01
-1.577858414733782355e-01
-1.896053554723039214e-01
-2.086483052233233937e-01
-1.781461498001590260e-01
-1.663074845680966862e-01
-1.969509311253204997e-01
-2.301222056383266934e-01
-2.297510258154943641e-01
-1.926715328590944409e-01
-1.564895010786130913e-01
-1.466961835743859355e-01
-1.512653840007260331e-01
-1.640351374866440837e-01
-1.734218617202714086e-01
-1.839294900419190526e-01
-1.797522415639832560e-01
-1.757292320253327489e-01
-1.775126585038378779e-01
-1.798562006792053525e-01
-1.869758073007687926e-01
-2.005026742583140842e-01
-2.130127038573846332e-01
-2.186570152407512069e-01
-2.181576341157779042e-01
-2.165688868379220255e-01
-2.191047217464074381e-01
-2.232552569126710351e-01
-2.292276341235265080e-01
-2.354045782005414478e-01
-2.383657045429572463e-01
-2.352807816816493980e-01
-2.325424914946779553e-01
-2.258531367173418347e-01
-2.134956242283806149e-01
-2.059993847971782199e-01
-2.069401278859004378e-01
-2.244993494590744321e-01
-2.554609374841675384e-01
-2.712064742809161544e-01
-2.571397870546207054e-01
-2.556951105361804366e-01
-2.706519167637452261e-01
-2.772446617251261847e-01
-2.850862752413377277e-01
-2.783243957674130797e-01
-2.744501497363671660e-01
-2.577510978793725593e-01
-2.392895947908982579e-01
-2.165681857382878717e-01
-2.295724037801846751e-01
-2.378949345787987057e-01
-2.595760749420151225e-01
-2.624611284350976126e-01
-2.552140103420242889e-01
-2.408827025210484862e-01
-2.422261548927053809e-01
-2.555568968644365557e-01
-2.639903295552358253e-01
-2.560064984252676257e-01
-2.332029616227373481e-01
-2.287499671569094006e-01
-2.463210234651342090e-01
-2.629146741935983189e-01
-2.744696630397811532e-01
-2.723252937430515885e-01
-2.662098105298355000e-01
-2.682253959821537248e-01
-2.660421195672825201e-01
-2.642042516963556409e-01
-2.581639175536111219e-01
-2.507110496284440382e-01
-2.464689800050109680e-01
-2.363337294664233923e-01
-2.340348490979522467e-01
-2.375943550374358948e-01
-2.362679890822619311e-01
-2.259965588804334347e-01
-2.180780922528356425e-01
-2.049270703922957126e-01
-1.974215380381792728e-01
-1.888151265215128605e-01
-1.799818293657153845e-01
-1.718478833790868521e-01
-1.744105776306241751e-01
-1.949668766465038061e-01
-2.276465970557182972e-01
-2.069739307742565759e-01
-1.886195084545761458e-01
-1.945533486548811086e-01
-2.277417133096605595e-01
-2.334819876123219728e-01
-1.864769958425313290e-01
-1.604732372332364210e-01
-1.695992120075970888e-01
-1.418119393754750379e-01
-1.260365359950810782e-01
-1.367514364887028877e-01
-1.603136063087731711e-01
-1.382400341331958826e-01
-1.023866511881351415e-01
-9.725299663841724396e-02
-1.205551020801067380e-01
-1.108984861522912951e-01
-7.264659516513347071e-02
-8.836789242923259735e-02
-1.158525023609399823e-01
-1.104176256805658313e-01
-7.933801598846912384e-02
-1.008100468665361349e-01
-1.154562089592218455e-01
-9.962239554151892940e-02
-9.913571691140532494e-02
-1.140629454515874330e-01
-1.310371442697942368e-01
-1.337131588719785158e-01
-1.129253751598298522e-01
-9.103586720302700441e-02
-8.871492492035031041e-02
-1.136780236847698689e-01
-1.018954877741634901e-01
-7.564547406509518346e-02
-6.319916667416691780e-02
-8.771465392783284187e-02
-8.240262577310204783e-02
-6.739261383190750521e-02
-4.806532794609665732e-02
-3.524256804957985600e-02
-4.865016406401991705e-02
-7.185398554429411888e-02
-8.746813302859664241e-02
-8.774600913748145659e-02
-8.121642433106898706e-02
-8.162099681794643402e-02
-9.357942063361406049e-02
-1.053889527916908320e-01
-1.098325563594698961e-01
-1.027136842720210580e-01
-9.031791882589459974e-02
-8.861017720773815831e-02
-1.023385339882224854e-01
-1.072797419037669897e-01
-1.053086744155734833e-01
-9.484708062373101156e-02
-8.517427719198167324e-02
-7.742929994128644466e-02
-7.617291589267552454e-02
-7.477450524456799585e-02
-6.886854958720504960e-02
-6.198793952353298664e-02
-5.873457943089306632e-02
-6.455366727896034995e-02
-7.771397461183368605e-02
-8.949607466347515861e-02
-9.702672068960964402e-02
-8.963473928160965720e-02
-8.912255191244185248e-02
-9.834653423167764863e-02
-1.106476178858429166e-01
-1.199374113697558586e-01
-1.123929166700690929e-01
-1.057711191009730045e-01
-1.137843492906540632e-01
-1.351484592538327034e-01
-1.566028471570461988e-01
-1.500061761122196968e-01
-1.161659463774412926e-01
-1.299525010865181796e-01
-1.460870202165097109e-01
-1.523910805117338896e-01
-1.285686833318323008e-01
-1.218695919495075969e-01
-1.443016204517334755e-01
-1.475525943096727133e-01
-1.300187227781862132e-01
-1.562985283788293489e-01
-1.834644270595163218e-01
-1.894775328692048788e-01
-1.687739585991948899e-01
-1.945553736295551062e-01
-2.265699257608503048e-01
-2.245934873353689909e-01
-2.066377378534525744e-01
-2.206905937287956532e-01
-2.591646036598831415e-01
-2.335189184639602789e-01
-1.929134898353367933e-01
-1.871027648914605490e-01
-2.216948301065713167e-01
-2.078909963835030850e-01
-2.000180967617780081e-01
-2.201512378174811657e-01
-2.227721839910373203e-01
-2.145448526134714484e-01
-2.049669375410303473e-01
-2.085670845350250657e-01
-2.277029672404751182e-01
-2.403501720866188518e-01
-2.330802475800737850e-01
-2.064037060132250245e-01
-2.209093084326013978e-01
-2.466505145421251655e-01
-2.568928410997614042e-01
-2.351439276477322038e-01
-2.424569463124498780e-01
-2.543822223087772727e-01
-2.616254469146951922e-01
-2.570179534843191616e-01
-2.473340391879901290e-01
-2.417002262314781602e-01
-2.363416881999000907e-01
-2.379180205753073096e-01
-2.338564765406772605e-01
-2.314505422255024314e-01
-2.239694269141182248e-01
-2.199203977128490750e-01
-2.186496106674894746e-01
-2.180734725436195842e-01
-2.212510356446727999e-01
-2.173177884658798464e-01
-2.203456741990521550e-01
-2.259637681068852599e-01
-2.246753973187878839e-01
-2.277438760967925302e-01
-2.280655847163871042e-01
-2.356815831037238351e-01
-2.368920251959934775e-01
-2.396603182191029136e-01
-2.438391600036993734e-01
-2.469853694783523679e-01
-2.481806363211944699e-01
-2.419276125030592195e-01
-2.321923188166692964e-01
-2.293266779975965675e-01
-2.299424580531194695e-01
-2.419350358890369479e-01
-2.414188924478367082e-01
-2.260461232857778613e-01
-2.064125768141820971e-01
-1.979131190688349362e-01
-2.184785352670587655e-01
-2.433953363099135569e-01
-2.181165076442994066e-01
-1.807676367112435456e-01
-1.910735807963646893e-01
-2.255164079018868450e-01
-2.106059122481383494e-01
-1.918221324332989863e-01
-2.109431095072068219e-01
-2.081736668595112749e-01
-1.807310508214868550e-01
-1.803070265450514853e-01
-2.141307662823237479e-01
-1.905093388282693978e-01
-1.603440405451692641e-01
-1.710035042488016188e-01
-1.904421494924463387e-01
-1.517726109945215229e-01
-1.242250242852605824e-01
-1.298110028379596825e-01
-1.485716970288194771e-01
-1.418588075437582918e-01
-1.002905036904849084e-01
-1.050987903610803159e-01
-1.170019522891379837e-01
-1.009117127046920415e-01
-9.557842524955048602e-02
-1.221591486246325076e-01
-1.257011009962298032e-01
-1.147459688247181447e-01
-9.788562158355489096e-02
-9.078438138822093884e-02
-1.041858029901050059e-01
-1.120530306710861568e-01
-1.113512241630814914e-01
-1.022423138259909992e-01
-9.725792085519061048e-02
-9.547141393413767496e-02
-9.745158938458189923e-02
-9.561426279833540320e-02
-8.142485445132478794e-02
-7.480224346509203870e-02
-6.783275654306634983e-02
-6.660895844688638490e-02
-6.020012361695990105e-02
-5.443083284189924320e-02
-4.815612410893663903e-02
-5.153444682946428657e-02
-5.864557711174711585e-02
-6.594131732126698453e-02
-7.890115970512852350e-02
-7.024899044772610346e-02
-7.331989941885694306e-02
-7.643141396110877950e-02
-9.111588246887550313e-02
-9.342127240961417556e-02
-9.060972355073318441e-02
-8.424795133760198951e-02
-7.986055550863965791e-02
-8.935788361122831702e-02
-9.686158610275015513e-02
-8.949272459140047986e-02
-8.026326237013563236e-02
-7.292022606125100892e-02
-7.055718017509207685e-02
-7.516825211932882944e-02
-8.232489604270085137e-02
-7.174950692569836974e-02
-5.834907483076676865e-02
-5.459531316300854364e-02
-6.573801258346065324e-02
-8.595566743751988092e-02
-9.692019441863522489e-02
-9.624092833837494254e-02
-8.583613963564858118e-02
-7.315707685193047205e-02
-8.232567155500873646e-02
-1.092590636922977920e-01
-1.266275414614938255e-01
-1.262552402913570404e-01
-1.035845052450895254e-01
-8.725642897188663760e-02
-1.282898817211389486e-01
-1.676580924540758133e-01
-1.373113499954342898e-01
-8.352611903101206381e-02
-9.304549563676119128e-02
-1.195909013971686308e-01
-1.068482536822557422e-01
-1.008441187441349030e-01
-1.190892539918422671e-01
-1.195107059553265627e-01
-1.150765957310795756e-01
-1.594363989308476559e-01
-1.962683307006955202e-01
-1.773709366098046303e-01
-1.464063884690403883e-01
-1.662363776937127169e-01
-1.877152958884835132e-01
-1.859936030581593458e-01
-1.729131871834397316e-01
-1.750106595456600300e-01
-1.967533864080905914e-01
-1.854500517249107472e-01
-1.919101569801568985e-01
-2.360462043434381485e-01
-2.612156864255666955e-01
-2.423218157142400797e-01
-2.299727845937013515e-01
-2.291037812829017639e-01
-2.373554591089487020e-01
-2.424934538081288393e-01
-2.243650423362851254e-01
-2.108291490003466606e-01
-2.024369928985834122e-01
-2.055881474167108591e-01
-2.190309448167681583e-01
-2.377665778622031212e-01
-2.463767943903803770e-01
-2.474098531529307365e-01
-2.523352364078164101e-01
-2.558654224500059859e-01
-2.608247490599751583e-01
-2.644353790208697208e-01
-2.645232463255524635e-01
-2.585407575592398866e-01
-2.514382300898432843e-01
-2.553230373188853375e-01
-2.646748026832937972e-01
-2.632272994145751221e-01
-2.465559547767043058e-01
-2.464290901087224372e-01
-2.436370636336505358e-01
-2.478062844835221823e-01
-2.380842677317559775e-01
-2.262869103811681326e-01
-2.094659443013369982e-01
-2.028656463138759081e-01
-2.131485682912170887e-01
-2.294096899218857344e-01
-2.343889777548611164e-01
-2.377225824631750695e-01
-2.322512389160692747e-01
-2.324985285289585535e-01
-2.407462178729474489e-01
-2.510981692932546250e-01
-2.530442602001130581e-01
-2.550821308977901936e-01
-2.548299980349838512e-01
-2.509465496055781619e-01
-2.439963163807988278e-01
-2.372084503993391880e-01
-2.303854698315262739e-01
-2.223172733560204450e-01
-2.114647733047604616e-01
-2.005162062123417854e-01
-1.862601594999432619e-01
-1.781909013167023714e-01
-1.814746946096420233e-01
-1.863718518987297901e-01
-1.830969123169779722e-01
-1.639224996790289990e-01
-1.430046601220965330e-01
-1.373255239799618665e-01
-1.799169410020113047e-01
-2.071297641843557469e-01
-1.932218749076128061e-01
-1.723796740174293463e-01
-1.720982694998383633e-01
-2.121360039338469616e-01
-2.089268622919916996e-01
-1.900434650480747334e-01
-1.617650821805000361e-01
-1.429225591942668017e-01
-1.424289805814623888e-01
-1.544649159535765592e-01
-1.506677372381091118e-01
-1.400862647220492418e-01
-1.271793728694319836e-01
-1.139271905645728167e-01
-1.120116135105490712e-01
-1.192245461046695654e-01
-1.077703379094600705e-01
-1.006217934191226959e-01
-8.898666948080062589e-02
-7.183816237375140190e-02
-5.728400917723774910e-02
-6.347180129960179606e-02
-9.345230357721448500e-02
-8.917737435549497049e-02
-7.333421651273966391e-02
-7.600235398858785907e-02
-9.254802372306585034e-02
-1.035092202946543694e-01
-1.038783377036452266e-01
-8.912491109222173136e-02
-8.842196315526962280e-02
-8.751554712653160373e-02
-8.426982238888740262e-02
-7.989631518721580783e-02
-7.107157073915004730e-02
-6.548343147151172716e-02
-6.445395420305430334e-02
-5.953081692568958083e-02
-5.859511042945086956e-02
-6.232833820395171365e-02
-6.291088717989623547e-02
-6.060746493749320785e-02
-6.655598874203860760e-02
-8.803022424690425118e-02
-8.480686503462493697e-02
-8.059449405409395417e-02
-8.018323113210498732e-02
-7.822337676770985126e-02
-9.284139205701649744e-02
-1.057324603665620033e-01
-1.244464911986142425e-01
-1.316796310711652040e-01
-1.313061040360480602e-01
-1.039257761556655196e-01
-8.701669541187584400e-02
-9.775888142175973017e-02
-9.577309363521635532e-02
-9.615946453996002119e-02
-1.035521360579878120e-01
-9.270394765771924894e-02
-6.657166802324354649e-02
-7.102919486351311207e-02
-8.508093436248601038e-02
-8.757122089155018607e-02
-7.977725132368504446e-02
-7.364892805926501196e-02
-7.592159244231880266e-02
-8.695025811903178692e-02
-1.110306314658373594e-01
-1.319977744948118981e-01
-1.440855755936354399e-01
-1.433751239906996544e-01
-1.350615724455565270e-01
-1.326993874739855472e-01
-1.466668307315558140e-01
-1.663052387069910709e-01
-1.745736605953425169e-01
-1.660920656751841418e-01
-1.268490741495043039e-01
-1.156883085612207679e-01
-1.499676550272852071e-01
-1.827413166407495793e-01
-1.885774897877126877e-01
-1.516788723412901274e-01
-1.569102270994335302e-01
-1.773434043396264204e-01
-1.899335798341780790e-01
-1.909642871003597864e-01
-1.665596115868538674e-01
-1.352851558011025079e-01
-1.335236323531717173e-01
-1.619014730211347231e-01
-1.950175744947046097e-01
-2.167230722960084566e-01
-2.231011418160050996e-01
-2.222657313104718924e-01
-2.462351511698216144e-01
-2.598231406416743883e-01
-2.625532745849341043e-01
-2.718540166039019601e-01
-2.730906891170888917e-01
-2.450537445489317234e-01
-1.982978718820959385e-01
-2.002847938332706634e-01
-2.312125726137310155e-01
-2.461680928710848204e-01
-2.474321747664362248e-01
-2.460007003042846974e-01
-2.581112599465996138e-01
-2.831971300765872002e-01
-2.825056189671159013e-01
-2.702595235779881588e-01
-2.505506547167897224e-01
-2.285680847242474445e-01
-2.108756182715296745e-01
-2.088332230690866653e-01
-2.125361374113708679e-01
-2.264870612416416407e-01
-2.403387180063873418e-01
-2.514111871365457551e-01
-2.721684391144663095e-01
-2.833459908608347289e-01
-2.804491961840540060e-01
-2.588480266276746988e-01
-2.612555580679327139e-01
-2.650225723627954721e-01
-2.516483767423778883e-01
-2.397666892502456903e-01
-2.208024476189166252e-01
-2.176432822365313713e-01
-2.190674651879817303e-01
-2.255639038514345995e-01
-2.241319180931896082e-01
-2.380869382526725475e-01
-2.444087335374206249e-01
-2.305097696837037913e-01
-2.292382731568068377e-01
-2.190624525304883663e-01
-1.962550600524991806e-01
-1.902252325322479065e-01
-2.134832744952291361e-01
-2.248665404971688930e-01
-2.241015372332185451e-01
-2.285007657948881499e-01
-2.343945319298654795e-01
-2.372107033152133226e-01
-2.449610356707125902e-01
-2.432543296832591351e-01
-2.312642992008477338e-01
-2.171885349322110470e-01
-2.058088966179639212e-01
-2.029880550224333891e-01
-2.087704282719641813e-01
-2.155368049163371436e-01
-2.078570047859102377e-01
-1.968618216458707937e-01
-1.789453680161386673e-01
-1.708582779858261458e-01
-1.696075223386287745e-01
-1.699702039361000172e-01
-1.602255661040544454e-01
-1.427666028961539213e-01
-1.243529265746474294e-01
-1.258273165673017557e-01
-1.648380093276500813e-01
-1.633372901007533184e-01
-1.336513752117753084e-01
-1.348231551237404346e-01
-1.769323517568409387e-01
-1.808096663095057066e-01
-1.602404660545289627e-01
-1.205184898339211885e-01
-9.633959205821156224e-02
-9.263657303526998121e-02
-1.012377192266285392e-01
-1.143056360073387567e-01
-9.857194637879729271e-02
-8.522188300266861360e-02
-1.176777872256934698e-01
-1.059651697985827951e-01
-6.377409799024462422e-02
-7.773157609626650533e-02
-1.115629981271922533e-01
-9.597718324512242993e-02
-5.638369377702474872e-02
-2.645393889397382875e-02
-1.515424791723489831e-02
-3.948899898678064069e-02
-5.292394701391458373e-02
-5.017276317812502384e-02
-4.722431213594972810e-02
-5.091154249384999275e-02
-6.850558267906307897e-02
-8.717857310548424166e-02
-9.934046911075711250e-02
-8.974145809188485701e-02
-7.499263891950250227e-02
-5.554327862337231358e-02
-3.658058168366551399e-02
-3.724071951583027978e-02
-5.073000760748982291e-02
-5.893791960552334508e-02
-5.657136710360646109e-02
-4.607330998405814032e-02
-4.517619675025343756e-02
-4.901731135323643407e-02
-5.821703793480992317e-02
-4.812517585232854028e-02
-3.490122174844145775e-02
-3.081325059756636481e-02
-4.466917505487799644e-02
-6.503581963479518335e-02
-6.389010809361934939e-02
-6.100547425448894778e-02
-6.766225807368755896e-02
-7.584890797734260282e-02
-8.668810240924358645e-02
-1.018904551863670377e-01
-1.080303288996219691e-01
-1.000647809356451090e-01
-9.448404149152338227e-02
-8.623765171505511085e-02
-8.991520018316805085e-02
-8.643112550489603918e-02
-8.465694072656333724e-02
-7.891660998575389385e-02
-7.458857516758143902e-02
-7.475921730510889929e-02
-7.373325559310614508e-02
-7.689793161116539877e-02
-7.485004491172730923e-02
-7.472319505177438259e-02
-7.552267103455960473e-02
-7.336731194518505972e-02
-8.511129054240881842e-02
-9.651698279194534380e-02
-1.156002591829747017e-01
-1.253559823613613899e-01
-1.255289629567414578e-01
-1.250489559490233771e-01
-1.270462632644921430e-01
-1.306541525293141714e-01
-1.396117397118359915e-01
-1.375513533595949522e-01
-1.102299111429601852e-01
-1.278505901340395157e-01
-1.660778524819761515e-01
-1.654941667336970457e-01
-1.177736130077391835e-01
-1.169863217044621734e-01
-1.389412258286029100e-01
-1.624050859827548265e-01
-1.628989138174802009e-01
-1.425123997498303763e-01
-1.227891502436250504e-01
-1.234287334140390102e-01
-1.566169676836580149e-01
-1.879309659358114060e-01
-1.642227945383638033e-01
-1.700372052844613679e-01
-2.082534487824886926e-01
-2.027818105649203118e-01
-1.846730999182909783e-01
-2.024366270285099800e-01
-2.179049077909439858e-01
-2.188453431706875452e-01
-2.193370734807103817e-01
-2.032289480324834530e-01
-2.061597873922437485e-01
-2.296096102800220251e-01
-2.419078753795474712e-01
-2.431143916212022416e-01
-2.368864892981946413e-01
-2.346420424990355857e-01
-2.374556024558842071e-01
-2.446664859540760573e-01
-2.405570362694561537e-01
-2.349288859404623508e-01
-2.343798239715397247e-01
-2.335040447302162703e-01
-2.303418126888573114e-01
-2.376890507526695784e-01
-2.405165550298988819e-01
-2.480162019841372911e-01
-2.498545355163514503e-01
-2.585803207941353432e-01
-2.713226784951984771e-01
-2.866245723329484685e-01
-2.832388713024556748e-01
-2.662319681607187016e-01
-2.444923247210681327e-01
-2.312177482061087974e-01
-2.445865790359675884e-01
-2.558184626512229332e-01
-2.424743945710360893e-01
-2.292900971136987154e-01
-2.290857619605958517e-01
-2.340878288261592499e-01
-2.431663549505174160e-01
-2.481378152035176865e-01
-2.336351827252656221e-01
-2.149095826316624880e-01
-2.052806450519710779e-01
-2.242821515072137006e-01
-2.383539591450244133e-01
-2.471467726398259290e-01
-2.350169122684747092e-01
-2.260758040938526392e-01
-2.321094608400016968e-01
-2.425761770922690574e-01
-2.534643721301108599e-01
-2.486159079242497572e-01
-2.396853700745850690e-01
-2.356114196125417837e-01
-2.321583362761884817e-01
-2.235455274116247837e-01
-2.149028773885220400e-01
-2.095236129593104069e-01
-2.006440376862883568e-01
-1.917585542425513379e-01
-1.870052296668291147e-01
-1.906354362145066261e-01
-1.834693269804120175e-01
-1.764977583661675453e-01
-1.790954658761620411e-01
-2.046688059344887733e-01
-2.005370059981942121e-01
-1.723568089306354578e-01
-1.644333660602569636e-01
-1.884775571525096893e-01
-2.085315730422735159e-01
-1.786481898277997860e-01
-1.543637143447995075e-01
-1.641537239775061607e-01
-1.785055235959589481e-01
-1.735388697125017643e-01
-1.469684024341404438e-01
-1.239186302758753244e-01
-1.172686324454843970e-01
-1.360063903965055832e-01
-1.523341278545558564e-01
-1.198097079060971709e-01
-9.150032540783285817e-02
-1.185067976824939195e-01
-1.072648826055228738e-01
-8.219048557803035338e-02
-8.667692290619015416e-02
-1.108978901989758070e-01
-1.015546319074928788e-01
-6.768940808251500130e-02
-6.391112757846713344e-02
-8.487438773736358244e-02
-8.610313152894377708e-02
-7.485953336581588347e-02
-6.349444175139069835e-02
-7.273896830156445503e-02
-8.229893734678625505e-02
-7.558815842494367998e-02
-6.616808800026774406e-02
-8.050345806404948790e-02
-8.384519247338176329e-02
-6.372494539245962542e-02
-5.487053543329238614e-02
-5.832566395401954373e-02
-5.802832916378974915e-02
-4.785185968503356119e-02
-3.516945084556936940e-02
-2.143674762919545174e-02
-2.385090189054608206e-02
-3.831332605332136293e-02
-5.597129408270120482e-02
-8.290451634675263803e-02
-6.800957340747118551e-02
-5.663565527647733411e-02
-6.584526430815458575e-02
-9.407682288438082296e-02
-8.519568108022212982e-02
-8.779339529573917944e-02
-7.888063266873360235e-02
-6.249319911003112932e-02
-8.258090764284134466e-02
-1.107124164700508118e-01
-1.140849938616156634e-01
-9.870700389146805365e-02
-8.441594466567040045e-02
-7.436949163675307672e-02
-7.586845420300961096e-02
-8.541959878057241162e-02
-8.859153594821692068e-02
-8.367695305496454516e-02
-8.053557900711894035e-02
-8.411168521270155629e-02
-8.683797875419259349e-02
-8.932796446606516838e-02
-8.271604096516967097e-02
-9.580276329070329389e-02
-1.156638836488127764e-01
-1.256533944979310036e-01
-1.335322247818112318e-01
-1.338697807863354627e-01
-1.273430097848176901e-01
-1.313758317381143459e-01
-1.465482633560895864e-01
-1.547702766954898723e-01
-1.424297571182250866e-01
-1.091857478022575378e-01
-1.205350898206234006e-01
-1.602730184793472179e-01
-1.810925576835870632e-01
-1.587189421057701166e-01
-1.343511100858449936e-01
-1.661942336708307211e-01
-1.954852115362882559e-01
-1.953143628314137348e-01
-1.792614005506038555e-01
-1.567881591618061066e-01
-1.594289388507604543e-01
-1.677664346992969457e-01
-1.857812002301216237e-01
-1.870835766196251027e-01
-1.791072152554988861e-01
-2.144662987440824620e-01
-2.336408155038952883e-01
-2.057601189240813311e-01
-2.315307045355439186e-01
-2.659658240154385567e-01
-2.477411555126309284e-01
-2.168462136760354042e-01
-2.285984175279736630e-01
-2.630969451740384213e-01
-2.679133225232362969e-01
-2.502139233052730338e-01
-2.450436994433403126e-01
-2.493334949016570989e-01
-2.591455325484275929e-01
-2.471261236816644780e-01
-2.375875221565365847e-01
-2.469940548762679100e-01
-2.668523674830794445e-01
-2.602330347523093002e-01
-2.532751550897955894e-01
-2.618762651458382829e-01
-2.655206463299691899e-01
-2.641958995722234471e-01
-2.649003393016755581e-01
-2.604758750647306331e-01
-2.495304863899946157e-01
-2.631756687536835893e-01
-2.801625555381178634e-01
-2.917374056763947232e-01
-2.761143975891172664e-01
-2.444615154527127743e-01
-2.585611260496080144e-01
-2.682146302424371354e-01
-2.571856836788356526e-01
-2.152723426930606421e-01
-2.143373676575720255e-01
-2.146647759713232462e-01
-2.328481481410563103e-01
-2.598688234575092793e-01
-2.475587760098278411e-01
-2.215784342028200571e-01
-2.207426232285797651e-01
-2.307757700793445221e-01
-2.369386338628828581e-01
-2.324039642699062824e-01
-2.268158630467951298e-01
-2.163876579143106937e-01
-2.112592921592295059e-01
-2.196532231755554676e-01
-2.245660558342933710e-01
-2.154537204653024784e-01
-2.078718123957514763e-01
-2.058071421459317096e-01
-2.153023658320307732e-01
-2.001028159633278791e-01
-1.641041750088333973e-01
-1.872472966089844815e-01
-2.249845186248421725e-01
-2.167119143530726322e-01
-2.026563441380858366e-01
-1.867426393553614505e-01
-2.047951353713869938e-01
-1.949522906914353260e-01
-1.647329682484269253e-01
-1.712377766147255842e-01
-1.762171173468232155e-01
-1.538611443713307492e-01
-1.478971855714917294e-01
-1.815880661830306109e-01
-1.964239085093140713e-01
-1.597469555214047487e-01
-1.591574836522340886e-01
-1.861591348424553871e-01
-1.544996175915002712e-01
-1.397122506052255742e-01
-1.682103898376226536e-01
-1.699694402515888325e-01
-1.374839030206203572e-01
-1.587253905832767542e-01
-1.425419360399246271e-01
-1.230580639094114304e-01
-1.281931770965457074e-01
-1.460577705875039101e-01
-1.259194409474730381e-01
-8.862478267401456555e-02
-1.171616619452834074e-01
-1.309340832754969652e-01
-1.065123667940497398e-01
-9.069349858909844797e-02
-8.993738684803247174e-02
-9.263030197471380789e-02
-9.878208320587873736e-02
-1.012902621179819079e-01
-9.482965953648089807e-02
-8.817690573632716577e-02
-8.750746957957744598e-02
-9.564541224390268881e-02
-1.214137518778443392e-01
-1.017509171739220675e-01
-7.377429399639368057e-02
-6.922398307360708158e-02
-9.705828246660530567e-02
-9.012467083521187583e-02
-6.453664866276084822e-02
-5.140637909062206745e-02
-7.548952330835163871e-02
-7.557987594045698088e-02
-9.470321224071084898e-02
-8.794570812024175843e-02
-7.640849784947931211e-02
-6.927414913661777973e-02
-6.929226000793278772e-02
-7.681494844146072309e-02
-8.676286120899021070e-02
-9.826929247938095968e-02
-9.782296787016094008e-02
-9.097185838036239702e-02
-8.993531498126686174e-02
-9.174024346284567755e-02
-9.667368526570499498e-02
-9.654096621088684160e-02
-8.596620368771254461e-02
-7.735552950762211721e-02
-8.079559388570486944e-02
-8.817071220837532919e-02
-9.628979135304689685e-02
-1.117335597053170232e-01
-1.286749282851815113e-01
-1.258854413405060824e-01
-1.194900538772344645e-01
-1.375249881297349874e-01
-1.557487431913614218e-01
-1.556044740602374188e-01
-1.359676999971270450e-01
-1.366033984348177799e-01
-1.670518284663558006e-01
-1.576431116089224704e-01
-1.366993537172675188e-01
-1.635369805619120709e-01
-1.874741261824965366e-01
-1.983799165114760454e-01
-1.709004772827029117e-01
-1.851890560239553563e-01
-2.219509080052375904e-01
-2.054496394470333998e-01
-1.716784412041306440e-01
-1.788851132616400830e-01
-1.986245455220341793e-01
-1.868970306590199415e-01
-1.895476179197430611e-01
-2.284481802955269925e-01
-2.314036548137664850e-01
-2.074774689972400665e-01
-2.405483454465865978e-01
-2.588615152984857781e-01
-2.230082992464303970e-01
-2.158150478266179506e-01
-2.327669071964919567e-01
-1.994924227707088049e-01
-2.149029466323554571e-01
-2.342033742927014939e-01
-2.303319717757403851e-01
-2.139307252131402437e-01
-2.295821834355592783e-01
-2.516665015369653480e-01
-2.180804509669542202e-01
-1.964451920241117588e-01
-2.109494317322969381e-01
-2.151328697800636292e-01
-2.093123731669038479e-01
-2.052452923264354578e-01
-2.065665641333907787e-01
-2.170819330494850874e-01
-2.275033209007233381e-01
-2.266450453083962147e-01
-2.327930464874952976e-01
-2.355829638894647304e-01
-2.131563556846231278e-01
-2.156759673263877741e-01
-2.256701359059661571e-01
-2.170996383763849624e-01
-1.884011869318783228e-01
-1.946163159795105402e-01
-2.113833372481167261e-01
-2.152684201486408655e-01
-2.083132774569094181e-01
-2.166275423951447010e-01
-2.082132098264992126e-01
-2.183413774706423338e-01
-2.662023098208010086e-01
-2.605825685895979404e-01
-2.270462938584387191e-01
-2.090820440091192833e-01
-2.360264875926077477e-01
-2.602449495345354191e-01
-2.427845479920506533e-01
-2.279896384105086216e-01
-2.253326890990137998e-01
-2.412884095683693886e-01
-2.307295082136988640e-01
-2.001695683225989397e-01
-2.198625212535262052e-01
-2.334517784416675623e-01
-1.968999035656452123e-01
-1.742870008572935947e-01
-2.180525669362395891e-01
-2.185064667370170410e-01
-1.886827745940536372e-01
-1.789938077796250637e-01
-1.821028291713446268e-01
-1.911751828622073046e-01
-1.979879632126539946e-01
-1.984399819280952271e-01
-1.913647645618766491e-01
-1.830183287616819199e-01
-1.878939611371606699e-01
-1.709166602697223536e-01
-1.281482474412768968e-01
-1.498257310595363379e-01
-1.690476843621581682e-01
-1.611939968075603302e-01
-1.568478935863822643e-01
-1.649833339732140192e-01
-1.597276569809764624e-01
-1.573167558293789570e-01
-1.596886965911835377e-01
-1.547308973502367624e-01
-1.305434874724596683e-01
-1.104133059736341210e-01
-9.752786806784570495e-02
-1.099101675208657980e-01
-1.171782267745584277e-01
-1.193166529294103356e-01
-1.270517205353826340e-01
-1.423849278595298584e-01
-1.639880040194839350e-01
-1.708597263786941767e-01
-1.622348918113857563e-01
-1.404255589935928528e-01
-1.228512911591678886e-01
-1.186800278257578584e-01
-1.341385755222290754e-01
-1.409052937757223900e-01
-1.479844058398157303e-01
-1.558674233499914297e-01
-1.672294667456299122e-01
-1.674221770372241735e-01
-1.689090469386428650e-01
-1.642714345362037420e-01
-1.658560311421752032e-01
-1.570249883458018358e-01
-1.368703221902251299e-01
-1.178142270073294640e-01
-1.136466598138213130e-01
-1.377687824890017620e-01
-1.631788285449147224e-01
-1.666253993287682422e-01
-1.556266268715262302e-01
-1.578069963492453043e-01
-1.621913860552012809e-01
-1.755760098807513658e-01
-1.864812142215669100e-01
-1.956254384480416719e-01
-2.037949166260659695e-01
-2.155274189077317770e-01
-2.123100160621106680e-01
-2.071066500619053730e-01
-1.929135689511895235e-01
-1.845971958711743466e-01
-1.538155877962708584e-01
-1.676672743633389473e-01
-1.884664988145232090e-01
-1.918204272165894564e-01
-1.599005053751170746e-01
-1.434743951074778923e-01
-1.669934988953173105e-01
-1.787000388838350662e-01
-1.707462980411946774e-01
-1.532193831168115195e-01
-1.725928536616265774e-01
-2.259752309881150611e-01
-2.296958974562585409e-01
-2.222411363385617677e-01
-2.520418359898030647e-01
-2.780575786717235931e-01
-2.385246840305626503e-01
-2.360976365394890364e-01
-2.423186694271862451e-01
-2.405744487419724520e-01
-2.337194678373634704e-01
-2.187607617117464653e-01
-2.128559821285307407e-01
-2.229774107225239166e-01
-2.527501304633915646e-01
-2.804759097285568492e-01
-2.768498440273106098e-01
-2.791079335846006759e-01
-3.033526944927871227e-01
-2.662286865524947643e-01
-2.440597486682236084e-01
-2.529969883151352295e-01
-2.625209241174161212e-01
-2.432199939154088553e-01
-2.312944692559540383e-01
-2.372895528562367073e-01
-2.613139410503208526e-01
-2.931950693018734455e-01
-3.192669321782887204e-01
-3.307317047379910724e-01
-3.312633256427943707e-01
-3.187643292360007874e-01
-3.087081023491918819e-01
-3.077099193818867429e-01
-3.000150825828313828e-01
-2.872062567621469498e-01
-2.638043720275163873e-01
-2.476083748042583466e-01
-2.469165623188018799e-01
-2.674540303647517936e-01
-2.948922164738178031e-01
-3.044713626615703217e-01
-2.935384537093341240e-01
-2.818182031624019146e-01
-2.774073096923529991e-01
-2.903357292525470257e-01
-2.999586346559226513e-01
-3.013426847988739388e-01
-2.820297479862347023e-01
-2.601801678771152870e-01
-2.428722387412562966e-01
-2.469571729423478135e-01
-2.706475530983880051e-01
-2.902119537116959469e-01
-3.024143752874806634e-01
-2.918219230370596162e-01
-2.733872548909858091e-01
-2.692202196689322813e-01
-2.767824081005528791e-01
-2.874794846633449419e-01
-2.945119045907631516e-01
-2.858344447100534813e-01
-2.598406534874811991e-01
-2.320683699334040173e-01
-2.237659778678789679e-01
-2.342825014377012960e-01
-2.444747567409649436e-01
-2.415258170338347443e-01
-2.341396880568936412e-01
-2.218736925395205506e-01
-2.131915721343830283e-01
-2.178306560264900438e-01
-2.267040650593116768e-01
-2.283731860341504105e-01
-2.192392256343737300e-01
-2.084199846023693792e-01
-2.065723338397219833e-01
-2.138625473948195521e-01
-2.291035342263057772e-01
-2.401735971914604195e-01
-2.387088666902855150e-01
-2.159177794354036339e-01
-1.933990619378164466e-01
-1.812715566949918977e-01
-1.894893280463293139e-01
-1.998820507200434748e-01
-2.011597980977967437e-01
-1.795945492805913202e-01
-1.643167545320466105e-01
-1.832861305447295308e-01
-2.231500224443152547e-01
-2.151589234592393152e-01
-1.797419605078175719e-01
-1.730344158830121049e-01
-1.692306396784260814e-01
-1.656147119821980707e-01
-1.191515540005639168e-01
-1.018222999991849065e-01
-1.187793690012767939e-01
-1.485767412232235074e-01
-1.415314969839528147e-01
-1.381388349691405892e-01
-1.659308534348383490e-01
-2.003230091417208258e-01
-1.922709774458780940e-01
-1.692578353220596799e-01
-1.742853038245812114e-01
-1.741829760605469457e-01
-1.328504033619538061e-01
-8.820435109082609693e-02
-6.750356743577867746e-02
-7.650202179793268165e-02
-9.744695632252842188e-02
-8.748082539532334168e-02
-8.345795527566224337e-02
-9.618794799316673916e-02
-1.256951081799343173e-01
-1.401146932737901696e-01
-1.360245171235874295e-01
-1.087983425008132998e-01
-7.456252083647996187e-02
-6.277360573876648864e-02
-6.240838982630521337e-02
-5.798336223233491182e-02
-4.390410885680466613e-02
-4.200855821836739501e-02
-7.065214284230023067e-02
-9.594805529341102202e-02
-9.944732775911688250e-02
-1.260797559283673708e-01
-1.481278984807431753e-01
-1.613840077072382084e-01
-1.547957472503185272e-01
-1.381296437233686392e-01
-1.109411772340536118e-01
-9.687210265547037402e-02
-9.005395844578742426e-02
-9.595037326216697415e-02
-1.073887094855308505e-01
-8.908269032835960943e-02
-6.560334600508213598e-02
-8.046068474650383551e-02
-1.032958947122097071e-01
-1.097511786967515918e-01
-1.053207900375127820e-01
-8.913302905857563296e-02
-7.955599352717399042e-02
-9.100963994860648831e-02
-1.165010500699281693e-01
-1.330887548625469263e-01
-1.408562095835804995e-01
-1.303629970178007969e-01
-1.313158558681607191e-01
-1.461691591888666097e-01
-1.684729937463998739e-01
-1.762758024036884252e-01
-1.714251832105219420e-01
-1.582818535156547968e-01
-1.454871663823723849e-01
-1.381019892171025387e-01
-1.317487495020031874e-01
-1.348789814859628622e-01
-1.364003859460353740e-01
-1.365695446729660034e-01
-1.342300172895193044e-01
-1.287704352289438248e-01
-1.197111872956156675e-01
-1.337200621142983492e-01
-1.641950914636254311e-01
-1.653995433822274264e-01
-1.389904933050274960e-01
-1.497511368244886509e-01
-1.778042295947671048e-01
-1.845868686214089394e-01
-1.793463574722409248e-01
-1.671716417185962200e-01
-1.980119979940354880e-01
-2.153475916944444235e-01
-2.228678307496011202e-01
-2.113131082616746537e-01
-2.224882165901362896e-01
-2.221786263398826122e-01
-1.871950413100421373e-01
-1.639870387502014581e-01
-1.866215515881776699e-01
-1.998974036425352208e-01
-1.708388332277536448e-01
-1.599530521780252457e-01
-2.055466342717409134e-01
-2.644563246518373267e-01
-2.944391179829836114e-01
-2.848300803452730179e-01
-2.691615756601095089e-01
-2.790120881050824897e-01
-2.824911642353981622e-01
-2.648172843735664972e-01
-2.380878682713955530e-01
-2.317832972388714496e-01
-2.414777691941708271e-01
-2.682830903213471174e-01
-2.985234755557030217e-01
-3.094579804223031028e-01
-3.079441289883106947e-01
-3.100800480227917655e-01
-3.240992884617298619e-01
-3.204344141297042481e-01
-2.747120487503707520e-01
-2.328174400143325218e-01
-2.378738821484148447e-01
-2.393790149129927103e-01
-2.428026312030851785e-01
-2.323461771942675058e-01
-2.248226406984031311e-01
-2.395608051680028494e-01
-2.693052648566663376e-01
-2.860901533626020177e-01
-2.824718764983117358e-01
-2.610534458421170934e-01
-2.448201856575906166e-01
-2.641732982359826787e-01
-2.888475730083882587e-01
-2.759385474957525841e-01
-2.631519851274788380e-01
-2.635765955783426762e-01
-2.803382360376417415e-01
-2.935595774091780408e-01
-2.916510709561407344e-01
-2.743890889920294063e-01
-2.538704392965883128e-01
-2.437840742524713389e-01
-2.552666650619357935e-01
-2.630820748861878999e-01
-2.369147641118615755e-01
-2.137301047798246256e-01
-2.262922992464155014e-01
-2.219394560437649433e-01
-1.990564036648720392e-01
-2.253308034967630991e-01
-2.496452564839273802e-01
-2.252329009119421188e-01
-2.282963587436825093e-01
-2.532329731155186781e-01
-2.445305165369063560e-01
-2.314331185538321678e-01
-2.304982632864266689e-01
-2.369734555948525556e-01
-2.184592815581709035e-01
-2.050468883011490051e-01
-2.342213949654251282e-01
-2.173350196797400602e-01
-1.932724345941096433e-01
-1.794566007796674911e-01
-1.866136145312339012e-01
-1.974730652291327715e-01
-1.616855670232325848e-01
-1.460788245778530947e-01
-1.517385704908519872e-01
-1.625280691776424535e-01
-1.672216592822223791e-01
-1.560421718750149012e-01
-1.536260957363992929e-01
-1.602763013448566254e-01
-1.717897602822631709e-01
-1.684413370210677274e-01
-1.699435878079384454e-01
-1.774648324120789711e-01
-1.840143602807074730e-01
-1.594503436703234855e-01
-1.287434433121234234e-01
-1.157613751012831899e-01
-1.183426019269973040e-01
-1.242288884241133928e-01
-1.206838790792971877e-01
-1.237034228164702598e-01
-1.291970212943852059e-01
-1.386671916581690422e-01
-1.396182366646826212e-01
-1.250767362304031904e-01
-1.176351518370211124e-01
-1.272655882872641142e-01
-1.424342953599989359e-01
-1.309221685864031259e-01
-1.225568619556725025e-01
-1.260304604656994343e-01
-1.495190863497555256e-01
-1.614526083227247055e-01
-1.591972967144101858e-01
-1.891615157481282838e-01
-1.818561903666705004e-01
-1.554664819967001566e-01
-1.810461416374891941e-01
-1.868171758484095391e-01
-1.766745062079280726e-01
-1.615273260977119207e-01
-1.566691087093204371e-01
-1.672471569385379497e-01
-1.859975570347160156e-01
-2.035500397440045961e-01
-1.975741993170231636e-01
-1.845446146558970268e-01
-1.885965473484247923e-01
-2.048807395156472810e-01
-2.231269621755927746e-01
-2.353612491395324358e-01
-2.295851720031350796e-01
-2.248296276200562605e-01
-2.315932654310017824e-01
-2.482285880018025581e-01
-2.541472207754850166e-01
-2.494895476847887039e-01
-2.312921296805143245e-01
-2.368554200977087132e-01
-2.795317005366086960e-01
-2.924668308347463386e-01
-2.643994599580764548e-01
-2.616784626618027798e-01
-2.928090786561369785e-01
-2.756234949454665073e-01
-2.498204590752720888e-01
-2.607165442779660336e-01
-2.556290296837687714e-01
-2.516874982044100539e-01
-2.830154372379183880e-01
-3.145887507125735283e-01
-3.178505377843975910e-01
-3.076421458274126164e-01
-3.298469616100191959e-01
-3.400457139126956685e-01
-3.017189781181514041e-01
-3.022443308494985326e-01
-3.083476520143449418e-01
-3.163491989485919254e-01
-3.198173600248992443e-01
-3.164445209316909535e-01
-3.596364530734718068e-01
-3.842517363838851563e-01
-3.892363779246806876e-01
-3.843452133238315360e-01
-3.575245495885610580e-01
-3.498269267380237357e-01
-3.370120938867330329e-01
-3.222801346331835015e-01
-3.187525305896997674e-01
-3.330702840350568406e-01
-3.439878971315920575e-01
-3.517088349908590317e-01
-3.557519441470503585e-01
-3.731736453250050767e-01
-3.882569769397378190e-01
-3.757952990010380856e-01
-3.427452789619565010e-01
-3.204775566235184558e-01
-3.202730631455779076e-01
-3.209142161533236615e-01
-3.192443767562508361e-01
-3.180397186428308709e-01
-3.268133970443159453e-01
-3.465413028839975373e-01
-3.538095963653177245e-01
-3.289350380655378103e-01
-2.862678443547338469e-01
-2.907729206141084211e-01
-3.074288604315370543e-01
-3.192890377249568701e-01
-2.910484431777149439e-01
-2.768888393882661947e-01
-2.973554378841072321e-01
-2.934331266675144212e-01
-3.049231717828660981e-01
-3.164748015347867982e-01
-2.759994941297918558e-01
-2.683049805928021669e-01
-2.902588144410401805e-01
-3.106466986704617961e-01
-3.005469171795994154e-01
-2.785943767521530390e-01
-2.640281802508980258e-01
-2.621670851949602365e-01
-2.774129827041179053e-01
-2.804570888634770887e-01
-2.591000874992460123e-01
-2.463110001292079798e-01
-2.723742397036403307e-01
-2.723661111202090868e-01
-2.601893012877553590e-01
-2.534032257739454730e-01
-2.603257401380688063e-01
-2.877724087331444136e-01
-2.742121806833893172e-01
-2.459320432040840443e-01
-2.604413999710232241e-01
-2.785635909531265497e-01
-2.563541347626596689e-01
-2.515692079905420542e-01
-2.943435660097747930e-01
-3.058568468783050553e-01
-2.812090406659990549e-01
-2.706431838218122943e-01
-3.010903394315391779e-01
-2.999401873443275912e-01
-2.749387411866336950e-01
-2.662435269448906183e-01
-2.804008400533348211e-01
-2.835596701595932134e-01
-2.857673855964094622e-01
-2.962580562103539483e-01
-3.073724268469959497e-01
-3.168030315544456132e-01
-3.154878520872443914e-01
-3.175985320936888234e-01
-3.325789965223521216e-01
-3.332585714291781409e-01
-3.131088450085371955e-01
-2.921649836469441541e-01
-2.967981063295155875e-01
-3.066455431748181804e-01
-3.117242124397307523e-01
-3.103106622118502744e-01
-3.189229853916913382e-01
-3.270334516186267360e-01
-3.435964618343859689e-01
-3.515874538104981073e-01
-3.401510890107601881e-01
-3.206645551603287680e-01
-3.163094605784863012e-01
-3.446665506344288588e-01
-3.415200397837906965e-01
-3.423663046676665433e-01
-3.577469069976359495e-01
-3.719502170104533323e-01
-3.991669062990695349e-01
-4.160084177274256945e-01
-4.107645379845052958e-01
-3.914842607919126749e-01
-4.122888369951397403e-01
-4.201063000131398661e-01
-4.361075589433312527e-01
-4.325058856979012711e-01
-4.281884294934570900e-01
-4.478816156275570171e-01
-4.764048685319721699e-01
-4.835718859918415324e-01
-4.751230281777679698e-01
-4.662819051183760277e-01
-4.785789471119642480e-01
-4.994394391775131004e-01
-5.127030197530985101e-01
-5.104890685528516991e-01
-5.106888037174940331e-01
-5.176736008375882880e-01
-5.330912154167890549e-01
-5.498794591054320113e-01
-5.491033067926764932e-01
-5.392834709957241568e-01
-5.494268018752336280e-01
-5.791975241154432297e-01
-6.084554556757211241e-01
-6.150481950491666350e-01
-6.030231872107834068e-01
-6.034585178364068048e-01
-6.244229265023022446e-01
-6.332971100229769501e-01
-5.960457955021410958e-01
-5.894609125331043975e-01
-6.032242303714155929e-01
-6.322413837537169679e-01
-6.524933701381087081e-01
-6.429844861850142479e-01
-6.687640143558383210e-01
-7.091152986511588541e-01
-7.020823953673243079e-01
-6.856905994936823845e-01
-6.992943944409489854e-01
-7.041663011536002381e-01
-6.588592810556292978e-01
-6.568996554240584818e-01
-7.034646308049559149e-01
-7.349947450682521310e-01
-7.271397946402430312e-01
-7.494191316887736098e-01
-7.892843766137958017e-01
-7.909424616023897903e-01
-7.667778132483362707e-01
-7.537506440654396789e-01
-7.494996784254908118e-01
-7.334495451301336066e-01
-7.227450681850313696e-01
-7.338621390983461890e-01
-7.509552953764796479e-01
-7.730190692469477431e-01
-7.858543677255511728e-01
-8.060272449627519098e-01
-8.263666274026035818e-01
-8.418234773911535962e-01
-8.323465355671941790e-01
-8.119551559910178629e-01
-7.972161682322621568e-01
-8.002003433182836023e-01
-8.149057039991021156e-01
-8.211485775187611358e-01
-8.257206702604890092e-01
-8.384818944148719755e-01
-8.560658822767436282e-01
-8.804599064402282016e-01
-8.897755141369998455e-01
-8.683217759244143963e-01
-8.723573317751288636e-01
-8.656603493145667017e-01
-8.472768247476778480e-01
-8.471376762143336681e-01
-8.613832429400645196e-01
-8.706642203382216616e-01
-8.790564982569776253e-01
-8.979638940072618425e-01
-8.954537054873071833e-01
-9.031916765845380279e-01
-9.022727741277776214e-01
-9.071604429162107852e-01
-9.161418214789591730e-01
-9.133593917242250892e-01
-9.156653195968829095e-01
-9.283086158684454858e-01
-9.432291850796901134e-01
-9.473772716126405147e-01
-9.413525551906787303e-01
-9.265315268537961391e-01
-9.247477013967000392e-01
-9.361379776499234584e-01
-9.362314712605439571e-01
-9.386563886306248383e-01
-9.421322543523273918e-01
-9.532855216762982087e-01
-9.816449117264710589e-01
-9.916803628555499461e-01
-9.777410038164816575e-01
-9.604367228574119952e-01
-9.771253379411064532e-01
-9.741287889308296588e-01
-9.538587313960306124e-01
-9.608186730067245218e-01
-9.853424914996139483e-01
-9.860757448594086316e-01
-9.841652777860872003e-01
-1.028757326246704906e+00
-1.054533421562518836e+00
-1.022372025565709830e+00
-9.950593327521346509e-01
-1.003575963282492101e+00
-1.000287914776708975e+00
-9.688961667357943730e-01
-9.803179000853561309e-01
-9.948700313805602935e-01
-1.002467886859085500e+00
-1.020137174555566073e+00
-1.062958776333835065e+00
-1.084690196195151612e+00
-1.070365296432282731e+00
-1.044578533747699156e+00
-1.029140869656111956e+00
-1.037743016460444867e+00
-1.060249505320098207e+00
-1.047395779693033546e+00
-1.020491108798887492e+00
-1.028475985804107040e+00
-1.068711461627390280e+00
-1.083536058606114239e+00
-1.094132297986652791e+00
-1.107198844605591148e+00
-1.110871426516678140e+00
-1.094558559113647744e+00
-1.094948090368416116e+00
-1.099505692475940988e+00
-1.091315614187624350e+00
-1.077126486727502108e+00
-1.084320101269986569e+00
-1.126154722680803300e+00
-1.151807220315095082e+00
-1.143273467046674430e+00
-1.139603319985326380e+00
-1.176662457210477353e+00
-1.174596737546380609e+00
-1.174347153527196541e+00
-1.206343654019292444e+00
-1.190840814670082182e+00
-1.174500199442263693e+00
-1.176508381252642677e+00
-1.206796036136802197e+00
-1.227108363062143326e+00
-1.236770521104335829e+00
-1.232278528064489453e+00
-1.224235381931066513e+00
-1.238081844896078199e+00
-1.255809006839990527e+00
-1.267253435403108641e+00
-1.258091112226247699e+00
-1.256431766599416688e+00
-1.266564776748418719e+00
-1.287821413576602847e+00
-1.307197908684611276e+00
-1.317906337603926614e+00
-1.320102771744132042e+00
-1.321761910244822591e+00
-1.329003499075770423e+00
-1.345480520650744527e+00
-1.359214096516370818e+00
-1.373876190558075860e+00
-1.379820132628083229e+00
-1.393271220102906272e+00
-1.420761832594871432e+00
-1.443828986585140139e+00
-1.445306126773357347e+00
-1.437410695850849240e+00
-1.422205087542533830e+00
-1.434028919041156813e+00
-1.462194641679525287e+00
-1.473828436248004525e+00
-1.450978320650756270e+00
-1.471122019551694304e+00
-1.533800629340112298e+00
-1.565026309154927686e+00
-1.569008283875882537e+00
-1.588199765793979257e+00
-1.611586152948439210e+00
-1.592496969737112522e+00
-1.592313157953321845e+00
-1.627968584187328815e+00
-1.644407299160957292e+00
-1.622725000977516263e+00
-1.632939086854457766e+00
-1.695790362358093217e+00
-1.711075337231159121e+00
-1.716572780907154039e+00
-1.728136110305786177e+00
-1.731845881044864699e+00
-1.720507948100566953e+00
-1.720680846273899167e+00
-1.733159854263067290e+00
-1.753444577753543898e+00
-1.760064436495304196e+00
-1.754219958186149508e+00
-1.742078498005867004e+00
-1.781734363362193152e+00
-1.838621569797396660e+00
-1.863336822018027306e+00
-1.851982080563902899e+00
-1.872972490265965462e+00
-1.893077155575156212e+00
-1.888000890240073115e+00
-1.893647861108183950e+00
-1.903914409503340677e+00
-1.901728637143969447e+00
-1.896971764788031534e+00
-1.926338094845414073e+00
-1.962306655198335692e+00
-1.974759081751108258e+00
-1.968570310622453690e+00
-1.973818681389093443e+00
-2.008189073018729509e+00
-2.026330044679343523e+00
-2.004031818918883712e+00
-2.020987489633262246e+00
-2.024751402251422583e+00
-2.002966943196952343e+00
-2.029489416256546885e+00
-2.069994104653596789e+00
-2.089122013002634226e+00
-2.083565453439951032e+00
-2.092643099278211682e+00
-2.116418471187353045e+00
-2.145901979506015689e+00
-2.165582834184169858e+00
-2.167826808989048004e+00
-2.171317768096924006e+00
-2.178258800506591708e+00
-2.199447107315063654e+00
-2.220848000049591153e+00
-2.233473506569862543e+00
-2.235018068552017123e+00
-2.234593129158020108e+00
-2.242037504911422729e+00
-2.259934949874877752e+00
-2.268577592074870974e+00
-2.273000285029411316e+00
-2.277596333622932345e+00
-2.290579070150852381e+00
-2.312979413568973630e+00
-2.339245980978012174e+00
-2.350478440523147583e+00
-2.346947199106216519e+00
-2.347273284196853549e+00
-2.368062190711498260e+00
-2.392393700778484344e+00
-2.407310730218887418e+00
-2.408926114439964294e+00
-2.409693840146064581e+00
-2.427096088230610071e+00
-2.457670006155967535e+00
-2.481390720605850309e+00
-2.484446144104003995e+00
-2.463233353197574527e+00
-2.447703158855438321e+00
-2.452157232165336431e+00
-2.467572072148322970e+00
-2.481651219725608648e+00
-2.464457412064075648e+00
-2.455032652616500943e+00
-2.488414870202541263e+00
-2.532750694453716367e+00
-2.542492331564426333e+00
-2.545488460361957639e+00
-2.575971736013889402e+00
-2.582935242354869931e+00
-2.578422437608241857e+00
-2.602816522121429443e+00
-2.612933576107025146e+00
-2.612181985378265292e+00
-2.613166002929210752e+00
-2.628080953657627283e+00
-2.651132762432098389e+00
-2.683317990601062686e+00
-2.714244614541530431e+00
-2.722387583553790957e+00
-2.723513771593570887e+00
-2.730183188617229639e+00
-2.742466507852077573e+00
-2.750542692840099335e+00
-2.748110406100749969e+00
-2.749310280382633032e+00
-2.753241400420665563e+00
-2.788564319908618749e+00
-2.824555055797099978e+00
-2.852532507479190738e+00
-2.857843793928623199e+00
-2.871639461815357119e+00
-2.889382867515087217e+00
-2.904176001250744044e+00
-2.924781958758830847e+00
-2.930363251268863767e+00
-2.923127819597721277e+00
-2.927094604074954809e+00
-2.946985842287540347e+00
-2.978269079327583224e+00
-3.014098148047923864e+00
-3.031112988293171107e+00
-3.026387776434421362e+00
-3.038289342820644556e+00
-3.057997854053974063e+00
-3.074220232665538788e+00
-3.074697427451610565e+00
-3.083253394067287267e+00
-3.090108181536197485e+00
-3.107428871095180511e+00
-3.134804211556911469e+00
-3.155983449518680484e+00
-3.175655205547809778e+00
-3.187382282316684634e+00
-3.198549319803714930e+00
-3.225385130941867740e+00
-3.255940566956996740e+00
-3.273378933966159643e+00
-3.280432952940464109e+00
-3.304034133255481898e+00
-3.334151254594325930e+00
-3.357015721499919891e+00
-3.369576479494571508e+00
-3.375810967385768802e+00
-3.381986744701862335e+00
-3.394454325735568823e+00
-3.411707754433154882e+00
-3.425969775021076025e+00
-3.447036947309970678e+00
-3.468809585273265661e+00
-3.498697562515735715e+00
-3.542231149971485138e+00
-3.582415035367012113e+00
-3.604170864820480435e+00
-3.606104898452758611e+00
-3.614556354284286677e+00
-3.625922301411628634e+00
-3.659218071401119321e+00
-3.679264175891876043e+00
-3.697744894027709783e+00
-3.720257347822189420e+00
-3.748848858475684942e+00
-3.805999071896076114e+00
-3.853828927874565213e+00
-3.863303378224372864e+00
-3.866537776589393793e+00
-3.889847654104232610e+00
-3.902850985527038574e+00
-3.889268264174461365e+00
-3.896728491783142179e+00
-3.925855067372322260e+00
-3.938803899288177313e+00
-3.974517077207565308e+00
-4.011092671751976368e+00
-4.049383407831191661e+00
-4.076302132010459545e+00
-4.108696147799491882e+00
-4.124171447753906428e+00
-4.129347229003906605e+00
-4.130097836256027222e+00
-4.147474044561386464e+00
-4.171392396092414856e+00
-4.197266754508018671e+00
-4.224127185344696223e+00
-4.257351872324943720e+00
-4.287861689925193787e+00
-4.316515621542930781e+00
-4.331000372767448425e+00
-4.345835301280021490e+00
-4.360563784837722778e+00
-4.372790125012397944e+00
-4.379520431160926819e+00
-4.402612426877022145e+00
-4.424954229593277333e+00
-4.447224232554435552e+00
-4.471016502380370738e+00
-4.502873247861861827e+00
-4.545749524235725758e+00
-4.577607131004333141e+00
-4.600871092081069591e+00
-4.608072537183761419e+00
-4.632026895880699158e+00
-4.659543275833129883e+00
-4.680382928252219799e+00
-4.698777690529823303e+00
-4.727407571673393427e+00
-4.752664133906364441e+00
-4.763928633928299128e+00
-4.786056768894195734e+00
-4.810046187043189647e+00
-4.816436305642127991e+00
-4.837224891781806591e+00
-4.857698228955269037e+00
-4.893509608507156550e+00
-4.926508247852325439e+00
-4.957468324899673817e+00
-4.974588412046432317e+00
-5.000513291358947399e+00
-5.029873970150947393e+00
-5.051899489760399042e+00
-5.063456252217292786e+00
-5.076235273480415700e+00
-5.091422700881958363e+00
-5.109952586889266790e+00
-5.134604340791701915e+00
-5.173210293054580688e+00
-5.222108814120292486e+00
-5.235053536295890986e+00
-5.262396582961082814e+00
-5.276941642165184021e+00
-5.292975190281867803e+00
-5.327949836850166321e+00
-5.319971576333045959e+00
-5.336209806799888433e+00
-5.366182985901832403e+00
-5.406248250603676198e+00
-5.428136691451072693e+00
-5.455956515669822871e+00
-5.526375713944434942e+00
-5.532819089293480097e+00
-5.540213593840599415e+00
-5.577974876761436107e+00
-5.575370272994041088e+00
-5.577019104361534474e+00
-5.606678113341331482e+00
-5.596564611792564037e+00
-5.639939758181571783e+00
-5.655620679259300232e+00
-5.707686388492584584e+00
-5.746672335267066778e+00
-5.762903133034706471e+00
-5.804291078448295949e+00
-5.811954507231712697e+00
-5.839482173323631287e+00
-5.854432621598244069e+00
-5.862977269291877569e+00
-5.861555907130241216e+00
-5.875542858242988942e+00
-5.906548485159873962e+00
-5.951273649930953979e+00
-5.983100903034210383e+00
-6.003254115581512451e+00
-6.027106219530105946e+00
-6.056145030260085882e+00
-6.091004544496536610e+00
-6.126168966293334961e+00
-6.151536297798156916e+00
-6.160306167602539240e+00
-6.178718441724777577e+00
-6.209097927808761241e+00
-6.249576532840729115e+00
-6.285312205553054810e+00
-6.300704407691955389e+00
-6.307859796285629095e+00
-6.318494236469268444e+00
-6.344490492343902943e+00
-6.376458692550659002e+00
-6.398058736324310658e+00
-6.405886399745940984e+00
-6.420362114906311035e+00
-6.447378808259964345e+00
-6.475155341625213445e+00
-6.507428365945815862e+00
-6.541750735044479015e+00
-6.575694340467452825e+00
-6.596357440948485973e+00
-6.626435869932175038e+00
-6.665686410665512263e+00
-6.695286065340042114e+00
-6.717183244228363215e+00
-6.743890643119812012e+00
-6.761108773946761907e+00
-6.778015106916427612e+00
-6.794580906629562378e+00
-6.815253192186355946e+00
-6.832364827394485474e+00
-6.848584222793578924e+00
-6.875529134273529408e+00
-6.903233289718627930e+00
-6.927306401729583563e+00
-6.955018204450607477e+00
-6.983447915315627696e+00
-7.021464115381240489e+00
-7.060251426696777521e+00
-7.094137072563171387e+00
-7.121515762805938898e+00
-7.140588706731795909e+00
-7.195080846548080444e+00
-7.219958555698394953e+00
-7.238061267137527288e+00
-7.253310388326644542e+00
-7.252241116762161433e+00
-7.305834710597991943e+00
-7.337192636728286921e+00
-7.346594548225402477e+00
-7.338625729084014893e+00
-7.368432390689849676e+00
-7.405632472038268688e+00
-7.415004146099090754e+00
-7.470186042785644354e+00
-7.513232415914535167e+00
-7.514960271120071589e+00
-7.561863929033279419e+00
-7.598652905225753429e+00
-7.611529499292373657e+00
-7.655792737007141469e+00
-7.644402474164962769e+00
-7.667252868413925171e+00
-7.667160612344741999e+00
-7.693508780002593639e+00
-7.743208134174347279e+00
-7.753591620922088978e+00
-7.785754305124283015e+00
-7.804434114694595692e+00
-7.838285964727401911e+00
-7.887871938943862737e+00
-7.937315738201141002e+00
-7.963328564167023060e+00
-7.971008116006851552e+00
-7.987429714202880504e+00
-8.018175971508025413e+00
-8.043221235275268555e+00
-8.060931593179702759e+00
-8.069748449325562234e+00
-8.086653101444245095e+00
-8.103599572181702015e+00
-8.128409522771836038e+00
-8.162887656688690541e+00
-8.187212628126143699e+00
-8.200253772735596414e+00
-8.210554939508437400e+00
-8.226190185546874645e+00
-8.262569731473922374e+00
-8.306778514385223744e+00
-8.349800562858581188e+00
-8.373083126544951682e+00
