9.739782333374023438e+00
9.598900794982910156e+00
9.393920898437500000e+00
9.851567268371582031e+00
9.216081619262695312e+00
9.453873634338378906e+00
9.805171012878417969e+00
8.150022506713867188e+00
5.541811466217041016e+00
2.713760614395141602e+00
1.899134516716003418e+00
2.148747920989990234e+00
1.012384772300720215e+00
1.720365166664123535e+00
1.449787139892578125e+00
9.419062137603759766e-01
1.448046922683715820e+00
1.017546892166137695e+00
1.921625733375549316e+00
1.094199061393737793e+00
1.472008943557739258e+00
1.541393518447875977e+00
1.909823417663574219e+00
1.859484910964965820e+00
1.675951361656188965e+00
1.475478887557983398e+00
1.944584250450134277e+00
1.644608020782470703e+00
1.300737977027893066e+00
1.186289310455322266e+00
5.063002705574035645e-01
9.695956707000732422e-01
1.008680224418640137e+00
1.162049055099487305e+00
1.114693880081176758e+00
1.913675546646118164e+00
7.854306697845458984e-01
1.155312061309814453e+00
1.573594808578491211e+00
8.887591958045959473e-01
1.091336846351623535e+00
1.577150940895080566e+00
1.439567565917968750e+00
1.181637525558471680e+00
8.049036264419555664e-01
1.025057792663574219e+00
1.461625933647155762e+00
1.788969397544860840e+00
1.020463347434997559e+00
1.922173500061035156e+00
1.067321181297302246e+00
1.647633433341979980e+00
1.835745573043823242e+00
1.650743484497070312e+00
1.062565088272094727e+00
2.694161653518676758e+00
1.017414808273315430e+00
1.975465536117553711e+00
1.906022787094116211e+00
1.194733977317810059e+00
8.518620133399963379e-01
1.864534974098205566e+00
1.450261473655700684e+00
2.043049097061157227e+00
9.076787233352661133e-01
1.897387862205505371e+00
8.577749729156494141e-01
8.262533545494079590e-01
8.488255143165588379e-01
1.359268784523010254e+00
8.024947643280029297e-01
2.366886854171752930e+00
8.996278643608093262e-01
1.903012633323669434e+00
8.080741763114929199e-01
2.121118783950805664e+00
1.236396551132202148e+00
1.629039287567138672e+00
1.074209332466125488e+00
1.322376251220703125e+00
7.484758496284484863e-01
1.720902085304260254e+00
1.381671547889709473e+00
9.217288494110107422e-01
1.686919927597045898e+00
2.468786001205444336e+00
8.851571083068847656e-01
2.350412130355834961e+00
1.438609838485717773e+00
1.307087182998657227e+00
1.219396114349365234e+00
1.874577403068542480e+00
7.899547219276428223e-01
7.789801955223083496e-01
1.833065509796142578e+00
1.665622353553771973e+00
1.964398026466369629e+00
1.289413213729858398e+00
1.042284250259399414e+00
1.704160571098327637e+00
1.622031092643737793e+00
1.391798615455627441e+00
1.941391944885253906e+00
1.957511544227600098e+00
1.000630497932434082e+00
1.368488311767578125e+00
1.532125115394592285e+00
1.170136690139770508e+00
4.955583512783050537e-01
2.101023435592651367e+00
1.319099307060241699e+00
1.229070186614990234e+00
1.709785461425781250e+00
1.329781889915466309e+00
5.623509287834167480e-01
1.344208717346191406e+00
1.450653672218322754e+00
1.980952024459838867e+00
1.183397412300109863e+00
2.030100107192993164e+00
1.022816777229309082e+00
1.200125455856323242e+00
2.233683824539184570e+00
9.943655729293823242e-01
1.533195734024047852e+00
1.838843941688537598e+00
2.123449325561523438e+00
9.416607022285461426e-01
1.966897845268249512e+00
1.981270194053649902e+00
2.009481906890869141e+00
5.130314230918884277e-01
1.938664436340332031e+00
1.686442613601684570e+00
1.119377493858337402e+00
1.294123888015747070e+00
5.360482335090637207e-01
9.382280111312866211e-01
1.321027040481567383e+00
1.631731390953063965e+00
6.682192087173461914e-01
1.492115020751953125e+00
1.164794921875000000e+00
1.646420478820800781e+00
7.926151156425476074e-01
8.948812484741210938e-01
1.974122166633605957e+00
1.019989967346191406e+00
1.953036069869995117e+00
1.567851543426513672e+00
1.004511833190917969e+00
1.621482133865356445e+00
2.331637620925903320e+00
1.120201826095581055e+00
1.698545217514038086e+00
1.635891079902648926e+00
2.320086002349853516e+00
1.846090555191040039e+00
1.095068693161010742e+00
1.052505612373352051e+00
1.049880146980285645e+00
1.496428251266479492e+00
2.147426128387451172e+00
1.194715261459350586e+00
1.603913545608520508e+00
1.632971048355102539e+00
1.755241870880126953e+00
6.720525026321411133e-01
1.022051692008972168e+00
2.081162452697753906e+00
1.071199297904968262e+00
1.062101960182189941e+00
1.849172711372375488e+00
7.459071278572082520e-01
1.250737786293029785e+00
1.232600569725036621e+00
1.882380723953247070e+00
6.485289931297302246e-01
2.117151021957397461e+00
1.511753797531127930e+00
1.919281959533691406e+00
9.647327661514282227e-01
2.259828329086303711e+00
2.082846403121948242e+00
8.373492360115051270e-01
1.970031380653381348e+00
1.524924278259277344e+00
6.563336253166198730e-01
1.102797389030456543e+00
8.705363273620605469e-01
1.543303251266479492e+00
1.370944499969482422e+00
1.650114297866821289e+00
4.541666209697723389e-01
1.538934469223022461e+00
2.178733587265014648e+00
1.811486363410949707e+00
8.291026949882507324e-01
2.064989089965820312e+00
1.307132363319396973e+00
4.292842745780944824e-01
1.528880715370178223e+00
1.567046880722045898e+00
1.973355770111083984e+00
4.565953612327575684e-01
1.826363801956176758e+00
1.972097754478454590e+00
2.161391019821166992e+00
1.732757329940795898e+00
2.284815549850463867e+00
2.060190677642822266e+00
7.282094359397888184e-01
1.928594589233398438e+00
8.617067337036132812e-01
4.750090241432189941e-01
1.266600847244262695e+00
4.677529036998748779e-01
1.355840802192687988e+00
1.008581876754760742e+00
1.928658366203308105e+00
4.561679959297180176e-01
1.721432447433471680e+00
1.632299542427062988e+00
-3.344507217407226562e-01
5.105444192886352539e-01
9.659976363182067871e-01
1.178195238113403320e+00
1.881650209426879883e+00
1.389527559280395508e+00
1.450597167015075684e+00
1.440113663673400879e+00
1.465051889419555664e+00
2.172321557998657227e+00
1.005709886550903320e+00
1.798583745956420898e+00
1.113515615463256836e+00
3.925264179706573486e-01
6.758996248245239258e-01
1.929583907127380371e+00
8.897561430931091309e-01
1.204224705696105957e+00
1.572522759437561035e+00
1.708869576454162598e+00
4.960835576057434082e-01
1.286250710487365723e+00
9.005446434020996094e-01
9.157987833023071289e-01
8.708911538124084473e-01
1.803872823715209961e+00
9.052662849426269531e-01
2.236285686492919922e+00
1.529503941535949707e+00
2.925218343734741211e-01
1.071411490440368652e+00
1.032555818557739258e+00
5.005880594253540039e-01
1.856876373291015625e+00
2.815491437911987305e+00
2.404778242111206055e+00
1.486280560493469238e+00
8.350245356559753418e-01
1.563028097152709961e+00
1.235672950744628906e+00
1.733112692832946777e+00
1.691962599754333496e+00
1.177100777626037598e+00
7.943595647811889648e-01
1.098170518875122070e+00
1.013697266578674316e+00
1.237166404724121094e+00
1.140594005584716797e+00
1.713943123817443848e+00
5.360911488533020020e-01
2.012819528579711914e+00
1.937319159507751465e+00
1.302875876426696777e+00
1.054802775382995605e+00
1.172266244888305664e+00
9.564321041107177734e-01
1.159524440765380859e+00
1.301950812339782715e+00
1.490421295166015625e+00
8.106488585472106934e-01
1.040703058242797852e+00
1.926266551017761230e+00
1.987571239471435547e+00
1.515828371047973633e+00
1.498673677444458008e+00
1.755645394325256348e+00
1.101757168769836426e+00
2.216202974319458008e+00
2.062876701354980469e+00
7.250199317932128906e-01
1.113133430480957031e+00
9.598539471626281738e-01
1.487656354904174805e+00
1.042173385620117188e+00
1.939115881919860840e+00
1.499488592147827148e+00
1.537644505500793457e+00
2.467343568801879883e+00
1.636327028274536133e+00
1.412336349487304688e+00
1.421043038368225098e+00
1.165992617607116699e+00
1.991158604621887207e+00
1.083865165710449219e+00
1.486491322517395020e+00
1.526465058326721191e+00
2.133913516998291016e+00
2.130436658859252930e+00
2.003846406936645508e+00
7.514147758483886719e-01
1.556394100189208984e+00
1.166168093681335449e+00
1.227366566658020020e+00
1.246728897094726562e+00
2.122450113296508789e+00
1.219955086708068848e+00
1.633392930030822754e+00
1.163333535194396973e+00
9.861473441123962402e-01
1.611416339874267578e+00
7.437050938606262207e-01
1.721229314804077148e+00
1.504593253135681152e+00
1.844095826148986816e+00
5.571306943893432617e-01
1.552410125732421875e+00
1.008730769157409668e+00
8.603584766387939453e-01
2.430283784866333008e+00
1.420766353607177734e+00
1.714957237243652344e+00
1.704627275466918945e+00
9.149813055992126465e-01
7.747611999511718750e-01
1.548043847084045410e+00
1.956998586654663086e+00
1.348325610160827637e+00
5.432026982307434082e-01
9.639722108840942383e-01
3.397874832153320312e-01
1.601560473442077637e+00
9.750754833221435547e-01
2.082088232040405273e+00
1.226561069488525391e+00
1.562059044837951660e+00
8.567590713500976562e-01
1.178694486618041992e+00
1.676363110542297363e+00
1.451588034629821777e+00
2.051555633544921875e+00
1.212940335273742676e+00
2.845082283020019531e-01
2.354270458221435547e+00
1.417766451835632324e+00
2.007591485977172852e+00
9.872964024543762207e-01
1.513340950012207031e+00
1.710568428039550781e+00
1.845045089721679688e+00
2.479790449142456055e+00
8.260592222213745117e-01
9.308143258094787598e-01
7.267262339591979980e-01
1.112117052078247070e+00
5.698035359382629395e-01
1.424984574317932129e+00
8.169742226600646973e-01
9.647504091262817383e-01
1.807575821876525879e+00
1.468531012535095215e+00
1.734236121177673340e+00
2.493980646133422852e+00
6.790130138397216797e-01
1.135078907012939453e+00
1.988969922065734863e+00
1.004912257194519043e+00
8.501954674720764160e-01
1.158691287040710449e+00
1.700025677680969238e+00
1.915838122367858887e+00
1.027013897895812988e+00
1.567161083221435547e+00
1.882371783256530762e+00
6.892098188400268555e-01
1.279393672943115234e+00
1.320512771606445312e+00
1.658717632293701172e+00
8.723070621490478516e-01
1.538005471229553223e+00
2.294248104095458984e+00
1.718357682228088379e+00
1.073398947715759277e+00
1.208841204643249512e+00
1.353199839591979980e+00
1.947602987289428711e+00
1.405947089195251465e+00
8.368282318115234375e-01
1.886977195739746094e+00
1.122567057609558105e+00
5.063389539718627930e-01
1.609590768814086914e+00
7.263331413269042969e-01
1.031701326370239258e+00
1.902636528015136719e+00
2.282685279846191406e+00
9.236001968383789062e-01
1.204510211944580078e+00
1.653852105140686035e+00
1.077133893966674805e+00
1.478999376296997070e+00
3.003470420837402344e+00
2.156950235366821289e+00
1.005826234817504883e+00
1.528939723968505859e+00
9.705953001976013184e-01
7.668599486351013184e-01
8.742307424545288086e-01
1.997073054313659668e+00
9.834048748016357422e-01
6.609117388725280762e-01
1.084544420242309570e+00
7.092691659927368164e-01
6.063318252563476562e-01
1.901471018791198730e+00
1.018077492713928223e+00
1.399567127227783203e-01
6.834971308708190918e-01
1.990465283393859863e+00
1.544458508491516113e+00
1.127566933631896973e+00
1.832028627395629883e+00
1.664043307304382324e+00
2.356124162673950195e+00
1.527882337570190430e+00
1.499138116836547852e+00
1.279816269874572754e+00
9.647962450981140137e-01
1.951880693435668945e+00
1.711986422538757324e+00
1.007376194000244141e+00
1.811431646347045898e+00
1.172283530235290527e+00
1.455477833747863770e+00
1.789375424385070801e+00
5.725337862968444824e-01
2.095834761857986450e-01
1.069733262062072754e+00
1.136034965515136719e+00
1.069135665893554688e+00
7.239468097686767578e-01
1.797503352165222168e+00
1.424288511276245117e+00
1.091527462005615234e+00
1.444864034652709961e+00
9.501225948333740234e-01
1.043322443962097168e+00
9.674737453460693359e-01
1.289812326431274414e+00
5.246413350105285645e-01
1.428087115287780762e+00
1.546108365058898926e+00
9.996134042739868164e-01
1.054703116416931152e+00
7.411532998085021973e-01
1.954503774642944336e+00
1.362657070159912109e+00
9.891319870948791504e-01
9.894539117813110352e-01
7.846412658691406250e-01
1.258130073547363281e+00
1.032655119895935059e+00
1.042997479438781738e+00
6.558814048767089844e-01
1.508436918258666992e+00
1.593752980232238770e+00
1.810029745101928711e+00
1.106671214103698730e+00
3.367017805576324463e-01
9.726558923721313477e-01
1.823883414268493652e+00
1.817877769470214844e+00
1.498033404350280762e+00
9.683212637901306152e-01
1.450121998786926270e+00
1.191255331039428711e+00
2.217114925384521484e+00
2.254415988922119141e+00
1.084244370460510254e+00
1.959417819976806641e+00
2.017682313919067383e+00
1.640242099761962891e+00
1.186193704605102539e+00
1.431353926658630371e+00
5.757599472999572754e-01
5.393064618110656738e-01
1.106617927551269531e+00
7.571350932121276855e-01
7.746157646179199219e-01
1.707356691360473633e+00
8.338932394981384277e-01
1.171198964118957520e+00
1.264390826225280762e+00
1.351675510406494141e+00
1.992584466934204102e-01
6.757844090461730957e-01
9.808428287506103516e-01
6.041924953460693359e-01
9.667434096336364746e-01
1.712453126907348633e+00
1.106368899345397949e+00
1.178566575050354004e+00
1.725382089614868164e+00
2.169860839843750000e+00
2.030186176300048828e+00
1.817147612571716309e+00
2.728736877441406250e+00
6.897397041320800781e-01
1.119094848632812500e+00
1.694689989089965820e+00
1.131188750267028809e+00
6.574171185493469238e-01
1.829296708106994629e+00
1.639592170715332031e+00
1.127962708473205566e+00
5.908155441284179688e-01
1.041105508804321289e+00
2.024375677108764648e+00
8.735079169273376465e-01
1.420114755630493164e+00
1.927779436111450195e+00
1.220285654067993164e+00
1.753332972526550293e+00
2.120402336120605469e+00
3.928300738334655762e-01
1.344172120094299316e+00
2.099649667739868164e+00
1.183137416839599609e+00
9.882666468620300293e-01
2.286261796951293945e+00
1.242917299270629883e+00
1.151971817016601562e+00
1.393330335617065430e+00
1.068592905998229980e+00
1.428216934204101562e+00
1.755155444145202637e+00
9.813053011894226074e-01
4.157389998435974121e-01
1.543305516242980957e+00
2.507953941822052002e-01
7.487522959709167480e-01
1.634976506233215332e+00
1.492686390876770020e+00
1.847954034805297852e+00
1.385047316551208496e+00
1.312117934226989746e+00
1.055024623870849609e+00
2.050424098968505859e+00
8.126167654991149902e-01
1.377327084541320801e+00
1.598468065261840820e+00
1.064919471740722656e+00
1.277215003967285156e+00
2.641654014587402344e+00
1.582201004028320312e+00
1.662046790122985840e+00
1.881168246269226074e+00
1.980998873710632324e+00
9.783145189285278320e-01
1.811708211898803711e+00
9.139426350593566895e-01
1.250057220458984375e-01
1.796114087104797363e+00
8.758109211921691895e-01
1.437929034233093262e+00
2.440757036209106445e+00
1.683726072311401367e+00
9.415853619575500488e-01
1.460203647613525391e+00
9.587764739990234375e-01
1.531519770622253418e+00
1.199693799018859863e+00
9.543728232383728027e-01
9.279078245162963867e-01
1.344910502433776855e+00
6.460535526275634766e-01
4.120025038719177246e-01
2.235757350921630859e+00
2.035753488540649414e+00
1.866641640663146973e+00
1.985422849655151367e+00
1.499364972114562988e+00
1.338180541992187500e+00
1.187484383583068848e+00
9.582356214523315430e-01
1.426582813262939453e+00
1.154793620109558105e+00
1.449619054794311523e+00
1.355391502380371094e+00
1.561882734298706055e+00
2.198845863342285156e+00
2.620312571525573730e-01
1.500384926795959473e+00
6.305170655250549316e-01
1.186326861381530762e+00
2.284793853759765625e+00
1.123430013656616211e+00
1.705323815345764160e+00
2.390200138092041016e+00
1.389771103858947754e+00
1.673281431198120117e+00
1.458908200263977051e+00
1.377728462219238281e+00
7.901764512062072754e-01
1.625594735145568848e+00
1.024125576019287109e+00
1.377274036407470703e+00
8.695116639137268066e-01
7.856619358062744141e-01
9.153657555580139160e-01
1.725963711738586426e+00
1.473085999488830566e+00
-8.114653825759887695e-02
1.701678276062011719e+00
8.540484309196472168e-01
1.249984025955200195e+00
1.222494125366210938e+00
1.486535310745239258e+00
3.318187892436981201e-01
7.372011542320251465e-01
2.242403507232666016e+00
9.220908284187316895e-01
1.782541036605834961e+00
1.232608675956726074e+00
3.701547980308532715e-01
1.378606557846069336e+00
2.515308618545532227e+00
8.399831056594848633e-01
1.606501579284667969e+00
7.319315671920776367e-01
1.391792058944702148e+00
1.590454697608947754e+00
8.451407551765441895e-01
7.510873675346374512e-01
1.405552148818969727e+00
5.250889658927917480e-01
9.466175436973571777e-01
9.219658970832824707e-01
1.431160688400268555e+00
1.413775682449340820e+00
8.274210095405578613e-01
2.099356651306152344e+00
1.540969014167785645e+00
1.351531028747558594e+00
2.765834569931030273e+00
1.946511983871459961e+00
1.671519756317138672e+00
1.032899975776672363e+00
6.268437504768371582e-01
1.281805634498596191e+00
1.628319859504699707e+00
1.668906807899475098e+00
1.979093670845031738e+00
1.385159254074096680e+00
1.297063350677490234e+00
1.179647803306579590e+00
1.682470083236694336e+00
1.003886461257934570e+00
1.517993450164794922e+00
1.180142164230346680e+00
1.802666068077087402e+00
1.321852564811706543e+00
2.273692131042480469e+00
1.543455839157104492e+00
1.862367987632751465e+00
1.683060050010681152e+00
1.558718800544738770e+00
1.790448427200317383e+00
1.000802278518676758e+00
7.520433664321899414e-01
1.971891403198242188e+00
5.401470065116882324e-01
1.023623704910278320e+00
1.739353537559509277e+00
6.363397836685180664e-02
1.621575713157653809e+00
2.062933206558227539e+00
4.610319137573242188e-01
7.914193868637084961e-01
1.941827893257141113e+00
1.064958453178405762e+00
1.960712552070617676e+00
1.169256925582885742e+00
1.274451732635498047e+00
2.790724277496337891e+00
2.371642589569091797e+00
8.673737049102783203e-01
1.909484744071960449e+00
1.726614117622375488e+00
1.765120506286621094e+00
2.027182817459106445e+00
1.855627655982971191e+00
4.240280687808990479e-01
1.873845934867858887e+00
1.186208009719848633e+00
1.364748001098632812e+00
1.812210917472839355e+00
1.761311411857604980e+00
1.166592717170715332e+00
1.638724923133850098e+00
1.626593589782714844e+00
1.647547721862792969e+00
1.376734137535095215e+00
1.792139172554016113e+00
2.228934288024902344e+00
1.357994794845581055e+00
2.647334337234497070e+00
6.530132889747619629e-01
1.074811220169067383e+00
1.122290134429931641e+00
1.759923934936523438e+00
1.701497793197631836e+00
1.331875562667846680e+00
2.649201154708862305e-01
1.040657401084899902e+00
7.947883605957031250e-01
8.730254769325256348e-01
9.195072650909423828e-01
1.998218059539794922e+00
1.916289091110229492e+00
3.868522644042968750e-01
2.134205341339111328e+00
1.465267777442932129e+00
1.237665653228759766e+00
9.151554703712463379e-01
1.194762706756591797e+00
2.241269111633300781e+00
1.086593627929687500e+00
1.506936192512512207e+00
1.919792294502258301e+00
1.590809941291809082e+00
7.061432600021362305e-01
1.648404240608215332e+00
1.738661766052246094e+00
1.787852525711059570e+00
6.720840930938720703e-01
1.550655245780944824e+00
2.656043529510498047e+00
2.041631460189819336e+00
1.584813237190246582e+00
1.896112442016601562e+00
2.494401693344116211e+00
8.354979157447814941e-01
1.046003580093383789e+00
1.091757535934448242e+00
1.544753551483154297e+00
1.657443046569824219e+00
1.368198275566101074e+00
1.906712770462036133e+00
2.085668325424194336e+00
1.139141917228698730e+00
1.131545543670654297e+00
1.443281769752502441e+00
2.329555988311767578e+00
6.801517009735107422e-01
1.386896610260009766e+00
1.747732877731323242e+00
9.449586868286132812e-01
4.505157172679901123e-01
1.056301116943359375e+00
1.230258941650390625e+00
1.051824569702148438e+00
2.378092050552368164e+00
1.021804094314575195e+00
7.660538554191589355e-01
1.430304646492004395e+00
1.819064140319824219e+00
2.208327293395996094e+00
1.210637092590332031e+00
1.167889475822448730e+00
1.565533399581909180e+00
2.299290418624877930e+00
1.616410732269287109e+00
2.032590866088867188e+00
1.811919450759887695e+00
1.774276375770568848e+00
1.369945764541625977e+00
1.007444500923156738e+00
2.132356643676757812e+00
1.513288259506225586e+00
1.897613644599914551e+00
6.672129631042480469e-01
9.448643326759338379e-01
7.470310330390930176e-01
1.382565140724182129e+00
1.649474859237670898e+00
1.028278231620788574e+00
1.774249672889709473e+00
1.009699106216430664e+00
1.577562689781188965e+00
2.098635673522949219e+00
2.002562046051025391e+00
5.722793936729431152e-01
1.955226540565490723e+00
2.381893634796142578e+00
6.614426970481872559e-01
1.732725262641906738e+00
8.244666457176208496e-01
1.829786777496337891e+00
1.278229236602783203e+00
1.588676571846008301e+00
1.587447524070739746e+00
1.048244714736938477e+00
1.575968503952026367e+00
1.147768259048461914e+00
1.597268462181091309e+00
1.167261719703674316e+00
1.796271681785583496e+00
2.315291166305541992e+00
7.227964401245117188e-01
1.457132577896118164e+00
1.967160820960998535e+00
1.452070832252502441e+00
1.146303772926330566e+00
1.622049212455749512e+00
2.077845335006713867e+00
1.904524326324462891e+00
3.351967930793762207e-01
1.271825671195983887e+00
1.002571821212768555e+00
1.171091556549072266e+00
1.121659517288208008e+00
1.097608804702758789e+00
1.596942543983459473e+00
1.050604224205017090e+00
1.605157852172851562e+00
7.373244166374206543e-01
1.951974868774414062e+00
2.481156110763549805e+00
1.424863815307617188e+00
4.491200745105743408e-01
9.286534786224365234e-01
1.473539352416992188e+00
2.151421070098876953e+00
7.733295559883117676e-01
2.160378456115722656e+00
9.572128057479858398e-01
3.153448700904846191e-01
1.232228636741638184e+00
1.825999021530151367e+00
9.910825490951538086e-01
1.489461898803710938e+00
1.200667738914489746e+00
1.001454591751098633e+00
1.784194469451904297e+00
1.292731642723083496e+00
2.547492742538452148e+00
1.941379427909851074e+00
-1.485882401466369629e-01
2.133637189865112305e+00
1.268689274787902832e+00
2.091753959655761719e+00
4.667190313339233398e-01
1.664467573165893555e+00
1.050565600395202637e+00
1.760538220405578613e+00
2.400616854429244995e-01
2.182224273681640625e+00
1.893626570701599121e+00
1.430320858955383301e+00
1.837962865829467773e+00
1.956272602081298828e+00
1.013872981071472168e+00
1.620704174041748047e+00
2.199330329895019531e+00
4.074379205703735352e-01
1.428072333335876465e+00
1.555504918098449707e+00
1.227917551994323730e+00
9.393549561500549316e-01
1.667622566223144531e+00
1.358360767364501953e+00
9.647046327590942383e-01
1.241986513137817383e+00
2.058766365051269531e+00
1.807793378829956055e+00
1.683916449546813965e+00
2.212213993072509766e+00
9.364837408065795898e-01
9.435971975326538086e-01
7.738916277885437012e-01
1.261928677558898926e+00
1.840660691261291504e+00
9.411503672599792480e-01
1.826381325721740723e+00
2.686293125152587891e+00
1.661116003990173340e+00
5.251398682594299316e-01
1.449595451354980469e+00
1.291107892990112305e+00
1.180719733238220215e+00
1.446860432624816895e+00
2.137128114700317383e+00
2.349301576614379883e+00
2.753931045532226562e+00
1.811684370040893555e-01
1.310238718986511230e+00
2.164979696273803711e+00
2.092746019363403320e+00
9.400293231010437012e-01
1.261197924613952637e+00
1.963582754135131836e+00
2.387869805097579956e-01
9.925023913383483887e-01
2.192140340805053711e+00
1.934830784797668457e+00
4.819475412368774414e-01
9.051576852798461914e-01
1.246506094932556152e+00
1.376148104667663574e+00
6.866986751556396484e-01
1.471346974372863770e+00
2.342581748962402344e+00
1.484459638595581055e+00
9.297042489051818848e-01
2.093290090560913086e+00
2.394821643829345703e+00
1.306769847869873047e+00
1.914252638816833496e+00
1.824807405471801758e+00
2.514874935150146484e+00
2.070410251617431641e+00
1.855728268623352051e+00
1.591593503952026367e+00
2.464949131011962891e+00
4.931097626686096191e-01
2.264064073562622070e+00
2.141272783279418945e+00
2.123509407043457031e+00
1.791797876358032227e+00
2.246003627777099609e+00
2.189396142959594727e+00
1.871783852577209473e+00
2.643094778060913086e+00
1.318666338920593262e+00
9.023681282997131348e-01
2.564676761627197266e+00
1.503376007080078125e+00
2.115477800369262695e+00
6.788724660873413086e-01
2.130965709686279297e+00
1.076094985008239746e+00
1.481007695198059082e+00
1.781607985496520996e+00
1.727254748344421387e+00
1.413521647453308105e+00
2.016053915023803711e+00
1.319562554359436035e+00
1.497424483299255371e+00
1.808889508247375488e+00
1.947278499603271484e+00
2.321753740310668945e+00
1.726849794387817383e+00
1.900287866592407227e+00
2.270441293716430664e+00
1.396234154701232910e+00
1.166388154029846191e+00
1.486909985542297363e+00
1.955941915512084961e+00
9.556054472923278809e-01
1.429126858711242676e+00
1.639611124992370605e+00
7.997869849205017090e-01
1.392088413238525391e+00
1.623959660530090332e+00
1.495153784751892090e+00
1.357764482498168945e+00
1.066574931144714355e+00
1.698730587959289551e+00
2.352517366409301758e+00
7.698835730552673340e-01
1.966948747634887695e+00
2.489534139633178711e+00
1.550694942474365234e+00
1.896371364593505859e+00
1.917120099067687988e+00
2.342500448226928711e+00
1.921932578086853027e+00
1.454097032546997070e+00
1.442273736000061035e+00
4.724891781806945801e-01
2.516627073287963867e+00
9.736269712448120117e-01
1.485051155090332031e+00
8.999758958816528320e-01
1.830479741096496582e+00
1.948460102081298828e+00
1.412192821502685547e+00
9.228061437606811523e-01
7.214629054069519043e-01
1.858980536460876465e+00
1.671143054962158203e+00
1.435210227966308594e+00
1.448488473892211914e+00
1.345538616180419922e+00
1.423800706863403320e+00
1.081938982009887695e+00
1.491507768630981445e+00
2.543434381484985352e+00
1.920912623405456543e+00
2.205878973007202148e+00
2.216304302215576172e+00
1.311805486679077148e+00
9.927130937576293945e-01
2.040180921554565430e+00
2.512474298477172852e+00
1.989946722984313965e+00
1.224567532539367676e+00
1.505848169326782227e+00
1.186288833618164062e+00
1.690734505653381348e+00
1.021577954292297363e+00
2.323108911514282227e+00
1.224730372428894043e+00
3.673015832901000977e-01
1.693110466003417969e+00
9.187748432159423828e-01
2.385088920593261719e+00
1.082448959350585938e+00
2.272416830062866211e+00
1.168943047523498535e+00
1.333046674728393555e+00
2.712579727172851562e+00
1.591424226760864258e+00
1.027979493141174316e+00
1.712833166122436523e+00
2.090361356735229492e+00
1.196062207221984863e+00
1.372581481933593750e+00
1.842023730278015137e+00
2.115259408950805664e+00
2.246756792068481445e+00
1.042295694351196289e+00
7.484577298164367676e-01
2.354621887207031250e+00
1.648466825485229492e+00
1.498637557029724121e+00
2.377776145935058594e+00
1.850135207176208496e+00
1.716221690177917480e+00
1.720124244689941406e+00
8.776867389678955078e-01
1.831762552261352539e+00
2.044530391693115234e+00
1.562491774559020996e+00
1.947287559509277344e+00
2.079478263854980469e+00
5.630840659141540527e-01
2.341005563735961914e+00
1.952307581901550293e+00
1.460344314575195312e+00
2.501804828643798828e+00
1.888399481773376465e+00
1.190747737884521484e+00
2.411285877227783203e+00
2.180129051208496094e+00
2.172899723052978516e+00
1.496909022331237793e+00
1.448019742965698242e+00
1.565311193466186523e+00
1.314893126487731934e+00
2.263105630874633789e+00
1.295875310897827148e+00
2.337904453277587891e+00
2.390018701553344727e+00
1.353101491928100586e+00
1.633023381233215332e+00
2.453446865081787109e+00
1.427372694015502930e+00
1.681048274040222168e+00
3.083463668823242188e+00
2.902457952499389648e+00
2.280010223388671875e+00
2.285674571990966797e+00
1.480492711067199707e+00
2.903412103652954102e+00
3.033412456512451172e+00
1.537980437278747559e+00
2.098024368286132812e+00
2.340368747711181641e+00
2.009443044662475586e+00
2.317383289337158203e+00
1.839910864830017090e+00
1.934874653816223145e+00
1.237956166267395020e+00
1.560900926589965820e+00
1.182197570800781250e+00
1.778039097785949707e+00
2.877662658691406250e+00
1.511521339416503906e+00
1.583595633506774902e+00
1.062063694000244141e+00
1.165443778038024902e+00
1.334093332290649414e+00
2.432597160339355469e+00
1.573672294616699219e+00
1.579409956932067871e+00
3.490321874618530273e+00
1.725106835365295410e+00
1.132348537445068359e+00
2.120626688003540039e+00
1.667553424835205078e+00
1.059068560600280762e+00
2.218170881271362305e+00
9.778162240982055664e-01
1.469317078590393066e+00
2.318373441696166992e+00
1.900977492332458496e+00
1.455408334732055664e+00
1.864139676094055176e+00
2.366132497787475586e+00
2.687061548233032227e+00
2.826980352401733398e+00
1.698842167854309082e+00
2.098328351974487305e+00
2.192000865936279297e+00
2.234932899475097656e+00
1.845747351646423340e+00
2.528891801834106445e+00
2.986471176147460938e+00
2.637261390686035156e+00
3.201437473297119141e+00
2.029263496398925781e+00
3.628214120864868164e+00
3.986495256423950195e+00
2.563575506210327148e+00
2.914129018783569336e+00
2.670762300491333008e+00
1.857167720794677734e+00
2.282165765762329102e+00
2.105355978012084961e+00
2.602680921554565430e+00
9.713659286499023438e-01
2.197257995605468750e+00
1.992465615272521973e+00
1.724449157714843750e+00
1.553794026374816895e+00
1.378520607948303223e+00
1.105268478393554688e+00
1.981833577156066895e+00
2.226024389266967773e+00
1.951864719390869141e+00
2.171430826187133789e+00
3.650210142135620117e+00
2.431758642196655273e+00
2.253435611724853516e+00
2.469832658767700195e+00
2.106481790542602539e+00
2.623283863067626953e+00
3.154554843902587891e+00
9.764322638511657715e-01
2.719953060150146484e+00
2.475275516510009766e+00
1.183449387550354004e+00
1.662620306015014648e+00
9.029414057731628418e-01
1.384911179542541504e+00
1.753841280937194824e+00
1.261324524879455566e+00
2.770860910415649414e+00
2.659240245819091797e+00
1.842276096343994141e+00
2.078181028366088867e+00
2.070183753967285156e+00
1.854206442832946777e+00
1.995589733123779297e+00
3.028032779693603516e+00
2.969424962997436523e+00
3.071073055267333984e+00
2.686036586761474609e+00
3.369863033294677734e+00
1.644719362258911133e+00
3.127676248550415039e+00
3.625802516937255859e+00
2.385157823562622070e+00
2.717233419418334961e+00
2.681066036224365234e+00
2.092767238616943359e+00
2.762410879135131836e+00
3.203411817550659180e+00
1.591821670532226562e+00
2.574355363845825195e+00
3.546155452728271484e+00
2.595398664474487305e+00
2.665204763412475586e+00
3.067640781402587891e+00
2.432762861251831055e+00
3.089706659317016602e+00
2.082105159759521484e+00
2.571309089660644531e+00
2.251449108123779297e+00
3.634963989257812500e+00
2.695570707321166992e+00
2.838081598281860352e+00
3.903405427932739258e+00
3.228677511215209961e+00
2.279247999191284180e+00
2.540449857711791992e+00
3.766681432723999023e+00
2.679484367370605469e+00
3.369130134582519531e+00
3.204471826553344727e+00
2.151642322540283203e+00
1.737092137336730957e+00
1.673309683799743652e+00
2.308429241180419922e+00
2.686209917068481445e+00
1.963799118995666504e+00
2.316028833389282227e+00
3.779624223709106445e+00
7.830573916435241699e-01
2.569963455200195312e+00
1.966580271720886230e+00
2.030272483825683594e+00
3.570706546306610107e-01
3.085980653762817383e+00
2.887547016143798828e+00
2.199006080627441406e+00
1.778184890747070312e+00
1.821435451507568359e+00
2.649484157562255859e+00
2.263147830963134766e+00
1.657946109771728516e+00
2.097965955734252930e+00
2.510763406753540039e+00
1.593325972557067871e+00
1.441060185432434082e+00
9.992880225181579590e-01
1.719177842140197754e+00
1.954579234123229980e+00
1.653326869010925293e+00
1.381293535232543945e+00
2.155614137649536133e+00
2.199425697326660156e+00
4.892200827598571777e-01
1.725751280784606934e+00
1.418625354766845703e+00
2.055252075195312500e+00
2.809297561645507812e+00
3.084701538085937500e+00
1.337264537811279297e+00
1.719142675399780273e+00
3.334351301193237305e+00
2.273253440856933594e+00
2.967787027359008789e+00
2.027016639709472656e+00
9.767339229583740234e-01
2.263916492462158203e+00
2.522964954376220703e+00
1.627303123474121094e+00
1.305601954460144043e+00
7.204857468605041504e-01
2.064453363418579102e+00
1.754967331886291504e+00
1.081279635429382324e+00
1.592965126037597656e+00
2.261765718460083008e+00
5.032664537429809570e-01
2.408211946487426758e+00
2.569721460342407227e+00
1.977671742439270020e+00
2.086790084838867188e+00
2.404534816741943359e+00
2.122956752777099609e+00
2.061434745788574219e+00
1.865561604499816895e+00
1.723398208618164062e+00
2.481814622879028320e+00
1.804645776748657227e+00
3.092737674713134766e+00
2.217778444290161133e+00
1.579519391059875488e+00
1.869040727615356445e+00
2.428446054458618164e+00
9.998825192451477051e-01
2.445737123489379883e+00
2.171663522720336914e+00
9.661452174186706543e-01
1.396960735321044922e+00
2.246801614761352539e+00
1.317227244377136230e+00
3.034643650054931641e+00
1.501477003097534180e+00
1.740392565727233887e+00
1.916371107101440430e+00
2.670544385910034180e+00
2.215273141860961914e+00
1.998563170433044434e+00
1.960166573524475098e+00
1.328266263008117676e+00
2.666560888290405273e+00
2.571719408035278320e+00
9.548323154449462891e-01
1.419696807861328125e+00
2.500450134277343750e+00
2.410573244094848633e+00
1.426092386245727539e+00
1.427924156188964844e+00
1.112654566764831543e+00
1.972222685813903809e+00
2.218598842620849609e+00
1.977050304412841797e+00
2.287020206451416016e+00
1.899221777915954590e+00
2.318417072296142578e+00
1.447689056396484375e+00
1.854149460792541504e+00
1.201056838035583496e+00
1.986004233360290527e+00
2.370399951934814453e+00
2.508504867553710938e+00
1.559145450592041016e+00
2.041541576385498047e+00
1.593026876449584961e+00
2.301050901412963867e+00
3.056048393249511719e+00
2.244904279708862305e+00
1.719770550727844238e+00
1.680354356765747070e+00
1.580813884735107422e+00
1.322234749794006348e+00
2.496447324752807617e+00
1.961866736412048340e+00
2.629340410232543945e+00
2.139701843261718750e+00
1.931350588798522949e+00
2.412982225418090820e+00
2.731135368347167969e+00
1.831202983856201172e+00
2.068072557449340820e+00
2.175990819931030273e+00
8.643949627876281738e-01
2.094738960266113281e+00
1.955474376678466797e+00
1.021494626998901367e+00
2.676296949386596680e+00
2.548126697540283203e+00
1.818941116333007812e+00
2.778820753097534180e+00
2.514677762985229492e+00
2.246293067932128906e+00
3.013151645660400391e+00
2.384322643280029297e+00
1.883319973945617676e+00
1.695719361305236816e+00
1.968693375587463379e+00
1.982587456703186035e+00
1.468826293945312500e+00
2.461738348007202148e+00
1.667965054512023926e+00
2.047352075576782227e+00
2.593618869781494141e+00
2.296074628829956055e+00
1.825371623039245605e+00
2.542395114898681641e+00
1.579421043395996094e+00
1.973282933235168457e+00
1.991275548934936523e+00
2.014054775238037109e+00
1.592887401580810547e+00
2.685853242874145508e+00
2.067768573760986328e+00
2.280314683914184570e+00
1.366979837417602539e+00
2.530058383941650391e+00
3.042689085006713867e+00
1.916271448135375977e+00
2.302744388580322266e+00
2.409194231033325195e+00
1.499655365943908691e+00
2.516941547393798828e+00
2.522179841995239258e+00
9.705230593681335449e-01
1.808740854263305664e+00
2.010022401809692383e+00
2.383511066436767578e+00
1.676049590110778809e+00
1.727587938308715820e+00
1.167644858360290527e+00
1.729409456253051758e+00
2.529091596603393555e+00
2.180144071578979492e+00
2.362150430679321289e+00
2.262176752090454102e+00
2.132522106170654297e+00
2.789406061172485352e+00
2.068462133407592773e+00
1.856368780136108398e+00
2.734017610549926758e+00
1.998569607734680176e+00
1.906722903251647949e+00
2.623126029968261719e+00
1.729174256324768066e+00
2.537744998931884766e+00
1.459896802902221680e+00
1.215136408805847168e+00
1.780868887901306152e+00
1.637884736061096191e+00
2.466744184494018555e+00
1.969530820846557617e+00
2.722410917282104492e+00
1.499608039855957031e+00
2.257232904434204102e+00
1.718348264694213867e+00
2.174057006835937500e+00
1.834926962852478027e+00
2.014185190200805664e+00
2.226237058639526367e+00
1.083748817443847656e+00
2.760240793228149414e+00
2.378256797790527344e+00
2.054280042648315430e+00
2.161532163619995117e+00
2.416021585464477539e+00
2.883653640747070312e+00
2.377048969268798828e+00
1.996687054634094238e+00
1.533864498138427734e+00
1.792085766792297363e+00
3.202537298202514648e+00
1.620250463485717773e+00
2.110658645629882812e+00
2.761922359466552734e+00
1.410443305969238281e+00
2.798881053924560547e+00
2.430100440979003906e+00
3.052469968795776367e+00
9.483384490013122559e-01
1.827911138534545898e+00
2.649928808212280273e+00
1.435471296310424805e+00
1.413546800613403320e+00
3.650748252868652344e+00
2.248613834381103516e+00
2.592002868652343750e+00
3.122067451477050781e+00
3.379147529602050781e+00
1.995890140533447266e+00
2.172291994094848633e+00
2.623701572418212891e+00
2.957358121871948242e+00
2.527622461318969727e+00
2.955391407012939453e+00
2.403165102005004883e+00
1.732907295227050781e+00
3.294809103012084961e+00
2.027481317520141602e+00
2.377377271652221680e+00
2.714493036270141602e+00
2.263240814208984375e+00
1.476697683334350586e+00
2.251146078109741211e+00
1.535565495491027832e+00
1.222037434577941895e+00
1.789120554924011230e+00
2.216767787933349609e+00
1.360067486763000488e+00
1.903149962425231934e+00
2.594458580017089844e+00
2.351440906524658203e+00
3.088371753692626953e+00
3.543527126312255859e+00
2.680189132690429688e+00
1.770095705986022949e+00
3.231396913528442383e+00
2.678099393844604492e+00
2.393854141235351562e+00
3.352087497711181641e+00
3.277719020843505859e+00
1.911194324493408203e+00
2.523374795913696289e+00
2.759152173995971680e+00
1.261353850364685059e+00
1.689359188079833984e+00
2.796282291412353516e+00
2.072663307189941406e+00
2.883510112762451172e+00
3.178559064865112305e+00
3.252840518951416016e+00
2.014952659606933594e+00
3.309023618698120117e+00
3.550641536712646484e+00
1.734700679779052734e+00
3.070723295211791992e+00
2.361000776290893555e+00
2.105750083923339844e+00
2.965973615646362305e+00
3.243734836578369141e+00
1.781121492385864258e+00
3.108529090881347656e+00
1.915357708930969238e+00
3.083158731460571289e+00
2.238313198089599609e+00
2.484813928604125977e+00
2.480604648590087891e+00
2.132733345031738281e+00
3.694128513336181641e+00
2.706922769546508789e+00
2.669608116149902344e+00
2.894969224929809570e+00
2.788512945175170898e+00
2.409375429153442383e+00
2.239846467971801758e+00
2.587397336959838867e+00
1.653526425361633301e+00
3.226959943771362305e+00
2.554837703704833984e+00
1.639741063117980957e+00
3.189864635467529297e+00
2.964335680007934570e+00
1.938903927803039551e+00
3.221176147460937500e+00
2.433524370193481445e+00
1.779150366783142090e+00
3.371999025344848633e+00
2.386813640594482422e+00
1.702404618263244629e+00
2.592171669006347656e+00
2.065312862396240234e+00
2.266129493713378906e+00
2.958280324935913086e+00
3.146921157836914062e+00
1.299751639366149902e+00
1.920922994613647461e+00
2.687344789505004883e+00
1.686654686927795410e+00
3.428099632263183594e+00
3.335619688034057617e+00
2.062823057174682617e+00
3.771046400070190430e+00
2.882058620452880859e+00
2.762802839279174805e+00
2.259293079376220703e+00
2.738677263259887695e+00
3.644788980484008789e+00
2.780456066131591797e+00
3.193639516830444336e+00
3.582173109054565430e+00
2.198271512985229492e+00
3.322104930877685547e+00
3.364395618438720703e+00
2.456701993942260742e+00
2.369247198104858398e+00
2.636535167694091797e+00
2.244828224182128906e+00
1.771336913108825684e+00
3.606854915618896484e+00
1.340461015701293945e+00
2.921677589416503906e+00
2.166380643844604492e+00
2.596373796463012695e+00
1.993715643882751465e+00
2.392683267593383789e+00
3.321614742279052734e+00
2.589421272277832031e+00
3.174546241760253906e+00
2.695463895797729492e+00
2.438783168792724609e+00
2.503515958786010742e+00
3.841103553771972656e+00
2.233461856842041016e+00
3.427531957626342773e+00
2.938201189041137695e+00
3.513898134231567383e+00
2.602602243423461914e+00
2.071283340454101562e+00
2.206802606582641602e+00
2.623498678207397461e+00
2.467856884002685547e+00
1.998670816421508789e+00
2.492152690887451172e+00
3.291342258453369141e+00
2.213029146194458008e+00
3.667829036712646484e+00
3.246346235275268555e+00
2.624105930328369141e+00
3.887529850006103516e+00
2.509157657623291016e+00
2.287157297134399414e+00
3.536393404006958008e+00
3.111640691757202148e+00
2.523799180984497070e+00
2.831007957458496094e+00
1.948139071464538574e+00
2.918219089508056641e+00
3.624402523040771484e+00
2.373673439025878906e+00
2.918582201004028320e+00
3.067915916442871094e+00
3.172445058822631836e+00
2.357491731643676758e+00
2.630358457565307617e+00
3.337460756301879883e+00
2.933886766433715820e+00
2.882025241851806641e+00
2.154167175292968750e+00
2.402737140655517578e+00
2.799401998519897461e+00
3.651580095291137695e+00
1.443987011909484863e+00
3.554289340972900391e+00
3.393976926803588867e+00
2.167709827423095703e+00
2.958423137664794922e+00
2.417566299438476562e+00
2.528951406478881836e+00
4.078742027282714844e+00
2.908976554870605469e+00
1.938371062278747559e+00
3.638883352279663086e+00
4.239810943603515625e+00
3.543555259704589844e+00
3.220340728759765625e+00
3.316865444183349609e+00
2.555572986602783203e+00
4.500027656555175781e+00
3.969204902648925781e+00
2.931663036346435547e+00
2.710576295852661133e+00
3.585640430450439453e+00
2.296182870864868164e+00
3.284017086029052734e+00
3.184067964553833008e+00
2.832787513732910156e+00
3.158187627792358398e+00
2.911721944808959961e+00
3.346688747406005859e+00
2.913650274276733398e+00
4.158482074737548828e+00
3.327976465225219727e+00
3.625699520111083984e+00
3.957544803619384766e+00
3.541031360626220703e+00
3.420980930328369141e+00
3.539884328842163086e+00
3.042155265808105469e+00
2.593329906463623047e+00
3.043864250183105469e+00
3.423975706100463867e+00
2.955967426300048828e+00
4.025388240814208984e+00
3.541859388351440430e+00
3.223780870437622070e+00
4.778504848480224609e+00
2.974157094955444336e+00
3.365177154541015625e+00
4.462228298187255859e+00
3.094165802001953125e+00
3.885759353637695312e+00
3.343112230300903320e+00
3.373124361038208008e+00
2.486784696578979492e+00
4.498261451721191406e+00
3.017643213272094727e+00
2.807644367218017578e+00
3.723124504089355469e+00
4.102913856506347656e+00
3.190011024475097656e+00
3.710548400878906250e+00
3.490622997283935547e+00
2.755994558334350586e+00
2.998195648193359375e+00
3.298738718032836914e+00
3.644253969192504883e+00
3.090939760208129883e+00
3.807945728302001953e+00
3.629809617996215820e+00
3.087715148925781250e+00
4.352270603179931641e+00
3.504671573638916016e+00
3.839427947998046875e+00
3.095092058181762695e+00
3.191029071807861328e+00
3.613286018371582031e+00
4.395114421844482422e+00
3.438699960708618164e+00
4.818416595458984375e+00
3.192445039749145508e+00
4.134561061859130859e+00
3.833755493164062500e+00
3.878497838973999023e+00
4.252017021179199219e+00
4.013415336608886719e+00
4.144577980041503906e+00
4.160262584686279297e+00
4.021107673645019531e+00
4.513935565948486328e+00
2.845837831497192383e+00
4.383575916290283203e+00
3.957068204879760742e+00
3.666539192199707031e+00
3.080548524856567383e+00
4.425950050354003906e+00
2.713449716567993164e+00
5.364580631256103516e+00
3.580399751663208008e+00
4.298729896545410156e+00
3.631158351898193359e+00
4.521616935729980469e+00
3.897941827774047852e+00
3.055497646331787109e+00
3.657638311386108398e+00
3.675617933273315430e+00
3.864947795867919922e+00
3.782455921173095703e+00
3.396752834320068359e+00
4.640437602996826172e+00
4.633422851562500000e+00
3.557980060577392578e+00
2.923725128173828125e+00
4.155966281890869141e+00
4.435767173767089844e+00
4.609274864196777344e+00
3.593361854553222656e+00
3.577816247940063477e+00
4.084057331085205078e+00
3.355823993682861328e+00
4.198827743530273438e+00
4.271793365478515625e+00
3.902590036392211914e+00
3.792545318603515625e+00
4.919440746307373047e+00
5.054550170898437500e+00
3.468667030334472656e+00
3.327465772628784180e+00
4.341894149780273438e+00
4.194566249847412109e+00
3.121943235397338867e+00
4.525862216949462891e+00
4.033488750457763672e+00
4.451240539550781250e+00
3.763535261154174805e+00
4.767816543579101562e+00
3.875548601150512695e+00
3.960747957229614258e+00
4.060328483581542969e+00
3.577184677124023438e+00
3.107750177383422852e+00
4.205557346343994141e+00
3.486776113510131836e+00
3.488105297088623047e+00
3.493615388870239258e+00
4.193077564239501953e+00
4.390733718872070312e+00
4.507666110992431641e+00
3.792003631591796875e+00
4.011476516723632812e+00
4.924705505371093750e+00
3.630592107772827148e+00
3.989109277725219727e+00
3.798552751541137695e+00
3.541374444961547852e+00
3.759697198867797852e+00
4.342117786407470703e+00
4.353248596191406250e+00
4.278214931488037109e+00
3.469394207000732422e+00
5.134371280670166016e+00
4.618145942687988281e+00
4.183522224426269531e+00
3.865766525268554688e+00
4.107324600219726562e+00
3.515718698501586914e+00
4.958778381347656250e+00
4.350886344909667969e+00
4.293037891387939453e+00
5.529038429260253906e+00
3.845355510711669922e+00
5.387569427490234375e+00
4.887553215026855469e+00
5.342929363250732422e+00
5.062810897827148438e+00
4.342966556549072266e+00
5.718591690063476562e+00
4.056941509246826172e+00
3.697480678558349609e+00
5.256685256958007812e+00
5.586787223815917969e+00
4.124449729919433594e+00
6.331460952758789062e+00
4.894953727722167969e+00
5.142328739166259766e+00
5.604724884033203125e+00
5.445506095886230469e+00
4.325304985046386719e+00
3.315914154052734375e+00
5.473291397094726562e+00
5.350510597229003906e+00
3.885182380676269531e+00
5.761068344116210938e+00
3.904284238815307617e+00
4.371059417724609375e+00
4.900913715362548828e+00
3.384897470474243164e+00
4.934165477752685547e+00
4.795972347259521484e+00
4.192532062530517578e+00
5.530332565307617188e+00
5.126887321472167969e+00
4.792828083038330078e+00
6.195953369140625000e+00
5.134408950805664062e+00
5.447709560394287109e+00
5.795105934143066406e+00
5.221827507019042969e+00
4.780712604522705078e+00
5.491086483001708984e+00
5.294339179992675781e+00
5.155397415161132812e+00
5.054882049560546875e+00
5.583355903625488281e+00
4.227299690246582031e+00
5.122965812683105469e+00
4.959622383117675781e+00
4.749811172485351562e+00
6.321187496185302734e+00
4.197214126586914062e+00
5.326024055480957031e+00
4.053532123565673828e+00
5.182315349578857422e+00
5.447302341461181641e+00
5.778701782226562500e+00
3.917799234390258789e+00
5.110307693481445312e+00
6.621195793151855469e+00
5.991950035095214844e+00
6.754659652709960938e+00
6.406398773193359375e+00
5.287320613861083984e+00
5.446990966796875000e+00
5.202593326568603516e+00
5.767617225646972656e+00
6.291695117950439453e+00
5.265385150909423828e+00
6.478394508361816406e+00
5.823639869689941406e+00
5.930399894714355469e+00
6.239539623260498047e+00
4.892741203308105469e+00
5.022633075714111328e+00
5.155635356903076172e+00
4.421029567718505859e+00
5.473728179931640625e+00
5.361761569976806641e+00
4.587235927581787109e+00
5.117015361785888672e+00
4.699293136596679688e+00
5.290288448333740234e+00
5.149849414825439453e+00
4.552370071411132812e+00
4.734135627746582031e+00
5.078094959259033203e+00
4.887460231781005859e+00
4.208670139312744141e+00
5.363839626312255859e+00
5.124419689178466797e+00
5.301565170288085938e+00
5.967614173889160156e+00
5.502655029296875000e+00
7.130313873291015625e+00
5.933229923248291016e+00
6.308179378509521484e+00
5.855420112609863281e+00
5.981957435607910156e+00
6.539332389831542969e+00
6.357593536376953125e+00
6.535585880279541016e+00
6.403064727783203125e+00
6.395857334136962891e+00
6.493121147155761719e+00
5.221277236938476562e+00
6.740493297576904297e+00
6.214341640472412109e+00
5.299722194671630859e+00
6.339211940765380859e+00
6.132780551910400391e+00
4.461898803710937500e+00
5.892215251922607422e+00
6.233919143676757812e+00
5.776082992553710938e+00
7.661418914794921875e+00
8.055305480957031250e+00
7.404403686523437500e+00
6.121906757354736328e+00
5.742017269134521484e+00
4.904139518737792969e+00
6.015855789184570312e+00
4.972270488739013672e+00
6.574934959411621094e+00
7.084517955780029297e+00
4.937116146087646484e+00
6.342080593109130859e+00
5.646147251129150391e+00
5.754755020141601562e+00
5.692494869232177734e+00
6.444571495056152344e+00
5.708612918853759766e+00
6.002555847167968750e+00
6.664903163909912109e+00
5.927872180938720703e+00
6.392611980438232422e+00
7.601831912994384766e+00
7.759570121765136719e+00
7.798027038574218750e+00
8.091031074523925781e+00
6.438396930694580078e+00
6.794770717620849609e+00
8.484334945678710938e+00
7.988032817840576172e+00
6.832745552062988281e+00
7.458890914916992188e+00
7.188374042510986328e+00
7.634305477142333984e+00
5.906119823455810547e+00
6.859426021575927734e+00
6.386162757873535156e+00
7.142193317413330078e+00
6.663824081420898438e+00
7.287639617919921875e+00
6.042116641998291016e+00
6.071974277496337891e+00
6.030302524566650391e+00
6.919052600860595703e+00
8.802386283874511719e+00
9.921957969665527344e+00
8.108407974243164062e+00
8.084154129028320312e+00
6.786683082580566406e+00
6.396910667419433594e+00
5.911801815032958984e+00
6.237910747528076172e+00
7.503664493560791016e+00
7.662087917327880859e+00
6.943514823913574219e+00
7.736269474029541016e+00
7.235343456268310547e+00
6.126575469970703125e+00
6.496574401855468750e+00
7.695683956146240234e+00
7.274631023406982422e+00
7.460771083831787109e+00
6.623340606689453125e+00
6.980669021606445312e+00
4.955947399139404297e+00
8.049334526062011719e+00
8.359732627868652344e+00
7.690302848815917969e+00
7.280718326568603516e+00
6.773870944976806641e+00
6.611707687377929688e+00
7.194643974304199219e+00
7.076854228973388672e+00
6.842873096466064453e+00
6.507157802581787109e+00
5.003773689270019531e+00
6.017077445983886719e+00
5.761881351470947266e+00
6.112377643585205078e+00
6.067652702331542969e+00
5.905985832214355469e+00
6.027998447418212891e+00
6.901579380035400391e+00
6.712430477142333984e+00
6.290432453155517578e+00
5.123664379119873047e+00
7.684764862060546875e+00
8.848087310791015625e+00
8.627052307128906250e+00
9.655775070190429688e+00
6.393535614013671875e+00
6.478885650634765625e+00
7.881437301635742188e+00
6.873173236846923828e+00
7.471336841583251953e+00
6.630935192108154297e+00
6.230684280395507812e+00
6.008659362792968750e+00
5.925256252288818359e+00
6.900735855102539062e+00
6.541157245635986328e+00
6.882397651672363281e+00
7.961916446685791016e+00
6.020744800567626953e+00
7.545919895172119141e+00
7.022936820983886719e+00
6.572622299194335938e+00
7.326067924499511719e+00
6.951547622680664062e+00
8.276726722717285156e+00
7.663304328918457031e+00
8.859580993652343750e+00
7.658602237701416016e+00
8.115632057189941406e+00
7.053677558898925781e+00
8.456213951110839844e+00
7.437941551208496094e+00
5.890157699584960938e+00
7.553640365600585938e+00
8.607381820678710938e+00
8.097314834594726562e+00
6.840785980224609375e+00
6.641125202178955078e+00
6.423207759857177734e+00
7.490064144134521484e+00
7.490795612335205078e+00
7.407539367675781250e+00
8.426137924194335938e+00
7.511119365692138672e+00
7.491397857666015625e+00
6.370779514312744141e+00
7.166329860687255859e+00
6.750112533569335938e+00
7.472229480743408203e+00
7.447668552398681641e+00
7.075712203979492188e+00
6.994248867034912109e+00
7.674658775329589844e+00
6.083773612976074219e+00
6.459502696990966797e+00
6.465774536132812500e+00
5.507321834564208984e+00
6.864586353302001953e+00
6.922701358795166016e+00
6.256429195404052734e+00
7.370045185089111328e+00
7.435666084289550781e+00
8.149738311767578125e+00
5.866724491119384766e+00
6.126081466674804688e+00
6.092211246490478516e+00
5.765714645385742188e+00
6.475850105285644531e+00
5.382615089416503906e+00
6.830128192901611328e+00
5.292957305908203125e+00
6.837100505828857422e+00
6.349881172180175781e+00
6.123753070831298828e+00
7.381319999694824219e+00
8.116455078125000000e+00
8.864776611328125000e+00
7.715803623199462891e+00
8.643923759460449219e+00
7.094208717346191406e+00
6.359600067138671875e+00
6.275184154510498047e+00
6.844382762908935547e+00
7.194703102111816406e+00
6.016728401184082031e+00
7.233635425567626953e+00
5.969642162322998047e+00
6.669741153717041016e+00
7.391647815704345703e+00
6.365980148315429688e+00
5.770711421966552734e+00
6.257538795471191406e+00
6.494666099548339844e+00
6.255657672882080078e+00
7.007142543792724609e+00
6.775017738342285156e+00
6.994189739227294922e+00
6.434405803680419922e+00
6.626397609710693359e+00
6.578457832336425781e+00
6.627768993377685547e+00
8.202588081359863281e+00
8.530512809753417969e+00
8.332053184509277344e+00
7.797595024108886719e+00
8.386148452758789062e+00
6.776469707489013672e+00
6.943183898925781250e+00
7.395288467407226562e+00
7.960810661315917969e+00
7.316866397857666016e+00
7.734038352966308594e+00
7.596367835998535156e+00
7.471001148223876953e+00
7.201928615570068359e+00
7.972916126251220703e+00
7.370213985443115234e+00
6.482014656066894531e+00
7.221259117126464844e+00
6.967399120330810547e+00
6.368374347686767578e+00
7.544046878814697266e+00
7.092754364013671875e+00
6.322994709014892578e+00
7.697315216064453125e+00
6.473579883575439453e+00
7.980144023895263672e+00
6.636976242065429688e+00
8.037827491760253906e+00
8.881903648376464844e+00
8.184156417846679688e+00
8.639698028564453125e+00
8.622216224670410156e+00
8.537123680114746094e+00
7.273526191711425781e+00
9.073184013366699219e+00
7.527811527252197266e+00
7.059282302856445312e+00
8.101715087890625000e+00
7.694160461425781250e+00
6.714257240295410156e+00
7.109080791473388672e+00
7.702753543853759766e+00
8.777016639709472656e+00
8.430200576782226562e+00
6.448256492614746094e+00
8.644294738769531250e+00
7.695741653442382812e+00
7.836024284362792969e+00
6.564413070678710938e+00
8.253035545349121094e+00
7.481268882751464844e+00
7.271828651428222656e+00
8.093367576599121094e+00
8.261443138122558594e+00
8.996588706970214844e+00
9.178163528442382812e+00
9.341955184936523438e+00
9.056131362915039062e+00
9.447013854980468750e+00
8.773333549499511719e+00
7.305017948150634766e+00
7.872156143188476562e+00
8.962121963500976562e+00
8.568354606628417969e+00
9.263360023498535156e+00
8.419215202331542969e+00
9.543656349182128906e+00
7.617484569549560547e+00
9.287641525268554688e+00
8.406733512878417969e+00
8.613946914672851562e+00
7.343891620635986328e+00
9.230595588684082031e+00
6.645050525665283203e+00
8.244759559631347656e+00
6.752129077911376953e+00
9.016770362854003906e+00
7.605924129486083984e+00
6.889224529266357422e+00
8.123973846435546875e+00
7.858965873718261719e+00
7.946274757385253906e+00
8.592934608459472656e+00
9.261880874633789062e+00
9.919234275817871094e+00
8.496849060058593750e+00
7.301371097564697266e+00
7.766895771026611328e+00
9.651105880737304688e+00
8.068006515502929688e+00
7.768497467041015625e+00
8.749623298645019531e+00
8.385890960693359375e+00
7.350155830383300781e+00
8.649188041687011719e+00
9.440059661865234375e+00
9.485754966735839844e+00
8.750031471252441406e+00
9.808938026428222656e+00
9.215793609619140625e+00
8.893009185791015625e+00
7.737405776977539062e+00
9.344250679016113281e+00
8.723460197448730469e+00
8.601721763610839844e+00
9.221299171447753906e+00
1.012512779235839844e+01
1.068385410308837891e+01
9.511404991149902344e+00
9.379884719848632812e+00
8.985713958740234375e+00
8.920001983642578125e+00
8.949470520019531250e+00
7.706396579742431641e+00
8.226476669311523438e+00
8.256389617919921875e+00
8.758903503417968750e+00
9.159867286682128906e+00
8.046673774719238281e+00
7.903286933898925781e+00
7.668769836425781250e+00
8.719472885131835938e+00
8.636731147766113281e+00
8.302977561950683594e+00
8.704448699951171875e+00
8.798892974853515625e+00
8.789370536804199219e+00
8.915510177612304688e+00
8.934965133666992188e+00
7.362161159515380859e+00
8.163610458374023438e+00
9.259348869323730469e+00
9.102231025695800781e+00
1.093017101287841797e+01
1.093380069732666016e+01
1.000415515899658203e+01
9.940109252929687500e+00
9.300670623779296875e+00
8.927859306335449219e+00
9.471395492553710938e+00
8.832925796508789062e+00
7.266417026519775391e+00
8.328204154968261719e+00
8.675616264343261719e+00
7.874684810638427734e+00
8.056134223937988281e+00
8.179729461669921875e+00
8.426652908325195312e+00
8.886878013610839844e+00
8.649882316589355469e+00
9.487081527709960938e+00
9.247239112854003906e+00
9.450543403625488281e+00
9.472575187683105469e+00
1.030848217010498047e+01
8.883182525634765625e+00
8.722522735595703125e+00
9.744905471801757812e+00
1.073808670043945312e+01
9.630824089050292969e+00
1.006572818756103516e+01
8.669455528259277344e+00
9.099090576171875000e+00
1.009175014495849609e+01
7.548217296600341797e+00
8.786014556884765625e+00
9.211277961730957031e+00
8.850476264953613281e+00
8.522745132446289062e+00
8.107388496398925781e+00
8.509403228759765625e+00
8.379073143005371094e+00
8.868750572204589844e+00
8.939967155456542969e+00
9.185409545898437500e+00
9.058516502380371094e+00
9.788007736206054688e+00
8.888276100158691406e+00
8.907080650329589844e+00
1.016902160644531250e+01
9.556091308593750000e+00
9.925416946411132812e+00
1.013736343383789062e+01
9.886465072631835938e+00
8.527194976806640625e+00
9.454576492309570312e+00
7.855421543121337891e+00
9.103382110595703125e+00
9.708415031433105469e+00
8.739541053771972656e+00
1.005883884429931641e+01
9.814263343811035156e+00
8.598095893859863281e+00
9.028206825256347656e+00
9.471686363220214844e+00
9.923772811889648438e+00
8.896478652954101562e+00
8.387249946594238281e+00
8.804748535156250000e+00
9.733160972595214844e+00
9.569611549377441406e+00
9.046283721923828125e+00
1.051068592071533203e+01
1.009152221679687500e+01
9.637790679931640625e+00
9.866217613220214844e+00
1.005977153778076172e+01
8.684801101684570312e+00
8.544214248657226562e+00
9.080090522766113281e+00
8.059706687927246094e+00
8.500281333923339844e+00
8.401132583618164062e+00
7.877665519714355469e+00
7.633687973022460938e+00
9.144187927246093750e+00
7.957729339599609375e+00
7.725364685058593750e+00
9.941810607910156250e+00
8.717636108398437500e+00
8.527068138122558594e+00
8.417067527770996094e+00
8.626121520996093750e+00
1.010883903503417969e+01
9.526571273803710938e+00
8.520476341247558594e+00
9.424211502075195312e+00
1.076001739501953125e+01
9.211840629577636719e+00
1.085876846313476562e+01
1.087984085083007812e+01
9.043794631958007812e+00
9.339585304260253906e+00
9.909957885742187500e+00
9.542456626892089844e+00
9.642844200134277344e+00
9.843463897705078125e+00
9.321735382080078125e+00
9.680781364440917969e+00
8.917404174804687500e+00
8.352586746215820312e+00
1.038440036773681641e+01
9.720536231994628906e+00
1.002489662170410156e+01
1.058272457122802734e+01
9.810873985290527344e+00
1.040302562713623047e+01
1.000637435913085938e+01
8.875742912292480469e+00
1.035399436950683594e+01
9.594646453857421875e+00
1.016084194183349609e+01
9.866184234619140625e+00
1.026874446868896484e+01
1.008680915832519531e+01
1.058784675598144531e+01
1.073253726959228516e+01
1.064658164978027344e+01
9.455643653869628906e+00
1.068524265289306641e+01
1.047008037567138672e+01
1.060706043243408203e+01
1.045466518402099609e+01
1.050237464904785156e+01
1.001577949523925781e+01
9.408543586730957031e+00
1.053124332427978516e+01
9.834823608398437500e+00
9.710495948791503906e+00
9.290566444396972656e+00
9.722797393798828125e+00
9.874201774597167969e+00
9.624741554260253906e+00
9.599972724914550781e+00
1.042770385742187500e+01
9.732378005981445312e+00
1.055370712280273438e+01
1.025608825683593750e+01
1.023961925506591797e+01
1.034144020080566406e+01
9.737660408020019531e+00
1.002540874481201172e+01
9.600457191467285156e+00
9.952363967895507812e+00
1.056882953643798828e+01
9.693408966064453125e+00
9.975550651550292969e+00
9.702567100524902344e+00
1.074502563476562500e+01
1.047745132446289062e+01
1.033186435699462891e+01
9.024950981140136719e+00
9.641017913818359375e+00
1.015558338165283203e+01
9.331749916076660156e+00
1.093331050872802734e+01
1.003520011901855469e+01
9.659395217895507812e+00
9.717142105102539062e+00
1.060363483428955078e+01
1.051928234100341797e+01
9.451615333557128906e+00
9.622800827026367188e+00
9.850055694580078125e+00
1.025964736938476562e+01
9.979293823242187500e+00
1.002306842803955078e+01
1.094074440002441406e+01
9.568400382995605469e+00
9.771114349365234375e+00
9.254915237426757812e+00
9.638809204101562500e+00
1.048875617980957031e+01
9.798459053039550781e+00
1.019835090637207031e+01
1.061359882354736328e+01
1.039896392822265625e+01
1.037712383270263672e+01
1.055944442749023438e+01
1.033103466033935547e+01
1.087503814697265625e+01
1.033601760864257812e+01
1.022879219055175781e+01
9.633680343627929688e+00
1.052331352233886719e+01
1.068996238708496094e+01
9.258602142333984375e+00
9.691552162170410156e+00
9.788607597351074219e+00
9.639760017395019531e+00
9.452301025390625000e+00
9.091684341430664062e+00
9.464133262634277344e+00
9.979106903076171875e+00
1.016692543029785156e+01
1.035863018035888672e+01
9.779156684875488281e+00
1.039372825622558594e+01
9.344978332519531250e+00
9.952551841735839844e+00
1.019694137573242188e+01
1.003011035919189453e+01
1.016796398162841797e+01
1.013344001770019531e+01
9.695380210876464844e+00
9.423992156982421875e+00
9.765439987182617188e+00
9.175255775451660156e+00
1.016304969787597656e+01
1.046975135803222656e+01
1.063425922393798828e+01
1.043707275390625000e+01
9.906086921691894531e+00
1.013181495666503906e+01
9.876276016235351562e+00
9.912236213684082031e+00
9.569927215576171875e+00
9.539810180664062500e+00
1.027410507202148438e+01
1.031537055969238281e+01
1.082827091217041016e+01
1.025423717498779297e+01
9.702672004699707031e+00
1.025412368774414062e+01
1.045969104766845703e+01
1.006339359283447266e+01
9.874961853027343750e+00
9.963314056396484375e+00
1.004366111755371094e+01
1.027816390991210938e+01
9.855789184570312500e+00
9.852642059326171875e+00
9.933170318603515625e+00
9.886898040771484375e+00
9.963447570800781250e+00
1.009286785125732422e+01
1.022397422790527344e+01
9.713375091552734375e+00
1.000715732574462891e+01
9.955108642578125000e+00
1.016956233978271484e+01
1.020988178253173828e+01
9.903932571411132812e+00
9.908802032470703125e+00
9.906098365783691406e+00
1.026377010345458984e+01
9.939339637756347656e+00
9.978138923645019531e+00
1.001255702972412109e+01
1.012932014465332031e+01
9.927778244018554688e+00
1.004765129089355469e+01
1.020648479461669922e+01
9.760955810546875000e+00
9.915639877319335938e+00
1.011329555511474609e+01
1.015524196624755859e+01
1.003515529632568359e+01
1.019509601593017578e+01
1.015323829650878906e+01
1.015219974517822266e+01
9.869286537170410156e+00
9.907791137695312500e+00
9.907008171081542969e+00
1.010659694671630859e+01
1.018598365783691406e+01
9.904115676879882812e+00
9.902969360351562500e+00
1.014161491394042969e+01
9.977425575256347656e+00
9.935200691223144531e+00
1.009448337554931641e+01
1.025506591796875000e+01
1.025358390808105469e+01
9.930784225463867188e+00
9.768027305603027344e+00
9.893074035644531250e+00
9.936526298522949219e+00
9.935188293457031250e+00
1.004938793182373047e+01
1.008746623992919922e+01
1.019434261322021484e+01
1.004933643341064453e+01
9.894624710083007812e+00
1.019900035858154297e+01
1.015259170532226562e+01
9.892554283142089844e+00
1.000655937194824219e+01
1.011456775665283203e+01
1.004000377655029297e+01
1.006986331939697266e+01
1.018378734588623047e+01
9.921118736267089844e+00
9.883802413940429688e+00
9.841229438781738281e+00
1.014717674255371094e+01
1.018152713775634766e+01
9.916292190551757812e+00
1.006881332397460938e+01
9.840707778930664062e+00
1.002876377105712891e+01
9.983596801757812500e+00
9.917064666748046875e+00
1.006057071685791016e+01
9.916856765747070312e+00
9.947002410888671875e+00
1.006546020507812500e+01
9.913088798522949219e+00
1.006618309020996094e+01
1.025098705291748047e+01
1.024372005462646484e+01
9.905874252319335938e+00
1.016674995422363281e+01
1.009320449829101562e+01
1.004833984375000000e+01
1.024179363250732422e+01
1.005469989776611328e+01
9.742398262023925781e+00
9.903049468994140625e+00
1.001914024353027344e+01
9.939031600952148438e+00
1.013115882873535156e+01
1.006008720397949219e+01
9.769328117370605469e+00
1.008476257324218750e+01
1.005305957794189453e+01
9.911703109741210938e+00
1.005377769470214844e+01
9.911721229553222656e+00
9.843367576599121094e+00
9.831765174865722656e+00
9.834133148193359375e+00
1.008503246307373047e+01
1.008737373352050781e+01
1.036704826354980469e+01
9.829981803894042969e+00
9.790007591247558594e+00
1.017947101593017578e+01
9.869297027587890625e+00
9.905254364013671875e+00
9.971872329711914062e+00
1.015080261230468750e+01
1.009546661376953125e+01
9.979787826538085938e+00
1.002162075042724609e+01
1.022413825988769531e+01
9.963510513305664062e+00
9.949885368347167969e+00
9.754388809204101562e+00
9.909599304199218750e+00
9.873431205749511719e+00
1.001743698120117188e+01
1.010535049438476562e+01
1.010746765136718750e+01
1.015804576873779297e+01
9.930313110351562500e+00
1.010557556152343750e+01
9.815852165222167969e+00
1.013339519500732422e+01
9.974607467651367188e+00
9.897762298583984375e+00
1.022108936309814453e+01
9.900651931762695312e+00
1.006817436218261719e+01
9.777502059936523438e+00
1.014559745788574219e+01
1.011461448669433594e+01
9.891932487487792969e+00
9.936718940734863281e+00
9.985600471496582031e+00
9.716130256652832031e+00
1.001050090789794922e+01
9.857560157775878906e+00
1.000986003875732422e+01
1.008838558197021484e+01
9.973910331726074219e+00
1.021565055847167969e+01
9.859712600708007812e+00
1.008414363861083984e+01
1.005710411071777344e+01
1.000114822387695312e+01
1.009890460968017578e+01
1.002290725708007812e+01
9.921913146972656250e+00
9.892355918884277344e+00
9.975604057312011719e+00
1.006610298156738281e+01
9.987943649291992188e+00
1.016704082489013672e+01
1.014407348632812500e+01
9.816947937011718750e+00
9.941709518432617188e+00
1.013268184661865234e+01
9.658458709716796875e+00
1.008658313751220703e+01
1.018911552429199219e+01
9.811275482177734375e+00
1.001953220367431641e+01
1.015792369842529297e+01
9.956590652465820312e+00
9.891197204589843750e+00
1.000038337707519531e+01
9.934374809265136719e+00
1.001056480407714844e+01
9.958124160766601562e+00
9.967453956604003906e+00
1.004910659790039062e+01
1.023882389068603516e+01
9.818029403686523438e+00
1.005761241912841797e+01
9.867856979370117188e+00
1.012981605529785156e+01
9.863247871398925781e+00
1.015713310241699219e+01
1.008901214599609375e+01
1.001910972595214844e+01
1.018585205078125000e+01
9.870128631591796875e+00
1.020019149780273438e+01
9.969302177429199219e+00
9.997461318969726562e+00
9.999588966369628906e+00
9.659361839294433594e+00
1.001014614105224609e+01
1.024167633056640625e+01
1.016211128234863281e+01
1.010437870025634766e+01
1.016424751281738281e+01
9.853573799133300781e+00
1.013411712646484375e+01
1.006736469268798828e+01
1.002470207214355469e+01
1.021678638458251953e+01
1.021568489074707031e+01
1.004191875457763672e+01
9.860257148742675781e+00
1.008293247222900391e+01
9.971085548400878906e+00
1.009999275207519531e+01
1.003325366973876953e+01
1.029269313812255859e+01
9.982540130615234375e+00
9.904197692871093750e+00
9.827708244323730469e+00
1.006151008605957031e+01
9.903627395629882812e+00
9.944573402404785156e+00
1.005871868133544922e+01
1.044062423706054688e+01
1.020598983764648438e+01
9.983231544494628906e+00
1.010250568389892578e+01
9.803364753723144531e+00
9.802038192749023438e+00
9.800845146179199219e+00
9.808152198791503906e+00
1.014032363891601562e+01
9.910357475280761719e+00
9.796600341796875000e+00
9.918381690979003906e+00
1.009820175170898438e+01
9.987088203430175781e+00
9.983088493347167969e+00
9.978897094726562500e+00
1.012766265869140625e+01
9.897734642028808594e+00
9.900914192199707031e+00
9.786314010620117188e+00
9.784704208374023438e+00
9.898095130920410156e+00
1.006025123596191406e+01
1.028404998779296875e+01
1.014337635040283203e+01
9.839364051818847656e+00
1.022079372406005859e+01
9.847579956054687500e+00
1.014505767822265625e+01
1.007619285583496094e+01
9.993142127990722656e+00
1.000803375244140625e+01
9.926916122436523438e+00
9.997437477111816406e+00
1.011291694641113281e+01
1.005931568145751953e+01
9.794430732727050781e+00
1.009226608276367188e+01
1.006281089782714844e+01
9.975718498229980469e+00
9.784264564514160156e+00
1.013309669494628906e+01
9.923669815063476562e+00
9.782577514648437500e+00
1.027715015411376953e+01
9.979433059692382812e+00
1.006131076812744141e+01
1.012848091125488281e+01
9.946720123291015625e+00
9.801183700561523438e+00
9.918136596679687500e+00
1.007623195648193359e+01
9.998865127563476562e+00
1.006944656372070312e+01
1.006610965728759766e+01
9.990900039672851562e+00
1.010494995117187500e+01
9.989596366882324219e+00
9.993909835815429688e+00
9.751892089843750000e+00
1.020364284515380859e+01
1.012605285644531250e+01
1.012836074829101562e+01
1.028264141082763672e+01
1.013058757781982422e+01
1.008961391448974609e+01
1.009095954895019531e+01
1.008812427520751953e+01
1.020430564880371094e+01
9.909748077392578125e+00
1.006157398223876953e+01
9.795140266418457031e+00
9.792199134826660156e+00
9.796100616455078125e+00
9.795911788940429688e+00
9.996458053588867188e+00
1.007548618316650391e+01
9.992605209350585938e+00
1.007077312469482422e+01
1.014855957031250000e+01
1.002323627471923828e+01
9.897532463073730469e+00
9.972749710083007812e+00
1.029113483428955078e+01
9.968312263488769531e+00
1.012895202636718750e+01
9.968480110168457031e+00
1.005018901824951172e+01
1.005271434783935547e+01
1.009629821777343750e+01
1.014027690887451172e+01
9.824626922607421875e+00
1.003250694274902344e+01
9.797588348388671875e+00
9.800721168518066406e+00
1.000319862365722656e+01
1.008404064178466797e+01
1.000364398956298828e+01
1.000177383422851562e+01
1.024110412597656250e+01
9.997585296630859375e+00
9.994004249572753906e+00
1.006824493408203125e+01
1.014004421234130859e+01
9.892913818359375000e+00
1.013072395324707031e+01
9.847975730895996094e+00
1.020890903472900391e+01
9.966620445251464844e+00
1.004797744750976562e+01
9.768371582031250000e+00
1.021309089660644531e+01
1.029941463470458984e+01
1.030816745758056641e+01
1.003323554992675781e+01
1.007999992370605469e+01
1.008606624603271484e+01
1.016931915283203125e+01
1.008956813812255859e+01
1.025003051757812500e+01
9.806076049804687500e+00
1.008562660217285156e+01
9.761030197143554688e+00
9.797945976257324219e+00
1.011531448364257812e+01
9.907634735107421875e+00
1.006128311157226562e+01
9.771872520446777344e+00
1.005029964447021484e+01
1.012921619415283203e+01
1.020952224731445312e+01
9.889958381652832031e+00
9.772092819213867188e+00
9.977425575256347656e+00
1.014382934570312500e+01
1.006971073150634766e+01
9.795490264892578125e+00
1.000255870819091797e+01
1.024776649475097656e+01
1.000897502899169922e+01
1.001016712188720703e+01
9.928430557250976562e+00
1.016794395446777344e+01
1.016478061676025391e+01
1.000142669677734375e+01
9.796778678894042969e+00
9.992093086242675781e+00
9.744297027587890625e+00
9.978029251098632812e+00
1.001281738281250000e+01
9.767370223999023438e+00
1.020624732971191406e+01
9.963930130004882812e+00
9.764516830444335938e+00
1.013085842132568359e+01
9.774431228637695312e+00
1.014332389831542969e+01
9.992475509643554688e+00
1.000089359283447266e+01
9.766260147094726562e+00
1.009263229370117188e+01
1.001355743408203125e+01
9.932776451110839844e+00
1.025235080718994141e+01
1.008782386779785156e+01
1.008121204376220703e+01
9.713270187377929688e+00
1.002542781829833984e+01
9.976734161376953125e+00
1.029037189483642578e+01
9.762488365173339844e+00
9.959906578063964844e+00
9.756631851196289062e+00
1.003808307647705078e+01
9.881673812866210938e+00
1.004821777343750000e+01
9.976280212402343750e+00
9.784670829772949219e+00
1.015797615051269531e+01
1.000886631011962891e+01
1.017723751068115234e+01
9.819736480712890625e+00
9.821246147155761719e+00
1.034394645690917969e+01
9.778089523315429688e+00
1.001614379882812500e+01
9.810766220092773438e+00
9.803135871887207031e+00
9.994468688964843750e+00
1.002139663696289062e+01
1.005101203918457031e+01
9.962534904479980469e+00
1.011738491058349609e+01
1.011248683929443359e+01
9.868178367614746094e+00
1.019261741638183594e+01
1.019820022583007812e+01
9.681509971618652344e+00
1.013213539123535156e+01
1.014373397827148438e+01
9.912079811096191406e+00
1.000282096862792969e+01
1.008754062652587891e+01
9.767426490783691406e+00
1.024903392791748047e+01
9.803638458251953125e+00
9.799338340759277344e+00
9.996392250061035156e+00
9.788789749145507812e+00
1.006159687042236328e+01
9.970100402832031250e+00
1.004135417938232422e+01
1.003363990783691406e+01
1.010871505737304688e+01
1.002464580535888672e+01
9.942412376403808594e+00
1.002575206756591797e+01
9.949478149414062500e+00
9.996274948120117188e+00
1.012529754638671875e+01
9.973692893981933594e+00
9.902961730957031250e+00
9.792276382446289062e+00
1.008159351348876953e+01
9.803872108459472656e+00
1.008530616760253906e+01
9.680908203125000000e+00
9.797557830810546875e+00
1.015501213073730469e+01
1.022894191741943359e+01
9.979513168334960938e+00
9.969534873962402344e+00
1.003950691223144531e+01
1.011000728607177734e+01
1.002317047119140625e+01
1.009905529022216797e+01
1.025791835784912109e+01
9.938891410827636719e+00
1.002511310577392578e+01
9.871986389160156250e+00
1.044643402099609375e+01
9.976089477539062500e+00
9.821975708007812500e+00
1.009491062164306641e+01
1.000745964050292969e+01
1.001383781433105469e+01
1.019041538238525391e+01
9.848262786865234375e+00
1.001542758941650391e+01
1.009656810760498047e+01
1.017865467071533203e+01
9.912980079650878906e+00
9.778628349304199219e+00
9.760701179504394531e+00
1.012835979461669922e+01
9.743463516235351562e+00
1.019925308227539062e+01
1.010502338409423828e+01
1.001138114929199219e+01
9.937096595764160156e+00
9.938704490661621094e+00
1.003432083129882812e+01
1.004277229309082031e+01
9.889941215515136719e+00
9.822120666503906250e+00
1.025119495391845703e+01
1.010244464874267578e+01
9.809604644775390625e+00
9.805486679077148438e+00
1.019386196136474609e+01
1.019268035888671875e+01
1.035185909271240234e+01
1.018172264099121094e+01
9.799666404724121094e+00
9.901639938354492188e+00
1.022810173034667969e+01
1.013874530792236328e+01
9.949451446533203125e+00
9.683903694152832031e+00
9.923554420471191406e+00
1.001201152801513672e+01
1.000611114501953125e+01
1.027168178558349609e+01
9.724545478820800781e+00
1.003096580505371094e+01
9.703533172607421875e+00
9.968831062316894531e+00
9.898100852966308594e+00
1.012872791290283203e+01
9.796029090881347656e+00
1.013954257965087891e+01
1.010181808471679688e+01
9.882842063903808594e+00
9.758003234863281250e+00
1.024988937377929688e+01
9.827352523803710938e+00
9.987597465515136719e+00
9.970995903015136719e+00
1.021974563598632812e+01
1.012609672546386719e+01
9.942251205444335938e+00
1.001074695587158203e+01
9.917836189270019531e+00
9.832653045654296875e+00
9.707508087158203125e+00
1.000458145141601562e+01
1.031258487701416016e+01
1.001755809783935547e+01
9.647889137268066406e+00
1.003394222259521484e+01
9.974414825439453125e+00
1.011862850189208984e+01
1.012439918518066406e+01
1.000338745117187500e+01
9.801230430603027344e+00
1.010351371765136719e+01
1.000645446777343750e+01
9.800958633422851562e+00
9.830307006835937500e+00
1.012712955474853516e+01
1.040899658203125000e+01
9.756929397583007812e+00
9.867278099060058594e+00
9.895423889160156250e+00
1.001057338714599609e+01
9.908934593200683594e+00
1.020324516296386719e+01
1.010953712463378906e+01
1.025018119812011719e+01
1.025778484344482422e+01
9.920277595520019531e+00
1.009865379333496094e+01
1.011082935333251953e+01
1.003787612915039062e+01
1.015025615692138672e+01
1.020338439941406250e+01
1.004461193084716797e+01
1.018407726287841797e+01
9.924685478210449219e+00
1.014917182922363281e+01
9.885208129882812500e+00
1.008579730987548828e+01
9.829252243041992188e+00
9.905307769775390625e+00
1.011075115203857422e+01
1.014193439483642578e+01
1.022897243499755859e+01
9.955674171447753906e+00
9.901574134826660156e+00
1.031723594665527344e+01
9.797525405883789062e+00
1.004476928710937500e+01
1.004840850830078125e+01
1.014914894104003906e+01
1.015350532531738281e+01
9.903111457824707031e+00
1.005589580535888672e+01
9.769755363464355469e+00
1.037046146392822266e+01
1.008666133880615234e+01
1.030277442932128906e+01
9.760715484619140625e+00
1.018729114532470703e+01
1.018735790252685547e+01
9.920133590698242188e+00
1.012919330596923828e+01
1.007476234436035156e+01
1.006302165985107422e+01
1.026373672485351562e+01
1.016567516326904297e+01
9.766839981079101562e+00
1.022256755828857422e+01
9.661361694335937500e+00
9.821384429931640625e+00
1.024384498596191406e+01
1.015987396240234375e+01
1.024827194213867188e+01
9.867722511291503906e+00
1.017551898956298828e+01
9.888998985290527344e+00
9.945739746093750000e+00
9.875954627990722656e+00
1.015014839172363281e+01
1.011132335662841797e+01
