2.622604370117187500e-06
1.193547248840332031e-02
1.876640319824218750e-02
2.547478675842285156e-02
3.203129768371582031e-02
3.822731971740722656e-02
4.601407051086425781e-02
5.208253860473632812e-02
5.942130088806152344e-02
6.617832183837890625e-02
7.246088981628417969e-02
7.876515388488769531e-02
8.664464950561523438e-02
9.336447715759277344e-02
9.967398643493652344e-02
1.057522296905517578e-01
1.124389171600341797e-01
1.190190315246582031e-01
1.252617835998535156e-01
1.307606697082519531e-01
1.368927955627441406e-01
1.434311866760253906e-01
1.496667861938476562e-01
1.565749645233154297e-01
1.633245944976806641e-01
1.690011024475097656e-01
1.760382652282714844e-01
1.834621429443359375e-01
1.899390220642089844e-01
1.960315704345703125e-01
2.041795253753662109e-01
2.106928825378417969e-01
2.165615558624267578e-01
2.229483127593994141e-01
2.295427322387695312e-01
2.360231876373291016e-01
2.429075241088867188e-01
2.503163814544677734e-01
2.556896209716796875e-01
2.613310813903808594e-01
2.666060924530029297e-01
2.729330062866210938e-01
2.794086933135986328e-01
2.876558303833007812e-01
2.935822010040283203e-01
3.001165390014648438e-01
3.068213462829589844e-01
3.131170272827148438e-01
3.187315464019775391e-01
3.255848884582519531e-01
3.325638771057128906e-01
3.386902809143066406e-01
3.454425334930419922e-01
3.515553474426269531e-01
3.580167293548583984e-01
3.642952442169189453e-01
3.705005645751953125e-01
3.769254684448242188e-01
3.830301761627197266e-01
3.895013332366943359e-01
3.956971168518066406e-01
4.023826122283935547e-01
4.084594249725341797e-01
4.148218631744384766e-01
4.212772846221923828e-01
4.269318580627441406e-01
4.331092834472656250e-01
4.393773078918457031e-01
4.467303752899169922e-01
4.526989459991455078e-01
4.590206146240234375e-01
4.651200771331787109e-01
4.716389179229736328e-01
4.775948524475097656e-01
4.851877689361572266e-01
4.917826652526855469e-01
4.994058609008789062e-01
5.055146217346191406e-01
5.117926597595214844e-01
5.176613330841064453e-01
5.243253707885742188e-01
5.305967330932617188e-01
5.364193916320800781e-01
5.422732830047607422e-01
5.479123592376708984e-01
5.535199642181396484e-01
5.598554611206054688e-01
5.664780139923095703e-01
5.725300312042236328e-01
5.795533657073974609e-01
5.856854915618896484e-01
5.919101238250732422e-01
5.985610485076904297e-01
6.059386730194091797e-01
6.120333671569824219e-01
6.184289455413818359e-01
6.253588199615478516e-01
6.309082508087158203e-01
6.368737220764160156e-01
6.440286636352539062e-01
6.506671905517578125e-01
6.570217609405517578e-01
6.637742519378662109e-01
6.704628467559814453e-01
6.765091419219970703e-01
6.848380565643310547e-01
6.888153553009033203e-01
6.929099559783935547e-01
6.973209381103515625e-01
7.018198966979980469e-01
7.052457332611083984e-01
7.081558704376220703e-01
7.112472057342529297e-01
7.152643203735351562e-01
7.190330028533935547e-01
7.225801944732666016e-01
7.263748645782470703e-01
7.308919429779052734e-01
7.346243858337402344e-01
7.386293411254882812e-01
7.426047325134277344e-01
7.461864948272705078e-01
7.502844333648681641e-01
7.552840709686279297e-01
7.589221000671386719e-01
7.627143859863281250e-01
7.661361694335937500e-01
7.697694301605224609e-01
7.738022804260253906e-01
7.774691581726074219e-01
7.809522151947021484e-01
7.842965126037597656e-01
7.883210182189941406e-01
7.925875186920166016e-01
7.963254451751708984e-01
8.013072013854980469e-01
8.053820133209228516e-01
8.082699775695800781e-01
8.126735687255859375e-01
8.163039684295654297e-01
8.197891712188720703e-01
8.231611251831054688e-01
8.271400928497314453e-01
8.305275440216064453e-01
8.337717056274414062e-01
8.368225097656250000e-01
8.405730724334716797e-01
8.467292785644531250e-01
8.502421379089355469e-01
8.538415431976318359e-01
8.572409152984619141e-01
8.609797954559326172e-01
8.646428585052490234e-01
8.679299354553222656e-01
8.714871406555175781e-01
8.747005462646484375e-01
8.781747817993164062e-01
8.819539546966552734e-01
8.867852687835693359e-01
8.907840251922607422e-01
8.952603340148925781e-01
8.991596698760986328e-01
9.026882648468017578e-01
9.062051773071289062e-01
9.097764492034912109e-01
9.132802486419677734e-01
9.162669181823730469e-01
9.212291240692138672e-01
9.248092174530029297e-01
9.286360740661621094e-01
9.328510761260986328e-01
9.359230995178222656e-01
9.401640892028808594e-01
9.438776969909667969e-01
9.478254318237304688e-01
9.517366886138916016e-01
9.554252624511718750e-01
9.587960243225097656e-01
9.628148078918457031e-01
9.662551879882812500e-01
9.699835777282714844e-01
9.737725257873535156e-01
9.780306816101074219e-01
9.820346832275390625e-01
9.858109951019287109e-01
9.894008636474609375e-01
9.938814640045166016e-01
9.978494644165039062e-01
1.002603530883789062e+00
1.006603002548217773e+00
1.010815382003784180e+00
1.014569520950317383e+00
1.017827033996582031e+00
1.020936489105224609e+00
1.024318933486938477e+00
1.027822971343994141e+00
1.031175613403320312e+00
1.034582376480102539e+00
1.038433313369750977e+00
1.043010234832763672e+00
1.047123670578002930e+00
1.051000833511352539e+00
1.054739713668823242e+00
1.057804346084594727e+00
1.061469078063964844e+00
1.064802885055541992e+00
1.068202257156372070e+00
1.071840286254882812e+00
1.075394153594970703e+00
1.078575134277343750e+00
1.082173109054565430e+00
1.087506532669067383e+00
1.091329813003540039e+00
1.095229148864746094e+00
1.098815202713012695e+00
1.102893114089965820e+00
1.106369495391845703e+00
1.110426187515258789e+00
1.114294528961181641e+00
1.117731332778930664e+00
1.120819568634033203e+00
1.125210046768188477e+00
1.130028963088989258e+00
1.134187936782836914e+00
1.138188600540161133e+00
1.141827344894409180e+00
1.146328926086425781e+00
1.150817871093750000e+00
1.154405593872070312e+00
1.158414840698242188e+00
1.162745714187622070e+00
1.166409730911254883e+00
1.170008420944213867e+00
1.173756837844848633e+00
1.177204370498657227e+00
1.180973052978515625e+00
1.184403896331787109e+00
1.188214063644409180e+00
1.191739797592163086e+00
1.195132493972778320e+00
1.198952913284301758e+00
1.202883720397949219e+00
1.206164598464965820e+00
1.212049007415771484e+00
1.216362237930297852e+00
1.220409870147705078e+00
1.224146604537963867e+00
1.228410005569458008e+00
1.232192039489746094e+00
1.235858440399169922e+00
1.239457130432128906e+00
1.245180606842041016e+00
1.248604536056518555e+00
1.252822637557983398e+00
1.255993843078613281e+00
1.259378194808959961e+00
1.262212514877319336e+00
1.264805078506469727e+00
1.268126726150512695e+00
1.272301197052001953e+00
1.276750326156616211e+00
1.280178546905517578e+00
1.284144878387451172e+00
1.287408113479614258e+00
1.292214393615722656e+00
1.295987844467163086e+00
1.299409389495849609e+00
1.303136348724365234e+00
1.306792020797729492e+00
1.310466051101684570e+00
1.314180374145507812e+00
1.318259000778198242e+00
1.322168111801147461e+00
1.325413465499877930e+00
1.329356670379638672e+00
1.332898616790771484e+00
1.336823225021362305e+00
1.340382575988769531e+00
1.343706130981445312e+00
1.347442865371704102e+00
1.351586103439331055e+00
1.355708837509155273e+00
1.358765363693237305e+00
1.361480951309204102e+00
1.365585565567016602e+00
1.369649410247802734e+00
1.373589754104614258e+00
1.377953767776489258e+00
1.382248878479003906e+00
1.386289596557617188e+00
1.390153169631958008e+00
1.394269466400146484e+00
1.399141788482666016e+00
1.403853178024291992e+00
1.407162189483642578e+00
1.411200284957885742e+00
1.415182352066040039e+00
1.418952226638793945e+00
1.422484397888183594e+00
1.426193237304687500e+00
1.429518938064575195e+00
1.432824373245239258e+00
1.437303543090820312e+00
1.440793514251708984e+00
1.445943593978881836e+00
1.449707508087158203e+00
1.453185796737670898e+00
1.457317352294921875e+00
1.461242914199829102e+00
1.464938163757324219e+00
1.469468593597412109e+00
1.473301887512207031e+00
1.477022886276245117e+00
1.480384111404418945e+00
1.484352111816406250e+00
1.487232685089111328e+00
1.490538358688354492e+00
1.493907690048217773e+00
1.497868299484252930e+00
1.502221107482910156e+00
1.506300449371337891e+00
1.511302232742309570e+00
1.516267538070678711e+00
1.520350694656372070e+00
1.525579929351806641e+00
1.529397249221801758e+00
1.532752513885498047e+00
1.536610603332519531e+00
1.541049242019653320e+00
1.545388221740722656e+00
1.550225257873535156e+00
1.554123163223266602e+00
1.557995796203613281e+00
1.562622308731079102e+00
1.566589832305908203e+00
1.570649862289428711e+00
1.574588775634765625e+00
1.578658819198608398e+00
1.583297252655029297e+00
1.587593555450439453e+00
1.592206001281738281e+00
1.596315860748291016e+00
1.600960254669189453e+00
1.605659961700439453e+00
1.609201669692993164e+00
1.613478899002075195e+00
1.617307901382446289e+00
1.621158361434936523e+00
1.624612331390380859e+00
1.628826856613159180e+00
1.633620738983154297e+00
1.638376474380493164e+00
1.643615007400512695e+00
1.647140264511108398e+00
1.650396347045898438e+00
1.654138326644897461e+00
1.657617807388305664e+00
1.661746501922607422e+00
1.665109395980834961e+00
1.669395685195922852e+00
1.672795534133911133e+00
1.676386117935180664e+00
1.680534839630126953e+00
1.685131072998046875e+00
1.688248872756958008e+00
1.692463874816894531e+00
1.696417808532714844e+00
1.701304912567138672e+00
1.706350088119506836e+00
1.710503339767456055e+00
1.714032173156738281e+00
1.718285799026489258e+00
1.722869157791137695e+00
1.726950407028198242e+00
1.730096817016601562e+00
1.733258724212646484e+00
1.736217737197875977e+00
1.739223480224609375e+00
1.742381334304809570e+00
1.745255231857299805e+00
1.748418092727661133e+00
1.752306938171386719e+00
1.756949901580810547e+00
1.760715961456298828e+00
1.764288187026977539e+00
1.767812252044677734e+00
1.771291494369506836e+00
1.774912118911743164e+00
1.779145002365112305e+00
1.783421277999877930e+00
1.786841630935668945e+00
1.790297269821166992e+00
1.794173955917358398e+00
1.798238039016723633e+00
1.803005456924438477e+00
1.807766675949096680e+00
1.811414718627929688e+00
1.815310955047607422e+00
1.820309400558471680e+00
1.824380397796630859e+00
1.827900648117065430e+00
1.831528663635253906e+00
1.835306882858276367e+00
1.839176416397094727e+00
1.844373226165771484e+00
1.848139762878417969e+00
1.852014303207397461e+00
1.856440305709838867e+00
1.861239671707153320e+00
1.865354061126708984e+00
1.869485378265380859e+00
1.873124837875366211e+00
1.876514196395874023e+00
1.879693269729614258e+00
1.883716583251953125e+00
1.887120485305786133e+00
1.891002893447875977e+00
1.895384788513183594e+00
1.898764133453369141e+00
1.902529001235961914e+00
1.905745506286621094e+00
1.909554719924926758e+00
1.913252115249633789e+00
1.917296409606933594e+00
1.920525789260864258e+00
1.923913955688476562e+00
1.927922725677490234e+00
1.931224584579467773e+00
1.934900999069213867e+00
1.938236236572265625e+00
1.941529512405395508e+00
1.944687366485595703e+00
1.947912454605102539e+00
1.951508045196533203e+00
1.955297470092773438e+00
1.959045886993408203e+00
1.964113235473632812e+00
1.967793703079223633e+00
1.971123218536376953e+00
1.974935054779052734e+00
1.978753328323364258e+00
1.982336759567260742e+00
1.986143350601196289e+00
1.989825963973999023e+00
1.993743658065795898e+00
1.997579813003540039e+00
2.002774715423583984e+00
2.006535053253173828e+00
2.010215759277343750e+00
2.013943672180175781e+00
2.017606735229492188e+00
2.021121501922607422e+00
2.025213479995727539e+00
2.029378652572631836e+00
2.033404350280761719e+00
2.037277698516845703e+00
2.040993690490722656e+00
2.045338153839111328e+00
2.049135446548461914e+00
2.052982091903686523e+00
2.056525945663452148e+00
2.060410737991333008e+00
2.063710689544677734e+00
2.067214965820312500e+00
2.071169614791870117e+00
2.075433969497680664e+00
2.078744411468505859e+00
2.083376646041870117e+00
2.087355613708496094e+00
2.091830492019653320e+00
2.095984697341918945e+00
2.099593400955200195e+00
2.103653192520141602e+00
2.107138395309448242e+00
2.111240148544311523e+00
2.115314722061157227e+00
2.119796037673950195e+00
2.123650074005126953e+00
2.127368688583374023e+00
2.130829095840454102e+00
2.134126424789428711e+00
2.137468338012695312e+00
2.141400337219238281e+00
2.145301580429077148e+00
2.149379730224609375e+00
2.152929067611694336e+00
2.157335281372070312e+00
2.161134481430053711e+00
2.165551900863647461e+00
2.169208765029907227e+00
2.172461986541748047e+00
2.176181316375732422e+00
2.180115938186645508e+00
2.183929681777954102e+00
2.188192367553710938e+00
2.192149639129638672e+00
2.196135282516479492e+00
2.199737310409545898e+00
2.203716516494750977e+00
2.208308458328247070e+00
2.212701797485351562e+00
2.216541051864624023e+00
2.220158815383911133e+00
2.223809003829956055e+00
2.227403640747070312e+00
2.231160879135131836e+00
2.234744787216186523e+00
2.238373279571533203e+00
2.243810176849365234e+00
2.247801303863525391e+00
2.251575708389282227e+00
2.255130767822265625e+00
2.258499860763549805e+00
2.262239217758178711e+00
2.265739679336547852e+00
2.269744873046875000e+00
2.273364305496215820e+00
2.277386903762817383e+00
2.280759811401367188e+00
2.285873889923095703e+00
2.289548158645629883e+00
2.292907476425170898e+00
2.296386480331420898e+00
2.300832033157348633e+00
2.304245948791503906e+00
2.307663440704345703e+00
2.310571908950805664e+00
2.313408374786376953e+00
2.317475080490112305e+00
2.321335077285766602e+00
2.325798511505126953e+00
2.329759120941162109e+00
2.333214759826660156e+00
2.336841344833374023e+00
2.340406179428100586e+00
2.344779491424560547e+00
2.348864793777465820e+00
2.352768421173095703e+00
2.357351064682006836e+00
2.360957622528076172e+00
2.364848613739013672e+00
2.368323564529418945e+00
2.373273134231567383e+00
2.377662420272827148e+00
2.381150245666503906e+00
2.384856700897216797e+00
2.388124465942382812e+00
2.392366409301757812e+00
2.396269321441650391e+00
2.401073455810546875e+00
2.406450271606445312e+00
2.411037683486938477e+00
2.414888381958007812e+00
2.419168949127197266e+00
2.422722101211547852e+00
2.425601959228515625e+00
2.428710699081420898e+00
2.432374715805053711e+00
2.436504125595092773e+00
2.440489053726196289e+00
2.446174621582031250e+00
2.449801683425903320e+00
2.453830003738403320e+00
2.458225727081298828e+00
2.462289810180664062e+00
2.466170549392700195e+00
2.469809532165527344e+00
2.473853826522827148e+00
2.477814435958862305e+00
2.481538772583007812e+00
2.487286567687988281e+00
2.491501808166503906e+00
2.496137142181396484e+00
2.500023126602172852e+00
2.503984689712524414e+00
2.507996559143066406e+00
2.511957406997680664e+00
2.515364170074462891e+00
2.520311594009399414e+00
2.525263547897338867e+00
2.530255079269409180e+00
2.535294055938720703e+00
2.539839506149291992e+00
2.544619560241699219e+00
2.548758268356323242e+00
2.552775859832763672e+00
2.556679487228393555e+00
2.560816764831542969e+00
2.564975738525390625e+00
2.569311857223510742e+00
2.574263572692871094e+00
2.579293012619018555e+00
2.584157228469848633e+00
2.588856697082519531e+00
2.593868017196655273e+00
2.598208189010620117e+00
2.603250265121459961e+00
2.607653141021728516e+00
2.612424373626708984e+00
2.616920232772827148e+00
2.621434926986694336e+00
2.625943660736083984e+00
2.630204439163208008e+00
2.635280370712280273e+00
2.640220165252685547e+00
2.646188020706176758e+00
2.650321006774902344e+00
2.655306339263916016e+00
2.659912586212158203e+00
2.664766073226928711e+00
2.669230461120605469e+00
2.673298597335815430e+00
2.677941799163818359e+00
2.683783769607543945e+00
2.688214063644409180e+00
2.693251848220825195e+00
2.698294162750244141e+00
2.703220367431640625e+00
2.708259344100952148e+00
2.713281154632568359e+00
2.718401670455932617e+00
2.723156690597534180e+00
2.727297782897949219e+00
2.731166362762451172e+00
2.735543251037597656e+00
2.739961862564086914e+00
2.743933677673339844e+00
2.747932434082031250e+00
2.752307176589965820e+00
2.756315946578979492e+00
2.760429859161376953e+00
2.764533281326293945e+00
2.768396377563476562e+00
2.772417306900024414e+00
2.777215003967285156e+00
2.781808614730834961e+00
2.786003828048706055e+00
2.790305614471435547e+00
2.795294761657714844e+00
2.800413846969604492e+00
2.806435585021972656e+00
2.811208009719848633e+00
2.816012859344482422e+00
2.820604562759399414e+00
2.826200246810913086e+00
2.829922437667846680e+00
2.834232568740844727e+00
2.839256048202514648e+00
2.844137907028198242e+00
2.848288774490356445e+00
2.852089881896972656e+00
2.856209516525268555e+00
2.861509084701538086e+00
2.866211891174316406e+00
2.871234178543090820e+00
2.876189947128295898e+00
2.881294965744018555e+00
2.887785911560058594e+00
2.892116308212280273e+00
2.896124124526977539e+00
2.899749994277954102e+00
2.904236793518066406e+00
2.909337997436523438e+00
2.914292812347412109e+00
2.919292688369750977e+00
2.924343347549438477e+00
2.929228544235229492e+00
2.933922290802001953e+00
2.938790559768676758e+00
2.943208932876586914e+00
2.947841405868530273e+00
2.952173948287963867e+00
2.957225799560546875e+00
2.962297201156616211e+00
2.967294216156005859e+00
2.972309827804565430e+00
2.977355957031250000e+00
2.982309341430664062e+00
2.987261295318603516e+00
2.991970539093017578e+00
2.996241331100463867e+00
3.000310659408569336e+00
3.006276130676269531e+00
3.010152101516723633e+00
3.014256715774536133e+00
3.018831253051757812e+00
3.023200988769531250e+00
3.027141094207763672e+00
3.030877590179443359e+00
3.034944772720336914e+00
3.039164304733276367e+00
3.043779373168945312e+00
3.048294544219970703e+00
3.053316354751586914e+00
3.058178901672363281e+00
3.062950611114501953e+00
3.066889524459838867e+00
3.070750951766967773e+00
3.074900150299072266e+00
3.078752994537353516e+00
3.083117723464965820e+00
3.087139844894409180e+00
3.090860605239868164e+00
3.096123695373535156e+00
3.100429534912109375e+00
3.104732036590576172e+00
3.109182357788085938e+00
3.114321947097778320e+00
3.119227886199951172e+00
3.123385190963745117e+00
3.128143787384033203e+00
3.133269786834716797e+00
3.138254642486572266e+00
3.143277168273925781e+00
3.148430347442626953e+00
3.152876377105712891e+00
3.157404661178588867e+00
3.162379264831542969e+00
3.175179481506347656e+00
3.180122613906860352e+00
3.184668779373168945e+00
3.188731193542480469e+00
3.192259550094604492e+00
3.195162773132324219e+00
3.197719812393188477e+00
3.200343132019042969e+00
3.203601121902465820e+00
3.206642866134643555e+00
3.209806203842163086e+00
3.213269472122192383e+00
3.216258525848388672e+00
3.219229936599731445e+00
3.222871780395507812e+00
3.225804090499877930e+00
3.228535175323486328e+00
3.231452703475952148e+00
3.234105110168457031e+00
3.236737966537475586e+00
3.240104436874389648e+00
3.246311426162719727e+00
3.249587535858154297e+00
3.252884149551391602e+00
3.256585121154785156e+00
3.260209083557128906e+00
3.263380050659179688e+00
3.266576766967773438e+00
3.269612789154052734e+00
3.272579669952392578e+00
3.275554418563842773e+00
3.278788328170776367e+00
3.282083511352539062e+00
3.285090684890747070e+00
3.287826299667358398e+00
3.290469169616699219e+00
3.293873548507690430e+00
3.297197341918945312e+00
3.300973892211914062e+00
3.305598735809326172e+00
3.308926105499267578e+00
3.312362194061279297e+00
3.316144466400146484e+00
3.319098949432373047e+00
3.322041749954223633e+00
3.325184583663940430e+00
3.328177452087402344e+00
3.331365346908569336e+00
3.334742784500122070e+00
3.338210821151733398e+00
3.341319561004638672e+00
3.343711853027343750e+00
3.346049070358276367e+00
3.348343133926391602e+00
3.350557565689086914e+00
3.353016614913940430e+00
3.355038881301879883e+00
3.357765913009643555e+00
3.360177755355834961e+00
3.365124464035034180e+00
3.368339776992797852e+00
3.371344804763793945e+00
3.373831987380981445e+00
3.377124309539794922e+00
3.380511283874511719e+00
3.384242296218872070e+00
3.387394428253173828e+00
3.391352176666259766e+00
3.394632101058959961e+00
3.397791862487792969e+00
3.400924921035766602e+00
3.404089212417602539e+00
3.406821489334106445e+00
3.409454584121704102e+00
3.412193775177001953e+00
3.415065765380859375e+00
3.417817354202270508e+00
3.420348405838012695e+00
3.422817945480346680e+00
3.426073074340820312e+00
3.428634643554687500e+00
3.431310176849365234e+00
3.434413671493530273e+00
3.437454462051391602e+00
3.440797805786132812e+00
3.445533990859985352e+00
3.448928356170654297e+00
3.452095508575439453e+00
3.455076456069946289e+00
3.458521366119384766e+00
3.461895227432250977e+00
3.465176582336425781e+00
3.468186140060424805e+00
3.471196651458740234e+00
3.474077701568603516e+00
3.476806163787841797e+00
3.479039907455444336e+00
3.481632232666015625e+00
3.484297513961791992e+00
3.486819505691528320e+00
3.489324808120727539e+00
3.492210149765014648e+00
3.495382547378540039e+00
3.498941659927368164e+00
3.502254724502563477e+00
3.505481004714965820e+00
3.508889675140380859e+00
3.511560201644897461e+00
3.514067888259887695e+00
3.516465663909912109e+00
3.518873691558837891e+00
3.522579669952392578e+00
3.525840759277343750e+00
3.529197216033935547e+00
3.532493591308593750e+00
3.535612344741821289e+00
3.538481235504150391e+00
3.541534900665283203e+00
3.544331550598144531e+00
3.546780586242675781e+00
3.549051284790039062e+00
3.552033185958862305e+00
3.554581642150878906e+00
3.557444095611572266e+00
3.560848712921142578e+00
3.564357042312622070e+00
3.568069934844970703e+00
3.571539163589477539e+00
3.575860500335693359e+00
3.578818082809448242e+00
3.582151651382446289e+00
3.585340976715087891e+00
3.589380264282226562e+00
3.593230009078979492e+00
3.596091985702514648e+00
3.599054098129272461e+00
3.602330923080444336e+00
3.606076240539550781e+00
3.609159708023071289e+00
3.612610816955566406e+00
3.616088390350341797e+00
3.619572401046752930e+00
3.623053073883056641e+00
3.626393318176269531e+00
3.630195379257202148e+00
3.633814811706542969e+00
3.636792898178100586e+00
3.639843940734863281e+00
3.644569635391235352e+00
3.647865772247314453e+00
3.651855468750000000e+00
3.655132532119750977e+00
3.658598423004150391e+00
3.662230253219604492e+00
3.666372060775756836e+00
3.670893669128417969e+00
3.674463033676147461e+00
3.678057432174682617e+00
3.682322263717651367e+00
3.685698986053466797e+00
3.689176082611083984e+00
3.692902326583862305e+00
3.696190118789672852e+00
3.699349403381347656e+00
3.703251600265502930e+00
3.706814289093017578e+00
3.709830999374389648e+00
3.713086605072021484e+00
3.716497659683227539e+00
3.719638586044311523e+00
3.724694252014160156e+00
3.728377342224121094e+00
3.732130050659179688e+00
3.735679388046264648e+00
3.738875150680541992e+00
3.742419958114624023e+00
3.745820045471191406e+00
3.749227285385131836e+00
3.752106666564941406e+00
3.754697322845458984e+00
3.757434368133544922e+00
3.760701656341552734e+00
3.764372587203979492e+00
3.768087387084960938e+00
3.771321296691894531e+00
3.774421930313110352e+00
3.777715682983398438e+00
3.780938148498535156e+00
3.784069538116455078e+00
3.786563873291015625e+00
3.789219379425048828e+00
3.792523860931396484e+00
3.796381950378417969e+00
3.800325393676757812e+00
3.804329395294189453e+00
3.807835817337036133e+00
3.811069250106811523e+00
3.814070224761962891e+00
3.817105293273925781e+00
3.819686412811279297e+00
3.822711467742919922e+00
3.825917005538940430e+00
3.829069614410400391e+00
3.832117557525634766e+00
3.835173130035400391e+00
3.838523149490356445e+00
3.844520807266235352e+00
3.847327709197998047e+00
3.850210905075073242e+00
3.853047370910644531e+00
3.855829000473022461e+00
3.858947753906250000e+00
3.862515687942504883e+00
3.865893363952636719e+00
3.869642257690429688e+00
3.872760534286499023e+00
3.876430511474609375e+00
3.879894256591796875e+00
3.883922100067138672e+00
3.887467622756958008e+00
3.890875101089477539e+00
3.894275665283203125e+00
3.898690938949584961e+00
3.902453422546386719e+00
3.906457901000976562e+00
3.909977197647094727e+00
3.913833379745483398e+00
3.917460918426513672e+00
3.920847177505493164e+00
3.923803567886352539e+00
3.927401304244995117e+00
3.931188821792602539e+00
3.934883117675781250e+00
3.938261032104492188e+00
3.941810131072998047e+00
3.945377349853515625e+00
3.949941635131835938e+00
3.953716278076171875e+00
3.957417488098144531e+00
3.960918188095092773e+00
3.965822696685791016e+00
3.969168901443481445e+00
3.972081422805786133e+00
3.975601673126220703e+00
3.979192972183227539e+00
3.982815742492675781e+00
3.986289024353027344e+00
3.989954710006713867e+00
3.993525743484497070e+00
3.997110128402709961e+00
4.000213384628295898e+00
4.003540754318237305e+00
4.007170200347900391e+00
4.010856151580810547e+00
4.014138460159301758e+00
4.017916440963745117e+00
4.021286487579345703e+00
4.024638175964355469e+00
4.027783870697021484e+00
4.031344413757324219e+00
4.034863471984863281e+00
4.038820505142211914e+00
4.042924880981445312e+00
4.046626091003417969e+00
4.049870252609252930e+00
4.053457975387573242e+00
4.056338548660278320e+00
4.059810876846313477e+00
4.063146591186523438e+00
4.066671371459960938e+00
4.070277929306030273e+00
4.074842214584350586e+00
4.079149246215820312e+00
4.083937406539916992e+00
4.087915420532226562e+00
4.091480970382690430e+00
4.095912456512451172e+00
4.100267410278320312e+00
4.105179309844970703e+00
4.109485864639282227e+00
4.113227844238281250e+00
4.117214202880859375e+00
4.121345281600952148e+00
4.125723838806152344e+00
4.129155635833740234e+00
4.132666110992431641e+00
4.136486053466796875e+00
4.139364719390869141e+00
4.143192291259765625e+00
4.147228717803955078e+00
4.151070594787597656e+00
4.154104948043823242e+00
4.156859159469604492e+00
4.159807443618774414e+00
4.164152383804321289e+00
4.168354034423828125e+00
4.172230720520019531e+00
4.177169799804687500e+00
4.181154727935791016e+00
4.185132503509521484e+00
4.189264774322509766e+00
4.193716526031494141e+00
4.197429656982421875e+00
4.201155900955200195e+00
4.205550193786621094e+00
4.209418296813964844e+00
4.214274644851684570e+00
4.219290256500244141e+00
4.223496913909912109e+00
4.227272510528564453e+00
4.230920314788818359e+00
4.235334634780883789e+00
4.239532947540283203e+00
4.244100093841552734e+00
4.248141050338745117e+00
4.252128601074218750e+00
4.256202220916748047e+00
4.260843038558959961e+00
4.264940023422241211e+00
4.268878221511840820e+00
4.272878170013427734e+00
4.277263879776000977e+00
4.281588315963745117e+00
4.285774707794189453e+00
4.290221691131591797e+00
4.294664621353149414e+00
4.298275947570800781e+00
4.303143739700317383e+00
4.306854486465454102e+00
4.310496091842651367e+00
4.313901424407958984e+00
4.317692756652832031e+00
4.322707414627075195e+00
4.327571868896484375e+00
4.331674814224243164e+00
4.335971117019653320e+00
4.339488744735717773e+00
4.344308614730834961e+00
4.349392652511596680e+00
4.353420972824096680e+00
4.358234167098999023e+00
4.363437175750732422e+00
4.367916345596313477e+00
4.371929407119750977e+00
4.376136541366577148e+00
4.379898786544799805e+00
4.384238481521606445e+00
4.388680696487426758e+00
4.393178462982177734e+00
4.396730661392211914e+00
4.399873256683349609e+00
4.405295133590698242e+00
4.409298181533813477e+00
4.413406372070312500e+00
4.417223691940307617e+00
4.421885490417480469e+00
4.426231622695922852e+00
4.430891752243041992e+00
4.435272216796875000e+00
4.439677715301513672e+00
4.443201065063476562e+00
4.447095870971679688e+00
4.450578927993774414e+00
4.453639507293701172e+00
4.456964969635009766e+00
4.460672855377197266e+00
4.465138196945190430e+00
4.469318628311157227e+00
4.474209070205688477e+00
4.478926897048950195e+00
4.482865810394287109e+00
4.486853599548339844e+00
4.491219520568847656e+00
4.495975971221923828e+00
4.500169992446899414e+00
4.504237413406372070e+00
4.507627964019775391e+00
4.511156320571899414e+00
4.514895915985107422e+00
4.518900632858276367e+00
4.525403738021850586e+00
4.529406070709228516e+00
4.533161640167236328e+00
4.537162542343139648e+00
4.541387319564819336e+00
4.545114994049072266e+00
4.549172401428222656e+00
4.552919626235961914e+00
4.556735992431640625e+00
4.560881376266479492e+00
4.565399646759033203e+00
4.568938970565795898e+00
4.572716951370239258e+00
4.577224731445312500e+00
4.580891132354736328e+00
4.585353851318359375e+00
4.590414047241210938e+00
4.594611167907714844e+00
4.598862648010253906e+00
4.603147506713867188e+00
4.607177972793579102e+00
4.611380815505981445e+00
4.616174459457397461e+00
4.620399236679077148e+00
4.624895334243774414e+00
4.629216909408569336e+00
4.634016990661621094e+00
4.638379335403442383e+00
4.642726182937622070e+00
4.646690368652343750e+00
4.650907993316650391e+00
4.654657840728759766e+00
4.658510446548461914e+00
4.662728548049926758e+00
4.667275667190551758e+00
4.672171115875244141e+00
4.675811052322387695e+00
4.679928064346313477e+00
4.684265851974487305e+00
4.687904119491577148e+00
4.691488742828369141e+00
4.695877075195312500e+00
4.699228048324584961e+00
4.702897310256958008e+00
4.706637382507324219e+00
4.710849285125732422e+00
4.714982748031616211e+00
4.719469070434570312e+00
4.724078416824340820e+00
4.728341817855834961e+00
4.732155323028564453e+00
4.735703945159912109e+00
4.739099740982055664e+00
4.742689847946166992e+00
4.746219873428344727e+00
4.749833106994628906e+00
4.754325628280639648e+00
4.758693218231201172e+00
4.763349056243896484e+00
4.767312526702880859e+00
4.771954059600830078e+00
4.776415348052978516e+00
4.781252384185791016e+00
4.786160707473754883e+00
4.790273189544677734e+00
4.795255661010742188e+00
4.799467325210571289e+00
4.803857803344726562e+00
4.808148384094238281e+00
4.813250541687011719e+00
4.817858934402465820e+00
4.821944713592529297e+00
4.826255798339843750e+00
4.831183910369873047e+00
4.834894895553588867e+00
4.838685512542724609e+00
4.843356370925903320e+00
4.847624540328979492e+00
4.851450443267822266e+00
4.855958938598632812e+00
4.860161304473876953e+00
4.864125728607177734e+00
4.868258714675903320e+00
4.872160911560058594e+00
4.875946998596191406e+00
4.880248308181762695e+00
4.885141849517822266e+00
4.888895750045776367e+00
4.893176555633544922e+00
4.897226810455322266e+00
4.900991678237915039e+00
4.904114484786987305e+00
4.907635450363159180e+00
4.911402463912963867e+00
4.915422677993774414e+00
4.920445442199707031e+00
4.925705432891845703e+00
4.929856300354003906e+00
4.934271574020385742e+00
4.938689947128295898e+00
4.942143678665161133e+00
4.945484876632690430e+00
4.949381589889526367e+00
4.953726530075073242e+00
4.957154273986816406e+00
4.960960626602172852e+00
4.965589046478271484e+00
4.969220876693725586e+00
4.972949504852294922e+00
4.977147102355957031e+00
4.981147050857543945e+00
4.985740423202514648e+00
4.989913702011108398e+00
4.993920326232910156e+00
4.997684955596923828e+00
5.001851558685302734e+00
5.008262395858764648e+00
5.012877702713012695e+00
5.017220497131347656e+00
5.021599769592285156e+00
5.025449514389038086e+00
5.029872655868530273e+00
5.033707857131958008e+00
5.038258314132690430e+00
5.042866230010986328e+00
5.047118902206420898e+00
5.050592899322509766e+00
5.053861618041992188e+00
5.057225942611694336e+00
5.061780452728271484e+00
5.066565513610839844e+00
5.070678710937500000e+00
5.074121236801147461e+00
5.078521251678466797e+00
5.082874536514282227e+00
5.087154865264892578e+00
5.091135740280151367e+00
5.095127820968627930e+00
5.098868608474731445e+00
5.102651357650756836e+00
5.106139421463012695e+00
5.110418081283569336e+00
5.114953517913818359e+00
5.118564367294311523e+00
5.124382257461547852e+00
5.129564046859741211e+00
5.133466720581054688e+00
5.138291120529174805e+00
5.142472267150878906e+00
5.146185874938964844e+00
5.150101423263549805e+00
5.154300212860107422e+00
5.158669233322143555e+00
5.163465738296508789e+00
5.167306423187255859e+00
5.171401739120483398e+00
5.176264047622680664e+00
5.181137561798095703e+00
5.184870481491088867e+00
5.188894271850585938e+00
5.193182945251464844e+00
5.197495460510253906e+00
5.201200008392333984e+00
5.205686092376708984e+00
5.210185050964355469e+00
5.215157270431518555e+00
5.219411134719848633e+00
5.223596334457397461e+00
5.227697372436523438e+00
5.232264757156372070e+00
5.237257957458496094e+00
5.242125272750854492e+00
5.246218919754028320e+00
5.251231908798217773e+00
5.255658626556396484e+00
5.260596513748168945e+00
5.264583587646484375e+00
5.268568754196166992e+00
5.272565126419067383e+00
5.277217149734497070e+00
5.282850027084350586e+00
5.287260293960571289e+00
5.292377710342407227e+00
5.296681404113769531e+00
5.300871133804321289e+00
5.304884195327758789e+00
5.308655500411987305e+00
5.312365531921386719e+00
5.317227602005004883e+00
5.321131944656372070e+00
5.326556682586669922e+00
5.330869913101196289e+00
5.334907293319702148e+00
5.338656187057495117e+00
5.342567205429077148e+00
5.347412347793579102e+00
5.351937770843505859e+00
5.356200695037841797e+00
5.359969615936279297e+00
5.364325523376464844e+00
5.368232011795043945e+00
5.372740983963012695e+00
5.376879930496215820e+00
5.380480051040649414e+00
5.384921073913574219e+00
5.388391971588134766e+00
5.393220663070678711e+00
5.397711038589477539e+00
5.401355028152465820e+00
5.405825376510620117e+00
5.409852981567382812e+00
5.413148164749145508e+00
5.416108608245849609e+00
5.419056653976440430e+00
5.422051906585693359e+00
5.425100803375244141e+00
5.429472684860229492e+00
5.434241771697998047e+00
5.439307689666748047e+00
5.444114685058593750e+00
5.447583198547363281e+00
5.451364278793334961e+00
5.455304861068725586e+00
5.460167646408081055e+00
5.464380741119384766e+00
5.469359159469604492e+00
5.473807096481323242e+00
5.477751255035400391e+00
5.482106924057006836e+00
5.486366987228393555e+00
5.490600109100341797e+00
5.494471073150634766e+00
5.498591899871826172e+00
5.502609968185424805e+00
5.506284713745117188e+00
5.510325670242309570e+00
5.514222860336303711e+00
5.518237113952636719e+00
5.524533987045288086e+00
5.529192209243774414e+00
5.534223079681396484e+00
5.538940906524658203e+00
5.543250799179077148e+00
5.547212362289428711e+00
5.550903320312500000e+00
5.555071830749511719e+00
5.558342456817626953e+00
5.562328100204467773e+00
5.566256999969482422e+00
5.570230245590209961e+00
5.574131727218627930e+00
5.578186988830566406e+00
5.581898450851440430e+00
5.585823774337768555e+00
5.590211391448974609e+00
5.594253301620483398e+00
5.598588943481445312e+00
5.605135202407836914e+00
5.610055446624755859e+00
5.613905191421508789e+00
5.617220878601074219e+00
5.620960474014282227e+00
5.624581813812255859e+00
5.628572463989257812e+00
5.632675647735595703e+00
5.635889291763305664e+00
5.639155864715576172e+00
5.642598390579223633e+00
5.645751714706420898e+00
5.648664951324462891e+00
5.651501417160034180e+00
5.655869960784912109e+00
5.659456014633178711e+00
5.663720846176147461e+00
5.667839288711547852e+00
5.671830892562866211e+00
5.676183700561523438e+00
5.680856943130493164e+00
5.685252666473388672e+00
5.689188957214355469e+00
5.694434165954589844e+00
5.697861671447753906e+00
5.701262712478637695e+00
5.704089641571044922e+00
5.707368373870849609e+00
5.710866451263427734e+00
5.714515447616577148e+00
5.718883514404296875e+00
5.725179195404052734e+00
5.730189561843872070e+00
5.734219551086425781e+00
5.738380908966064453e+00
5.743231773376464844e+00
5.747647047042846680e+00
5.751617431640625000e+00
5.755895137786865234e+00
5.759933710098266602e+00
5.764912128448486328e+00
5.769155502319335938e+00
5.773175954818725586e+00
5.777355194091796875e+00
5.781720161437988281e+00
5.786316394805908203e+00
5.790477752685546875e+00
5.795176267623901367e+00
5.799112319946289062e+00
5.803723096847534180e+00
5.808256864547729492e+00
5.812328100204467773e+00
5.816238641738891602e+00
5.819693803787231445e+00
5.823028564453125000e+00
5.827284097671508789e+00
5.832231998443603516e+00
5.836712837219238281e+00
5.840165376663208008e+00
5.844073534011840820e+00
5.847740650177001953e+00
5.851105451583862305e+00
5.854883193969726562e+00
5.858683824539184570e+00
5.862610816955566406e+00
5.867168664932250977e+00
5.870866298675537109e+00
5.874363183975219727e+00
5.878180027008056641e+00
5.882802009582519531e+00
5.886121511459350586e+00
5.890121698379516602e+00
5.894564867019653320e+00
5.898443698883056641e+00
5.902272939682006836e+00
5.907188653945922852e+00
5.911283969879150391e+00
5.916152954101562500e+00
5.920266628265380859e+00
5.925160408020019531e+00
5.928903102874755859e+00
5.932575464248657227e+00
5.936170339584350586e+00
5.939613103866577148e+00
5.942553520202636719e+00
5.946116924285888672e+00
5.949591159820556641e+00
5.952849626541137695e+00
5.957233905792236328e+00
5.961442470550537109e+00
5.965030670166015625e+00
5.968351125717163086e+00
5.972330093383789062e+00
5.976189374923706055e+00
5.980109691619873047e+00
5.983757495880126953e+00
5.986738443374633789e+00
5.990154981613159180e+00
5.993701934814453125e+00
5.997591733932495117e+00
6.002154350280761719e+00
6.007199048995971680e+00
6.011690139770507812e+00
6.015637397766113281e+00
6.019926309585571289e+00
6.023594141006469727e+00
6.027419090270996094e+00
6.031446933746337891e+00
6.035196542739868164e+00
6.038885354995727539e+00
6.042711019515991211e+00
6.046081781387329102e+00
6.049488544464111328e+00
6.052812814712524414e+00
6.056714296340942383e+00
6.061523675918579102e+00
6.065142631530761719e+00
6.069487571716308594e+00
6.073495626449584961e+00
6.077976942062377930e+00
6.082231521606445312e+00
6.086122751235961914e+00
6.089894533157348633e+00
6.094065904617309570e+00
6.098256826400756836e+00
6.102120876312255859e+00
6.105880737304687500e+00
6.109636068344116211e+00
6.113109111785888672e+00
6.117348432540893555e+00
6.121196031570434570e+00
6.125868082046508789e+00
6.129322528839111328e+00
6.133165359497070312e+00
6.136894702911376953e+00
6.140629529953002930e+00
6.144479990005493164e+00
6.148617744445800781e+00
6.152099609375000000e+00
6.155869960784912109e+00
6.159519672393798828e+00
6.163846015930175781e+00
6.167843818664550781e+00
6.171892881393432617e+00
6.176314115524291992e+00
6.179656505584716797e+00
6.183593988418579102e+00
6.187672853469848633e+00
6.191071033477783203e+00
6.195201635360717773e+00
6.199370622634887695e+00
6.205569982528686523e+00
6.209251880645751953e+00
6.212803840637207031e+00
6.216761827468872070e+00
6.220954179763793945e+00
6.224095106124877930e+00
6.227520465850830078e+00
6.231350660324096680e+00
6.236265182495117188e+00
6.241194725036621094e+00
6.245161056518554688e+00
6.248887538909912109e+00
6.252316951751708984e+00
6.256466865539550781e+00
6.260682106018066406e+00
6.264654159545898438e+00
6.269270420074462891e+00
6.274226188659667969e+00
6.279148817062377930e+00
6.282835006713867188e+00
6.286534786224365234e+00
6.290141582489013672e+00
6.294394493103027344e+00
6.298407554626464844e+00
6.302865505218505859e+00
6.306916236877441406e+00
6.310919046401977539e+00
6.315144300460815430e+00
6.319190263748168945e+00
6.324260711669921875e+00
6.329470396041870117e+00
6.333707809448242188e+00
6.337677240371704102e+00
6.341886281967163086e+00
6.345629215240478516e+00
6.349115610122680664e+00
6.352648496627807617e+00
6.355730295181274414e+00
6.358795881271362305e+00
6.362705707550048828e+00
6.366482973098754883e+00
6.370379924774169922e+00
6.374146461486816406e+00
6.378363370895385742e+00
6.382115602493286133e+00
6.386183023452758789e+00
6.389437913894653320e+00
6.393321514129638672e+00
6.397477149963378906e+00
6.401041746139526367e+00
6.405814409255981445e+00
6.410134315490722656e+00
6.415221929550170898e+00
6.419687747955322266e+00
6.423231363296508789e+00
6.427104949951171875e+00
6.430657386779785156e+00
6.434816360473632812e+00
6.438681125640869141e+00
6.442830085754394531e+00
6.446680307388305664e+00
6.450449228286743164e+00
6.454509973526000977e+00
6.459131956100463867e+00
6.463059902191162109e+00
6.466880798339843750e+00
6.471365928649902344e+00
6.476352930068969727e+00
6.481185674667358398e+00
6.485882759094238281e+00
6.489616870880126953e+00
6.494485139846801758e+00
6.499198198318481445e+00
6.503464937210083008e+00
6.506287097930908203e+00
6.510065793991088867e+00
6.513468742370605469e+00
6.517151594161987305e+00
6.521363258361816406e+00
6.527189493179321289e+00
6.531160354614257812e+00
6.535395145416259766e+00
6.540137529373168945e+00
6.545210123062133789e+00
6.549584865570068359e+00
6.553967237472534180e+00
6.557887077331542969e+00
6.561725139617919922e+00
6.567207813262939453e+00
6.571242094039916992e+00
6.575927734375000000e+00
6.579750776290893555e+00
6.583468675613403320e+00
6.587004661560058594e+00
6.590398311614990234e+00
6.594046354293823242e+00
6.597072124481201172e+00
6.599728822708129883e+00
6.603847980499267578e+00
6.608199357986450195e+00
6.613235712051391602e+00
6.618176698684692383e+00
6.621919870376586914e+00
6.625661611557006836e+00
6.629702806472778320e+00
6.633481264114379883e+00
6.637434482574462891e+00
6.641093730926513672e+00
6.645674467086791992e+00
6.650225877761840820e+00
6.655279397964477539e+00
6.659615516662597656e+00
6.664124727249145508e+00
6.668099164962768555e+00
6.671902179718017578e+00
6.676130771636962891e+00
6.680320978164672852e+00
6.684858798980712891e+00
6.688987731933593750e+00
6.693923473358154297e+00
6.697928190231323242e+00
6.701871156692504883e+00
6.706245183944702148e+00
6.711152553558349609e+00
6.715471506118774414e+00
6.719070196151733398e+00
6.723349332809448242e+00
6.727358341217041016e+00
6.731815099716186523e+00
6.736305952072143555e+00
6.740085601806640625e+00
6.743903636932373047e+00
6.747865200042724609e+00
6.751492977142333984e+00
6.755232572555541992e+00
6.759294986724853516e+00
6.763476133346557617e+00
6.767885684967041016e+00
6.772086620330810547e+00
6.775937080383300781e+00
6.779891252517700195e+00
6.783901453018188477e+00
6.788238763809204102e+00
6.792590379714965820e+00
6.796478033065795898e+00
6.800074815750122070e+00
6.805685997009277344e+00
6.809873342514038086e+00
6.813889265060424805e+00
6.817556381225585938e+00
6.822198629379272461e+00
6.825557231903076172e+00
6.829533815383911133e+00
6.833190917968750000e+00
6.837275028228759766e+00
6.841834306716918945e+00
6.845892906188964844e+00
6.849880933761596680e+00
6.853903770446777344e+00
6.857830286026000977e+00
6.861896753311157227e+00
6.866215944290161133e+00
6.870906352996826172e+00
6.874876022338867188e+00
6.878480911254882812e+00
6.881715297698974609e+00
6.885437726974487305e+00
6.889353513717651367e+00
6.893858671188354492e+00
6.897677898406982422e+00
6.902276515960693359e+00
6.907134771347045898e+00
6.911134243011474609e+00
6.915081739425659180e+00
6.919292926788330078e+00
6.926426887512207031e+00
6.930350065231323242e+00
6.935211896896362305e+00
6.939733743667602539e+00
6.943755388259887695e+00
6.947451353073120117e+00
6.951370239257812500e+00
6.954747438430786133e+00
6.958437919616699219e+00
6.962747812271118164e+00
6.967185735702514648e+00
6.972210407257080078e+00
6.977207660675048828e+00
6.981384277343750000e+00
6.984755992889404297e+00
6.989211320877075195e+00
6.994147539138793945e+00
6.998181819915771484e+00
7.002035617828369141e+00
7.006425619125366211e+00
7.010876417160034180e+00
7.014618635177612305e+00
7.018888950347900391e+00
7.022950887680053711e+00
7.027210712432861328e+00
7.032267808914184570e+00
7.036087274551391602e+00
7.039322137832641602e+00
7.043189287185668945e+00
7.046330690383911133e+00
7.049704551696777344e+00
7.053654193878173828e+00
7.058427810668945312e+00
7.062396526336669922e+00
7.066127538681030273e+00
7.070326566696166992e+00
7.074655294418334961e+00
7.079223394393920898e+00
7.083782196044921875e+00
7.087387561798095703e+00
7.092190504074096680e+00
7.096593141555786133e+00
7.100431442260742188e+00
7.105232238769531250e+00
7.109742641448974609e+00
7.113432407379150391e+00
7.116614103317260742e+00
7.120201587677001953e+00
7.125396966934204102e+00
7.130239486694335938e+00
7.134604454040527344e+00
7.139241218566894531e+00
7.144266843795776367e+00
7.148911714553833008e+00
7.153169393539428711e+00
7.156899452209472656e+00
7.160522460937500000e+00
7.165446043014526367e+00
7.168606758117675781e+00
7.171583652496337891e+00
7.175541400909423828e+00
7.179589271545410156e+00
7.183352231979370117e+00
7.188303232192993164e+00
7.193232297897338867e+00
7.198085308074951172e+00
7.202942609786987305e+00
7.207158565521240234e+00
7.211391448974609375e+00
7.216171026229858398e+00
7.220142602920532227e+00
7.224183082580566406e+00
7.227286100387573242e+00
7.230817794799804688e+00
7.234475374221801758e+00
7.238160371780395508e+00
7.242596387863159180e+00
7.246200561523437500e+00
7.249716997146606445e+00
7.253568410873413086e+00
7.257438421249389648e+00
7.261573553085327148e+00
7.265253305435180664e+00
7.268734455108642578e+00
7.272031784057617188e+00
7.275027990341186523e+00
7.278499364852905273e+00
7.282590627670288086e+00
7.286061525344848633e+00
7.289114952087402344e+00
7.293327093124389648e+00
7.297571897506713867e+00
7.302251338958740234e+00
7.307131767272949219e+00
7.311463356018066406e+00
7.315829753875732422e+00
7.319831609725952148e+00
7.324625015258789062e+00
7.328649997711181641e+00
7.332267045974731445e+00
7.336009025573730469e+00
7.340094566345214844e+00
7.343836784362792969e+00
7.347568273544311523e+00
7.351177453994750977e+00
7.354318857192993164e+00
7.357568979263305664e+00
7.360849142074584961e+00
7.366214036941528320e+00
7.371218204498291016e+00
7.376172542572021484e+00
7.381247997283935547e+00
7.386360883712768555e+00
7.390833854675292969e+00
7.395728826522827148e+00
7.400495290756225586e+00
7.407878875732421875e+00
7.412396192550659180e+00
7.417167425155639648e+00
7.422215223312377930e+00
7.427220582962036133e+00
7.431878328323364258e+00
7.436257362365722656e+00
7.440620183944702148e+00
7.445114135742187500e+00
7.449747323989868164e+00
7.453865528106689453e+00
7.458592176437377930e+00
7.463228940963745117e+00
7.468370437622070312e+00
7.473094463348388672e+00
7.478406906127929688e+00
7.482836246490478516e+00
7.487452745437622070e+00
7.492268562316894531e+00
7.497186899185180664e+00
7.502174615859985352e+00
7.507243156433105469e+00
7.512166261672973633e+00
7.517194032669067383e+00
7.523397684097290039e+00
7.530180215835571289e+00
7.535168409347534180e+00
7.540141105651855469e+00
7.545281648635864258e+00
7.550188541412353516e+00
7.554853916168212891e+00
7.559917211532592773e+00
7.564177036285400391e+00
7.568184137344360352e+00
7.572170495986938477e+00
7.576536178588867188e+00
7.580707550048828125e+00
7.585571289062500000e+00
7.590126514434814453e+00
7.594681978225708008e+00
7.599460601806640625e+00
7.604190349578857422e+00
7.608731746673583984e+00
7.612853050231933594e+00
7.618212223052978516e+00
7.623145580291748047e+00
7.628055334091186523e+00
7.633178949356079102e+00
7.638177633285522461e+00
7.643126487731933594e+00
7.648173332214355469e+00
7.652847528457641602e+00
7.656881809234619141e+00
7.661410570144653320e+00
7.666197538375854492e+00
7.671218872070312500e+00
7.675925731658935547e+00
7.680538892745971680e+00
7.686268806457519531e+00
7.691127061843872070e+00
7.696192979812622070e+00
7.701219797134399414e+00
7.705149650573730469e+00
7.708837985992431641e+00
7.712334871292114258e+00
7.717139005661010742e+00
7.721279859542846680e+00
7.726748228073120117e+00
7.732250690460205078e+00
7.737247228622436523e+00
7.742231130599975586e+00
7.747308254241943359e+00
7.752595424652099609e+00
7.757344484329223633e+00
7.762887001037597656e+00
7.767548084259033203e+00
7.771892547607421875e+00
7.776818037033081055e+00
7.781561374664306641e+00
7.786592245101928711e+00
7.791577577590942383e+00
7.796306133270263672e+00
7.801183462142944336e+00
7.806199789047241211e+00
7.811196088790893555e+00
7.816204071044921875e+00
7.820680379867553711e+00
7.824911832809448242e+00
7.828714609146118164e+00
7.832566499710083008e+00
7.836605072021484375e+00
7.840677976608276367e+00
7.846576690673828125e+00
7.851085662841796875e+00
7.855086803436279297e+00
7.860533237457275391e+00
7.864777326583862305e+00
7.869395256042480469e+00
7.874102592468261719e+00
7.878530025482177734e+00
7.883865833282470703e+00
7.887846708297729492e+00
7.892153978347778320e+00
7.896778106689453125e+00
7.900861740112304688e+00
7.905359268188476562e+00
7.910339832305908203e+00
7.915219545364379883e+00
7.920087099075317383e+00
7.926206111907958984e+00
7.931353569030761719e+00
7.936251640319824219e+00
7.941264629364013672e+00
7.946339607238769531e+00
7.951087951660156250e+00
7.956267595291137695e+00
7.961270570755004883e+00
7.965766668319702148e+00
7.970692396163940430e+00
7.975367069244384766e+00
7.980396986007690430e+00
7.985361337661743164e+00
7.989826202392578125e+00
7.994768142700195312e+00
7.999377489089965820e+00
8.006524562835693359e+00
8.011639595031738281e+00
8.016165971755981445e+00
8.021241903305053711e+00
8.025873184204101562e+00
8.029899358749389648e+00
8.033750295639038086e+00
8.037240982055664062e+00
8.041355133056640625e+00
8.045240163803100586e+00
8.049867391586303711e+00
8.054135799407958984e+00
8.058607101440429688e+00
8.063353776931762695e+00
8.068326473236083984e+00
8.072374582290649414e+00
8.077360868453979492e+00
8.082268714904785156e+00
8.087206125259399414e+00
8.092166900634765625e+00
8.097296476364135742e+00
8.102314710617065430e+00
8.107199907302856445e+00
8.112261772155761719e+00
8.117152690887451172e+00
8.122879028320312500e+00
8.128527164459228516e+00
8.132701396942138672e+00
8.137140512466430664e+00
8.142105579376220703e+00
8.146812915802001953e+00
8.151390552520751953e+00
8.156115531921386719e+00
8.161268711090087891e+00
8.166103601455688477e+00
8.170533180236816406e+00
8.175379037857055664e+00
8.180131196975708008e+00
8.185260057449340820e+00
8.190200805664062500e+00
8.195254564285278320e+00
8.200169086456298828e+00
8.206158638000488281e+00
8.211143493652343750e+00
8.216464281082153320e+00
8.220910072326660156e+00
8.225393772125244141e+00
8.230250120162963867e+00
8.235182762145996094e+00
8.240163803100585938e+00
8.244932413101196289e+00
8.249205112457275391e+00
8.254157304763793945e+00
8.259664773941040039e+00
8.264172077178955078e+00
8.268637180328369141e+00
8.273497819900512695e+00
8.278186321258544922e+00
8.289280176162719727e+00
8.301272153854370117e+00
8.305173397064208984e+00
8.309081315994262695e+00
8.313194513320922852e+00
8.317164659500122070e+00
8.321125268936157227e+00
8.325016021728515625e+00
8.328871250152587891e+00
8.332444429397583008e+00
8.335803031921386719e+00
8.339241027832031250e+00
8.343868494033813477e+00
8.347880363464355469e+00
8.351878643035888672e+00
8.355834722518920898e+00
8.359877586364746094e+00
8.364285945892333984e+00
8.367632389068603516e+00
8.371073246002197266e+00
8.374918222427368164e+00
8.378804206848144531e+00
8.382088661193847656e+00
8.386039972305297852e+00
8.389330148696899414e+00
8.393140792846679688e+00
8.397286891937255859e+00
8.402057170867919922e+00
8.406298875808715820e+00
8.410494565963745117e+00
8.414878129959106445e+00
8.418900251388549805e+00
8.423304796218872070e+00
8.428176641464233398e+00
8.433089256286621094e+00
8.436416149139404297e+00
8.440147876739501953e+00
8.444025993347167969e+00
8.448330163955688477e+00
8.453340530395507812e+00
8.457651615142822266e+00
8.462228775024414062e+00
8.466667890548706055e+00
8.470852136611938477e+00
8.474297523498535156e+00
8.478195428848266602e+00
8.483313083648681641e+00
8.487896203994750977e+00
8.491848707199096680e+00
8.495813608169555664e+00
8.499724388122558594e+00
8.502786874771118164e+00
8.506524562835693359e+00
8.510043859481811523e+00
8.513804674148559570e+00
8.516843795776367188e+00
8.519576787948608398e+00
8.524047374725341797e+00
8.527454853057861328e+00
8.531846523284912109e+00
8.535437345504760742e+00
8.538930416107177734e+00
8.542844295501708984e+00
8.546233654022216797e+00
8.550090312957763672e+00
8.553687572479248047e+00
8.556882619857788086e+00
8.560183048248291016e+00
8.563734531402587891e+00
8.567174911499023438e+00
8.570873498916625977e+00
8.574726819992065430e+00
8.578057050704956055e+00
8.581640481948852539e+00
8.585333108901977539e+00
8.589689493179321289e+00
8.594343185424804688e+00
8.599032402038574219e+00
8.603150367736816406e+00
8.606279134750366211e+00
8.610828876495361328e+00
8.614226818084716797e+00
8.617824316024780273e+00
8.622437238693237305e+00
8.626108407974243164e+00
8.629482984542846680e+00
8.632795810699462891e+00
8.636076927185058594e+00
8.639269351959228516e+00
8.644109487533569336e+00
8.647800683975219727e+00
8.651351690292358398e+00
8.655040025711059570e+00
8.659176588058471680e+00
8.664211750030517578e+00
8.668562412261962891e+00
8.672334909439086914e+00
8.675829410552978516e+00
8.679175376892089844e+00
8.683803319931030273e+00
8.687181472778320312e+00
8.690562486648559570e+00
8.694172382354736328e+00
8.697162389755249023e+00
8.700378656387329102e+00
8.703569650650024414e+00
8.707200050354003906e+00
8.711041927337646484e+00
8.714834928512573242e+00
8.718283653259277344e+00
8.723551750183105469e+00
8.726762533187866211e+00
8.730218172073364258e+00
8.734093427658081055e+00
8.737748146057128906e+00
8.741678237915039062e+00
8.745411157608032227e+00
8.749142646789550781e+00
8.753365516662597656e+00
8.757138967514038086e+00
8.760860443115234375e+00
8.764581918716430664e+00
8.767745971679687500e+00
8.771615505218505859e+00
8.775414228439331055e+00
8.779685497283935547e+00
8.783421516418457031e+00
8.787661552429199219e+00
8.791210174560546875e+00
8.795225143432617188e+00
8.800381660461425781e+00
8.805127859115600586e+00
8.809164047241210938e+00
8.813121080398559570e+00
8.816792249679565430e+00
8.819792509078979492e+00
8.822507381439208984e+00
8.825292825698852539e+00
8.827998161315917969e+00
8.830660343170166016e+00
8.834050178527832031e+00
8.837342262268066406e+00
8.840801239013671875e+00
8.844264268875122070e+00
8.847737789154052734e+00
8.851284027099609375e+00
8.854707717895507812e+00
8.857921838760375977e+00
8.862091541290283203e+00
8.865770578384399414e+00
8.870325088500976562e+00
8.874484062194824219e+00
8.878834486007690430e+00
8.882790327072143555e+00
8.886140346527099609e+00
8.890229225158691406e+00
8.894633054733276367e+00
8.898639440536499023e+00
8.902611732482910156e+00
8.906374216079711914e+00
8.910562038421630859e+00
8.914144277572631836e+00
8.917824745178222656e+00
8.921422004699707031e+00
8.925809621810913086e+00
8.929121494293212891e+00
8.932825088500976562e+00
8.936460971832275391e+00
8.939770460128784180e+00
8.943492650985717773e+00
8.947307109832763672e+00
8.950765848159790039e+00
8.954143762588500977e+00
8.957785367965698242e+00
8.961841106414794922e+00
8.966321945190429688e+00
8.969847917556762695e+00
8.974178314208984375e+00
8.978183984756469727e+00
8.983206987380981445e+00
8.988376379013061523e+00
8.992108583450317383e+00
8.996249914169311523e+00
9.001126050949096680e+00
9.005240917205810547e+00
9.008822202682495117e+00
9.013165712356567383e+00
9.017689704895019531e+00
9.021388053894042969e+00
9.025327920913696289e+00
9.030338287353515625e+00
9.034441232681274414e+00
9.038990736007690430e+00
9.043117046356201172e+00
9.046890020370483398e+00
9.050796031951904297e+00
9.055352449417114258e+00
9.060167551040649414e+00
9.063555240631103516e+00
9.067039012908935547e+00
9.070423603057861328e+00
9.073711156845092773e+00
9.078353166580200195e+00
9.082942247390747070e+00
9.087276935577392578e+00
9.091982364654541016e+00
9.095271825790405273e+00
9.098214387893676758e+00
9.101429462432861328e+00
9.104123353958129883e+00
9.107000350952148438e+00
9.110309123992919922e+00
9.113797187805175781e+00
9.117383241653442383e+00
9.121526241302490234e+00
9.125806570053100586e+00
9.129359245300292969e+00
9.133237600326538086e+00
9.138369560241699219e+00
9.143120527267456055e+00
9.147122621536254883e+00
9.150846481323242188e+00
9.155219316482543945e+00
9.159569263458251953e+00
9.163458585739135742e+00
9.166820049285888672e+00
9.170062065124511719e+00
9.174286842346191406e+00
9.178265810012817383e+00
9.182269573211669922e+00
9.187297344207763672e+00
9.192382574081420898e+00
9.197371244430541992e+00
9.201139211654663086e+00
9.206130266189575195e+00
9.210481643676757812e+00
9.214447259902954102e+00
9.219326019287109375e+00
9.223539352416992188e+00
9.227567434310913086e+00
9.231661796569824219e+00
9.235218048095703125e+00
9.238878250122070312e+00
9.243841648101806641e+00
9.248325586318969727e+00
9.253190994262695312e+00
9.258162975311279297e+00
9.263225555419921875e+00
9.268212080001831055e+00
9.273112535476684570e+00
9.278214216232299805e+00
9.283280372619628906e+00
9.287581443786621094e+00
9.292206525802612305e+00
9.296832084655761719e+00
9.300951480865478516e+00
9.305864334106445312e+00
9.310649633407592773e+00
9.315092563629150391e+00
9.319218158721923828e+00
9.326172113418579102e+00
9.331204891204833984e+00
9.335892200469970703e+00
9.340149164199829102e+00
9.344922065734863281e+00
9.349615335464477539e+00
9.354200601577758789e+00
9.359187126159667969e+00
9.365208148956298828e+00
9.370165586471557617e+00
9.375069618225097656e+00
9.380186796188354492e+00
9.385139226913452148e+00
9.390206575393676758e+00
9.395218133926391602e+00
9.400185108184814453e+00
9.405535697937011719e+00
9.410197019577026367e+00
9.415150642395019531e+00
9.420161247253417969e+00
9.424833297729492188e+00
9.429147958755493164e+00
9.434197902679443359e+00
9.439058303833007812e+00
9.443049430847167969e+00
9.447865486145019531e+00
9.451889753341674805e+00
9.456818580627441406e+00
9.461213350296020508e+00
9.465842962265014648e+00
9.469455957412719727e+00
9.472783803939819336e+00
9.477083444595336914e+00
9.481189012527465820e+00
9.486227035522460938e+00
9.491238832473754883e+00
9.495902776718139648e+00
9.500322341918945312e+00
9.504681587219238281e+00
9.509147882461547852e+00
9.514046430587768555e+00
9.518659591674804688e+00
9.525746822357177734e+00
9.530163049697875977e+00
9.535156011581420898e+00
9.539592027664184570e+00
9.544394254684448242e+00
9.549201965332031250e+00
9.554127216339111328e+00
9.559199810028076172e+00
9.563442945480346680e+00
9.567845106124877930e+00
9.571277141571044922e+00
9.575895309448242188e+00
9.580623149871826172e+00
9.585162162780761719e+00
9.590096235275268555e+00
9.595210790634155273e+00
9.600202798843383789e+00
9.604465007781982422e+00
9.610187292098999023e+00
9.615184783935546875e+00
9.620269298553466797e+00
9.625482082366943359e+00
9.630215406417846680e+00
9.635206222534179688e+00
9.640147447586059570e+00
9.647336959838867188e+00
9.652168989181518555e+00
9.657424211502075195e+00
9.662169218063354492e+00
9.667086839675903320e+00
9.671336412429809570e+00
9.676164388656616211e+00
9.680805921554565430e+00
9.686203956604003906e+00
9.691226959228515625e+00
9.695542335510253906e+00
9.699858665466308594e+00
9.704798460006713867e+00
9.709244966506958008e+00
9.713841199874877930e+00
9.718115568161010742e+00
9.723068714141845703e+00
9.728202581405639648e+00
9.733291149139404297e+00
9.738195896148681641e+00
9.742365837097167969e+00
9.746327400207519531e+00
9.750604629516601562e+00
9.754567384719848633e+00
9.758141994476318359e+00
9.762106895446777344e+00
9.766358137130737305e+00
9.770082473754882812e+00
9.774568557739257812e+00
9.779156208038330078e+00
9.783887863159179688e+00
9.788406372070312500e+00
9.793317079544067383e+00
9.797845125198364258e+00
9.803263664245605469e+00
9.808751583099365234e+00
9.813190937042236328e+00
9.818113088607788086e+00
9.822446346282958984e+00
9.827048301696777344e+00
9.831279754638671875e+00
9.836203336715698242e+00
9.841233015060424805e+00
9.845395326614379883e+00
9.849883317947387695e+00
9.854081630706787109e+00
9.858557939529418945e+00
9.863153457641601562e+00
9.867869853973388672e+00
9.871779918670654297e+00
9.875872611999511719e+00
9.880102396011352539e+00
9.886193275451660156e+00
9.891095876693725586e+00
9.895601987838745117e+00
9.900130748748779297e+00
9.904615402221679688e+00
9.909016847610473633e+00
9.913108825683593750e+00
9.916753292083740234e+00
9.920132637023925781e+00
9.926127195358276367e+00
9.930742502212524414e+00
9.934826612472534180e+00
9.939286947250366211e+00
9.943649053573608398e+00
9.947615623474121094e+00
9.951417446136474609e+00
9.956314086914062500e+00
9.960875272750854492e+00
9.965541601181030273e+00
9.970100879669189453e+00
9.974890470504760742e+00
9.979897737503051758e+00
9.984852313995361328e+00
9.989946126937866211e+00
9.994539499282836914e+00
9.999605417251586914e+00
1.000401163101196289e+01
1.000837397575378418e+01
1.001239204406738281e+01
1.001714491844177246e+01
1.002211213111877441e+01
1.002653980255126953e+01
1.003059744834899902e+01
1.003461003303527832e+01
1.003908276557922363e+01
1.004374933242797852e+01
1.004760575294494629e+01
1.005176806449890137e+01
1.005618214607238770e+01
1.006069016456604004e+01
1.006513047218322754e+01
1.007018232345581055e+01
1.007518863677978516e+01
1.007971882820129395e+01
1.008516836166381836e+01
1.009011864662170410e+01
1.009435176849365234e+01
1.009906792640686035e+01
1.010328292846679688e+01
1.010792994499206543e+01
1.011261105537414551e+01
1.011720466613769531e+01
1.012224745750427246e+01
1.012964177131652832e+01
1.013413906097412109e+01
1.013921809196472168e+01
1.014426040649414062e+01
1.014907050132751465e+01
1.015387153625488281e+01
1.015827465057373047e+01
1.016307926177978516e+01
1.016788697242736816e+01
1.017192387580871582e+01
1.017721295356750488e+01
1.018213939666748047e+01
1.018720197677612305e+01
1.019218468666076660e+01
1.019720196723937988e+01
1.020217633247375488e+01
1.020644497871398926e+01
1.021110558509826660e+01
1.021585917472839355e+01
1.022009944915771484e+01
1.022531676292419434e+01
1.023037862777709961e+01
1.023519420623779297e+01
1.024033355712890625e+01
1.024598073959350586e+01
1.025059294700622559e+01
1.025525403022766113e+01
1.026009392738342285e+01
1.026486015319824219e+01
1.026983761787414551e+01
1.027369070053100586e+01
1.027818417549133301e+01
1.028406810760498047e+01
1.028836083412170410e+01
1.029322123527526855e+01
1.029817962646484375e+01
1.030309605598449707e+01
1.030776929855346680e+01
1.031215214729309082e+01
1.031720399856567383e+01
1.032278680801391602e+01
1.032746767997741699e+01
1.033211731910705566e+01
1.033716702461242676e+01
1.034137296676635742e+01
1.034532880783081055e+01
1.035010027885437012e+01
1.035440158843994141e+01
1.035878252983093262e+01
1.036315727233886719e+01
1.036712217330932617e+01
1.037123465538024902e+01
1.037585473060607910e+01
1.037982821464538574e+01
1.038425707817077637e+01
1.038929677009582520e+01
1.039416050910949707e+01
1.039915728569030762e+01
1.040441036224365234e+01
1.040918898582458496e+01
1.041415190696716309e+01
1.041858434677124023e+01
1.042254972457885742e+01
1.042720437049865723e+01
1.043228125572204590e+01
1.043656706809997559e+01
1.044090580940246582e+01
1.044518518447875977e+01
1.045003533363342285e+01
1.045410418510437012e+01
1.045863223075866699e+01
1.046305131912231445e+01
1.046785235404968262e+01
1.047286105155944824e+01
1.047679829597473145e+01
1.048123502731323242e+01
1.048623967170715332e+01
1.049110770225524902e+01
1.049503803253173828e+01
1.049968552589416504e+01
1.050439810752868652e+01
1.050880098342895508e+01
1.051320552825927734e+01
1.051819133758544922e+01
1.052513122558593750e+01
1.053015422821044922e+01
1.053507852554321289e+01
1.053921341896057129e+01
1.054359078407287598e+01
1.054810833930969238e+01
1.055311679840087891e+01
1.055817770957946777e+01
1.056389212608337402e+01
1.056804847717285156e+01
1.057372736930847168e+01
1.057791018486022949e+01
1.058260846138000488e+01
1.058684515953063965e+01
1.059126448631286621e+01
1.059617209434509277e+01
1.060109448432922363e+01
1.060638833045959473e+01
1.061126613616943359e+01
1.061614108085632324e+01
1.062085032463073730e+01
1.062527108192443848e+01
1.063017797470092773e+01
1.063518285751342773e+01
1.064015269279479980e+01
1.064475369453430176e+01
1.064844417572021484e+01
1.065319728851318359e+01
1.065817785263061523e+01
1.066313982009887695e+01
1.066832828521728516e+01
1.067308163642883301e+01
1.067759799957275391e+01
1.068295788764953613e+01
1.068701934814453125e+01
1.069186925888061523e+01
1.069627428054809570e+01
1.070058727264404297e+01
1.070519471168518066e+01
1.071011447906494141e+01
1.071512866020202637e+01
1.072018074989318848e+01
1.072501397132873535e+01
1.073009109497070312e+01
1.073433566093444824e+01
1.073922014236450195e+01
1.074418377876281738e+01
1.074921250343322754e+01
1.075417470932006836e+01
1.075918006896972656e+01
1.076390838623046875e+01
1.076860117912292480e+01
1.077254986763000488e+01
1.077721929550170898e+01
1.078214311599731445e+01
1.078685522079467773e+01
1.079106402397155762e+01
1.079499530792236328e+01
1.079942917823791504e+01
1.080404686927795410e+01
1.080915021896362305e+01
1.081390833854675293e+01
1.081886887550354004e+01
1.082354807853698730e+01
1.082821130752563477e+01
1.083314871788024902e+01
1.083817267417907715e+01
1.084275364875793457e+01
1.084789776802062988e+01
1.085209727287292480e+01
1.085721182823181152e+01
1.086214995384216309e+01
1.086689710617065430e+01
1.087131094932556152e+01
1.087608599662780762e+01
1.088010883331298828e+01
1.088456869125366211e+01
1.088834190368652344e+01
1.089265847206115723e+01
1.089714074134826660e+01
1.090169739723205566e+01
1.090559434890747070e+01
1.090918564796447754e+01
1.091254591941833496e+01
1.091719436645507812e+01
1.092352652549743652e+01
1.092813396453857422e+01
1.093320918083190918e+01
1.093820452690124512e+01
1.094256043434143066e+01
1.094716095924377441e+01
1.095225262641906738e+01
1.095686507225036621e+01
1.096111464500427246e+01
1.096586847305297852e+01
1.097086524963378906e+01
1.097510719299316406e+01
1.097880554199218750e+01
1.098283410072326660e+01
1.098716545104980469e+01
1.099231910705566406e+01
1.099681425094604492e+01
1.100141572952270508e+01
1.100704479217529297e+01
1.101187396049499512e+01
1.101661491394042969e+01
1.102085232734680176e+01
1.102521204948425293e+01
1.102989697456359863e+01
1.103460955619812012e+01
1.103871774673461914e+01
1.104366922378540039e+01
1.104790067672729492e+01
1.105216360092163086e+01
1.105718517303466797e+01
1.106213736534118652e+01
1.106662535667419434e+01
1.107104778289794922e+01
1.107541251182556152e+01
1.108012628555297852e+01
1.108514881134033203e+01
1.109024024009704590e+01
1.109520530700683594e+01
1.110031580924987793e+01
1.110513782501220703e+01
1.110979437828063965e+01
1.111411809921264648e+01
1.111909198760986328e+01
1.112626600265502930e+01
1.113044333457946777e+01
1.113420629501342773e+01
1.113776087760925293e+01
1.114117193222045898e+01
1.114467835426330566e+01
1.114921331405639648e+01
1.115384840965270996e+01
1.115743780136108398e+01
1.116165590286254883e+01
1.116619849205017090e+01
1.117157864570617676e+01
1.117686724662780762e+01
1.118108296394348145e+01
1.118586897850036621e+01
1.118979239463806152e+01
1.119420909881591797e+01
1.119920563697814941e+01
1.120340490341186523e+01
1.120817923545837402e+01
1.121307992935180664e+01
1.121780633926391602e+01
1.122219967842102051e+01
1.122717905044555664e+01
1.123218441009521484e+01
1.123724484443664551e+01
1.124215507507324219e+01
1.124615406990051270e+01
1.125114989280700684e+01
1.125567340850830078e+01
1.126002979278564453e+01
1.126445412635803223e+01
1.126903891563415527e+01
1.127409338951110840e+01
1.127824831008911133e+01
1.128387141227722168e+01
1.128839635848999023e+01
1.129280972480773926e+01
1.129718589782714844e+01
1.130211210250854492e+01
1.130714344978332520e+01
1.131210136413574219e+01
1.131709790229797363e+01
1.132230973243713379e+01
1.133009767532348633e+01
1.133406043052673340e+01
1.133824610710144043e+01
1.134310221672058105e+01
1.134819412231445312e+01
1.135318279266357422e+01
1.135811567306518555e+01
1.136304545402526855e+01
1.136709046363830566e+01
1.137098145484924316e+01
1.137542223930358887e+01
1.138018679618835449e+01
1.138518333435058594e+01
1.139017319679260254e+01
1.139527916908264160e+01
1.140005159378051758e+01
1.140403223037719727e+01
1.140940928459167480e+01
1.141427826881408691e+01
1.141854095458984375e+01
1.142304229736328125e+01
1.142834115028381348e+01
1.143303918838500977e+01
1.143727397918701172e+01
1.144188547134399414e+01
1.144943094253540039e+01
1.145418000221252441e+01
1.145918345451354980e+01
1.146421670913696289e+01
1.146909642219543457e+01
1.147420859336853027e+01
1.147916126251220703e+01
1.148368883132934570e+01
1.148815369606018066e+01
1.149345088005065918e+01
1.149771738052368164e+01
1.150201892852783203e+01
1.150552797317504883e+01
1.151018595695495605e+01
1.151532506942749023e+01
1.151988291740417480e+01
1.152503466606140137e+01
1.152863597869873047e+01
1.153292989730834961e+01
1.153716373443603516e+01
1.154182958602905273e+01
1.154630565643310547e+01
1.155078935623168945e+01
1.155517244338989258e+01
1.156016612052917480e+01
1.156466245651245117e+01
1.156911349296569824e+01
1.157406258583068848e+01
1.157906246185302734e+01
1.158416461944580078e+01
1.158908200263977051e+01
1.159375572204589844e+01
1.159818410873413086e+01
1.160370874404907227e+01
1.160863304138183594e+01
1.161264777183532715e+01
1.161732792854309082e+01
1.162144660949707031e+01
1.162623715400695801e+01
1.163119268417358398e+01
1.163616180419921875e+01
1.164126038551330566e+01
1.164715003967285156e+01
1.165218257904052734e+01
1.165717124938964844e+01
1.166216778755187988e+01
1.166708159446716309e+01
1.167152857780456543e+01
1.167621111869812012e+01
1.168104362487792969e+01
1.168638968467712402e+01
1.169114518165588379e+01
1.169611358642578125e+01
1.170117878913879395e+01
1.170617675781250000e+01
1.171118760108947754e+01
1.171587061882019043e+01
1.172012996673583984e+01
1.172696423530578613e+01
1.173081469535827637e+01
1.173504996299743652e+01
1.173917770385742188e+01
1.174428510665893555e+01
1.174910664558410645e+01
1.175418639183044434e+01
1.175911211967468262e+01
1.176362681388854980e+01
1.176818346977233887e+01
1.177311944961547852e+01
1.177826762199401855e+01
1.178336310386657715e+01
1.178813695907592773e+01
1.179314756393432617e+01
1.179811882972717285e+01
1.180315828323364258e+01
1.180918908119201660e+01
1.181419301033020020e+01
1.181859159469604492e+01
1.182319283485412598e+01
1.182819747924804688e+01
1.183307504653930664e+01
1.183783721923828125e+01
1.184205269813537598e+01
1.184717249870300293e+01
1.185212302207946777e+01
1.185709238052368164e+01
1.186215424537658691e+01
1.186730098724365234e+01
1.187219214439392090e+01
1.187710213661193848e+01
1.188232731819152832e+01
1.188712477684020996e+01
1.189205884933471680e+01
1.189718198776245117e+01
1.190211248397827148e+01
1.190709543228149414e+01
1.191216874122619629e+01
1.191712665557861328e+01
1.192283010482788086e+01
1.193014502525329590e+01
1.193518328666687012e+01
1.194016098976135254e+01
1.194518399238586426e+01
1.195006537437438965e+01
1.195504999160766602e+01
1.196019268035888672e+01
1.196462273597717285e+01
1.196910858154296875e+01
1.197419643402099609e+01
1.197901463508605957e+01
1.198414087295532227e+01
1.198921513557434082e+01
1.199416613578796387e+01
1.199912762641906738e+01
1.200438213348388672e+01
1.200904440879821777e+01
1.201308751106262207e+01
1.201830196380615234e+01
1.202304792404174805e+01
1.202723288536071777e+01
1.203204727172851562e+01
1.203709483146667480e+01
1.204345655441284180e+01
1.205007553100585938e+01
1.205504846572875977e+01
1.206036829948425293e+01
1.206620740890502930e+01
1.207110834121704102e+01
1.207673692703247070e+01
1.208304476737976074e+01
1.208823895454406738e+01
1.209420967102050781e+01
1.209945940971374512e+01
1.210486125946044922e+01
1.211032056808471680e+01
1.211520910263061523e+01
1.212031364440917969e+01
1.212807536125183105e+01
1.213396453857421875e+01
1.213953828811645508e+01
1.214477419853210449e+01
1.215032815933227539e+01
1.215564441680908203e+01
1.216087269783020020e+01
1.216622376441955566e+01
1.217189598083496094e+01
1.217838859558105469e+01
1.218381929397583008e+01
1.218922162055969238e+01
1.219431924819946289e+01
1.219956731796264648e+01
1.220626449584960938e+01
1.221159625053405762e+01
1.221726512908935547e+01
1.222218513488769531e+01
1.222750902175903320e+01
1.223269367218017578e+01
1.223788976669311523e+01
1.224372982978820801e+01
1.224922156333923340e+01
1.225539922714233398e+01
1.226147699356079102e+01
1.226646828651428223e+01
1.227149701118469238e+01
1.227682018280029297e+01
1.228349924087524414e+01
1.228923916816711426e+01
1.229553008079528809e+01
1.230124235153198242e+01
1.230675601959228516e+01
1.231192374229431152e+01
1.231792616844177246e+01
1.232544302940368652e+01
1.233037924766540527e+01
1.233575749397277832e+01
1.234069514274597168e+01
1.234646296501159668e+01
1.235174632072448730e+01
1.235674905776977539e+01
1.236276364326477051e+01
1.236833357810974121e+01
1.237436914443969727e+01
1.237953710556030273e+01
1.238524031639099121e+01
1.239088487625122070e+01
1.239644336700439453e+01
1.240241551399230957e+01
1.240817379951477051e+01
1.241324043273925781e+01
1.241848802566528320e+01
1.242383503913879395e+01
1.242845058441162109e+01
1.243338918685913086e+01
1.243856525421142578e+01
1.244539260864257812e+01
1.245087265968322754e+01
1.245808029174804688e+01
1.246327352523803711e+01
1.246818184852600098e+01
1.247341680526733398e+01
1.247860360145568848e+01
1.248468470573425293e+01
1.249033069610595703e+01
1.249555325508117676e+01
1.250142049789428711e+01
1.250681018829345703e+01
1.251232671737670898e+01
1.251726818084716797e+01
1.252542257308959961e+01
1.253150057792663574e+01
1.253692340850830078e+01
1.254221320152282715e+01
1.254756021499633789e+01
1.255280876159667969e+01
1.255837345123291016e+01
1.256373071670532227e+01
1.256918525695800781e+01
1.257482481002807617e+01
1.258026456832885742e+01
1.258554792404174805e+01
1.259046578407287598e+01
1.259569478034973145e+01
1.260176801681518555e+01
1.260840630531311035e+01
1.261382603645324707e+01
1.261930775642395020e+01
1.262511777877807617e+01
1.263047599792480469e+01
1.263628387451171875e+01
1.264297032356262207e+01
1.264825654029846191e+01
1.265344548225402832e+01
1.265906667709350586e+01
1.266416025161743164e+01
1.266921305656433105e+01
1.267429113388061523e+01
1.267916369438171387e+01
1.268581247329711914e+01
1.269119477272033691e+01
1.269625830650329590e+01
1.270186996459960938e+01
1.270763015747070312e+01
1.271328997611999512e+01
1.271888065338134766e+01
1.272575736045837402e+01
1.273141407966613770e+01
1.273725342750549316e+01
1.274264860153198242e+01
1.274827432632446289e+01
1.275337409973144531e+01
1.275862145423889160e+01
1.276466751098632812e+01
1.276919150352478027e+01
1.277460265159606934e+01
1.277930545806884766e+01
1.278445816040039062e+01
1.278934097290039062e+01
1.279477691650390625e+01
1.280048537254333496e+01
1.280731391906738281e+01
1.281285452842712402e+01
1.281846284866333008e+01
1.282317256927490234e+01
1.282809567451477051e+01
1.283356428146362305e+01
1.283875823020935059e+01
1.284515213966369629e+01
1.285039091110229492e+01
1.285543298721313477e+01
1.286133360862731934e+01
1.286661982536315918e+01
1.287167954444885254e+01
1.287641000747680664e+01
1.288199138641357422e+01
1.288768196105957031e+01
1.289311957359313965e+01
1.289816117286682129e+01
1.290387535095214844e+01
1.290920662879943848e+01
1.291374087333679199e+01
1.291814303398132324e+01
1.292511463165283203e+01
1.293006730079650879e+01
1.293506455421447754e+01
1.294046211242675781e+01
1.294611454010009766e+01
1.295149064064025879e+01
1.295722103118896484e+01
1.296318030357360840e+01
1.296820521354675293e+01
1.297331547737121582e+01
1.297888207435607910e+01
1.298441624641418457e+01
1.299023056030273438e+01
1.299564337730407715e+01
1.300186467170715332e+01
1.300772809982299805e+01
1.301354241371154785e+01
1.301865744590759277e+01
1.302433276176452637e+01
1.302997660636901855e+01
1.303572034835815430e+01
1.304069948196411133e+01
1.304555583000183105e+01
1.305010223388671875e+01
1.305555868148803711e+01
1.306018519401550293e+01
1.306578564643859863e+01
1.307131624221801758e+01
1.307665181159973145e+01
1.308301496505737305e+01
1.308829617500305176e+01
1.309377503395080566e+01
1.309927773475646973e+01
1.310470461845397949e+01
1.311076736450195312e+01
1.311606025695800781e+01
1.312271618843078613e+01
1.313149738311767578e+01
1.313651561737060547e+01
1.314167046546936035e+01
1.314725399017333984e+01
1.315247201919555664e+01
1.315793371200561523e+01
1.316338539123535156e+01
1.316921186447143555e+01
1.317457008361816406e+01
1.317985033988952637e+01
1.318581557273864746e+01
1.319144868850708008e+01
1.319620132446289062e+01
1.320151090621948242e+01
1.320647907257080078e+01
1.321189475059509277e+01
1.321749567985534668e+01
1.322286915779113770e+01
1.322922110557556152e+01
1.323454499244689941e+01
1.324027395248413086e+01
1.324724841117858887e+01
1.325266742706298828e+01
1.325785350799560547e+01
1.326309013366699219e+01
1.326887655258178711e+01
1.327407526969909668e+01
1.327922081947326660e+01
1.328492832183837891e+01
1.329110717773437500e+01
1.329644417762756348e+01
1.330116152763366699e+01
1.330610394477844238e+01
1.331106185913085938e+01
1.331645655632019043e+01
1.332127761840820312e+01
1.332815074920654297e+01
1.333336853981018066e+01
