4.995031833648682529e+00
4.990900874137879306e+00
4.987250328063965732e+00
4.983708262443543369e+00
4.980337333679200285e+00
4.977092981338501865e+00
4.973494870322092254e+00
4.969704985618592197e+00
4.966021617253622011e+00
4.962339568138123269e+00
4.958674474196000936e+00
4.954938113689423496e+00
4.951339831719033135e+00
4.947811518396650676e+00
4.944311475753784713e+00
4.940823763608933383e+00
4.937399639802821483e+00
4.933970212936402255e+00
4.930489151101363987e+00
4.927092552185059482e+00
4.923767736979893783e+00
4.920494578101418881e+00
4.917239811109460845e+00
4.913768738508225375e+00
4.910297603607178374e+00
4.906785864096422145e+00
4.903277741538154544e+00
4.899800487927029380e+00
4.896394121235815966e+00
4.892830276489259056e+00
4.889332494428082043e+00
4.885900974273682529e+00
4.882531296123159059e+00
4.879189224804149738e+00
4.875863177435739715e+00
4.872344136238099033e+00
4.868871373099250555e+00
4.865442156791687900e+00
4.862050423255333875e+00
4.858700388669968007e+00
4.855398579341610343e+00
4.852120637893677646e+00
4.848870205324749882e+00
4.845638611099936988e+00
4.842436059316000296e+00
4.839275427486586345e+00
4.836145563328519970e+00
4.833038449287415439e+00
4.829940007657421042e+00
4.826862378120423180e+00
4.823811923756319509e+00
4.820780873298645908e+00
4.817759734279705164e+00
4.814735359615751165e+00
4.811723167246038990e+00
4.808726272412710223e+00
4.805747872904728268e+00
4.802785692543819707e+00
4.799744674714945702e+00
4.796713030338287886e+00
4.793700194749677124e+00
4.790704311863069442e+00
4.787712392352877266e+00
4.784722775220871860e+00
4.781758990654579655e+00
4.778762318871239145e+00
4.775780062177289231e+00
4.772799267488368358e+00
4.769826754279759662e+00
4.766865672383990393e+00
4.763911086069027689e+00
4.760952631632488163e+00
4.757997218876669265e+00
4.755055646638613354e+00
4.752127122879029386e+00
4.749233644259604148e+00
4.746351254450811297e+00
4.743464790857755631e+00
4.740579686587370389e+00
4.737703132629395242e+00
4.731584405899048384e+00
4.725450882315636036e+00
4.719322276115418546e+00
4.713232114911080295e+00
4.707172423601151401e+00
4.701129433512688749e+00
4.695132657885552341e+00
4.689178144931793746e+00
4.683249416947365518e+00
4.677253445982933577e+00
4.671251690387726363e+00
4.665287575125694808e+00
4.659324121475220792e+00
4.653391656279564970e+00
4.647492584586144559e+00
4.641634309291839955e+00
4.635767316818237838e+00
4.629884946346283670e+00
4.624000966548920566e+00
4.618124228715897672e+00
4.612257969379426115e+00
4.606413757801056441e+00
4.600605139136314747e+00
4.594918176531792575e+00
4.589288344979286727e+00
4.583732703328132985e+00
4.578225260972977217e+00
4.572754868865013478e+00
4.567313122749329324e+00
4.561973765492440158e+00
4.556659236550332004e+00
4.551373639702797291e+00
4.546104663610458729e+00
4.540869161486626560e+00
4.535660615563393172e+00
4.530576148629188893e+00
4.525502517819405490e+00
4.520434743165970382e+00
4.515384617447853799e+00
4.510353758931160861e+00
4.505345538258553439e+00
4.500376200675964888e+00
4.495441141724587197e+00
4.490539261698723195e+00
4.485664990544320219e+00
4.480802297592163974e+00
4.475954329967499312e+00
4.471134480834008329e+00
4.466353675723076400e+00
4.461606711149216586e+00
4.456878200173378879e+00
4.452174222469330367e+00
4.447436699271202443e+00
4.442731621861458535e+00
4.438050130009651539e+00
4.433387824892998097e+00
4.428748953342438455e+00
4.424135428667069547e+00
4.419606858491897938e+00
4.415096160769463651e+00
4.410605534911156589e+00
4.406129848957062833e+00
4.401678624749184365e+00
4.397236046195031278e+00
4.392809650301933821e+00
4.388432115316391879e+00
4.384072157740593667e+00
4.379735195636749623e+00
4.375426790118218001e+00
4.371140441298485335e+00
4.366885733604432218e+00
4.362665885686874745e+00
4.358476355671883518e+00
4.354302793741227084e+00
4.350146076083183821e+00
4.345980283617974393e+00
4.341834920644760842e+00
4.337729039788246865e+00
4.333650106191635487e+00
4.329594758152962797e+00
4.325558015704155324e+00
4.321588435769081471e+00
4.317651739716530379e+00
4.313725227117538807e+00
4.309802380204201810e+00
4.305898424983025663e+00
4.302023696899414773e+00
4.298181486129761808e+00
4.294335386157036361e+00
4.290604728460312600e+00
4.286919400095940524e+00
4.283254948258401029e+00
4.279618623852730508e+00
4.275980752706528776e+00
4.272360244393349049e+00
4.268743178248405989e+00
4.265164199471474404e+00
4.261633482575417631e+00
4.258152940869331715e+00
4.254685872793197987e+00
4.251189076900482533e+00
4.247701570391655856e+00
4.244217005372048490e+00
4.240719833970070241e+00
4.237199524044990895e+00
4.233658704161644692e+00
4.230110552906991117e+00
4.226547399163246510e+00
4.222964093089104587e+00
4.219379553198814747e+00
4.215711802244187290e+00
4.212012848258019027e+00
4.208312875032425460e+00
4.204614654183388645e+00
4.200930210947991128e+00
4.197261798381806130e+00
4.193608325719834440e+00
4.189971920847893827e+00
4.186335963010789030e+00
4.182702347636223728e+00
4.179067042469979398e+00
4.175423020124435780e+00
4.171771451830864841e+00
4.168117398023605702e+00
4.164462172985077260e+00
4.160819545388222629e+00
4.157188415527344638e+00
4.153555309772491988e+00
4.149914219975472385e+00
4.146276277303696745e+00
4.142653203010559615e+00
4.139042726159096297e+00
4.135503810644150846e+00
4.131984966993332620e+00
4.128480616211891885e+00
4.124991285800934548e+00
4.121510306000709889e+00
4.118037819862366611e+00
4.114584377408028182e+00
4.111137533187866566e+00
4.107700130343437728e+00
4.104278033971787032e+00
4.100869125127792891e+00
4.097488781809807357e+00
4.094112980365753884e+00
4.090752109885216647e+00
4.087393957376480813e+00
4.084036538004875538e+00
4.080681979656220371e+00
4.077336201071739552e+00
4.074001410603523610e+00
4.070677751302719471e+00
4.067369988560677108e+00
4.064083978533745700e+00
4.060811004042625960e+00
4.057507345080376027e+00
4.054205876588822477e+00
4.050905507802964323e+00
4.047614151239395497e+00
4.044325289130211942e+00
4.041049525141716892e+00
4.037789148092270963e+00
4.034541806578636702e+00
4.031290808320045826e+00
4.028046470880509489e+00
4.024800005555153604e+00
4.021546807885171049e+00
4.018287602066994424e+00
4.015052205324173507e+00
4.011827349662781650e+00
4.008605793118477756e+00
4.005396619439125949e+00
4.002194464206696445e+00
3.999005138874054843e+00
3.995807453989983493e+00
3.992609921097756143e+00
3.989415097236634011e+00
3.986239030957222873e+00
3.983081632852555121e+00
3.979933103919029769e+00
3.976829099655152078e+00
3.973724952340126571e+00
3.970626214146614874e+00
3.967530417442322488e+00
3.964446771144867654e+00
3.961376973986626471e+00
3.958325639367104465e+00
3.955306303501129772e+00
3.952308210730553384e+00
3.949326077103615606e+00
3.946436086297036017e+00
3.943574732542038497e+00
3.940718653798104043e+00
3.937861332297325934e+00
3.934995946288109447e+00
3.932127565145493442e+00
3.929269143939019049e+00
3.926420316100121433e+00
3.923585838079453048e+00
3.920757734775544012e+00
3.917931097745896096e+00
3.915068939328194553e+00
3.912191402912140514e+00
3.909305220842361983e+00
3.906431269645691540e+00
3.903556147217751349e+00
3.900643232464791055e+00
3.897687983512879040e+00
3.894731411337853277e+00
3.891743859648705062e+00
3.888698819279671426e+00
3.885605883598328258e+00
3.882429736852646585e+00
3.879189941287041421e+00
3.875937843322754706e+00
3.872693791985512668e+00
3.869428139925003673e+00
3.866116496920586343e+00
3.862770870327950412e+00
3.859396669268608804e+00
3.855891513824463601e+00
3.852354940772057201e+00
3.848777061700821456e+00
3.845173326134682323e+00
3.841546514630318487e+00
3.837909314036370034e+00
3.834257388114929999e+00
3.830602306127548928e+00
3.826922905445099499e+00
3.823229888081551398e+00
3.819511228799820746e+00
3.815770611166954929e+00
3.811995786428452160e+00
3.808180156350136514e+00
3.804327109456063116e+00
3.800496610999108071e+00
3.796671834588051464e+00
3.792842659354210610e+00
3.788995978236199047e+00
3.785122483968735629e+00
3.781230688095093662e+00
3.777316701412201549e+00
3.773389232158661510e+00
3.769435834884644176e+00
3.765465888381005044e+00
3.761473536491394931e+00
3.757444259524346020e+00
3.753374776244164046e+00
3.749275627732277627e+00
3.745145356655121383e+00
3.741006001830101901e+00
3.736834558844567056e+00
3.732644742727280196e+00
3.728437340259552535e+00
3.724207532405853893e+00
3.719922131299973067e+00
3.715619367361069347e+00
3.711304077506066168e+00
3.706974661350250777e+00
3.702632424235344555e+00
3.698277589678764965e+00
3.693905982375145669e+00
3.689502885937691268e+00
3.685069382190705234e+00
3.680611720681191024e+00
3.676128274202347335e+00
3.671608492732048923e+00
3.667037740349770480e+00
3.662431100010872687e+00
3.657791870832443948e+00
3.653117263317108954e+00
3.648410648107529575e+00
3.643685498833657110e+00
3.638902932405472690e+00
3.634097513556481029e+00
3.629263305664063299e+00
3.624395337700844433e+00
3.619495728611946905e+00
3.614575028419495517e+00
3.609639531373978194e+00
3.604690337181092108e+00
3.599768975377083624e+00
3.594807988405228194e+00
3.589839017391205367e+00
3.584833577275277072e+00
3.579805204272271002e+00
3.574793970584869918e+00
3.569808155298233920e+00
3.564799049496651495e+00
3.559794995188713784e+00
3.554829975962639388e+00
3.549895283579826977e+00
3.545007753372193093e+00
3.540148207545281256e+00
3.535266980528832370e+00
3.530360415577889377e+00
3.525460806488991405e+00
3.520569324493409091e+00
3.515675061941147650e+00
3.510779780149460461e+00
3.505989229679108199e+00
3.501134377717972423e+00
3.496304050087929660e+00
3.491483324766159857e+00
3.486658272147179272e+00
3.481828096508980508e+00
3.477008685469628269e+00
3.472190159559250588e+00
3.467374637722969943e+00
3.462543657422066268e+00
3.457623180747032787e+00
3.452664831280709112e+00
3.447718632221222546e+00
3.442782402038575107e+00
3.437850999832154031e+00
3.432900491356850381e+00
3.427923464775086249e+00
3.422927394509316379e+00
3.417919021844864513e+00
3.412902155518532599e+00
3.407873719930649692e+00
3.402844470739365246e+00
3.397812145948410745e+00
3.392793151736260171e+00
3.387778842449189032e+00
3.382769736647606607e+00
3.377781945466995950e+00
3.372824695706368114e+00
3.367875939607620772e+00
3.362936848402024115e+00
3.357985016703606274e+00
3.353019934892655041e+00
3.348037195205689098e+00
3.343047133088112410e+00
3.338052895665169384e+00
3.333027312159539068e+00
3.327971115708352023e+00
3.322893828153611118e+00
3.317811399698258334e+00
3.312717840075493747e+00
3.307626184821129467e+00
3.302526697516442233e+00
3.297436732053757424e+00
3.292360687255860174e+00
3.287286975979805792e+00
3.282231432199478771e+00
3.277179697155953253e+00
3.272125691175461704e+00
3.267074108123780185e+00
3.262059208750725414e+00
3.257055664062500799e+00
3.252049714326859409e+00
3.247026401758194680e+00
3.242037287354469832e+00
3.237076738476754034e+00
3.232146954536438521e+00
3.227217099070549544e+00
3.222272813320160800e+00
3.217344048619271035e+00
3.212408185005188876e+00
3.207450863718987133e+00
3.202477136254311407e+00
3.197548085451126454e+00
3.192564907670021324e+00
3.187547308206558405e+00
3.182554975152016130e+00
3.177567988634109941e+00
3.172553241252899614e+00
3.167538422346115379e+00
3.162526831030846086e+00
3.157501024007797419e+00
3.152444452047348467e+00
3.147380200028419672e+00
3.142320114374161033e+00
3.137243041396141408e+00
3.132140335440635859e+00
3.127034330368042347e+00
3.121939018368721452e+00
3.116840264201164779e+00
3.111754983663559404e+00
3.106615361571312128e+00
3.101524224877358016e+00
3.096417191624641685e+00
3.091281226277351912e+00
3.086140361428260981e+00
3.081000077724457054e+00
3.075855180621147600e+00
3.070691454410553245e+00
3.065519234538078841e+00
3.060355365276337114e+00
3.055276745557785389e+00
3.050233799219131736e+00
3.045173722505569724e+00
3.040111517906189498e+00
3.035054445266724077e+00
3.030021092295647200e+00
3.024985468387604293e+00
3.019960394501686629e+00
3.014934515953064498e+00
3.009922477602958946e+00
3.004909411072731462e+00
2.999888807535171953e+00
2.994867551326751975e+00
2.989850899577141341e+00
2.984821435809135615e+00
2.979782959818840560e+00
2.974741041660309282e+00
2.969646534323692855e+00
2.964555102586746482e+00
2.959471806883812395e+00
2.954407626390457509e+00
2.949364089965820668e+00
2.944334697723388850e+00
2.939309033751487998e+00
2.934298533201217918e+00
2.929349187016487388e+00
2.924396112561226335e+00
2.919449403882027116e+00
2.914501827955246149e+00
2.909555342793464838e+00
2.904602858424186973e+00
2.899649193882942733e+00
2.894679927825928090e+00
2.889702829718590049e+00
2.884729835391044883e+00
2.879741239547729759e+00
2.874738946557045427e+00
2.869750931859016863e+00
2.864778223633766441e+00
2.859786775708198725e+00
2.854805135726929066e+00
2.849843996763229637e+00
2.844896858930588301e+00
2.839957776665687827e+00
2.834991300106048939e+00
2.829969820380211054e+00
2.824965399503708063e+00
2.819981926679611561e+00
2.814972972869873580e+00
2.809958520531654624e+00
2.804953223466873702e+00
2.799960014224052607e+00
2.794973394274712142e+00
2.790041115880012690e+00
2.785070821642876115e+00
2.780066552758217124e+00
2.775049096345902022e+00
2.770043218135834096e+00
2.765028989315033492e+00
2.759998345375061390e+00
2.754968363046646385e+00
2.749964013695717302e+00
2.744863864779472529e+00
2.739759254455566673e+00
2.734671926498413619e+00
2.729595801234245833e+00
2.724507445096969960e+00
2.719405105710030135e+00
2.714305841922760365e+00
2.709207892417908159e+00
2.704168021678925005e+00
2.699159273505211232e+00
2.694147092103958308e+00
2.689155858755111872e+00
2.684164696931839345e+00
2.679170602560043690e+00
2.674170500040054854e+00
2.669181975722313194e+00
2.664192128181457786e+00
2.659191811084747670e+00
2.654181319475174217e+00
2.649182683229446944e+00
2.644197234511375783e+00
2.639215299487114308e+00
2.634236949682235984e+00
2.629251357913017451e+00
2.624273312091827570e+00
2.619289034605026600e+00
2.614316031336784807e+00
2.609278878569603499e+00
2.604223406314850386e+00
2.599164420366287587e+00
2.594105282425880787e+00
2.589041101932525901e+00
2.583979040384293047e+00
2.578914269804954973e+00
2.573852279782295582e+00
2.568800616264343528e+00
2.563740682601928889e+00
2.558658254146576105e+00
2.553552240133285967e+00
2.548446968197823015e+00
2.543350851535797652e+00
2.538264480233192621e+00
2.533176204562187728e+00
2.528095179796219227e+00
2.523043006658554521e+00
2.517983949184418258e+00
2.512911409139633623e+00
2.507829213142395375e+00
2.502730825543403981e+00
2.497617498040199724e+00
2.492530241608620134e+00
2.487467303872108904e+00
2.482330024242401567e+00
2.477204680442810503e+00
2.472095090150833396e+00
2.466978901624679921e+00
2.461855614185333607e+00
2.456717154383659896e+00
2.451588225364685236e+00
2.446450436115265248e+00
2.441275435686111717e+00
2.436110028624534962e+00
2.430899506807327803e+00
2.425706776976585655e+00
2.420501896739006398e+00
2.415311437845230280e+00
2.410137385129929033e+00
2.404957109689712880e+00
2.399752220511436995e+00
2.394526168704033342e+00
2.389227974414825706e+00
2.383848339319229570e+00
2.378559523820877430e+00
2.373252540826797929e+00
2.367926880717277971e+00
2.362635132670402704e+00
2.357337743043899980e+00
2.352014434337616144e+00
2.346682041883469072e+00
2.341362246870994923e+00
2.336146154999733326e+00
2.330922669172287520e+00
2.325696393847465959e+00
2.320480453968048362e+00
2.315284362435341414e+00
2.310110828280449446e+00
2.304916927218437550e+00
2.299731600284576682e+00
2.294541731476784197e+00
2.289320150017738698e+00
2.284090584516525801e+00
2.278895512223244157e+00
2.273702129721641985e+00
2.268489560484886702e+00
2.263208362460136680e+00
2.257934558391571311e+00
2.252680683135986683e+00
2.247434854507446733e+00
2.242203232645988642e+00
2.236951181292534230e+00
2.231698539853096186e+00
2.226446640491485773e+00
2.221204334497452137e+00
2.215968608856201616e+00
2.210723951458931413e+00
2.205473732948303400e+00
2.200231283903122392e+00
2.195056131482124862e+00
2.189907792210579185e+00
2.184776154160499750e+00
2.179643344879150568e+00
2.174504303932190297e+00
2.169376179575920549e+00
2.164272221922874717e+00
2.159175810217857538e+00
2.154118371009826838e+00
2.149072572588921037e+00
2.144036519527435569e+00
2.139011892676353721e+00
2.133989751338959184e+00
2.128969219326973139e+00
2.123952496051788597e+00
2.118937748670578269e+00
2.113931056857109247e+00
2.108930373191833851e+00
2.103916287422180620e+00
2.098916631937027155e+00
2.093927955627441939e+00
2.088955542445183333e+00
2.083999902009964433e+00
2.079029983282089766e+00
2.074034199118614641e+00
2.069124478101730613e+00
2.064200407266617354e+00
2.059197300672531483e+00
2.054203724861145552e+00
2.049210211634636458e+00
2.044225648045540300e+00
2.039223793148994712e+00
2.034214535355568287e+00
2.029234433174133656e+00
2.024230602383613853e+00
2.019166412949562339e+00
2.014093372225761680e+00
2.009017318487167802e+00
2.003927719593048273e+00
1.998832702636719194e+00
1.993768441677093772e+00
1.988696125149727267e+00
1.983631864190102068e+00
1.978605985641479936e+00
1.973661699891090748e+00
1.968687891960144487e+00
1.963726976513862965e+00
1.958787965774536399e+00
1.953841185569763494e+00
1.948914182186127109e+00
1.944026723504066911e+00
1.939158022403717485e+00
1.934267935156822604e+00
1.929380708932876942e+00
1.924514055252075639e+00
1.919652685523033586e+00
1.914783546328544972e+00
1.909893530607223777e+00
1.904974359273910789e+00
1.900071969628334356e+00
1.895137420296669317e+00
1.890214449167251898e+00
1.885306122899055747e+00
1.880416107177734775e+00
1.875489398837089983e+00
1.870573088526726213e+00
1.865671861171722679e+00
1.860831063985824985e+00
1.855968666076660556e+00
1.851039168238640231e+00
1.846123814582825151e+00
1.841201281547546698e+00
1.836275306344032687e+00
1.831347569823265520e+00
1.826405769586563421e+00
1.821443459391594244e+00
1.816478011012077731e+00
1.811525884270668296e+00
1.806574937701225680e+00
1.801597982645035234e+00
1.796621689200401661e+00
1.791648033261299400e+00
1.786677667498588917e+00
1.781710305809975026e+00
1.776737534999847767e+00
1.771748054027557640e+00
1.766738286614418341e+00
1.761733141541481418e+00
1.756685653328895924e+00
1.751613408327103105e+00
1.746527537703514543e+00
1.741443723440170732e+00
1.736387965083122653e+00
1.731348755955696372e+00
1.726257547736168352e+00
1.721145972609520403e+00
1.716042381525040073e+00
1.710830241441727129e+00
1.705658245086670188e+00
1.700460982322693271e+00
1.695231416821480153e+00
1.690019276738167209e+00
1.684837168455124212e+00
1.679657116532326189e+00
1.674458315968513800e+00
1.669111779332161261e+00
1.663768613338470814e+00
1.658510124683380438e+00
1.653258877992630271e+00
1.648019576072693226e+00
1.642768034338951466e+00
1.637520086765289706e+00
1.632295063138008429e+00
1.627105408906937001e+00
1.621945858001709428e+00
1.616912290453911272e+00
1.611908084154129339e+00
1.606922778487205772e+00
1.601956087350845603e+00
1.596994662284851207e+00
1.592023643851280479e+00
1.587101557850837841e+00
1.582187375426292508e+00
1.577297359704971536e+00
1.572409391403198464e+00
1.567538276314735635e+00
1.562703558802604809e+00
1.557900553941726773e+00
1.553117692470550759e+00
1.548347061872482389e+00
1.543581563234329490e+00
1.538822573423385798e+00
1.534082555770874157e+00
1.529365971684456094e+00
1.524669316411018549e+00
1.520007154345512479e+00
1.515359055995941340e+00
1.510736232995987027e+00
1.506154349446296781e+00
1.501595094799995644e+00
1.497073051333427607e+00
1.492528012394905179e+00
1.487993156909942716e+00
1.483469432592392057e+00
1.478977197408676281e+00
1.474506571888923867e+00
1.470040121674537792e+00
1.465571543574333280e+00
1.461123761534691035e+00
1.456749740242958335e+00
1.452372562885284601e+00
1.447961115837097301e+00
1.443558090925216808e+00
1.439151328802108942e+00
1.434761044383049189e+00
1.430387684702873363e+00
1.426025527715683250e+00
1.421674287319183438e+00
1.417333364486694558e+00
1.413010242581367759e+00
1.408692324161529674e+00
1.404368326067924722e+00
1.400049674510956077e+00
1.395736807584762706e+00
1.391438290476799233e+00
1.387161096930503934e+00
1.382903966307640342e+00
1.378648373484611778e+00
1.374444779753685175e+00
1.370278030633926614e+00
1.366143727302551403e+00
1.362024730443954557e+00
1.357884642481804072e+00
1.353690427541732966e+00
1.349539566040039329e+00
1.345413979887962519e+00
1.341287517547607555e+00
1.337288495898246943e+00
1.333280900120735302e+00
1.329302674531936734e+00
1.325368401408195673e+00
1.321431195735931485e+00
1.317490404844284146e+00
1.313568434119224637e+00
1.309692677855491816e+00
1.305932793021202354e+00
1.302178183197975292e+00
1.298418879508972390e+00
1.294655328989029019e+00
1.290887379646301403e+00
1.287135621905326932e+00
1.283387011289596646e+00
1.279633501172065868e+00
1.275854796171188577e+00
1.272053748369217141e+00
1.268191179633140653e+00
1.264336004853248818e+00
1.260480025410652294e+00
1.256613862514496027e+00
1.252745062112808450e+00
1.248878970742225869e+00
1.245019540190696938e+00
1.241174325346946938e+00
1.237346473336220054e+00
1.233536127209663658e+00
1.229744091629982217e+00
1.225931036472320823e+00
1.222093805670738442e+00
1.218231889605522422e+00
1.214376866817474587e+00
1.210534870624542458e+00
1.206698158383369579e+00
1.202865979075431913e+00
1.199038422107696622e+00
1.195190712809562905e+00
1.191319793462753518e+00
1.187448507547378629e+00
1.183562710881233437e+00
1.179665863513946755e+00
1.175767692923546104e+00
1.171875306963920726e+00
1.167995375394821345e+00
1.164103427529335155e+00
1.160208922624588190e+00
1.156293907761573925e+00
1.152369514107704385e+00
1.148458012938499584e+00
1.144563794136047585e+00
1.140673974156379833e+00
1.136781150102615490e+00
1.132880350947380155e+00
1.128946292400360374e+00
1.125020512938499584e+00
1.121101769804954795e+00
1.117181774973869501e+00
1.113258266448974743e+00
1.109334382414818077e+00
1.105417025089264094e+00
1.101510512828827171e+00
1.097616302967071800e+00
1.093722969293594582e+00
1.089784520864486961e+00
1.085844606161117776e+00
1.081916627287864863e+00
1.077999565005302696e+00
1.074080079793930276e+00
1.070162427425384699e+00
1.066237667202949657e+00
1.062307202816009655e+00
1.058368611335754661e+00
1.054422768950462608e+00
1.050481754541397361e+00
1.046544468402862638e+00
1.042653110623359858e+00
1.038770988583564980e+00
1.034886005520820884e+00
1.030987691879272639e+00
1.027081903815269648e+00
1.023181980848312467e+00
1.019279929995537071e+00
1.015379998087883262e+00
1.011459422111511408e+00
1.007492184638977273e+00
1.003448262810707314e+00
9.993750423192979682e-01
9.953183084726335839e-01
9.911909610033037277e-01
9.870428889989855126e-01
9.828757017850877631e-01
9.786389380693437667e-01
9.743728756904603827e-01
9.701130360364915717e-01
9.658261686563494042e-01
9.615189343690874191e-01
9.572246730327608200e-01
9.530039399862291205e-01
9.487579494714738493e-01
9.444759190082552269e-01
9.402044296264649992e-01
9.357554763555528954e-01
9.313326030969621971e-01
9.269259124994280175e-01
9.225343137979509223e-01
9.181452006101610275e-01
9.137590914964677236e-01
9.093803048133851652e-01
9.050324261188509301e-01
9.007003724575044501e-01
8.963813543319704147e-01
8.920684874057771552e-01
8.877650707960130783e-01
8.834601879119874379e-01
8.791535526514054899e-01
8.748579680919649215e-01
8.705756425857545944e-01
8.663075238466264594e-01
8.620492935180665839e-01
8.578116536140443227e-01
8.535907059907914540e-01
8.493827223777772328e-01
8.451791375875474799e-01
8.409891694784166205e-01
8.368291616439821334e-01
8.326810896396639183e-01
8.285555839538576439e-01
8.244375437498094872e-01
8.203265309333802602e-01
8.162325143814088690e-01
8.121510952711107345e-01
8.080750942230225942e-01
8.040206223726273915e-01
8.000644445419313744e-01
7.961292147636414018e-01
7.921966224908829624e-01
7.882778704166413242e-01
7.843765527009964877e-01
7.804848372936249445e-01
7.765886425971986196e-01
7.726900339126587802e-01
7.687964767217636552e-01
7.649158835411072888e-01
7.611113131046296498e-01
7.573293089866639516e-01
7.535508185625077182e-01
7.497425913810731313e-01
7.459411054849625078e-01
7.421291500329971758e-01
7.383316159248353161e-01
7.345477789640428856e-01
7.307757258415223944e-01
7.270263820886613271e-01
7.232700824737550160e-01
7.195112973451616156e-01
7.157461374998094206e-01
7.119825065135957365e-01
7.082296490669252043e-01
7.044994920492173573e-01
7.007626831531525990e-01
6.970401436090470915e-01
6.933361381292344472e-01
6.896366745233537543e-01
6.859665811061861351e-01
6.823438733816148405e-01
6.787955790758134489e-01
6.752700656652452782e-01
6.717689424753190419e-01
6.683534353971483100e-01
6.649785816669465666e-01
6.616413056850435348e-01
6.583849608898164618e-01
6.551565200090410102e-01
6.519229561090471581e-01
6.487216144800187489e-01
6.455580651760103317e-01
6.424003720283509855e-01
6.392410695552828148e-01
6.361090093851091698e-01
6.330258816480638373e-01
6.299447298049928312e-01
6.270529150962831366e-01
6.241387575864794091e-01
6.212119311094286278e-01
6.182657569646836659e-01
6.153151214122773993e-01
6.123563587665559194e-01
6.093944400548936269e-01
6.064139246940614125e-01
6.034190505743028954e-01
6.004137784242631337e-01
5.973988324403765038e-01
5.943704128265382414e-01
5.913475632667543058e-01
5.883263945579531029e-01
5.852976083755494496e-01
5.822694122791292060e-01
5.792382836341859464e-01
5.761963903903962736e-01
5.731379389762880638e-01
5.700714319944383268e-01
5.669987738132478139e-01
5.639239162206651779e-01
5.608634889125825307e-01
5.577958106994630461e-01
5.547229290008546254e-01
5.516342312097550771e-01
5.485356450080873802e-01
5.454304695129396086e-01
5.423260986804964157e-01
5.392198234796525824e-01
5.361150145530702016e-01
5.330107152462006948e-01
5.299062728881838158e-01
5.267874717712404120e-01
5.236724078655244918e-01
5.205421090126038930e-01
5.174088060855867033e-01
5.142490565776827172e-01
5.110919535160066696e-01
5.079357981681825729e-01
5.047756195068361373e-01
5.016108989715577504e-01
4.984203219413759212e-01
4.952110677957536344e-01
4.919964671134950396e-01
4.888098418712617521e-01
4.856215357780458430e-01
4.824486792087556708e-01
4.792830109596254440e-01
4.761167526245119186e-01
4.729507893323899870e-01
4.697676062583925338e-01
4.665936589241029830e-01
4.634289383888246516e-01
4.602644324302674894e-01
4.570992022752763395e-01
4.539278119802476752e-01
4.507364302873613227e-01
4.475446015596391547e-01
4.443277299404145841e-01
4.410852968692781095e-01
4.378381073474885699e-01
4.345866620540620451e-01
4.313299506902696367e-01
4.280707448720934005e-01
4.248086869716646286e-01
4.215408354997636775e-01
4.182694077491762030e-01
4.149994373321534979e-01
4.117240488529206877e-01
4.084471136331560004e-01
4.051823377609254928e-01
4.019124388694764738e-01
3.986432731151582365e-01
3.953698605298997526e-01
3.920237243175508368e-01
3.886701136827470648e-01
3.853098332881929045e-01
3.819331467151643733e-01
3.785434961318971392e-01
3.751552402973176714e-01
3.717721790075304011e-01
3.683904409408571001e-01
3.650259941816332288e-01
3.616638809442522251e-01
3.582992821931841321e-01
3.549298554658891769e-01
3.515120774507524692e-01
3.480959177017214357e-01
3.446695029735567517e-01
3.412448495626451694e-01
3.378171920776369408e-01
3.343833744525911422e-01
3.309454619884493187e-01
3.275022029876711316e-01
3.240521311759950729e-01
3.205939322710039674e-01
3.171371906995775758e-01
3.136924654245378807e-01
3.102441549301149792e-01
3.067961394786836715e-01
3.033319324254991622e-01
2.998527139425279930e-01
2.963663876056673585e-01
2.928766191005708897e-01
2.893798857927324386e-01
2.858825713396074830e-01
2.823870182037355736e-01
2.788842141628267712e-01
2.753823578357699198e-01
2.718816012144091299e-01
2.683741837739946900e-01
2.648203998804095072e-01
2.612667590379717519e-01
2.577104091644289996e-01
2.541655659675600698e-01
2.506218850612643156e-01
2.471026748418810592e-01
2.435761332511904576e-01
2.400414645671847258e-01
2.365060627460482401e-01
2.329733699560168070e-01
2.294570118188860586e-01
2.259457051754000523e-01
2.224258333444598112e-01
2.188283294439318794e-01
2.152171909809115768e-01
2.116005629301074276e-01
2.079771220684054622e-01
2.043388843536380062e-01
2.006887108087542781e-01
1.970239728689196779e-01
1.933441340923312546e-01
1.896614432334902955e-01
1.859878361225131282e-01
1.823397189378742067e-01
1.787173151969913276e-01
1.750273734331134479e-01
1.713415354490283593e-01
1.676745265722278388e-01
1.640360027551654443e-01
1.603919088840488061e-01
1.567220389842990946e-01
1.530356913805011876e-01
1.493459016084675017e-01
1.456630676984790873e-01
1.419704884290699243e-01
1.382646501064304645e-01
1.345418244600300461e-01
1.308234602212910436e-01
1.271266341209416062e-01
1.234378635883336128e-01
1.197584629058842803e-01
1.160603940486912844e-01
1.123580783605580835e-01
1.087339043617253920e-01
1.051219701766973602e-01
1.015307605266576874e-01
9.794928729534216338e-02
9.437273144722073404e-02
9.076650142669766275e-02
8.715932369232266830e-02
8.354145288467496044e-02
7.990380525589077521e-02
7.625034153461544839e-02
7.259159386158078875e-02
6.893079876899807501e-02
6.533578038215726025e-02
6.176719963550656584e-02
5.821371078491299755e-02
5.464776754379361418e-02
5.107135474681943205e-02
4.748329222202389566e-02
4.391302168369382031e-02
4.036238491535275308e-02
3.677666485309689925e-02
3.314794898033231185e-02
2.951418161392300663e-02
2.587792873382657038e-02
2.224782705307095515e-02
1.860710382461636808e-02
1.496367156505673535e-02
1.131489276886075111e-02
7.680106163025790696e-03
4.062744975090915207e-03
4.594475030907929636e-04
-3.142750263213223063e-03
-6.809258460997646631e-03
-1.046060323715121074e-02
-1.410608291625887675e-02
-1.778635084628970089e-02
-2.148969471454531543e-02
-2.516469657421023173e-02
-2.884379327297121806e-02
-3.250934481620700034e-02
-3.617358207702547901e-02
-3.983891010284335010e-02
-4.351339340209871981e-02
-4.726778864860445989e-02
-5.101786553859621876e-02
-5.477402210235506747e-02
-5.853801071643740389e-02
-6.231913864612490667e-02
-6.612062454223543995e-02
-6.993229389190584733e-02
-7.367526292800814780e-02
-7.740643918514163169e-02
-8.113453984260469987e-02
-8.487128615379244123e-02
-8.859806358814151239e-02
-9.232220351695925864e-02
-9.603302180766970508e-02
-9.974105060100466047e-02
-1.034553110599508996e-01
-1.071725755929937990e-01
-1.109048515558234416e-01
-1.146607846021643756e-01
-1.183357059955588431e-01
-1.219967871904364676e-01
-1.256603628396980032e-01
-1.293453246355048825e-01
-1.330169558525077511e-01
-1.366608262062065093e-01
-1.402816295623771636e-01
-1.438857316970817701e-01
-1.474812686443321419e-01
-1.510573863983147302e-01
-1.546250909566872223e-01
-1.581927955150597143e-01
-1.617736786603920507e-01
-1.653812944889061498e-01
-1.689968943595879514e-01
-1.726116091012948051e-01
-1.762064844369881644e-01
-1.797893434762947995e-01
-1.833846569061273191e-01
-1.870443522930139157e-01
-1.907251387834542622e-01
-1.944152951240533389e-01
-1.980951339006417622e-01
-2.017436891794198994e-01
-2.053935676813119782e-01
-2.090524584054941071e-01
-2.127166241407388581e-01
-2.163765341043466517e-01
-2.200304359197611248e-01
-2.236821472644800468e-01
-2.273622721433634086e-01
-2.310568988323206396e-01
-2.347607612609858008e-01
-2.384635955095285864e-01
-2.421575695276255435e-01
-2.458354949951166990e-01
-2.495252132415766710e-01
-2.532263576984400411e-01
-2.568949133157725218e-01
-2.605146169662470590e-01
-2.641301453113550912e-01
-2.677554905414576969e-01
-2.713846445083613612e-01
-2.750060379505153141e-01
-2.786062598228450371e-01
-2.822102189064021327e-01
-2.858367353677745415e-01
-2.894844859838481277e-01
-2.931458622217174570e-01
-2.968140512704845468e-01
-3.004286229610438896e-01
-3.040634810924526255e-01
-3.077021569013591584e-01
-3.113092631101604391e-01
-3.148949116468425791e-01
-3.185216426849361016e-01
-3.221443504095073407e-01
-3.257776796817776210e-01
-3.294074147939678454e-01
-3.330437481403347166e-01
-3.366863757371899024e-01
-3.402654260396953956e-01
-3.438557505607601206e-01
-3.474514305591579477e-01
-3.510416120290752451e-01
-3.546269565820690528e-01
-3.582274019718166835e-01
-3.618754476308819190e-01
-3.655229836702343360e-01
-3.691763043403622491e-01
-3.728243499994274845e-01
-3.764589935541149956e-01
-3.800948083400723099e-01
-3.837326794862744306e-01
-3.873868048191067559e-01
-3.910494238138195744e-01
-3.947138041257854946e-01
-3.983794987201687565e-01
-4.020535528659817115e-01
-4.057224035263057860e-01
-4.093988716602321998e-01
-4.130824387073513404e-01
-4.167621254920955698e-01
-4.204388797283168944e-01
-4.241127818822857942e-01
-4.277837514877316782e-01
-4.314553111791608053e-01
-4.351204961538311933e-01
-4.387831151485440673e-01
-4.424343883991238568e-01
-4.460642665624615644e-01
-4.496674120426175092e-01
-4.532447099685666392e-01
-4.568022310733792501e-01
-4.603727161884305086e-01
-4.639432728290555086e-01
-4.675040125846859906e-01
-4.710519403219220469e-01
-4.745818436145780028e-01
-4.780516207218167279e-01
-4.815070390701291503e-01
-4.849434137344357798e-01
-4.883829355239865389e-01
-4.918302267789838034e-01
-4.952805936336514558e-01
-4.987179964780804609e-01
-5.021399408578870460e-01
-5.055475354194638449e-01
-5.089450985193250121e-01
-5.123263984918591252e-01
-5.156776666641232909e-01
-5.190484166145321598e-01
-5.223958045244214698e-01
-5.257175594568249677e-01
-5.290285408496854247e-01
-5.323343992233273703e-01
-5.356563687324521483e-01
-5.389819324016568158e-01
-5.422917425632474142e-01
-5.455778241157529518e-01
-5.488366544246671141e-01
-5.520881623029706420e-01
-5.553461968898770751e-01
-5.586156487464901677e-01
-5.619042158126827946e-01
-5.651605606079098676e-01
-5.683881253004071654e-01
-5.715947419404980856e-01
-5.747984975576397870e-01
-5.779900938272474198e-01
-5.811817705631254771e-01
-5.843719094991681740e-01
-5.875712752342222567e-01
-5.907627284526822953e-01
-5.939399749040601417e-01
-5.970561385154722345e-01
-6.001582384109495072e-01
-6.032482504844663973e-01
-6.063607484102246925e-01
-6.094713419675825694e-01
-6.125668525695798783e-01
-6.156236141920088389e-01
-6.186455875635145096e-01
-6.216359198093412974e-01
-6.246231764554975863e-01
-6.276054531335828468e-01
-6.305590122938153907e-01
-6.334486365318297008e-01
-6.363071382045744073e-01
-6.391391217708586314e-01
-6.419739574193952247e-01
-6.448336929082868485e-01
-6.477019309997557039e-01
-6.505639374256132479e-01
-6.533928453922269730e-01
-6.561827182769773836e-01
-6.589449018239973421e-01
-6.617135316133497813e-01
-6.645065426826475274e-01
-6.673027813434598832e-01
-6.700919121503827736e-01
-6.728675782680509920e-01
-6.756435304880140658e-01
-6.784186065196988746e-01
-6.812185779213904002e-01
-6.840436056256292696e-01
-6.868790313601491615e-01
-6.897370904684064774e-01
-6.926200494170187127e-01
-6.955292269587515230e-01
-6.984660178422925636e-01
-7.014227330684660311e-01
-7.044001728296278575e-01
-7.074011936783788368e-01
-7.103937208652494339e-01
-7.133876428008077974e-01
-7.164000228047369134e-01
-7.194337889552114840e-01
-7.224778860807417047e-01
-7.255311295390127757e-01
-7.286051020026205194e-01
-7.316997319459913607e-01
-7.348041787743566644e-01
-7.379281073808667823e-01
-7.410470515489576693e-01
-7.441531747579572809e-01
-7.472483143210408851e-01
-7.503715813159941295e-01
-7.535152778029440279e-01
-7.566869542002676585e-01
-7.598631769418714432e-01
-7.629999980330465226e-01
-7.661581248044966319e-01
-7.693350762128827736e-01
-7.725282192230222833e-01
-7.757304459810254738e-01
-7.789260074496267006e-01
-7.821433171629903480e-01
-7.853725671768186922e-01
-7.886237129569051429e-01
-7.918838709592816993e-01
-7.951545789837834999e-01
-7.984249114990232821e-01
-8.016758427023885636e-01
-8.049089014530179664e-01
-8.081585854291913895e-01
-8.114277511835096268e-01
-8.147147133946417430e-01
-8.179879069328306329e-01
-8.212586149573324334e-01
-8.245230913162229225e-01
-8.277924045920370677e-01
-8.310631752014158158e-01
-8.343488946557042762e-01
-8.376549720764158158e-01
-8.409808263182638743e-01
-8.443180307745932200e-01
-8.476666659116742775e-01
-8.509991139173506136e-01
-8.543330952525136635e-01
-8.576700091361997291e-01
-8.610331460833547945e-01
-8.644498243927953851e-01
-8.678935930132863907e-01
-8.713401511311529291e-01
-8.747848048806188270e-01
-8.782325342297552240e-01
-8.816933706402776405e-01
-8.851854056119916603e-01
-8.886994883418081193e-01
-8.922187745571135142e-01
-8.957209259271620150e-01
-8.992167025804518321e-01
-9.027220055460928316e-01
-9.062675863504408014e-01
-9.098346248269079117e-01
-9.134190931916235101e-01
-9.169925779104231012e-01
-9.205334022641180614e-01
-9.240680709481237098e-01
-9.276074290275572176e-01
-9.311698541045186905e-01
-9.347508892416952486e-01
-9.383354336023328468e-01
-9.419068709015844254e-01
-9.454520136117933182e-01
-9.489803835749623939e-01
-9.524963036179541209e-01
-9.559996977448461664e-01
-9.594980403780934974e-01
-9.629951357841489701e-01
-9.665010198950765297e-01
-9.699998721480367347e-01
-9.734946250915526011e-01
-9.770037278532980318e-01
-9.805203810334204295e-01
-9.840408429503438859e-01
-9.875675991177557123e-01
-9.910971358418463328e-01
-9.946343705058096063e-01
-9.981570988893506691e-01
-1.001668915152549522e+00
-1.005178679525851937e+00
-1.008661492168903218e+00
-1.012146866321563587e+00
-1.015657877922057972e+00
-1.019180463254451663e+00
-1.022682391107082145e+00
-1.026178315281867759e+00
-1.029656733572482885e+00
-1.033143207430839317e+00
-1.036649458110332267e+00
-1.040201851725578219e+00
-1.043752264976501198e+00
-1.047301068902015464e+00
-1.050860489904880346e+00
-1.054432217776775094e+00
-1.057988929748534979e+00
-1.061546812951564611e+00
-1.065106457471847401e+00
-1.068687564134597645e+00
-1.072260758280753956e+00
-1.075843402743339450e+00
-1.079564104974269689e+00
-1.083301289379596577e+00
-1.087047924101352425e+00
-1.090788108110427590e+00
-1.094519360363483296e+00
-1.098258958756923587e+00
-1.102008812129497306e+00
-1.105763497948646368e+00
-1.109514594078063743e+00
-1.113263571262359530e+00
-1.117021484673023091e+00
-1.120782540738582522e+00
-1.124546529352664859e+00
-1.128321653604507313e+00
-1.132114350795745628e+00
-1.135929828882217274e+00
-1.139751534163951696e+00
-1.143572434782981651e+00
-1.147389888763427512e+00
-1.151175630092620583e+00
-1.154962471127509938e+00
-1.158757077157497317e+00
-1.162553511559963004e+00
-1.166347679495811196e+00
-1.170132763683795707e+00
-1.173906497657298820e+00
-1.177679865062236653e+00
-1.181451252102851734e+00
-1.185226738452911155e+00
-1.189005962014198170e+00
-1.192792069911956521e+00
-1.196563895046710790e+00
-1.200356672704219640e+00
-1.204156991839408608e+00
-1.207960972189903170e+00
-1.211781501770019309e+00
-1.215618370473384724e+00
-1.219458752870559604e+00
-1.223300744593143197e+00
-1.227137751877307670e+00
-1.230963337421417059e+00
-1.234775149822235019e+00
-1.238587552309036166e+00
-1.242404711246490212e+00
-1.246222822368144856e+00
-1.250051411986350836e+00
-1.253886371850967185e+00
-1.257716499269008414e+00
-1.261526411771774159e+00
-1.265329292416572438e+00
-1.269112105667590917e+00
-1.272867234051227481e+00
-1.276604561507701741e+00
-1.280343279242515342e+00
-1.284080830216407509e+00
-1.287819185853004367e+00
-1.291532927751541049e+00
-1.295241913199424610e+00
-1.298947384953498707e+00
-1.302657908201217518e+00
-1.306393183767795341e+00
-1.310145598649978371e+00
-1.313883516192436041e+00
-1.317607589066028373e+00
-1.321314670145511405e+00
-1.325010839104652227e+00
-1.328732860088348122e+00
-1.332471729815006167e+00
-1.336196388304233373e+00
-1.339855203032493502e+00
-1.343536503612994926e+00
-1.347221098840236442e+00
-1.350910897552966894e+00
-1.354569269716739521e+00
-1.358211825788020910e+00
-1.361890707910060616e+00
-1.365593318641185494e+00
-1.369311092793941365e+00
-1.373022054135799142e+00
-1.376708111166953907e+00
-1.380256620049476357e+00
-1.383789969980716572e+00
-1.387319287657737599e+00
-1.390849928557872595e+00
-1.394372947514056937e+00
-1.397893409430980505e+00
-1.401418261229991691e+00
-1.404971168935298831e+00
-1.408525685966014684e+00
-1.412089358270168127e+00
-1.415640871226787390e+00
-1.419189603626727969e+00
-1.422732475399970831e+00
-1.426269267499446602e+00
-1.429794266819953696e+00
-1.433302859961986364e+00
-1.436799369752406852e+00
-1.440302982926368491e+00
-1.443810623884200783e+00
-1.447375319898128287e+00
-1.450931522250175298e+00
-1.454481935501098500e+00
-1.458040408790111320e+00
-1.461606204509734885e+00
-1.465194414556026281e+00
-1.468797197937965260e+00
-1.472403199970722110e+00
-1.476009134948253365e+00
-1.479603129625320257e+00
-1.483181965351104470e+00
-1.486755816638469563e+00
-1.490320074558257879e+00
-1.493856790661811651e+00
-1.497386036813258992e+00
-1.500922462344169483e+00
-1.504457645118236320e+00
-1.507978250086307259e+00
-1.511491237580776081e+00
-1.514997193217277438e+00
-1.518506300449371071e+00
-1.522032694518566043e+00
-1.525574247539043249e+00
-1.529122170805930825e+00
-1.532678449153900058e+00
-1.536234946548938662e+00
-1.539786164462566109e+00
-1.543334016203880221e+00
-1.546885310113429890e+00
-1.550452205538749517e+00
-1.554031698405742512e+00
-1.557626935839652838e+00
-1.561239093542098777e+00
-1.564864067733287678e+00
-1.568473516404628620e+00
-1.572095781564712302e+00
-1.575723759829997794e+00
-1.579417729377746493e+00
-1.583120416104793371e+00
-1.586827202141284809e+00
-1.590517438948154227e+00
-1.594190831482410253e+00
-1.597844594717025668e+00
-1.601501357555389138e+00
-1.605176502466201471e+00
-1.608863002061843517e+00
-1.612545616924762282e+00
-1.616200327873229536e+00
-1.619844564795493769e+00
-1.623528426885604503e+00
-1.627232575416564631e+00
-1.630911310017108651e+00
-1.634586749970912578e+00
-1.638249954581260326e+00
-1.641924661397933694e+00
-1.645605447888373929e+00
-1.649250860512256223e+00
-1.652881257236003432e+00
-1.656496414542197870e+00
-1.660123659670352581e+00
-1.663770315051078530e+00
-1.667426934838294628e+00
-1.671093438565730782e+00
-1.674773272871970864e+00
-1.678450103104114133e+00
-1.682140925526618647e+00
-1.685827644169330286e+00
-1.689500741660594496e+00
-1.693131357431411299e+00
-1.696750403940677332e+00
-1.700358457863330397e+00
-1.703964535892009469e+00
-1.707573908567428189e+00
-1.711187237501144098e+00
-1.714833450317382546e+00
-1.718482376635074305e+00
-1.722131888568400937e+00
-1.725789161026477503e+00
-1.729460130631923276e+00
-1.733140993118285733e+00
-1.736784867942332777e+00
-1.740438555181026192e+00
-1.744101616740226346e+00
-1.747758089005946758e+00
-1.751429425179958033e+00
-1.755106326937675210e+00
-1.758776858448981795e+00
-1.762453103065490412e+00
-1.766135132312774303e+00
-1.769833058118819746e+00
-1.773553465306758614e+00
-1.777283689379691722e+00
-1.781033033132552790e+00
-1.784807205200194868e+00
-1.788656671345233651e+00
-1.792508037388324427e+00
-1.796363288164138483e+00
-1.800231279432773279e+00
-1.804100956022739011e+00
-1.807967118918895277e+00
-1.811821345984935494e+00
-1.815661504864692244e+00
-1.819503425061702373e+00
-1.823361456394195113e+00
-1.827234865725040125e+00
-1.831130175292491558e+00
-1.835026150941848400e+00
-1.838919413089751931e+00
-1.842811723053455086e+00
-1.846705937385558771e+00
-1.850603446364402327e+00
-1.854518242180346999e+00
-1.858441022038459511e+00
-1.862366586923598799e+00
-1.866305406391620236e+00
-1.870233675837516429e+00
-1.874174766242503676e+00
-1.878085020184516507e+00
-1.882008162140845986e+00
-1.885938702523707988e+00
-1.889879716932773235e+00
-1.893843069672584090e+00
-1.897824218869208934e+00
-1.901831738650798354e+00
-1.905853979289531264e+00
-1.909891821444034132e+00
-1.913999097049235987e+00
-1.918123216927051233e+00
-1.922263818979262906e+00
-1.926402588188647957e+00
-1.930542676150798442e+00
-1.934684744477271678e+00
-1.938832668960094097e+00
-1.942986015975475045e+00
-1.947169609367846999e+00
-1.951408205926417949e+00
-1.955659180879592451e+00
-1.959913159906863767e+00
-1.964164577424525771e+00
-1.968411891162395122e+00
-1.972660380601882535e+00
-1.976916849613189253e+00
-1.981173832714557381e+00
-1.985419465601443889e+00
-1.989663413166999462e+00
-1.993896296620368602e+00
-1.998132845759391429e+00
-2.002392975986003520e+00
-2.006673321127891096e+00
-2.010971976816653850e+00
-2.015286381542682470e+00
-2.019590973854064497e+00
-2.023880331218242290e+00
-2.028178039193153204e+00
-2.032467691600322368e+00
-2.036768327653407873e+00
-2.041038493812084020e+00
-2.045297676324843827e+00
-2.049558687210082830e+00
-2.053827825188636602e+00
-2.058069720864295515e+00
-2.062309345602988842e+00
-2.066573284566401991e+00
-2.070870916545390905e+00
-2.075132003426551464e+00
-2.079368624091148199e+00
-2.083625312149524511e+00
-2.087891893088817064e+00
-2.092173266410827459e+00
-2.096445041894912542e+00
-2.100682543218135301e+00
-2.104944506287574235e+00
-2.109203246235847207e+00
-2.113450045883655370e+00
-2.117633491754531416e+00
-2.121824041008948836e+00
-2.126032610237598153e+00
-2.130248358845710399e+00
-2.134472896158694954e+00
-2.138776022195815862e+00
-2.143092036247252974e+00
-2.147410616278647932e+00
-2.151724363863467993e+00
-2.156022219359874370e+00
-2.160322855412959875e+00
-2.164622320234775188e+00
-2.168927931785582963e+00
-2.173241969943046303e+00
-2.177563554048537853e+00
-2.181939189136028023e+00
-2.186348736286162886e+00
-2.190751837193965379e+00
-2.195147906243800850e+00
-2.199552102386951091e+00
-2.203937697410583318e+00
-2.208319778740405859e+00
-2.212701417505740675e+00
-2.217077495157718126e+00
-2.221448735892772142e+00
-2.225810164213180009e+00
-2.230153644084929887e+00
-2.234497566521167489e+00
-2.238858114182948889e+00
-2.243205107748508009e+00
-2.247549320757388891e+00
-2.251905179023742321e+00
-2.256214894354342970e+00
-2.260516630113124315e+00
-2.264804226160049172e+00
-2.269083328545093092e+00
-2.273372538387774977e+00
-2.277680054306983504e+00
-2.281977172195911230e+00
-2.286277365684509011e+00
-2.290561009943484994e+00
-2.294815355539321367e+00
-2.299065011739730657e+00
-2.303310863673686537e+00
-2.307552683353423895e+00
-2.311800511181353990e+00
-2.316038960218429033e+00
-2.320269063115119490e+00
-2.324511763453483315e+00
-2.328765009343623849e+00
-2.333033999800681713e+00
-2.337312954664230169e+00
-2.341598936915397111e+00
-2.345868226885795327e+00
-2.350136417150497259e+00
-2.354397208988666002e+00
-2.358640713989734294e+00
-2.362888537347316298e+00
-2.367145082354545238e+00
-2.371410192549228135e+00
-2.375650693476199837e+00
-2.379880063235759291e+00
-2.384145249426364632e+00
-2.388425008952617112e+00
-2.392687629163265051e+00
-2.396932162344455275e+00
-2.401186579465865556e+00
-2.405440630018710557e+00
-2.409671685099601390e+00
-2.413884791731834234e+00
-2.418111743032931749e+00
-2.422337085008620772e+00
-2.426538403332233251e+00
-2.430718111991882147e+00
-2.434875410795211526e+00
-2.439033442735671464e+00
-2.443221944570541204e+00
-2.447376972436904552e+00
-2.451528410613536657e+00
-2.455686004459857408e+00
-2.459853629767894567e+00
-2.464046601951122017e+00
-2.468220230937003823e+00
-2.472398987412452342e+00
-2.476568374037742437e+00
-2.480662100017070326e+00
-2.484746961295604351e+00
-2.488840320706366960e+00
-2.492953161895274938e+00
-2.497077938914298745e+00
-2.501191513240336839e+00
-2.505306477844714941e+00
-2.509423570334910814e+00
-2.513536702096462072e+00
-2.517646977305411760e+00
-2.521712794899940047e+00
-2.525760011374949876e+00
-2.529808546602725805e+00
-2.533856053650378914e+00
-2.537893386185168687e+00
-2.541945806145667675e+00
-2.545997269451617750e+00
-2.550070489943027319e+00
-2.554142606258392068e+00
-2.558215898275375100e+00
-2.562302154302596779e+00
-2.566406135261058541e+00
-2.570505645871162148e+00
-2.574596367776393446e+00
-2.578697344660758617e+00
-2.582792684435843977e+00
-2.586873884499072851e+00
-2.590943077206611100e+00
-2.595016807317733321e+00
-2.599091418087482008e+00
-2.603160753846168074e+00
-2.607215806841849837e+00
-2.611257824301719488e+00
-2.615308558940887096e+00
-2.619361340999602827e+00
-2.623421154916286024e+00
-2.627483606338500532e+00
-2.631556750833987657e+00
-2.635626524686812910e+00
-2.639685167372226360e+00
-2.643730407953261974e+00
-2.647783780097960893e+00
-2.651840442419051591e+00
-2.655890734493731919e+00
-2.659929747879504980e+00
-2.663959753513335915e+00
-2.667986612021922888e+00
-2.672009000182151262e+00
-2.676034463942050579e+00
-2.680061170458793107e+00
-2.684095275402068825e+00
-2.688170547783374609e+00
-2.692269477248191656e+00
-2.696368692815303447e+00
-2.700447183847427102e+00
-2.704532268643379034e+00
-2.708626289665698739e+00
-2.712729023396968309e+00
-2.716847211122512373e+00
-2.720967674255370561e+00
-2.725094503164291027e+00
-2.729249459505080910e+00
-2.733410643041133348e+00
-2.737576954066752943e+00
-2.741729862987994704e+00
-2.745881815254687996e+00
-2.750027544796466383e+00
-2.754165361821651281e+00
-2.758328011631965282e+00
-2.762522445619105760e+00
-2.766717317700385870e+00
-2.770901934802531663e+00
-2.775073739886283697e+00
-2.779253524541854592e+00
-2.783456528186797563e+00
-2.787663783133029760e+00
-2.791832432150840315e+00
-2.796011193096637371e+00
-2.800181093811988653e+00
-2.804365125298499795e+00
-2.808535607159137193e+00
-2.812694667279719951e+00
-2.816903674602508012e+00
-2.821106311678886147e+00
-2.825296060740947190e+00
-2.829469475150108160e+00
-2.833646845817565652e+00
-2.837845964729785564e+00
-2.842077167332171861e+00
-2.846292549371718827e+00
-2.850475485622882665e+00
-2.854640035331248882e+00
-2.858812788128852311e+00
-2.863023118674754564e+00
-2.867242966592311593e+00
-2.871481782197951915e+00
-2.875730414688586922e+00
-2.879939055442809703e+00
-2.884132684767245713e+00
-2.888337887823581251e+00
-2.892565353214740398e+00
-2.896821165084838334e+00
-2.901054343581199291e+00
-2.905375489592551652e+00
-2.909667627513408128e+00
-2.913963574171066107e+00
-2.918261282145976576e+00
-2.922567774355411263e+00
-2.926873904466628762e+00
-2.931194826960563216e+00
-2.935524319112300606e+00
-2.939867289364337388e+00
-2.944205865263938460e+00
-2.948534038662910195e+00
-2.952844782173633220e+00
-2.957146880030631753e+00
-2.961442679166793379e+00
-2.965734159946441295e+00
-2.970031715929507765e+00
-2.974331399798392894e+00
-2.978632107377051863e+00
-2.982942336797713700e+00
-2.987274761497974218e+00
-2.991608795523643227e+00
-2.995963482558726909e+00
-3.000322492420672837e+00
-3.004678936302661363e+00
-3.009028057754039587e+00
-3.013362453877925340e+00
-3.017686599493026200e+00
-3.022015872597694219e+00
-3.026322217285632554e+00
-3.030624167621135179e+00
-3.034933373332023177e+00
-3.039282494783400956e+00
-3.043633811175822768e+00
-3.047978462278842393e+00
-3.052321651577948991e+00
-3.056645797193049852e+00
-3.060962177813052687e+00
-3.065268526971340002e+00
-3.069543011486529860e+00
-3.073809073865413133e+00
-3.078091837465762648e+00
-3.082411222159862074e+00
-3.086740566790103557e+00
-3.091083827614784063e+00
-3.095435734093189062e+00
-3.099770206212997259e+00
-3.104092375934123460e+00
-3.108427143096923473e+00
-3.112762643396854045e+00
-3.117106927931308391e+00
-3.121446089446544114e+00
-3.125780633091926219e+00
-3.130130116641521187e+00
-3.134508389234542669e+00
-3.138886952400206987e+00
-3.143268591165542247e+00
-3.147663927078246715e+00
-3.152089661359786632e+00
-3.156543371081351967e+00
-3.160944715142249617e+00
-3.165350082516670049e+00
-3.169766071438789190e+00
-3.174203446507453563e+00
-3.178641116619109752e+00
-3.183076153695583166e+00
-3.187488700449466528e+00
-3.191921171545982094e+00
-3.196383817493915203e+00
-3.200866749882697260e+00
-3.205357375741004322e+00
-3.209830348193644767e+00
-3.214290285110473100e+00
-3.218730887770651972e+00
-3.223162849247454886e+00
-3.227614511549472098e+00
-3.232078328728674954e+00
-3.236535994708537256e+00
-3.240978863835334067e+00
-3.245415800809859697e+00
-3.249891044199466172e+00
-3.254311208426951652e+00
-3.258749468624591028e+00
-3.263192118704318467e+00
-3.267631621658801500e+00
-3.272073905169963215e+00
-3.276525782048701707e+00
-3.280987547338008348e+00
-3.285451802611350391e+00
-3.289919061958789026e+00
-3.294426093995570515e+00
-3.298993623256682550e+00
-3.303589423000811820e+00
-3.308188888430594776e+00
-3.312786006927489701e+00
-3.317381516098975247e+00
-3.321997535228728538e+00
-3.326649585366248552e+00
-3.331322583556174610e+00
-3.336000704765319291e+00
-3.340677288174628501e+00
-3.345367787778376734e+00
-3.350064152479171220e+00
-3.354774576425551658e+00
-3.359507781267165427e+00
-3.364272332191466486e+00
-3.369107782840727872e+00
-3.373953264951705222e+00
-3.378802774846553003e+00
-3.383656388521193659e+00
-3.388510516285895502e+00
-3.393386101722716486e+00
-3.398256269097327475e+00
-3.403140276670455044e+00
-3.408026555180549089e+00
-3.412916347384451932e+00
-3.417812733352183496e+00
-3.422766174376010273e+00
-3.427744886279105341e+00
-3.432718618214129602e+00
-3.437706923484801447e+00
-3.442702408134936665e+00
-3.447696278989314411e+00
-3.452670596539973324e+00
-3.457643666863440934e+00
-3.462640979886054460e+00
-3.467666125297545587e+00
-3.472685629129409257e+00
-3.477714878320693259e+00
-3.482754525542258506e+00
-3.487810435891150806e+00
-3.492889341711997275e+00
-3.497997474670409446e+00
-3.503097771108149683e+00
-3.508165250718592976e+00
-3.513218961656092709e+00
-3.518289297819136685e+00
-3.523375235497950619e+00
-3.528460730612277274e+00
-3.533526305854319816e+00
-3.538589686155318326e+00
-3.543717958033083981e+00
-3.548855751752852505e+00
-3.554005266726016465e+00
-3.559160709381102627e+00
-3.564324064552783167e+00
-3.569456730782984977e+00
-3.574576361477374231e+00
-3.579725433886050467e+00
-3.584874653816222612e+00
-3.589997869729995017e+00
-3.595128776878117716e+00
-3.600321940332650517e+00
-3.605534804612397615e+00
-3.610740491747855607e+00
-3.615952551364897793e+00
-3.621167250722646003e+00
-3.626367443799972001e+00
-3.631570129096507227e+00
-3.636771862208842521e+00
-3.641951549798249310e+00
-3.647086779773234699e+00
-3.652222885936498020e+00
-3.657365880906580990e+00
-3.662536630034446183e+00
-3.667715001106261585e+00
-3.672897838056086606e+00
-3.678046912699937110e+00
-3.683197303861379002e+00
-3.688348280638455545e+00
-3.693478528410195416e+00
-3.698556262999772137e+00
-3.703630850464104896e+00
-3.708714443445205067e+00
-3.713822647929190701e+00
-3.718938248604535257e+00
-3.724061683565377479e+00
-3.729175674915313099e+00
-3.734317567944525962e+00
-3.739466787874698106e+00
-3.744611246883868372e+00
-3.749739813804625843e+00
-3.754843326658009683e+00
-3.759933658689259772e+00
-3.765017618238925223e+00
-3.770104289054869717e+00
-3.775180997699498331e+00
-3.780257270485162024e+00
-3.785334786027669374e+00
-3.790419478714465384e+00
-3.795516695082187031e+00
-3.800598971545695370e+00
-3.805657003074883526e+00
-3.810709471255540048e+00
-3.815763770043849146e+00
-3.820812429487704609e+00
-3.825871562957762873e+00
-3.830901178717612598e+00
-3.835918121039866513e+00
-3.840952057391404217e+00
-3.845995149016379511e+00
-3.851029961556195591e+00
-3.856044266372918194e+00
-3.861087065190075940e+00
-3.866155280172824060e+00
-3.871211992949246561e+00
-3.876265703886746739e+00
-3.881321173906325583e+00
-3.886363603919743781e+00
-3.891396954655646390e+00
-3.896417558193205899e+00
-3.901402935385703152e+00
-3.906353886425494526e+00
-3.911334207653998529e+00
-3.916343827545642142e+00
-3.921367363631724778e+00
-3.926393096894025270e+00
-3.931406161189078485e+00
-3.936426181346177167e+00
-3.941462462395429078e+00
-3.946498374640940998e+00
-3.951453943550585990e+00
-3.956443712860345130e+00
-3.961428868770598744e+00
-3.966404871642589036e+00
-3.971355089545249406e+00
-3.976334022730588114e+00
-3.981340198218821680e+00
-3.986337513476609473e+00
-3.991333583742379343e+00
-3.996350821107625073e+00
-4.001344546675681180e+00
-4.006287806481122260e+00
-4.011216273903846385e+00
-4.016154920309781495e+00
-4.021090491116046550e+00
-4.026026795059442165e+00
-4.030992469191550853e+00
-4.035965394228695935e+00
-4.040942420810460511e+00
-4.045930652320384624e+00
-4.050926575064658586e+00
-4.055918177217244569e+00
-4.060897253453730649e+00
-4.065860511362552110e+00
-4.070814028382300442e+00
-4.075758535414933270e+00
-4.080722890794276303e+00
-4.085689298063515551e+00
-4.090649040043353502e+00
-4.095692496001719363e+00
-4.100749720633029227e+00
-4.105799475312232438e+00
-4.110848572850226645e+00
-4.115892764180897778e+00
-4.120937757939099555e+00
-4.125965395569800798e+00
-4.131008265912532451e+00
-4.136015541106461413e+00
-4.141005093604325893e+00
-4.146007024496793036e+00
-4.151016789674757845e+00
-4.156037762016056902e+00
-4.161054120957850877e+00
-4.166065204888581341e+00
-4.171076362580060426e+00
-4.176071844995020932e+00
-4.181085345149039512e+00
-4.186101704090832598e+00
-4.191108393669127352e+00
-4.196120210736989264e+00
-4.201154218614100877e+00
-4.206206025183200303e+00
-4.211252485215663199e+00
-4.216287590563296384e+00
-4.221372428536414034e+00
-4.226459316164254076e+00
-4.231528626382350389e+00
-4.236578381061553600e+00
-4.241649376600980403e+00
-4.246734654903411510e+00
-4.251823375374078395e+00
-4.256874451041221086e+00
-4.261898058652876742e+00
-4.266906724125146155e+00
-4.271978233754634147e+00
-4.277018468827008313e+00
-4.282075695693492001e+00
-4.287161414325236564e+00
-4.292250501364469173e+00
-4.297327797859906262e+00
-4.302429189532994691e+00
-4.307557532936334255e+00
-4.312643470615148189e+00
-4.317784632742403872e+00
-4.322917372733353858e+00
-4.328032461553811494e+00
-4.333142275363206508e+00
-4.338254214823245469e+00
-4.343373917043208188e+00
-4.348496035486459022e+00
-4.353636904805897601e+00
-4.358746720850467327e+00
-4.363848843425511603e+00
-4.368943862617014950e+00
-4.374048770219086890e+00
-4.379160781204699759e+00
-4.384263636916875484e+00
-4.389355140179395320e+00
-4.394449059665202384e+00
-4.399533678591250663e+00
-4.404643932729959133e+00
-4.409775868058203763e+00
-4.414916589856146878e+00
-4.420052991062402015e+00
-4.425185876339673641e+00
-4.430316416919231060e+00
-4.435443736612795895e+00
-4.440572301298379543e+00
-4.445709361881016619e+00
-4.450840490311383846e+00
-4.455989415198564174e+00
-4.461164782196282985e+00
-4.466341539472340472e+00
-4.471517492085694379e+00
-4.476697836816310172e+00
-4.481896934658288423e+00
-4.487111558020114188e+00
-4.492327719181774981e+00
-4.497541683167218807e+00
-4.502670907229184394e+00
-4.507802328467368724e+00
-4.512947813421487098e+00
-4.518103548884391252e+00
-4.523251081258058193e+00
-4.528386751562356594e+00
-4.533538899570702441e+00
-4.538676912337541225e+00
-4.543822616338728970e+00
-4.548979232460260036e+00
-4.554117683321236676e+00
-4.559248371422290447e+00
-4.564378400146960502e+00
-4.569535454362630311e+00
-4.574703789502381213e+00
-4.579899297654628221e+00
-4.585080158710479026e+00
-4.590258308500050788e+00
-4.595437701046465762e+00
-4.600614386796950228e+00
-4.605779570341109519e+00
-4.610928423702715939e+00
-4.616068633645772579e+00
-4.621225761622190120e+00
-4.626391387730835802e+00
-4.631499592214821881e+00
-4.636592561751603725e+00
-4.641694027185438998e+00
-4.646822372823953273e+00
-4.651946543157100322e+00
-4.657060386985540035e+00
-4.662161412090062740e+00
-4.667308725416659421e+00
-4.672476034611462659e+00
-4.677636092901229503e+00
-4.682725398987530596e+00
-4.687804964184760337e+00
-4.692841171473263628e+00
-4.697827060520648246e+00
-4.702789804339408519e+00
-4.707732845097779339e+00
-4.712633551657199327e+00
-4.717472296953200583e+00
-4.722279034554957455e+00
-4.726993562281131211e+00
-4.731687287241220119e+00
-4.736355743557213671e+00
-4.740983843803404874e+00
-4.745603007823228303e+00
-4.750189945101737088e+00
-4.754763480275868481e+00
-4.759310501813887484e+00
-4.763833937793969575e+00
-4.768347268551587526e+00
-4.772852467745542171e+00
-4.777335254848003032e+00
-4.781790357083081311e+00
-4.786216896027325696e+00
-4.790608496963977281e+00
-4.794965383410453086e+00
-4.799300003051756747e+00
-4.803602543473243003e+00
-4.807862528413533454e+00
-4.812097906321286089e+00
-4.816314826160668972e+00
-4.820508527010678890e+00
-4.824679449200629300e+00
-4.828810967504977292e+00
-4.832897661626338603e+00
-4.836940409988164546e+00
-4.840945806354283398e+00
-4.844906523823737210e+00
-4.848818682134150571e+00
-4.852712677419185106e+00
-4.856590411812065966e+00
-4.860449835658072537e+00
-4.864276959002017620e+00
-4.868067242205142087e+00
-4.871824346482752865e+00
-4.875559405237435584e+00
-4.879265386611222333e+00
-4.882952252775430324e+00
-4.886600517481564765e+00
-4.890215972065925065e+00
-4.893806524574755734e+00
-4.897384770214556760e+00
-4.900924785435199382e+00
-4.904445976018904751e+00
-4.907949808239935763e+00
-4.911430716514586514e+00
-4.914889579266309205e+00
-4.918339286744593863e+00
-4.921775518357753398e+00
-4.925179596990346020e+00
-4.928558404743670351e+00
-4.931894292682408754e+00
-4.935193633288144532e+00
-4.938565409183501842e+00
-4.941923563927411500e+00
-4.945264872163533276e+00
-4.948589262366294150e+00
-4.951892556995153072e+00
-4.955173587054013673e+00
-4.958412868529557649e+00
-4.961635598540305558e+00
-4.964845947921275204e+00
-4.968127930164336625e+00
-4.971395922452210847e+00
-4.974641283601521913e+00
-4.977857348322867637e+00
-4.981044042855500287e+00
-4.984197413176297609e+00
-4.987319875508545941e+00
-4.990429959446190722e+00
-4.993546782433986309e+00
-4.996664262562989123e+00
-4.999782328307627921e+00
-5.002911306172608263e+00
-5.006052590906619137e+00
-5.009296999871730272e+00
-5.012565139681099957e+00
-5.015848074108361310e+00
-5.019137747585772580e+00
-5.022438406944274014e+00
-5.025753713399170763e+00
-5.029083890467881623e+00
-5.032430033385752566e+00
-5.035801004618405408e+00
-5.039149270951747361e+00
-5.042496951669454219e+00
-5.045843239873646802e+00
-5.049193482100962527e+00
-5.052544604986905163e+00
-5.055893383175133593e+00
-5.059245091676711326e+00
-5.062598045170306094e+00
-5.065955685824155452e+00
-5.069304537773131614e+00
-5.072633762657641654e+00
-5.075949069112538403e+00
-5.079247602820395890e+00
-5.082540937513112311e+00
-5.085853753983974102e+00
-5.089178508520125988e+00
-5.092492277175187709e+00
-5.095784514397381670e+00
-5.099069867283104962e+00
-5.102371845394372052e+00
-5.105695942789315822e+00
-5.109029047936200385e+00
-5.112364424020051423e+00
-5.115685957670210726e+00
-5.119026754051446026e+00
-5.122392890602349702e+00
-5.125772724300622585e+00
-5.129171456396578677e+00
-5.132565280050038758e+00
-5.135951045900582379e+00
-5.139354536682366970e+00
-5.142830464988946026e+00
-5.146299654245376054e+00
-5.149766939133405330e+00
-5.153245212137698594e+00
-5.156730955094098512e+00
-5.160216698050498429e+00
-5.163697167113422637e+00
-5.167166649177669768e+00
-5.170629833638667350e+00
-5.174100195243953593e+00
-5.177577513828873101e+00
-5.181081053242087009e+00
-5.184584592655300028e+00
-5.188061911240219537e+00
-5.191544429957866136e+00
-5.195043135806917789e+00
-5.198526022210716135e+00
-5.202014767006039264e+00
-5.205392917618154591e+00
-5.208746604248880807e+00
-5.212095309793948417e+00
-5.215434275567530698e+00
-5.218764305114745206e+00
-5.222085837647318485e+00
-5.225415648147462733e+00
-5.228753879666327542e+00
-5.232099583372472829e+00
-5.235371971130370561e+00
-5.238638426735996667e+00
-5.241904369369148498e+00
-5.245160643756388907e+00
-5.248401171341537719e+00
-5.251638035476206667e+00
-5.254875558987259332e+00
-5.258111105486749537e+00
-5.261336837336420658e+00
-5.264564402028917733e+00
-5.267805954441427296e+00
-5.271040842682122474e+00
-5.274259542673825685e+00
-5.277387569472193007e+00
-5.280504756793378718e+00
-5.283609201386569865e+00
-5.286738912388681655e+00
-5.289879975840448445e+00
-5.293018916994332912e+00
-5.296155878901481096e+00
-5.299287128821014825e+00
-5.302396626025437598e+00
-5.305490230023860221e+00
-5.308580464497207885e+00
-5.311671211943029824e+00
-5.314768039062618854e+00
-5.317862302437424304e+00
-5.320965355634688976e+00
-5.324057275429367131e+00
-5.327142529934643989e+00
-5.330263306945561830e+00
-5.333409205079077786e+00
-5.336583740264176257e+00
-5.339780908823012595e+00
-5.343007227405904835e+00
-5.346239185333251598e+00
-5.349456641450523797e+00
-5.352663990110158032e+00
-5.355890382453798892e+00
-5.359135523438452786e+00
-5.362403735890984180e+00
-5.365695092454552118e+00
-5.369059618562459058e+00
-5.372451758012174672e+00
-5.375865063443779235e+00
-5.379315942153334085e+00
-5.382776708155869727e+00
-5.386237108707427446e+00
-5.389684617891907337e+00
-5.393111765757202747e+00
-5.396558615565298922e+00
-5.400033664330839756e+00
-5.403513182327150943e+00
-5.406938572227954154e+00
-5.410383518785237378e+00
-5.413831321895122173e+00
-5.417279490455984003e+00
-5.420719016715883853e+00
-5.424166233092545752e+00
-5.427624949440359003e+00
-5.431102048978209140e+00
-5.434596286714076463e+00
-5.438085032626985615e+00
-5.441572239622472829e+00
-5.445043699815868443e+00
-5.448518822342157009e+00
-5.452037450298666599e+00
-5.455570213496684140e+00
-5.459107225760816640e+00
-5.462659251689910178e+00
-5.466232151910661585e+00
-5.469829075783490424e+00
-5.473450462520121462e+00
-5.477100194618104823e+00
-5.480796726793050411e+00
-5.484496629610656981e+00
-5.488207006454467241e+00
-5.491915990784763224e+00
-5.495617651566861994e+00
-5.499316602200268633e+00
-5.503007203340529507e+00
-5.506702052429317540e+00
-5.510407887399195737e+00
-5.514137892425059917e+00
-5.517891554534434917e+00
-5.521687331795691378e+00
-5.525503176450728304e+00
-5.529336892440914752e+00
-5.533173464983700995e+00
-5.537008865177631023e+00
-5.540837234631180053e+00
-5.544683768227695708e+00
-5.548574905842541760e+00
-5.552478861063717908e+00
-5.556402299180626336e+00
-5.560347562655805653e+00
-5.564284770563244109e+00
-5.568224614858626964e+00
-5.572193829342722005e+00
-5.576172345504163630e+00
-5.580143170431255406e+00
-5.584131060913204436e+00
-5.588131915405392114e+00
-5.592150348424910433e+00
-5.596185261383651799e+00
-5.600228889286517742e+00
-5.604293904453514941e+00
-5.608361189439891703e+00
-5.612436531111597127e+00
-5.616525569930671757e+00
-5.620606771111487987e+00
-5.624706282839178506e+00
-5.628823665902017659e+00
-5.632950204238294845e+00
-5.637086484581231183e+00
-5.641236313432454352e+00
-5.645512998476624134e+00
-5.649817075580357617e+00
-5.654128110781311278e+00
-5.658448375016449816e+00
-5.662780577316879338e+00
-5.667121788486837453e+00
-5.671414000168441660e+00
-5.675692149251698737e+00
-5.679964805394410732e+00
-5.684334434568881100e+00
-5.688716148212551005e+00
-5.693095738440751674e+00
-5.697468956187366373e+00
-5.701848106086253587e+00
-5.706241979077457671e+00
-5.710626915842293982e+00
-5.715003794804214721e+00
-5.719376866146921756e+00
-5.723742027208208683e+00
-5.728100083768366879e+00
-5.732449204102158191e+00
-5.736800961941479926e+00
-5.741146421059965199e+00
-5.745498325303196374e+00
-5.749865244328974612e+00
-5.754237802699207371e+00
-5.758613510429858806e+00
-5.762969662621616251e+00
-5.767306259274482372e+00
-5.771647909656166142e+00
-5.775996078923343546e+00
-5.780341684445738260e+00
-5.784664218500255473e+00
-5.788958554714917604e+00
-5.793226449936627276e+00
-5.797470541670917576e+00
-5.801714999973773601e+00
-5.805945834890007262e+00
-5.810119614750146155e+00
-5.814287827908992234e+00
-5.818449814990161784e+00
-5.822628867626189475e+00
-5.826823520660399325e+00
-5.831008872017263478e+00
-5.835236557573079352e+00
-5.839482772722839776e+00
-5.843738143146037345e+00
-5.847983626276254121e+00
-5.852200984209774859e+00
-5.856372932344674709e+00
-5.860516536235808260e+00
-5.864662703871726279e+00
-5.868802205100655200e+00
-5.872928376868366662e+00
-5.877055720984935228e+00
-5.881171931698917277e+00
-5.885331721603869859e+00
-5.889474886283277755e+00
-5.893596809543668158e+00
-5.897716389782726054e+00
-5.901849812455474797e+00
-5.906002424657343930e+00
-5.910112702660262229e+00
-5.914198957569896109e+00
-5.918286750838159804e+00
-5.922375789098440535e+00
-5.926462629623710399e+00
-5.930533430539070672e+00
-5.934588850103318158e+00
-5.938622150942682865e+00
-5.942651350237428076e+00
-5.946669636294244832e+00
-5.950681184418498582e+00
-5.954674128070473138e+00
-5.958641804195940139e+00
-5.962592487968503718e+00
-5.966534309275447256e+00
-5.970482428744434245e+00
-5.974430109001695577e+00
-5.978368854150175160e+00
-5.982179132662713172e+00
-5.985959455370902127e+00
-5.989732526615261676e+00
-5.993498859368264320e+00
-5.997257062792777482e+00
-6.000987873040139142e+00
-6.004694147221742995e+00
-6.008379328064619607e+00
-6.012062164768575911e+00
-6.015646491199730939e+00
-6.019215436279773179e+00
-6.022776178270577319e+00
-6.026352448016404573e+00
-6.029924982227384156e+00
-6.033507037721573596e+00
-6.037078180536626704e+00
-6.040636433102189784e+00
-6.044189924187957530e+00
-6.047744294814764388e+00
-6.051302839629351560e+00
-6.054860066808759100e+00
-6.058414217270909674e+00
-6.061964485235511901e+00
-6.065495344065128691e+00
-6.069011042825876778e+00
-6.072505134716629449e+00
-6.075993220694362762e+00
-6.079493391700088623e+00
-6.083014729805290344e+00
-6.086544416844843930e+00
-6.090039240755140248e+00
-6.093519123643636348e+00
-6.097004645876586082e+00
-6.100512433797120160e+00
-6.104049519263207380e+00
-6.107616340368985597e+00
-6.111175911128520433e+00
-6.114729035645722455e+00
-6.118304206244646437e+00
-6.121890582889317756e+00
-6.125477179139851458e+00
-6.129040338471531513e+00
-6.132604303583502059e+00
-6.136183356679975276e+00
-6.139727106317876881e+00
-6.143245295062660816e+00
-6.146737043373286191e+00
-6.150221247412263281e+00
-6.153729401901363971e+00
-6.157265021651982195e+00
-6.160819904133676417e+00
-6.164354644902049429e+00
-6.167887042649089935e+00
-6.171420245617627032e+00
-6.174958648718892995e+00
-6.178494049422441847e+00
-6.181952619366347434e+00
-6.185421222448348466e+00
-6.188891364447771437e+00
-6.192350519448518220e+00
-6.195777741074561362e+00
-6.199171124957501000e+00
-6.202573883719741943e+00
-6.205984479561447387e+00
-6.209400788508355085e+00
-6.212812263332306628e+00
-6.216295002773403411e+00
-6.219787117093800610e+00
-6.223286628723143643e+00
-6.226790901273488110e+00
-6.230289973132311587e+00
-6.233797468245028561e+00
-6.237327668257057312e+00
-6.240878888964652482e+00
-6.244435676373540467e+00
-6.247991877608000344e+00
-6.251563679240643268e+00
-6.255117024481295473e+00
-6.258646418713032844e+00
-6.262172663584350651e+00
-6.265695612691342120e+00
-6.269215339235961082e+00
-6.272731843218206649e+00
-6.276244026049971225e+00
-6.279740534722804135e+00
-6.283217487856744832e+00
-6.286690046638249818e+00
-6.290175568871199552e+00
-6.293670246656983380e+00
-6.297150788363068408e+00
-6.300613605696707253e+00
-6.304069099202751048e+00
-6.307514411769806983e+00
-6.310952473431824750e+00
-6.314344611763953452e+00
-6.317726276908069316e+00
-6.321103620622306352e+00
-6.324466389324514992e+00
-6.327816340420394425e+00
-6.331151057127862636e+00
-6.334487678203730709e+00
-6.337815802823751454e+00
-6.341137262992559975e+00
-6.344454841222613162e+00
-6.347759162355213647e+00
-6.351060481090097909e+00
-6.354353669658302728e+00
-6.357647883333265248e+00
-6.360936091374605361e+00
-6.364205036684870365e+00
-6.367482258565723363e+00
-6.370751423761247700e+00
-6.374016633816062871e+00
-6.377268220484255679e+00
-6.380503694061189002e+00
-6.383707819879054668e+00
-6.386900593247263558e+00
-6.390084797516464299e+00
-6.393269514478742366e+00
-6.396446760371326867e+00
-6.399623127840458281e+00
-6.402797004766760836e+00
-6.405948689207432878e+00
-6.409084113873539934e+00
-6.412273664958773267e+00
-6.415468782186506402e+00
-6.418669978529213616e+00
-6.421875276416538547e+00
-6.425062849372624285e+00
-6.428232038859276187e+00
-6.431382918078450750e+00
-6.434524934552608322e+00
-6.437650252040474363e+00
-6.440771980676798236e+00
-6.443887556716798137e+00
-6.447002839669583985e+00
-6.450122956745325098e+00
-6.453249812312423117e+00
-6.456475398037580860e+00
-6.459705891367046426e+00
-6.462934846337883066e+00
-6.466177497617898950e+00
-6.469416633248327386e+00
-6.472651886940001376e+00
-6.475877472665159118e+00
-6.479086139518765997e+00
-6.482218122016637274e+00
-6.485339703829957614e+00
-6.488452203851191591e+00
-6.491556427301837573e+00
-6.494652374740688572e+00
-6.497745318803934467e+00
-6.500830499688161623e+00
-6.503900812333448300e+00
-6.506952301319687493e+00
-6.509978448599575529e+00
-6.512957794545217283e+00
-6.515923736710099945e+00
-6.518898102128876992e+00
-6.521875763451679298e+00
-6.524858990916980517e+00
-6.527849249541757715e+00
-6.530847857799379597e+00
-6.533840899635104726e+00
-6.536819659266619453e+00
-6.539795416221021007e+00
-6.542765899701042720e+00
-6.545742828445507477e+00
-6.548714117566122539e+00
-6.551684967195614107e+00
-6.554659698624162090e+00
-6.557621099893002459e+00
-6.560572320641948174e+00
-6.563532696664331922e+00
-6.566510357987134228e+00
-6.569504791498182783e+00
-6.572515997476874539e+00
-6.575548150809479964e+00
-6.578589605819432862e+00
-6.581637140014207077e+00
-6.584687969973309407e+00
-6.587743853870778210e+00
-6.590836138906887243e+00
-6.593938018917104849e+00
-6.597018951503558881e+00
-6.600078570516778598e+00
-6.603140167100353786e+00
-6.606205279543063469e+00
-6.609269000170750807e+00
-6.612326641893012891e+00
-6.615381646668536675e+00
-6.618421270651741573e+00
-6.621447491273282360e+00
-6.624475543131119082e+00
-6.627516412176190030e+00
-6.630598003929479844e+00
-6.633685235236770339e+00
-6.636782866984138884e+00
-6.639869439334141532e+00
-6.642961871053556067e+00
-6.646055254782548438e+00
-6.649143877800087310e+00
-6.652232866932171085e+00
-6.655302520288385537e+00
-6.658286113920619975e+00
-6.661254253436344364e+00
-6.664217632450162299e+00
-6.667177495622307326e+00
-6.670139922443193647e+00
-6.673104473151032501e+00
-6.676064336296984258e+00
-6.679021050204754673e+00
-6.681975053987843083e+00
-6.684918584211435366e+00
-6.687863286450327571e+00
-6.690826665376834015e+00
-6.693806304042981381e+00
-6.696779644005753873e+00
-6.699655278742601361e+00
-6.702513555046924587e+00
-6.705364067700746666e+00
-6.708211431011612547e+00
-6.711064360709450227e+00
-6.713922710355426204e+00
-6.716789995564202975e+00
-6.719667168554904535e+00
-6.722552397986463646e+00
-6.725444585550166110e+00
-6.728348931273965938e+00
-6.731265361886061172e+00
-6.734210869739352567e+00
-6.737164068058653754e+00
-6.740123125677517812e+00
-6.743095586658045093e+00
-6.746090386528111438e+00
-6.749107598419821663e+00
-6.752134917699320837e+00
-6.755163628584294422e+00
-6.758206841488889616e+00
-6.761264995764530106e+00
-6.764355669589302344e+00
-6.767457402916214448e+00
-6.770563164585790439e+00
-6.773688115784487707e+00
-6.776882134424111470e+00
-6.780104644130505065e+00
-6.783343999506494804e+00
-6.786564531782230958e+00
-6.789773711468614081e+00
-6.793010503518916110e+00
-6.796292559243328313e+00
-6.799611455667353255e+00
-6.802952910726479452e+00
-6.806304107093772870e+00
-6.809651861013433560e+00
-6.813004009564927799e+00
-6.816361065161935073e+00
-6.819717022170832976e+00
-6.823080303426420912e+00
-6.826455669640152379e+00
-6.829839165741167228e+00
-6.833243242976775988e+00
-6.836628716508447390e+00
-6.840028179506360217e+00
-6.843464995827114983e+00
-6.846935064065791110e+00
-6.850431792623884242e+00
-6.853945073834209367e+00
-6.857458941079265458e+00
-6.860977569035775048e+00
-6.864508721232003730e+00
-6.868081694934106807e+00
-6.871700078574529691e+00
-6.875333403725697679e+00
-6.878956475155017181e+00
-6.882550762220806639e+00
-6.886162993614151517e+00
-6.889781084341983330e+00
-6.893417119641843449e+00
-6.897061577776502084e+00
-6.900716436071841819e+00
-6.904455889074187169e+00
-6.908220903703066185e+00
-6.912024956330013126e+00
-6.915858013066052301e+00
-6.919709087383988155e+00
-6.923570415423772495e+00
-6.927430864673395305e+00
-6.931292705414987765e+00
-6.935161650745020445e+00
-6.939082598083357922e+00
-6.943032475997050312e+00
-6.947009233812012852e+00
-6.951007012135231200e+00
-6.955006768082965252e+00
-6.959006523899732954e+00
-6.963013091165338508e+00
-6.967031377431702310e+00
-6.971064751577794816e+00
-6.975109478243392225e+00
-6.979163213551508704e+00
-6.983211455622220676e+00
-6.987254717200992893e+00
-6.991305669245774013e+00
-6.995365996274630405e+00
-6.999441630963699978e+00
-7.003527666162698395e+00
-7.007633916102347982e+00
-7.011751225474289306e+00
-7.015877323970197033e+00
-7.019990239269098709e+00
-7.024106523604130459e+00
-7.028232768503947625e+00
-7.032362016639670976e+00
-7.036477787932379435e+00
-7.040586015442384493e+00
-7.044701567268928599e+00
-7.048836821387520324e+00
-7.052963286032898793e+00
-7.057071440201251100e+00
-7.061144365230573428e+00
-7.065211870241908443e+00
-7.069283989630638310e+00
-7.073449419438837538e+00
-7.077582109533248733e+00
-7.081713115284218318e+00
-7.085829545883460590e+00
-7.089940629946066331e+00
-7.094060356449334748e+00
-7.098158037289975297e+00
-7.102221953449769032e+00
-7.106270342273636409e+00
-7.110313237598164804e+00
-7.114432671014218279e+00
-7.118619048036633146e+00
-7.122829082142560608e+00
-7.127058232296256790e+00
-7.131281816447152089e+00
-7.135503422887994773e+00
-7.139725688705219397e+00
-7.143961650552226317e+00
-7.148193071223793993e+00
-7.152433501183985243e+00
-7.156670927628873358e+00
-7.160900224745271991e+00
-7.165129814948885567e+00
-7.169347319565711807e+00
-7.173551201634107422e+00
-7.177773467171935984e+00
-7.182016313634811411e+00
-7.186255645006893289e+00
-7.190477177966384303e+00
-7.194678789377211281e+00
-7.198874541278927452e+00
-7.203081718832253344e+00
-7.207302080281077217e+00
-7.211515776440499792e+00
-7.215725884027778037e+00
-7.219927641563115728e+00
-7.224120976403353822e+00
-7.228323466796426899e+00
-7.232463774364440212e+00
-7.236596537940203078e+00
-7.240773539803920578e+00
-7.244951420649885065e+00
-7.249134354945271141e+00
-7.253328862134365451e+00
-7.257542558573184976e+00
-7.261771562602369556e+00
-7.266000200342385362e+00
-7.270190093014387678e+00
-7.274374199379233907e+00
-7.278548052161930570e+00
-7.282731133420019098e+00
-7.286917143873869129e+00
-7.291087041236458788e+00
-7.295221416372804413e+00
-7.299321001023052702e+00
-7.303398759756236203e+00
-7.307485453877596626e+00
-7.311596904229371141e+00
-7.315712968539445527e+00
-7.319830571208147951e+00
-7.323959819134323368e+00
-7.328105400316415441e+00
-7.332254863157866787e+00
-7.336385063268243023e+00
-7.340511967614292033e+00
-7.344667436368761848e+00
-7.348830888606606493e+00
-7.352965995483098816e+00
-7.357075248099862463e+00
-7.361162674799560435e+00
-7.365252152271567709e+00
-7.369344047084449123e+00
-7.373428470827637859e+00
-7.377570902369915196e+00
-7.381727762520311487e+00
-7.385897220671175489e+00
-7.390079862438140523e+00
-7.394278397411106596e+00
-7.398485062830149062e+00
-7.402687186934052477e+00
-7.406788237020371923e+00
-7.410875370912252791e+00
-7.414948661811648023e+00
-7.419047221913932511e+00
-7.423157866485415646e+00
-7.427279497496781957e+00
-7.431402593106030352e+00
-7.435513823293147695e+00
-7.439616703987120161e+00
-7.443713872134684273e+00
-7.447727837041019150e+00
-7.451703716255723364e+00
-7.455676079541443180e+00
-7.459632769227026117e+00
-7.463597808405755707e+00
-7.467554424330590912e+00
-7.471509722061453473e+00
-7.475462675653396616e+00
-7.479424785636363815e+00
-7.483373052068053255e+00
-7.487302861548958965e+00
-7.491214872896669874e+00
-7.495101395994423044e+00
-7.499001981690524232e+00
-7.502917948178945196e+00
-7.506803079880772778e+00
-7.510665360838173044e+00
-7.514547050371764847e+00
-7.518440971896050762e+00
-7.522338848002253719e+00
-7.526215630769728548e+00
-7.530069122463463493e+00
-7.533922467194495987e+00
-7.537774713337419996e+00
-7.541630035638807961e+00
-7.545488726906476984e+00
-7.549388873949645529e+00
-7.553289313241838165e+00
-7.557181842811404593e+00
-7.561070270836351526e+00
-7.564924127981065283e+00
-7.568784430809317954e+00
-7.572641877643762953e+00
-7.576490607857702564e+00
-7.580335969105361116e+00
-7.584175104834137926e+00
-7.588015339151023220e+00
-7.591863409988580891e+00
-7.595718000270425208e+00
-7.599580865725873657e+00
-7.603438897617159853e+00
-7.607297442480920324e+00
-7.611160822026429962e+00
-7.615064484439789005e+00
-7.618998541869221874e+00
-7.622947761043905146e+00
-7.626902252994476328e+00
-7.630837189964948308e+00
-7.634763411432503588e+00
-7.638703402131794107e+00
-7.642628744058309387e+00
-7.646538192220030616e+00
-7.650432626157997795e+00
-7.654339803941546450e+00
-7.658240755647419462e+00
-7.662110872566698205e+00
-7.665990950539706361e+00
-7.669957601279018711e+00
-7.673934798128901669e+00
-7.677898518554864715e+00
-7.681842830404638001e+00
-7.685787801072000214e+00
-7.689742000214754292e+00
-7.693651375174520801e+00
-7.697541634365914653e+00
-7.701428890600799271e+00
-7.705308162793516047e+00
-7.709237898513673137e+00
-7.713163166120646785e+00
-7.717099200561641226e+00
-7.721048199012874313e+00
-7.725004961341618070e+00
-7.728967436775564082e+00
-7.732909697294234164e+00
-7.736842435970901377e+00
-7.740761625021694847e+00
-7.744674661755560408e+00
-7.748583670705555093e+00
-7.752506375685332962e+00
-7.756434647366402757e+00
-7.760364677011965640e+00
-7.764278006553648304e+00
-7.768173758685587238e+00
-7.772070902213452648e+00
-7.775968631356953153e+00
-7.779877420142291555e+00
-7.783782107383011351e+00
-7.787675882503388713e+00
-7.791555667668579765e+00
-7.795435599237679369e+00
-7.799340067431328904e+00
-7.803273319080470394e+00
-7.807230227813123591e+00
-7.811171609908340585e+00
-7.815098636597393345e+00
-7.819041043519971979e+00
-7.822988723218439411e+00
-7.826917726919053742e+00
-7.830837136134503496e+00
-7.834753762558101187e+00
-7.838700563833116419e+00
-7.842659962549804575e+00
-7.846603249013422321e+00
-7.850535988807676446e+00
-7.854465578123925873e+00
-7.858400881662963577e+00
-7.862301247194407594e+00
-7.866184401884673605e+00
-7.870127614587543619e+00
-7.874060280621050012e+00
-7.877967531606553386e+00
-7.881865041702984520e+00
-7.885765188187359165e+00
-7.889665114507077526e+00
-7.893564821779726515e+00
-7.897465920448301979e+00
-7.901377565786241064e+00
-7.905287454277276638e+00
-7.909210452064871610e+00
-7.913138870149850845e+00
-7.917068899795412840e+00
-7.920993436500429752e+00
-7.924919217079877676e+00
-7.928816946223378181e+00
-7.932711746171117184e+00
-7.936599953472613933e+00
-7.940490505471825777e+00
-7.944390211626886966e+00
-7.948297609016298892e+00
-7.952194606140255750e+00
-7.956083839386701939e+00
-7.959967872500419261e+00
-7.963848389685153961e+00
-7.967738795280456365e+00
-7.971630666032433865e+00
-7.975520998984575449e+00
-7.979393094033002676e+00
-7.983192239701748072e+00
-7.986996512860059738e+00
-7.990811039879917921e+00
-7.994664530456065954e+00
-7.998521829769015490e+00
-8.002379715815186145e+00
-8.006223978474736214e+00
-8.010068752989173646e+00
-8.013899392262100463e+00
-8.017723367363213782e+00
-8.021496512368321063e+00
-8.025272734090686200e+00
-8.029032402113079669e+00
-8.032784306257962470e+00
-8.036551884561777825e+00
-8.040321220830083604e+00
-8.044102421402930858e+00
-8.047903178632259014e+00
-8.051715727522969601e+00
-8.055529082193970680e+00
-8.059340825304389000e+00
-8.063129496946931596e+00
-8.066909379884600995e+00
-8.070681352540850284e+00
-8.074438091367483139e+00
-8.078246245905756240e+00
-8.082048467174171691e+00
-8.085847979411482811e+00
-8.089643097296356444e+00
-8.093438873440026882e+00
-8.097242706269025092e+00
-8.101049321889878030e+00
-8.104864653572439792e+00
-8.108676322922111268e+00
-8.112477007508278604e+00
-8.116268023848533630e+00
-8.120041461661458015e+00
-8.123794903606176732e+00
-8.127539410442114587e+00
-8.131290728971361403e+00
-8.135038751736283658e+00
-8.138787432760000939e+00
-8.142532012239097838e+00
-8.146271611750126596e+00
-8.150019415467976813e+00
-8.153766777738928440e+00
-8.157521171867847087e+00
-8.161269048228859901e+00
-8.165018682554364915e+00
-8.168769780918955448e+00
-8.172519853338599205e+00
-8.176202616840601678e+00
-8.179889042675494437e+00
-8.183573052287101746e+00
-8.187253325805068371e+00
-8.190926054492592812e+00
-8.194593510404228454e+00
-8.198290629312396049e+00
-8.201976175606251473e+00
-8.205647660419344902e+00
-8.209333206713200326e+00
-8.213009964302182553e+00
-8.216682766750455613e+00
-8.220348024368286488e+00
-8.224016799032687786e+00
-8.227675466239452007e+00
-8.231342776864767785e+00
-8.235011186078191159e+00
-8.238687869906424766e+00
-8.242355034127831104e+00
-8.246018021926284192e+00
-8.249672513827681186e+00
-8.253318070620299096e+00
-8.256964653357863781e+00
-8.260605229064822197e+00
-8.264251297712325695e+00
-8.267893851548432593e+00
-8.271537649258970504e+00
-8.275171339511871338e+00
-8.278802246972919221e+00
-8.282436083629727719e+00
-8.286063841730356927e+00
-8.289691599830984359e+00
-8.293300022557378526e+00
-8.296910496056080220e+00
-8.300537010282278416e+00
-8.304186816141008620e+00
-8.307849219441413524e+00
-8.311507592722772841e+00
-8.315179222822189686e+00
-8.318842136859894154e+00
-8.322499559074639564e+00
-8.326160350814461708e+00
-8.329821361601352336e+00
-8.333456078916787746e+00
-8.337076952680945396e+00
-8.340673950314521079e+00
-8.344256299734116311e+00
-8.347823341563344712e+00
-8.351389064639807458e+00
-8.355042459070682881e+00
-8.358718192949890380e+00
-8.362392533197999356e+00
-8.366069584712386487e+00
-8.369747220724821801e+00
-8.373369925096630695e+00
-8.376991459354758973e+00
-8.380603030323982239e+00
-8.384212771803140285e+00
-8.387819365039467456e+00
-8.391449248790740612e+00
-8.395072320848703029e+00
-8.398686457797884586e+00
-8.402305793762206321e+00
-8.405931940302252769e+00
-8.409569585695862770e+00
-8.413217779994010215e+00
-8.416892340406775475e+00
-8.420578766241670010e+00
-8.424263361468911526e+00
-8.427940998598932865e+00
-8.431606770306824927e+00
-8.435264778137206321e+00
-8.438907772302627563e+00
-8.442536409944295883e+00
-8.446158970147370937e+00
-8.449777719378470664e+00
-8.453396835178136115e+00
-8.457000056654214504e+00
-8.460601887851954217e+00
-8.464214340597390418e+00
-8.467845175415277481e+00
-8.471484432369470241e+00
-8.475136360526084545e+00
-8.478790926188230159e+00
-8.482458382099867578e+00
-8.486139094829558971e+00
-8.489782600849867578e+00
-8.493435776233672740e+00
-8.497086899727582576e+00
-8.500713413953780773e+00
-8.504336486011743190e+00
-8.507944249361752753e+00
-8.511543811857700703e+00
-8.515139782428741810e+00
-8.518743077665567043e+00
-8.522338315099478478e+00
-8.525926741957665200e+00
-8.529515975713730214e+00
-8.533097737282513862e+00
-8.536673568934201484e+00
-8.540263533592224121e+00
-8.543881697207689641e+00
-8.547512165457010980e+00
-8.551140950620174763e+00
-8.554759921133518574e+00
-8.558356112986803765e+00
-8.561932896822691319e+00
-8.565498766303061728e+00
-8.569043835252523778e+00
-8.572579967975617166e+00
-8.576110754162073135e+00
-8.579640442878007534e+00
-8.583157020062207820e+00
-8.586670888215303776e+00
-8.590171571075917001e+00
-8.593654381483792903e+00
-8.597125986963510158e+00
-8.600618176162242889e+00
-8.604104578495025635e+00
-8.607595229893922451e+00
-8.611087854951620102e+00
-8.614580189436674473e+00
-8.618067470192908530e+00
-8.621555995941161399e+00
-8.625059756636620278e+00
-8.628567397594451904e+00
-8.632087269425392506e+00
-8.635613368451595662e+00
-8.639141590893268940e+00
-8.642585878074168448e+00
-8.646017494052648189e+00
-8.649460536241530662e+00
-8.652912438660859351e+00
-8.656383386999369378e+00
-8.659858874976634979e+00
-8.663361314684152603e+00
-8.666862071305512671e+00
-8.670364658534527535e+00
-8.673867905139923451e+00
-8.677336946874856238e+00
-8.680808771401643753e+00
-8.684287701547145133e+00
-8.687751618027686362e+00
-8.691207478940487619e+00
-8.694660042971372960e+00
-8.698168488591909053e+00
-8.701665143668652291e+00
-8.705160334706306458e+00
-8.708653254806995037e+00
-8.712157306075095420e+00
-8.715667877346277237e+00
-8.719187970459461923e+00
-8.722724541276694055e+00
-8.726271733641624451e+00
-8.729834232479333878e+00
-8.733396659791470285e+00
-8.736962603032589314e+00
-8.740534552186726813e+00
-8.744103130698203330e+00
-8.747665848582983017e+00
-8.751228568702936528e+00
-8.754789239168166759e+00
-8.758342584967612865e+00
-8.761890874803066609e+00
-8.765420342236756923e+00
-8.768930108845234273e+00
-8.772434455156325583e+00
-8.775937335193157551e+00
-8.779450175166129355e+00
-8.782983232289552689e+00
-8.786507205665111897e+00
-8.790040995925664902e+00
-8.793580130487679725e+00
-8.797126810997724533e+00
-8.800676933676005120e+00
-8.804248004406691308e+00
-8.807860235869885202e+00
-8.811461628973484395e+00
-8.815064486116170883e+00
-8.818666243553161976e+00
-8.822263973206281307e+00
-8.825845663249491935e+00
-8.829418636113405938e+00
-8.833001571148633602e+00
-8.836596737056970241e+00
-8.840215412527323124e+00
-8.843873272836209054e+00
-8.847539409995079041e+00
-8.851215802133083344e+00
-8.854904132336377742e+00
-8.858602277189493890e+00
-8.862310822308064218e+00
-8.866006843745708466e+00
-8.869699787348508835e+00
-8.873397491872310638e+00
-8.877102961391210911e+00
-8.880796419084072468e+00
-8.884467095881699805e+00
-8.888132428377867100e+00
-8.891798491775990243e+00
-8.895456573367118480e+00
-8.899096489697694068e+00
-8.902738676965237019e+00
-8.906401812285185571e+00
-8.910057989507913945e+00
-8.913717316091060994e+00
-8.917373640835284831e+00
-8.921056110411882401e+00
-8.924727301299572702e+00
-8.928377910703421350e+00
-8.932014237344265695e+00
-8.935652689635753987e+00
-8.939274369180202129e+00
-8.942864847928285954e+00
-8.946433281153440831e+00
-8.949977690726518276e+00
-8.953529058396815898e+00
-8.957072515785693412e+00
-8.960603301972151158e+00
-8.964134235680102591e+00
-8.967668611556291580e+00
-8.971208260208367591e+00
-8.974756330996751075e+00
-8.978310700505971909e+00
-8.981861189752816443e+00
-8.985353157669305091e+00
-8.988840804994106648e+00
-8.992322591692209599e+00
-8.995796615630387905e+00
-8.999249472469092126e+00
-9.002672885358332877e+00
-9.006138851493597386e+00
-9.009602108597755787e+00
-9.013038485497236962e+00
-9.016458675265312195e+00
-9.019883187860250118e+00
-9.023297152668238397e+00
-9.026703500002621894e+00
-9.030114170163869858e+00
-9.033529527485370636e+00
-9.036931699514388683e+00
-9.040325594693422673e+00
-9.043720882385969162e+00
-9.047118955105542426e+00
-9.050522300601006265e+00
-9.053930552303791401e+00
-9.057341367751359229e+00
-9.060743027925491688e+00
-9.064136265963316674e+00
-9.067515073716640117e+00
-9.070881579071283340e+00
-9.074234239757061005e+00
-9.077583972364664078e+00
-9.080925061553717370e+00
-9.084246961772441509e+00
-9.087536633014678955e+00
-9.090789099782705662e+00
-9.094047351181506755e+00
-9.097301134467125294e+00
-9.100554186850786209e+00
-9.103803063929081674e+00
-9.107044176012276893e+00
-9.110283238440752385e+00
-9.113511312752962112e+00
-9.116723642498254065e+00
-9.119971933960915322e+00
-9.123197446763516183e+00
-9.126426256448031182e+00
-9.129661876708269119e+00
-9.132898596674204228e+00
-9.136133997887373681e+00
-9.139362293481827493e+00
-9.142608973383904214e+00
-9.145849573612213845e+00
-9.149078309535980225e+00
-9.152306605130434036e+00
-9.155538416653872247e+00
-9.158773306012154336e+00
-9.161994495987892506e+00
-9.165212172269821878e+00
-9.168435854464769719e+00
-9.171671327203512192e+00
-9.174898158758878708e+00
-9.178106532245873694e+00
-9.181312268227339146e+00
-9.184522619843482616e+00
-9.187729819864035363e+00
-9.190908970683812740e+00
-9.194105772674083354e+00
-9.197324034571646934e+00
-9.200550499558449502e+00
-9.203762388974428887e+00
-9.206966734677553887e+00
-9.210172470659017563e+00
-9.213378866016864066e+00
-9.216566438972950692e+00
-9.219754452258348110e+00
-9.222971102595328929e+00
-9.226198812574148533e+00
-9.229427400976419449e+00
-9.232649252563714271e+00
-9.235847444832325337e+00
-9.239025936275719886e+00
-9.242191537469626184e+00
-9.245363656431436539e+00
-9.248543685674667003e+00
-9.251731184870005009e+00
-9.254923811554908397e+00
-9.258112408220767975e+00
-9.261337261646986008e+00
-9.264579766243695502e+00
-9.267763897031546350e+00
-9.270937482267617824e+00
-9.274126740545034053e+00
-9.277323468774557824e+00
-9.280506207048892620e+00
-9.283705499023199081e+00
-9.286907133460044150e+00
-9.290148174017668126e+00
-9.293389214575290325e+00
-9.296630840748548508e+00
-9.299879058450461145e+00
-9.303127349913120625e+00
-9.306380547583103180e+00
-9.309629498422145488e+00
-9.312881305813789368e+00
-9.316136700659990666e+00
-9.319397956132888794e+00
-9.322657673805952783e+00
-9.325913875550032373e+00
-9.329176521301269176e+00
-9.332448910176754708e+00
-9.335728254914283042e+00
-9.339001155644655938e+00
-9.342280940711498616e+00
-9.345563510805368068e+00
-9.348829379677772167e+00
-9.352086605131626484e+00
-9.355365292727947590e+00
-9.358650495857000706e+00
-9.361938264966010337e+00
-9.365221785008907673e+00
-9.368513217568397167e+00
-9.371803769469261525e+00
-9.375100765377283096e+00
-9.378354988992214203e+00
-9.381604085117578151e+00
-9.384848641604184749e+00
-9.388079353421925788e+00
-9.391292047500609641e+00
-9.394493536651134846e+00
-9.397721613198518398e+00
-9.400938556343316321e+00
-9.404170441627503152e+00
-9.407408406585455296e+00
-9.410642196238040214e+00
-9.413890340179204230e+00
-9.417140462249516730e+00
-9.420399227738380787e+00
-9.423647226393223164e+00
-9.426882039755582809e+00
-9.430134287476539257e+00
-9.433385728299617412e+00
-9.436628525704145787e+00
-9.439869125932455418e+00
-9.443107602745294926e+00
-9.446339342743158340e+00
-9.449566393345595117e+00
-9.452785314619541523e+00
-9.456000939011573792e+00
-9.459221983700990322e+00
-9.462455552071332932e+00
-9.465700915455817821e+00
-9.468954920023680444e+00
-9.472235659509896877e+00
-9.475531557947396877e+00
-9.478824892640114186e+00
-9.482100283354521153e+00
-9.485380068421363831e+00
-9.488677138090134022e+00
-9.491995082050561194e+00
-9.495341298729181645e+00
-9.498693666607142205e+00
-9.502045375108718162e+00
-9.505391956120728736e+00
-9.508734364062547684e+00
-9.512071644514799473e+00
-9.515396475046873803e+00
-9.518723869323730824e+00
-9.522019329667092080e+00
-9.525310833752154593e+00
