3.814697265625000000e-06
9.063243865966796875e-03
1.826381683349609375e-02
2.748370170593261719e-02
3.670263290405273438e-02
4.603338241577148438e-02
5.515027046203613281e-02
6.399774551391601562e-02
7.303309440612792969e-02
8.220171928405761719e-02
9.103894233703613281e-02
9.999585151672363281e-02
1.089973449707031250e-01
1.180543899536132812e-01
1.270329952239990234e-01
1.358003616333007812e-01
1.445710659027099609e-01
1.536669731140136719e-01
1.636173725128173828e-01
1.719932556152343750e-01
1.807715892791748047e-01
1.897449493408203125e-01
1.986532211303710938e-01
2.077648639678955078e-01
2.164146900177001953e-01
2.255158424377441406e-01
2.346632480621337891e-01
2.431714534759521484e-01
2.520353794097900391e-01
2.604942321777343750e-01
2.695906162261962891e-01
2.795939445495605469e-01
2.896604537963867188e-01
2.987790107727050781e-01
3.076915740966796875e-01
3.166987895965576172e-01
3.257637023925781250e-01
3.346538543701171875e-01
3.437676429748535156e-01
3.527643680572509766e-01
3.615567684173583984e-01
3.707745075225830078e-01
3.797755241394042969e-01
3.884518146514892578e-01
3.970181941986083984e-01
4.059884548187255859e-01
4.149870872497558594e-01
4.240427017211914062e-01
4.335010051727294922e-01
4.420604705810546875e-01
4.498302936553955078e-01
4.583847522735595703e-01
4.670014381408691406e-01
4.757754802703857422e-01
4.846942424774169922e-01
4.936463832855224609e-01
5.025100708007812500e-01
5.116908550262451172e-01
5.207705497741699219e-01
5.296664237976074219e-01
5.387883186340332031e-01
5.474288463592529297e-01
5.550537109375000000e-01
5.629711151123046875e-01
5.706508159637451172e-01
5.781700611114501953e-01
5.854990482330322266e-01
5.934495925903320312e-01
6.014988422393798828e-01
6.091525554656982422e-01
6.166226863861083984e-01
6.244852542877197266e-01
6.324989795684814453e-01
6.404464244842529297e-01
6.481630802154541016e-01
6.556107997894287109e-01
6.634106636047363281e-01
6.714618206024169922e-01
6.794302463531494141e-01
6.874344348907470703e-01
6.954832077026367188e-01
7.034249305725097656e-01
7.111003398895263672e-01
7.190225124359130859e-01
7.265396118164062500e-01
7.341706752777099609e-01
7.420136928558349609e-01
7.495136260986328125e-01
7.584345340728759766e-01
7.660038471221923828e-01
7.729852199554443359e-01
7.799482345581054688e-01
7.877442836761474609e-01
7.954816818237304688e-01
8.029739856719970703e-01
8.105301856994628906e-01
8.181493282318115234e-01
8.259291648864746094e-01
8.335323333740234375e-01
8.414292335510253906e-01
8.491067886352539062e-01
8.566153049468994141e-01
8.648092746734619141e-01
8.721737861633300781e-01
8.799471855163574219e-01
8.884291648864746094e-01
8.955588340759277344e-01
9.029412269592285156e-01
9.107947349548339844e-01
9.185619354248046875e-01
9.263937473297119141e-01
9.345340728759765625e-01
9.421498775482177734e-01
9.497985839843750000e-01
9.570274353027343750e-01
9.645311832427978516e-01
9.727098941802978516e-01
9.818630218505859375e-01
9.910974502563476562e-01
9.986054897308349609e-01
1.006469488143920898e+00
1.014508247375488281e+00
1.022511959075927734e+00
1.030051946640014648e+00
1.037260293960571289e+00
1.044645309448242188e+00
1.051949501037597656e+00
1.058851718902587891e+00
1.065693616867065430e+00
1.072865009307861328e+00
1.079928636550903320e+00
1.087110996246337891e+00
1.094538688659667969e+00
1.101269960403442383e+00
1.107787132263183594e+00
1.114692926406860352e+00
1.121673583984375000e+00
1.128916025161743164e+00
1.136090040206909180e+00
1.143463850021362305e+00
1.150694847106933594e+00
1.157835960388183594e+00
1.165039062500000000e+00
1.172478437423706055e+00
1.179445028305053711e+00
1.186382532119750977e+00
1.193216085433959961e+00
1.200063228607177734e+00
1.206852436065673828e+00
1.213515758514404297e+00
1.219990491867065430e+00
1.225251197814941406e+00
1.230661869049072266e+00
1.236704111099243164e+00
1.243334531784057617e+00
1.249217987060546875e+00
1.255637645721435547e+00
1.262803792953491211e+00
1.269802808761596680e+00
1.276588201522827148e+00
1.283840417861938477e+00
1.290815830230712891e+00
1.297704696655273438e+00
1.304841279983520508e+00
1.311374664306640625e+00
1.317532539367675781e+00
1.325282096862792969e+00
1.331565856933593750e+00
1.338305234909057617e+00
1.342792987823486328e+00
1.346696615219116211e+00
1.351981163024902344e+00
1.356828212738037109e+00
1.364395141601562500e+00
1.370470523834228516e+00
1.375785827636718750e+00
1.382319450378417969e+00
1.388043880462646484e+00
1.395020723342895508e+00
1.401363372802734375e+00
1.407300472259521484e+00
1.412262201309204102e+00
1.416852951049804688e+00
1.421554803848266602e+00
1.426337480545043945e+00
1.433375120162963867e+00
1.439049005508422852e+00
1.446317434310913086e+00
1.452327489852905273e+00
1.457786560058593750e+00
1.464474678039550781e+00
1.469997882843017578e+00
1.476333618164062500e+00
1.482028722763061523e+00
1.488280296325683594e+00
1.494029521942138672e+00
1.499974012374877930e+00
1.505670785903930664e+00
1.511364936828613281e+00
1.516360282897949219e+00
1.521364450454711914e+00
1.527045249938964844e+00
1.532278060913085938e+00
1.537312746047973633e+00
1.542499780654907227e+00
1.547255992889404297e+00
1.552228689193725586e+00
1.556841850280761719e+00
1.561564445495605469e+00
1.565593004226684570e+00
1.571236610412597656e+00
1.575895071029663086e+00
1.580175399780273438e+00
1.585306406021118164e+00
1.590399265289306641e+00
1.595372676849365234e+00
1.599562644958496094e+00
1.603720664978027344e+00
1.608071804046630859e+00
1.614268779754638672e+00
1.619800806045532227e+00
1.624970197677612305e+00
1.629395484924316406e+00
1.633916139602661133e+00
1.638452529907226562e+00
1.642607927322387695e+00
1.646861553192138672e+00
1.650792360305786133e+00
1.654696941375732422e+00
1.659564971923828125e+00
1.664166450500488281e+00
1.669487237930297852e+00
1.674246311187744141e+00
1.678331375122070312e+00
1.682317256927490234e+00
1.686574459075927734e+00
1.692348957061767578e+00
1.697256803512573242e+00
1.702997684478759766e+00
1.708361864089965820e+00
1.713202238082885742e+00
1.718462467193603516e+00
1.722856283187866211e+00
1.727188348770141602e+00
1.731527805328369141e+00
1.736251592636108398e+00
1.740323781967163086e+00
1.745408773422241211e+00
1.749833822250366211e+00
1.754201889038085938e+00
1.758297443389892578e+00
1.762518405914306641e+00
1.766576766967773438e+00
1.771001815795898438e+00
1.775325536727905273e+00
1.779826164245605469e+00
1.783967971801757812e+00
1.788733005523681641e+00
1.794497489929199219e+00
1.800373554229736328e+00
1.805855989456176758e+00
1.811511754989624023e+00
1.817375421524047852e+00
1.822765111923217773e+00
1.827700138092041016e+00
1.833248615264892578e+00
1.840398311614990234e+00
1.845195055007934570e+00
1.849864006042480469e+00
1.856194972991943359e+00
1.861188650131225586e+00
1.866209030151367188e+00
1.871527910232543945e+00
1.878307580947875977e+00
1.885331869125366211e+00
1.891025066375732422e+00
1.896965265274047852e+00
1.902338981628417969e+00
1.907202005386352539e+00
1.914340496063232422e+00
1.920352458953857422e+00
1.926030397415161133e+00
1.932368040084838867e+00
1.938027620315551758e+00
1.944378376007080078e+00
1.950320959091186523e+00
1.956393003463745117e+00
1.962317228317260742e+00
1.968004703521728516e+00
1.973384380340576172e+00
1.979238986968994141e+00
1.985025167465209961e+00
1.990650415420532227e+00
1.997303724288940430e+00
2.002740859985351562e+00
2.010288000106811523e+00
2.015407323837280273e+00
2.020425558090209961e+00
2.025488615036010742e+00
2.030772686004638672e+00
2.035774469375610352e+00
2.040770292282104492e+00
2.046002388000488281e+00
2.053605556488037109e+00
2.060014486312866211e+00
2.064845085144042969e+00
2.070240736007690430e+00
2.075502395629882812e+00
2.080621242523193359e+00
2.086040019989013672e+00
2.091022253036499023e+00
2.096501827239990234e+00
2.100662469863891602e+00
2.106019258499145508e+00
2.111282587051391602e+00
2.115666389465332031e+00
2.120284557342529297e+00
2.125231742858886719e+00
2.130254983901977539e+00
2.136813402175903320e+00
2.141503334045410156e+00
2.145983219146728516e+00
2.149817705154418945e+00
2.153699874877929688e+00
2.157703876495361328e+00
2.161656379699707031e+00
2.165917873382568359e+00
2.174309492111206055e+00
2.179688692092895508e+00
2.185553073883056641e+00
2.191364049911499023e+00
2.198397874832153320e+00
2.204524755477905273e+00
2.211409091949462891e+00
2.216953039169311523e+00
2.223622083663940430e+00
2.230691909790039062e+00
2.237009525299072266e+00
2.243621587753295898e+00
2.249644279479980469e+00
2.257229804992675781e+00
2.264309406280517578e+00
2.270286560058593750e+00
2.276383399963378906e+00
2.282681941986083984e+00
2.289552688598632812e+00
2.297482490539550781e+00
2.305458068847656250e+00
2.313417673110961914e+00
2.321075916290283203e+00
2.328718423843383789e+00
2.336457967758178711e+00
2.343262195587158203e+00
2.350530624389648438e+00
2.357839345932006836e+00
2.365454435348510742e+00
2.373112440109252930e+00
2.380770683288574219e+00
2.388713359832763672e+00
2.396709203720092773e+00
2.404659748077392578e+00
2.412465810775756836e+00
2.420138120651245117e+00
2.427736520767211914e+00
2.434819936752319336e+00
2.441485404968261719e+00
2.448683261871337891e+00
2.455974340438842773e+00
2.463438987731933594e+00
2.469879865646362305e+00
2.476692199707031250e+00
2.483611583709716797e+00
2.489979028701782227e+00
2.496394872665405273e+00
2.502250909805297852e+00
2.507626533508300781e+00
2.513317346572875977e+00
2.519347190856933594e+00
2.525618553161621094e+00
2.531789064407348633e+00
2.537906646728515625e+00
2.544202327728271484e+00
2.550345897674560547e+00
2.556472539901733398e+00
2.563416481018066406e+00
2.569419145584106445e+00
2.575276374816894531e+00
2.581244468688964844e+00
2.587345123291015625e+00
2.593428373336791992e+00
2.599477767944335938e+00
2.606333732604980469e+00
2.612953424453735352e+00
2.621918201446533203e+00
2.629585742950439453e+00
2.637916564941406250e+00
2.643650531768798828e+00
2.649313211441040039e+00
2.653782367706298828e+00
2.658835887908935547e+00
2.663966894149780273e+00
2.668835878372192383e+00
2.674275875091552734e+00
2.679363489151000977e+00
2.684268951416015625e+00
2.688987970352172852e+00
2.694924354553222656e+00
2.699568271636962891e+00
2.703987598419189453e+00
2.708595037460327148e+00
2.713282823562622070e+00
2.717805624008178711e+00
2.723598480224609375e+00
2.727815151214599609e+00
2.733615398406982422e+00
2.739559412002563477e+00
2.744237422943115234e+00
2.748843193054199219e+00
2.754533290863037109e+00
2.759157180786132812e+00
2.764805078506469727e+00
2.769170522689819336e+00
2.773185014724731445e+00
2.777674913406372070e+00
2.785815715789794922e+00
2.792293787002563477e+00
2.800347566604614258e+00
2.808500528335571289e+00
2.816746950149536133e+00
2.824873447418212891e+00
2.833450078964233398e+00
2.841867923736572266e+00
2.850461006164550781e+00
2.859124660491943359e+00
2.867154598236083984e+00
2.875911474227905273e+00
2.884141683578491211e+00
2.892634153366088867e+00
2.900926589965820312e+00
2.909131765365600586e+00
2.917386293411254883e+00
2.925879478454589844e+00
2.934182643890380859e+00
2.942811489105224609e+00
2.951451539993286133e+00
2.959897041320800781e+00
2.968114376068115234e+00
2.975411176681518555e+00
2.983418941497802734e+00
2.991485357284545898e+00
2.999836444854736328e+00
3.007709503173828125e+00
3.015778541564941406e+00
3.024119853973388672e+00
3.032756328582763672e+00
3.040886878967285156e+00
3.049122095108032227e+00
3.057787895202636719e+00
3.066449403762817383e+00
3.074908256530761719e+00
3.083456516265869141e+00
3.091764211654663086e+00
3.099886894226074219e+00
3.108138799667358398e+00
3.116693496704101562e+00
3.124889135360717773e+00
3.133460044860839844e+00
3.141803503036499023e+00
3.149986505508422852e+00
3.158452987670898438e+00
3.166761636734008789e+00
3.175127744674682617e+00
3.183890104293823242e+00
3.192127227783203125e+00
3.200648307800292969e+00
3.208930730819702148e+00
3.217445850372314453e+00
3.225788354873657227e+00
3.233898401260375977e+00
3.242109537124633789e+00
3.250648736953735352e+00
3.258793592453002930e+00
3.267431974411010742e+00
3.275845766067504883e+00
3.284451723098754883e+00
3.292783260345458984e+00
3.301447153091430664e+00
3.309916973114013672e+00
3.318141222000122070e+00
3.326809883117675781e+00
3.335367202758789062e+00
3.343550443649291992e+00
3.351882696151733398e+00
3.359845638275146484e+00
3.368384599685668945e+00
3.376781463623046875e+00
3.385169267654418945e+00
3.393508195877075195e+00
3.401448488235473633e+00
3.409757852554321289e+00
3.418451070785522461e+00
3.426797151565551758e+00
3.434848308563232422e+00
3.442654848098754883e+00
3.450775623321533203e+00
3.458897113800048828e+00
3.467117309570312500e+00
3.474944591522216797e+00
3.483131647109985352e+00
3.491420507431030273e+00
3.499876737594604492e+00
3.508446216583251953e+00
3.516792058944702148e+00
3.525155067443847656e+00
3.533785343170166016e+00
3.541815280914306641e+00
3.549789905548095703e+00
3.557467222213745117e+00
3.565324068069458008e+00
3.572964668273925781e+00
3.580750942230224609e+00
3.588384389877319336e+00
3.596462726593017578e+00
3.604409694671630859e+00
3.612454891204833984e+00
3.620425224304199219e+00
3.628104448318481445e+00
3.635765314102172852e+00
3.643066883087158203e+00
3.650431156158447266e+00
3.658130645751953125e+00
3.666465997695922852e+00
3.674000024795532227e+00
3.681522369384765625e+00
3.689444303512573242e+00
3.696966886520385742e+00
3.704757452011108398e+00
3.712330102920532227e+00
3.720400094985961914e+00
3.728439807891845703e+00
3.736059427261352539e+00
3.743760108947753906e+00
3.751453161239624023e+00
3.759071826934814453e+00
3.766712903976440430e+00
3.775510072708129883e+00
3.783080101013183594e+00
3.790624856948852539e+00
3.798556327819824219e+00
3.806114912033081055e+00
3.813457727432250977e+00
3.820569992065429688e+00
3.827277660369873047e+00
3.834753513336181641e+00
3.842762231826782227e+00
3.850611686706542969e+00
3.858145236968994141e+00
3.865895509719848633e+00
3.873881816864013672e+00
3.881749153137207031e+00
3.889453411102294922e+00
3.897132873535156250e+00
3.904988050460815430e+00
3.912750959396362305e+00
3.920097351074218750e+00
3.927651405334472656e+00
3.935392618179321289e+00
3.942927837371826172e+00
3.950720071792602539e+00
3.958482503890991211e+00
3.965932130813598633e+00
3.973713397979736328e+00
3.981429815292358398e+00
3.989088296890258789e+00
3.996758460998535156e+00
4.004104852676391602e+00
4.011437177658081055e+00
4.019052743911743164e+00
4.026716470718383789e+00
4.034372329711914062e+00
4.041610956192016602e+00
4.048834562301635742e+00
4.055938243865966797e+00
4.062713384628295898e+00
4.069810390472412109e+00
4.076943159103393555e+00
4.084053993225097656e+00
4.091072559356689453e+00
4.098411321640014648e+00
4.105797767639160156e+00
4.112795591354370117e+00
4.119396686553955078e+00
4.125391006469726562e+00
4.132776021957397461e+00
4.139842271804809570e+00
4.146856069564819336e+00
4.153934955596923828e+00
4.161044597625732422e+00
4.168066740036010742e+00
4.174905538558959961e+00
4.181242227554321289e+00
4.187594652175903320e+00
4.195051670074462891e+00
4.201946020126342773e+00
4.208920240402221680e+00
4.215894460678100586e+00
4.222789049148559570e+00
4.229632377624511719e+00
4.236582994461059570e+00
4.243708372116088867e+00
4.250839710235595703e+00
4.258028984069824219e+00
4.265449047088623047e+00
4.272260665893554688e+00
4.279025077819824219e+00
4.286360025405883789e+00
4.293702602386474609e+00
4.300680875778198242e+00
4.307819604873657227e+00
4.314925432205200195e+00
4.321953535079956055e+00
4.329040288925170898e+00
4.336433410644531250e+00
4.343570470809936523e+00
4.350239515304565430e+00
4.357258796691894531e+00
4.364508628845214844e+00
4.371792793273925781e+00
4.378912687301635742e+00
4.385825157165527344e+00
4.391806364059448242e+00
4.397431850433349609e+00
4.403567075729370117e+00
4.409934520721435547e+00
4.415257692337036133e+00
4.419292926788330078e+00
4.422609329223632812e+00
4.426248311996459961e+00
4.430460214614868164e+00
4.434275150299072266e+00
4.437673568725585938e+00
4.440034151077270508e+00
4.442632675170898438e+00
4.445182561874389648e+00
4.447695255279541016e+00
4.449806213378906250e+00
4.452190399169921875e+00
4.454632043838500977e+00
4.457072019577026367e+00
4.459360837936401367e+00
4.461549758911132812e+00
4.464050531387329102e+00
4.466635465621948242e+00
4.469048023223876953e+00
4.471411705017089844e+00
4.473801851272583008e+00
4.476675033569335938e+00
4.479173183441162109e+00
4.481360197067260742e+00
4.483427524566650391e+00
4.485802888870239258e+00
4.488556146621704102e+00
4.491360902786254883e+00
4.493438720703125000e+00
4.495771169662475586e+00
4.498631000518798828e+00
4.501191616058349609e+00
4.503694295883178711e+00
4.506132841110229492e+00
4.508815526962280273e+00
4.511361360549926758e+00
4.513437271118164062e+00
4.515792608261108398e+00
4.518634319305419922e+00
4.521361589431762695e+00
4.523672103881835938e+00
4.526134252548217773e+00
4.528429985046386719e+00
4.531220197677612305e+00
4.534033060073852539e+00
4.536693811416625977e+00
4.539054393768310547e+00
4.541441679000854492e+00
4.544052839279174805e+00
4.546437025070190430e+00
4.549187660217285156e+00
4.551805019378662109e+00
4.554452657699584961e+00
4.557257175445556641e+00
4.560040712356567383e+00
4.562432765960693359e+00
4.565060853958129883e+00
4.567438840866088867e+00
4.569815635681152344e+00
4.573100805282592773e+00
4.576822280883789062e+00
4.580128669738769531e+00
4.583080291748046875e+00
4.586148262023925781e+00
4.589136838912963867e+00
4.592114210128784180e+00
4.595218658447265625e+00
4.598297595977783203e+00
4.601193904876708984e+00
4.604356527328491211e+00
4.607525348663330078e+00
4.610574722290039062e+00
4.613571166992187500e+00
4.616456031799316406e+00
4.619831800460815430e+00
4.622679948806762695e+00
4.626151084899902344e+00
4.629251241683959961e+00
4.632724285125732422e+00
4.636187076568603516e+00
4.639066219329833984e+00
4.641822338104248047e+00
4.644451618194580078e+00
4.647463321685791016e+00
4.650188207626342773e+00
4.652827024459838867e+00
4.656073331832885742e+00
4.659083366394042969e+00
4.662573575973510742e+00
4.665494918823242188e+00
4.668197870254516602e+00
4.670827150344848633e+00
4.673456668853759766e+00
4.676709413528442383e+00
4.679727554321289062e+00
4.683429479598999023e+00
4.686200618743896484e+00
4.688805818557739258e+00
4.691864490509033203e+00
4.695076227188110352e+00
4.697811365127563477e+00
4.700820207595825195e+00
4.704105615615844727e+00
4.707467555999755859e+00
4.710205316543579102e+00
4.712812185287475586e+00
4.715836286544799805e+00
4.719225645065307617e+00
4.722763299942016602e+00
4.725824832916259766e+00
4.728464603424072266e+00
4.731464385986328125e+00
4.734179258346557617e+00
4.736809015274047852e+00
4.739822149276733398e+00
4.743123769760131836e+00
4.746162414550781250e+00
4.749389648437500000e+00
4.752832412719726562e+00
4.756139516830444336e+00
4.759110689163208008e+00
4.761805534362792969e+00
4.764823198318481445e+00
4.768113136291503906e+00
4.771575212478637695e+00
4.775120496749877930e+00
4.778662443161010742e+00
4.782179832458496094e+00
4.785480260848999023e+00
4.788767337799072266e+00
4.792070150375366211e+00
4.795273303985595703e+00
4.799091815948486328e+00
4.802559137344360352e+00
4.805720806121826172e+00
4.809214353561401367e+00
4.812571287155151367e+00
4.815750360488891602e+00
4.818572759628295898e+00
4.821496725082397461e+00
4.824464559555053711e+00
4.827463865280151367e+00
4.830464839935302734e+00
4.833465814590454102e+00
4.836463928222656250e+00
4.839464664459228516e+00
4.842621088027954102e+00
4.846177339553833008e+00
4.849556446075439453e+00
4.852567672729492188e+00
4.856067180633544922e+00
4.859115839004516602e+00
4.862273931503295898e+00
4.865180015563964844e+00
4.867825508117675781e+00
4.870772361755371094e+00
4.874397993087768555e+00
4.878108263015747070e+00
4.881262779235839844e+00
4.884204149246215820e+00
4.887082338333129883e+00
4.890611410140991211e+00
4.893704652786254883e+00
4.897072553634643555e+00
4.900058746337890625e+00
4.903128147125244141e+00
4.906255006790161133e+00
4.909252166748046875e+00
4.912587881088256836e+00
4.915641784667968750e+00
4.918693065643310547e+00
4.921725511550903320e+00
4.925074815750122070e+00
4.928118228912353516e+00
4.931085824966430664e+00
4.934630632400512695e+00
4.937463998794555664e+00
4.940600395202636719e+00
4.943761587142944336e+00
4.946570873260498047e+00
4.949187994003295898e+00
4.952631711959838867e+00
4.956078767776489258e+00
4.959189891815185547e+00
4.962097406387329102e+00
4.964830160140991211e+00
4.967828989028930664e+00
4.971059322357177734e+00
4.973810911178588867e+00
4.976825475692749023e+00
4.979832887649536133e+00
4.982833385467529297e+00
4.985812902450561523e+00
4.988430976867675781e+00
4.991197586059570312e+00
4.994071722030639648e+00
4.996821403503417969e+00
4.999428510665893555e+00
5.002074241638183594e+00
5.004815816879272461e+00
5.007430076599121094e+00
5.010203599929809570e+00
5.012813568115234375e+00
5.015427112579345703e+00
5.018177986145019531e+00
5.020816326141357422e+00
5.023427248001098633e+00
5.026180982589721680e+00
5.028813362121582031e+00
5.031427383422851562e+00
5.034080505371093750e+00
5.036815166473388672e+00
5.039427995681762695e+00
5.042221546173095703e+00
5.045390844345092773e+00
5.048010587692260742e+00
5.050415754318237305e+00
5.053035497665405273e+00
5.055364847183227539e+00
5.057677984237670898e+00
5.060046195983886719e+00
5.062436819076538086e+00
5.064683198928833008e+00
5.067190170288085938e+00
5.069684267044067383e+00
5.072439908981323242e+00
5.075440645217895508e+00
5.078416347503662109e+00
5.080800056457519531e+00
5.083362817764282227e+00
5.085673332214355469e+00
5.088033437728881836e+00
5.090365171432495117e+00
5.092668056488037109e+00
5.095017194747924805e+00
5.097291946411132812e+00
5.099671125411987305e+00
5.102052688598632812e+00
5.104362487792968750e+00
5.106760740280151367e+00
5.109364271163940430e+00
5.111669540405273438e+00
5.114066123962402344e+00
5.116363763809204102e+00
5.118678092956542969e+00
5.120797395706176758e+00
5.123366117477416992e+00
5.125671625137329102e+00
5.129047870635986328e+00
5.131865024566650391e+00
5.134418249130249023e+00
5.137023687362670898e+00
5.139416217803955078e+00
5.141679286956787109e+00
5.144011735916137695e+00
5.146440505981445312e+00
5.149176359176635742e+00
5.152031421661376953e+00
5.154582262039184570e+00
5.157053470611572266e+00
5.159545183181762695e+00
5.161800622940063477e+00
5.164364337921142578e+00
5.167042493820190430e+00
5.169677257537841797e+00
5.172365903854370117e+00
5.174847126007080078e+00
5.177691936492919922e+00
5.180292844772338867e+00
5.183088779449462891e+00
5.185680389404296875e+00
5.188045263290405273e+00
5.190566301345825195e+00
5.193419456481933594e+00
5.196480035781860352e+00
5.199199914932250977e+00
5.202085256576538086e+00
5.205100536346435547e+00
5.207789182662963867e+00
5.210631608963012695e+00
5.213488340377807617e+00
5.216064691543579102e+00
5.219030618667602539e+00
5.221551656723022461e+00
5.224026203155517578e+00
5.227030754089355469e+00
5.230136394500732422e+00
5.233061552047729492e+00
5.235723257064819336e+00
5.238420963287353516e+00
5.241024732589721680e+00
5.243763446807861328e+00
5.246691942214965820e+00
5.249417543411254883e+00
5.252812385559082031e+00
5.255561113357543945e+00
5.258176565170288086e+00
5.260523557662963867e+00
5.263098955154418945e+00
5.265811204910278320e+00
5.268856763839721680e+00
5.271416187286376953e+00
5.274167299270629883e+00
5.276830434799194336e+00
5.280610561370849609e+00
5.283867359161376953e+00
5.286711215972900391e+00
5.289562463760375977e+00
5.292425870895385742e+00
5.296158552169799805e+00
5.299706697463989258e+00
5.303206443786621094e+00
5.306441068649291992e+00
5.309210538864135742e+00
5.312444210052490234e+00
5.315192937850952148e+00
5.317817926406860352e+00
5.320846080780029297e+00
5.323835134506225586e+00
5.327243328094482422e+00
5.330219507217407227e+00
5.333205461502075195e+00
5.336201190948486328e+00
5.339479684829711914e+00
5.342603683471679688e+00
5.346112251281738281e+00
5.349229812622070312e+00
5.352429628372192383e+00
5.355188846588134766e+00
5.358105897903442383e+00
5.360839605331420898e+00
5.363848447799682617e+00
5.366721153259277344e+00
5.369453668594360352e+00
5.372198343276977539e+00
5.375051975250244141e+00
5.378106832504272461e+00
5.380828380584716797e+00
5.383440017700195312e+00
5.386220455169677734e+00
5.389063119888305664e+00
5.391876697540283203e+00
5.395244836807250977e+00
5.398551464080810547e+00
5.401445150375366211e+00
5.404834270477294922e+00
5.408221483230590820e+00
5.411452531814575195e+00
5.414231538772583008e+00
5.417036771774291992e+00
5.420048713684082031e+00
5.423069238662719727e+00
5.426153659820556641e+00
5.428806781768798828e+00
5.431829452514648438e+00
5.434572219848632812e+00
5.437488317489624023e+00
5.440801382064819336e+00
5.444669008255004883e+00
5.448084354400634766e+00
5.451098442077636719e+00
5.454650163650512695e+00
5.457456111907958984e+00
5.460274696350097656e+00
5.463192939758300781e+00
5.466139554977416992e+00
5.469610929489135742e+00
5.472820520401000977e+00
5.475862979888916016e+00
5.479222059249877930e+00
5.482683897018432617e+00
5.485561847686767578e+00
5.488737106323242188e+00
5.492590427398681641e+00
5.496052265167236328e+00
5.499165296554565430e+00
5.502138853073120117e+00
5.504845619201660156e+00
5.508085250854492188e+00
5.510838270187377930e+00
5.513695955276489258e+00
5.516439676284790039e+00
5.519440889358520508e+00
5.522284030914306641e+00
5.525062561035156250e+00
5.527837038040161133e+00
5.530729293823242188e+00
5.533824682235717773e+00
5.536818027496337891e+00
5.539823532104492188e+00
5.543086767196655273e+00
5.546593666076660156e+00
5.549582719802856445e+00
5.552615880966186523e+00
5.555739641189575195e+00
5.558709859848022461e+00
5.561820030212402344e+00
5.564586877822875977e+00
5.567843914031982422e+00
5.570825576782226562e+00
5.573573589324951172e+00
5.576259136199951172e+00
5.579054832458496094e+00
5.582115411758422852e+00
5.584818840026855469e+00
5.587819337844848633e+00
5.591059207916259766e+00
5.593809366226196289e+00
5.596578121185302734e+00
5.599440336227416992e+00
5.602186918258666992e+00
5.604802370071411133e+00
5.607806682586669922e+00
5.610566139221191406e+00
5.613580942153930664e+00
5.616579055786132812e+00
5.619439840316772461e+00
5.622099399566650391e+00
5.625059366226196289e+00
5.627815246582031250e+00
5.630429744720458984e+00
5.633046388626098633e+00
5.635814428329467773e+00
5.638429403305053711e+00
5.641062736511230469e+00
5.643811464309692383e+00
5.646448373794555664e+00
5.649059772491455078e+00
5.651690244674682617e+00
5.654428720474243164e+00
5.657295227050781250e+00
5.660038709640502930e+00
5.662815332412719727e+00
5.665402173995971680e+00
5.668061494827270508e+00
5.670813083648681641e+00
5.673427820205688477e+00
5.676179885864257812e+00
5.678811073303222656e+00
5.681428670883178711e+00
5.684050798416137695e+00
5.686816692352294922e+00
5.689402341842651367e+00
5.692043066024780273e+00
5.694813728332519531e+00
5.697430133819580078e+00
5.700049638748168945e+00
5.702794551849365234e+00
5.705429553985595703e+00
5.708043813705444336e+00
5.710816860198974609e+00
5.713402748107910156e+00
5.716183185577392578e+00
5.718818664550781250e+00
5.721429824829101562e+00
5.724060535430908203e+00
5.726816892623901367e+00
5.729432821273803711e+00
5.732045888900756836e+00
5.734817266464233398e+00
5.737429857254028320e+00
5.740171670913696289e+00
5.742816448211669922e+00
5.745430469512939453e+00
5.748046636581420898e+00
5.750549077987670898e+00
5.753048181533813477e+00
5.755686044692993164e+00
5.758429527282714844e+00
5.761051654815673828e+00
5.763814210891723633e+00
5.766430854797363281e+00
5.769059896469116211e+00
5.771814823150634766e+00
5.774437427520751953e+00
5.777116060256958008e+00
5.780146121978759766e+00
5.782799482345581055e+00
5.785475254058837891e+00
5.788565397262573242e+00
5.791623830795288086e+00
5.794572114944458008e+00
5.797808647155761719e+00
5.800562143325805664e+00
5.803436517715454102e+00
5.806475877761840820e+00
5.809561014175415039e+00
5.812181472778320312e+00
5.815059661865234375e+00
5.818135499954223633e+00
5.820800304412841797e+00
5.823655366897583008e+00
5.826558351516723633e+00
5.829613924026489258e+00
5.832561492919921875e+00
5.835183143615722656e+00
5.837816476821899414e+00
5.840564012527465820e+00
5.843182325363159180e+00
5.845793485641479492e+00
5.848562240600585938e+00
5.851179361343383789e+00
5.853817462921142578e+00
5.857113599777221680e+00
5.860120773315429688e+00
5.863085031509399414e+00
5.866359472274780273e+00
5.869432687759399414e+00
5.872178077697753906e+00
5.875121355056762695e+00
5.878604650497436523e+00
5.881426095962524414e+00
5.883780479431152344e+00
5.886465787887573242e+00
5.889548063278198242e+00
5.892020463943481445e+00
5.894573450088500977e+00
5.897057056427001953e+00
5.900024175643920898e+00
5.903048992156982422e+00
5.906085014343261719e+00
5.909040451049804688e+00
5.911297321319580078e+00
5.914100885391235352e+00
5.917647838592529297e+00
5.921046495437622070e+00
5.924205303192138672e+00
5.927573919296264648e+00
5.930610656738281250e+00
5.933807849884033203e+00
5.936621904373168945e+00
5.940154552459716797e+00
5.943731069564819336e+00
5.947068929672241211e+00
5.950127363204956055e+00
5.953203201293945312e+00
5.956408739089965820e+00
5.959456205368041992e+00
5.962585687637329102e+00
5.965563774108886719e+00
5.968561410903930664e+00
5.971317052841186523e+00
5.974190235137939453e+00
5.977046728134155273e+00
5.979831218719482422e+00
5.982530117034912109e+00
5.985202550888061523e+00
5.988050222396850586e+00
5.990806341171264648e+00
5.993821859359741211e+00
5.997092962265014648e+00
6.000698328018188477e+00
6.003907680511474609e+00
6.007098197937011719e+00
6.010587453842163086e+00
6.014158248901367188e+00
6.016828060150146484e+00
6.019582033157348633e+00
6.023062467575073242e+00
6.026115894317626953e+00
6.028806209564208984e+00
6.032121419906616211e+00
6.035075187683105469e+00
6.038188695907592773e+00
6.040864229202270508e+00
6.044119596481323242e+00
6.047057390213012695e+00
6.050154447555541992e+00
6.053456783294677734e+00
6.056653499603271484e+00
6.060124158859252930e+00
6.063107252120971680e+00
6.066585779190063477e+00
6.069857597351074219e+00
6.073067426681518555e+00
6.075816392898559570e+00
6.078827381134033203e+00
6.081421136856079102e+00
6.083787441253662109e+00
6.086421966552734375e+00
6.088803052902221680e+00
6.091395378112792969e+00
6.094068527221679688e+00
6.096419334411621094e+00
6.099049568176269531e+00
6.101294279098510742e+00
6.103496551513671875e+00
6.106035232543945312e+00
6.108393430709838867e+00
6.111097335815429688e+00
6.114035844802856445e+00
6.116555690765380859e+00
6.119043111801147461e+00
6.121395826339721680e+00
6.124786615371704102e+00
6.127394914627075195e+00
6.129786729812622070e+00
6.132369518280029297e+00
6.134791851043701172e+00
6.137155532836914062e+00
6.139433860778808594e+00
6.141781806945800781e+00
6.144551515579223633e+00
6.147158145904541016e+00
6.149290323257446289e+00
6.152027130126953125e+00
6.155029058456420898e+00
6.158075571060180664e+00
6.160560131072998047e+00
6.163015604019165039e+00
6.165291070938110352e+00
6.168045997619628906e+00
6.171043395996093750e+00
6.173566818237304688e+00
6.176018238067626953e+00
6.178550004959106445e+00
6.181011915206909180e+00
6.183290004730224609e+00
6.185675144195556641e+00
6.188013315200805664e+00
6.190433740615844727e+00
6.193433284759521484e+00
6.196117639541625977e+00
6.198807001113891602e+00
6.201559066772460938e+00
6.204013824462890625e+00
6.206511259078979492e+00
6.209056138992309570e+00
6.211393833160400391e+00
6.213676214218139648e+00
6.216024398803710938e+00
6.218564748764038086e+00
6.221161127090454102e+00
6.223393917083740234e+00
6.225783109664916992e+00
6.228789091110229492e+00
6.231424331665039062e+00
6.233789920806884766e+00
6.236395120620727539e+00
6.239053487777709961e+00
6.241564512252807617e+00
6.244030237197875977e+00
6.246564149856567383e+00
6.249434947967529297e+00
6.252189874649047852e+00
6.255043983459472656e+00
6.258070945739746094e+00
6.260632991790771484e+00
6.263544797897338867e+00
6.266232967376708984e+00
6.268530845642089844e+00
6.271174430847167969e+00
6.273517608642578125e+00
6.276021957397460938e+00
6.278530120849609375e+00
6.281023025512695312e+00
6.283524751663208008e+00
6.286135673522949219e+00
6.288798570632934570e+00
6.291293144226074219e+00
6.293780565261840820e+00
6.296666860580444336e+00
6.299542903900146484e+00
6.302139043807983398e+00
6.304805517196655273e+00
6.307422161102294922e+00
6.309779882431030273e+00
6.312811136245727539e+00
6.315546274185180664e+00
6.318049669265747070e+00
6.321033477783203125e+00
6.324031591415405273e+00
6.327064037322998047e+00
6.329544305801391602e+00
6.332030057907104492e+00
6.334481239318847656e+00
6.337039470672607422e+00
6.339784860610961914e+00
6.342574119567871094e+00
6.345048189163208008e+00
6.347795248031616211e+00
6.350535392761230469e+00
6.353561162948608398e+00
6.356691598892211914e+00
6.359812736511230469e+00
6.363113403320312500e+00
6.366234064102172852e+00
6.369817495346069336e+00
6.372576236724853516e+00
6.375434875488281250e+00
6.378563404083251953e+00
6.383006095886230469e+00
6.387742280960083008e+00
6.392036676406860352e+00
6.395073890686035156e+00
6.398647069931030273e+00
6.401676893234252930e+00
6.404399871826171875e+00
6.407425403594970703e+00
6.410130500793457031e+00
6.413035631179809570e+00
6.416144847869873047e+00
6.419340133666992188e+00
6.424338817596435547e+00
6.429008007049560547e+00
6.432753562927246094e+00
6.437084913253784180e+00
6.440035104751586914e+00
6.443044185638427734e+00
6.445786714553833008e+00
6.448418378829956055e+00
6.451444864273071289e+00
6.454445600509643555e+00
6.457186460494995117e+00
6.460036993026733398e+00
6.463050365447998047e+00
6.466073751449584961e+00
6.469058036804199219e+00
6.472035884857177734e+00
6.475006818771362305e+00
6.477797508239746094e+00
6.481059074401855469e+00
6.484034538269042969e+00
6.487038850784301758e+00
6.490076065063476562e+00
6.493036985397338867e+00
6.496034622192382812e+00
6.499040365219116211e+00
6.502101659774780273e+00
6.505038022994995117e+00
6.508327245712280273e+00
6.511672735214233398e+00
6.514755725860595703e+00
6.518174171447753906e+00
6.520814180374145508e+00
6.523551702499389648e+00
6.526773214340209961e+00
6.530169486999511719e+00
6.533658981323242188e+00
6.537066936492919922e+00
6.540551662445068359e+00
6.543525218963623047e+00
6.546651363372802734e+00
6.550268650054931641e+00
6.553527116775512695e+00
6.556385755538940430e+00
6.559696197509765625e+00
6.562559366226196289e+00
6.565434932708740234e+00
6.568818569183349609e+00
6.572603464126586914e+00
6.575584888458251953e+00
6.578526258468627930e+00
6.582174777984619141e+00
6.585732936859130859e+00
6.589065790176391602e+00
6.592184066772460938e+00
6.595524549484252930e+00
6.598823308944702148e+00
6.602144241333007812e+00
6.605048894882202148e+00
6.608053445816040039e+00
6.611063957214355469e+00
6.613808155059814453e+00
6.616560220718383789e+00
6.619405746459960938e+00
6.622179269790649414e+00
6.625037670135498047e+00
6.628038883209228516e+00
6.631037950515747070e+00
6.633785963058471680e+00
6.636545896530151367e+00
6.639192581176757812e+00
6.642109155654907227e+00
6.646386384963989258e+00
6.650197029113769531e+00
6.653691291809082031e+00
6.656571626663208008e+00
6.659780502319335938e+00
6.662549972534179688e+00
6.664785146713256836e+00
6.667312860488891602e+00
6.670095682144165039e+00
6.673110246658325195e+00
6.675838947296142578e+00
6.678712129592895508e+00
6.682099580764770508e+00
6.684500694274902344e+00
6.687401533126831055e+00
6.690143108367919922e+00
6.693067073822021484e+00
6.696022748947143555e+00
6.699026107788085938e+00
6.702074766159057617e+00
6.705082654953002930e+00
6.707660675048828125e+00
6.710540533065795898e+00
6.713402748107910156e+00
6.716357469558715820e+00
6.719012260437011719e+00
6.721396923065185547e+00
6.723652839660644531e+00
6.726063251495361328e+00
6.729037284851074219e+00
6.731920957565307617e+00
6.734534025192260742e+00
6.736998558044433594e+00
6.739396810531616211e+00
6.741786241531372070e+00
6.744801282882690430e+00
6.748033523559570312e+00
6.751043319702148438e+00
6.754091978073120117e+00
6.757551908493041992e+00
6.760696172714233398e+00
6.764069795608520508e+00
6.767073154449462891e+00
6.769805669784545898e+00
6.773045301437377930e+00
6.776110887527465820e+00
6.779191970825195312e+00
6.782695055007934570e+00
6.786191225051879883e+00
6.789525985717773438e+00
6.793185710906982422e+00
6.796175003051757812e+00
6.799192905426025391e+00
6.802530765533447266e+00
6.805773258209228516e+00
6.809470415115356445e+00
6.812812805175781250e+00
6.816118478775024414e+00
6.819538831710815430e+00
6.822570085525512695e+00
6.825724124908447266e+00
6.829248189926147461e+00
6.832664966583251953e+00
6.835515975952148438e+00
6.838178634643554688e+00
6.840926170349121094e+00
6.844048261642456055e+00
6.847339868545532227e+00
6.851072072982788086e+00
6.854099035263061523e+00
6.857038021087646484e+00
6.860711574554443359e+00
6.864057779312133789e+00
6.867101669311523438e+00
6.870741605758666992e+00
6.874083518981933594e+00
6.877058982849121094e+00
6.880043983459472656e+00
6.883069276809692383e+00
6.886533260345458984e+00
6.889526605606079102e+00
6.892168045043945312e+00
6.895166873931884766e+00
6.898778915405273438e+00
6.902306079864501953e+00
6.905726671218872070e+00
6.909090995788574219e+00
6.912098407745361328e+00
6.915075778961181641e+00
6.918112993240356445e+00
6.921058416366577148e+00
6.924356222152709961e+00
6.927743434906005859e+00
6.931060791015625000e+00
6.934092521667480469e+00
6.937047958374023438e+00
6.940042972564697266e+00
6.943057298660278320e+00
6.946084737777709961e+00
6.949045658111572266e+00
6.951782226562500000e+00
6.954686164855957031e+00
6.957536697387695312e+00
6.960426568984985352e+00
6.963527917861938477e+00
6.966186523437500000e+00
6.969045400619506836e+00
6.972045421600341797e+00
6.975043058395385742e+00
6.978096961975097656e+00
6.981043338775634766e+00
6.984048366546630859e+00
6.987044334411621094e+00
6.990077495574951172e+00
6.993050336837768555e+00
6.996047258377075195e+00
6.999060153961181641e+00
7.002062320709228516e+00
7.005050659179687500e+00
7.008042335510253906e+00
7.011052131652832031e+00
7.014080762863159180e+00
7.017044067382812500e+00
7.020040750503540039e+00
7.023032188415527344e+00
7.025801658630371094e+00
7.028544187545776367e+00
7.031049966812133789e+00
7.033804178237915039e+00
7.036542654037475586e+00
7.039180517196655273e+00
7.041803121566772461e+00
7.044410705566406250e+00
7.047035932540893555e+00
7.049802780151367188e+00
7.052556514739990234e+00
7.055164098739624023e+00
7.057781696319580078e+00
7.060411453247070312e+00
7.063164234161376953e+00
7.065799236297607422e+00
7.068412780761718750e+00
7.071044445037841797e+00
7.073801279067993164e+00
7.076543807983398438e+00
7.079157829284667969e+00
7.081800699234008789e+00
7.084411382675170898e+00
7.087040901184082031e+00
7.089802503585815430e+00
7.092544555664062500e+00
7.095055580139160156e+00
7.097819089889526367e+00
7.100424051284790039e+00
7.103175163269042969e+00
7.105811357498168945e+00
7.108557939529418945e+00
7.111171245574951172e+00
7.113809347152709961e+00
7.116513013839721680e+00
7.119035959243774414e+00
7.122075796127319336e+00
7.124554157257080078e+00
7.128161668777465820e+00
7.131058216094970703e+00
7.134093523025512695e+00
7.137056589126586914e+00
7.139792203903198242e+00
7.142545700073242188e+00
7.145047903060913086e+00
7.148037672042846680e+00
7.151184797286987305e+00
7.154082298278808594e+00
7.156796455383300781e+00
7.160105705261230469e+00
7.163011074066162109e+00
7.165799617767333984e+00
7.168543815612792969e+00
7.171162605285644531e+00
7.173789024353027344e+00
7.176414012908935547e+00
7.179194211959838867e+00
7.182094335556030273e+00
7.185008525848388672e+00
7.187554359436035156e+00
7.190084695816040039e+00
7.192800760269165039e+00
7.195825099945068359e+00
7.199063301086425781e+00
7.201749086380004883e+00
7.204537391662597656e+00
7.207151651382446289e+00
7.209781646728515625e+00
7.212398767471313477e+00
7.215023517608642578e+00
7.217502832412719727e+00
7.219786882400512695e+00
7.222399234771728516e+00
7.224998950958251953e+00
7.227504491806030273e+00
7.230036258697509766e+00
7.232375144958496094e+00
7.235020399093627930e+00
7.237539768218994141e+00
7.240003585815429688e+00
7.242567539215087891e+00
7.245007276535034180e+00
7.247275590896606445e+00
7.249735832214355469e+00
7.252503633499145508e+00
7.255518674850463867e+00
7.258056402206420898e+00
7.260404586791992188e+00
7.263026952743530273e+00
7.265374660491943359e+00
7.268166303634643555e+00
7.271035194396972656e+00
7.274050951004028320e+00
7.276506662368774414e+00
7.279024600982666016e+00
7.282073736190795898e+00
7.285029411315917969e+00
7.288023233413696289e+00
7.291037797927856445e+00
7.293741703033447266e+00
7.296662569046020508e+00
7.299284219741821289e+00
7.301531791687011719e+00
7.303999662399291992e+00
7.306503057479858398e+00
7.308999061584472656e+00
7.311502933502197266e+00
7.313773393630981445e+00
7.316511392593383789e+00
7.319020986557006836e+00
7.321373224258422852e+00
7.325056314468383789e+00
7.328425884246826172e+00
7.331559419631958008e+00
7.334642887115478516e+00
7.338629007339477539e+00
7.342174768447875977e+00
7.345425605773925781e+00
7.348178863525390625e+00
7.351044416427612305e+00
7.354759454727172852e+00
7.358324050903320312e+00
7.361558914184570312e+00
7.364463090896606445e+00
7.367529869079589844e+00
7.370185136795043945e+00
7.373043775558471680e+00
7.376248836517333984e+00
7.379803419113159180e+00
7.382557153701782227e+00
7.385530233383178711e+00
7.388183355331420898e+00
7.391397476196289062e+00
7.394185781478881836e+00
7.397064447402954102e+00
7.399785518646240234e+00
7.402701377868652344e+00
7.405556201934814453e+00
7.408192396163940430e+00
7.411063671112060547e+00
7.414082527160644531e+00
7.417058944702148438e+00
7.420059442520141602e+00
7.423064470291137695e+00
7.426085948944091797e+00
7.429043054580688477e+00
7.432041883468627930e+00
7.435041666030883789e+00
7.438109874725341797e+00
7.441025018692016602e+00
7.443776369094848633e+00
7.446410179138183594e+00
7.449024677276611328e+00
7.452041625976562500e+00
7.455049276351928711e+00
7.458067178726196289e+00
7.461038827896118164e+00
7.464041948318481445e+00
7.467036962509155273e+00
7.470086812973022461e+00
7.473041772842407227e+00
7.476035356521606445e+00
7.479037046432495117e+00
7.482249736785888672e+00
7.485160350799560547e+00
7.488170862197875977e+00
7.491014957427978516e+00
7.494091510772705078e+00
7.496799230575561523e+00
7.499780893325805664e+00
7.502547025680541992e+00
7.505217075347900391e+00
7.508027076721191406e+00
7.511013269424438477e+00
7.514089584350585938e+00
7.516775369644165039e+00
7.520015239715576172e+00
7.523015260696411133e+00
7.526097774505615234e+00
7.529013872146606445e+00
7.532060146331787109e+00
7.535059690475463867e+00
7.537839651107788086e+00
7.540545225143432617e+00
7.543166875839233398e+00
7.545780181884765625e+00
7.548543930053710938e+00
7.551172971725463867e+00
7.553791284561157227e+00
7.556414365768432617e+00
7.559187889099121094e+00
7.562087535858154297e+00
7.565046310424804688e+00
7.568183422088623047e+00
7.571634054183959961e+00
7.575026988983154297e+00
7.578114509582519531e+00
7.581564188003540039e+00
7.584674119949340820e+00
7.587557792663574219e+00
7.590558290481567383e+00
7.593556404113769531e+00
7.596878051757812500e+00
7.600644350051879883e+00
7.604349613189697266e+00
7.607165098190307617e+00
7.610066175460815430e+00
7.613047599792480469e+00
7.615795373916625977e+00
7.618563652038574219e+00
7.621415376663208008e+00
7.624672412872314453e+00
7.627810239791870117e+00
7.630546331405639648e+00
7.633416414260864258e+00
7.636709451675415039e+00
7.640178680419921875e+00
7.643057107925415039e+00
7.645799636840820312e+00
7.648545980453491211e+00
7.651167154312133789e+00
7.653782367706298828e+00
7.657241821289062500e+00
7.660033702850341797e+00
7.663036823272705078e+00
7.665668249130249023e+00
7.668268680572509766e+00
7.671089887619018555e+00
7.673533439636230469e+00
7.676009178161621094e+00
7.679032564163208008e+00
7.682185173034667969e+00
7.685037612915039062e+00
7.688562631607055664e+00
7.691416978836059570e+00
7.694108724594116211e+00
7.697053909301757812e+00
7.700629472732543945e+00
7.704344511032104492e+00
7.707430601119995117e+00
7.710167884826660156e+00
7.713028669357299805e+00
7.716578722000122070e+00
7.720057487487792969e+00
7.723024845123291016e+00
7.726101636886596680e+00
7.729739427566528320e+00
7.733055353164672852e+00
7.735790491104125977e+00
7.738665342330932617e+00
7.741415023803710938e+00
7.744680404663085938e+00
7.748062610626220703e+00
7.751045703887939453e+00
7.754100084304809570e+00
7.757640361785888672e+00
7.761194229125976562e+00
7.764546155929565430e+00
7.767428636550903320e+00
7.770173788070678711e+00
7.773046255111694336e+00
7.776040792465209961e+00
7.779060602188110352e+00
7.781774282455444336e+00
7.785046815872192383e+00
7.788658618927001953e+00
7.792022943496704102e+00
7.795199632644653320e+00
7.798173427581787109e+00
7.801032066345214844e+00
7.804024696350097656e+00
7.807046890258789062e+00
7.810275554656982422e+00
7.813533782958984375e+00
7.816174030303955078e+00
7.819025754928588867e+00
7.822120189666748047e+00
7.825058937072753906e+00
7.828024387359619141e+00
7.831039428710937500e+00
7.834072828292846680e+00
7.837646961212158203e+00
7.841268539428710938e+00
7.844596862792968750e+00
7.847547769546508789e+00
7.850689888000488281e+00
7.854078292846679688e+00
7.856552362442016602e+00
7.859008550643920898e+00
7.861533880233764648e+00
7.863998174667358398e+00
7.866598367691040039e+00
7.869539022445678711e+00
7.872003793716430664e+00
7.874744176864624023e+00
7.878069639205932617e+00
7.881431102752685547e+00
7.885065317153930664e+00
7.888429641723632812e+00
7.891428232192993164e+00
7.894244432449340820e+00
7.897460222244262695e+00
7.901039838790893555e+00
7.904034137725830078e+00
7.907124996185302734e+00
7.910553455352783203e+00
7.913428544998168945e+00
7.916416645050048828e+00
7.919314384460449219e+00
7.922608852386474609e+00
7.925561904907226562e+00
7.928858041763305664e+00
7.931571245193481445e+00
7.935087203979492188e+00
7.938573598861694336e+00
7.942102193832397461e+00
7.945619344711303711e+00
7.949042797088623047e+00
7.952326297760009766e+00
7.955709695816040039e+00
7.959117889404296875e+00
7.962091445922851562e+00
7.965593814849853516e+00
7.968665599822998047e+00
7.971801280975341797e+00
7.974716424942016602e+00
7.978128671646118164e+00
7.981040477752685547e+00
7.984111547470092773e+00
7.987107038497924805e+00
7.990623474121093750e+00
7.993724584579467773e+00
7.997041463851928711e+00
8.000303030014038086e+00
8.003165245056152344e+00
8.006314277648925781e+00
8.009431838989257812e+00
8.012562751770019531e+00
8.016089677810668945e+00
8.019562482833862305e+00
8.022558689117431641e+00
8.025417089462280273e+00
8.028428316116333008e+00
8.031429767608642578e+00
8.034163236618041992e+00
8.037023544311523438e+00
8.040023088455200195e+00
8.043025970458984375e+00
8.045785427093505859e+00
8.048529863357543945e+00
8.051380157470703125e+00
8.053769111633300781e+00
8.056262731552124023e+00
8.058738470077514648e+00
8.061378955841064453e+00
8.063763380050659180e+00
8.066403388977050781e+00
8.068655967712402344e+00
8.070999622344970703e+00
8.073532819747924805e+00
8.075993776321411133e+00
8.078535556793212891e+00
8.080997467041015625e+00
8.083537101745605469e+00
8.086561679840087891e+00
8.089429140090942383e+00
8.092417716979980469e+00
8.095036745071411133e+00
8.098080396652221680e+00
8.101020097732543945e+00
8.103765964508056641e+00
8.106378793716430664e+00
8.109006643295288086e+00
8.111533403396606445e+00
8.113892078399658203e+00
8.116266012191772461e+00
8.118738174438476562e+00
8.121228694915771484e+00
8.123638391494750977e+00
8.126034021377563477e+00
8.128534078598022461e+00
8.130771160125732422e+00
8.133278846740722656e+00
8.135611534118652344e+00
8.138018846511840820e+00
8.140536308288574219e+00
8.142996072769165039e+00
8.145378351211547852e+00
8.147636175155639648e+00
8.150031805038452148e+00
8.152378320693969727e+00
8.154762983322143555e+00
8.157263040542602539e+00
8.159530401229858398e+00
8.162001848220825195e+00
8.164271831512451172e+00
8.167025566101074219e+00
8.169535636901855469e+00
8.172021627426147461e+00
8.174534320831298828e+00
8.177159547805786133e+00
8.179979324340820312e+00
8.182534217834472656e+00
8.185006856918334961e+00
8.187379837036132812e+00
8.189765214920043945e+00
8.192788362503051758e+00
8.195540904998779297e+00
8.198410987854003906e+00
8.201014757156372070e+00
8.203508615493774414e+00
8.205738544464111328e+00
8.209075450897216797e+00
8.211986780166625977e+00
8.215002298355102539e+00
8.217509508132934570e+00
8.219994544982910156e+00
8.222566604614257812e+00
8.225410699844360352e+00
8.228163957595825195e+00
8.231065034866333008e+00
8.233784437179565430e+00
8.236509084701538086e+00
8.238766193389892578e+00
8.241278409957885742e+00
8.243508100509643555e+00
8.245767593383789062e+00
8.248645782470703125e+00
8.251428604125976562e+00
8.254030227661132812e+00
8.257015943527221680e+00
8.260064840316772461e+00
8.262509822845458984e+00
8.264766931533813477e+00
8.267514467239379883e+00
8.270011186599731445e+00
8.272638082504272461e+00
8.274989604949951172e+00
8.277582168579101562e+00
8.280428647994995117e+00
8.283000230789184570e+00
8.286062002182006836e+00
8.289022922515869141e+00
8.292157888412475586e+00
8.295556306838989258e+00
8.299071073532104492e+00
8.302116870880126953e+00
8.305537223815917969e+00
8.308418035507202148e+00
8.311404705047607422e+00
8.314533948898315430e+00
8.317434072494506836e+00
8.320449829101562500e+00
8.323419570922851562e+00
8.326147317886352539e+00
8.329041481018066406e+00
8.332030296325683594e+00
8.335027933120727539e+00
8.338099241256713867e+00
8.341028928756713867e+00
8.344043970108032227e+00
8.347040653228759766e+00
8.350100040435791016e+00
8.353039026260375977e+00
8.356292247772216797e+00
8.360035657882690430e+00
8.363035440444946289e+00
8.365770101547241211e+00
8.368533849716186523e+00
8.371144533157348633e+00
8.373795032501220703e+00
8.376786470413208008e+00
8.380037307739257812e+00
8.383066654205322266e+00
8.386071443557739258e+00
8.389023065567016602e+00
8.392622470855712891e+00
8.396071195602416992e+00
8.399258375167846680e+00
8.402171611785888672e+00
8.405190467834472656e+00
8.408055067062377930e+00
8.411540985107421875e+00
8.414542436599731445e+00
8.417411327362060547e+00
8.420162677764892578e+00
8.423037290573120117e+00
8.425787448883056641e+00
8.428543806076049805e+00
8.431190729141235352e+00
8.434114217758178711e+00
8.436784267425537109e+00
8.439533710479736328e+00
8.442164421081542969e+00
8.445019721984863281e+00
8.448020219802856445e+00
8.451029539108276367e+00
8.454103469848632812e+00
8.457023620605468750e+00
8.460022211074829102e+00
8.463037729263305664e+00
8.466068744659423828e+00
8.469022512435913086e+00
8.472022533416748047e+00
8.475022554397583008e+00
8.478086233139038086e+00
8.481045722961425781e+00
8.484038591384887695e+00
8.487022399902343750e+00
8.490071535110473633e+00
8.493027925491333008e+00
8.496015548706054688e+00
8.499014377593994141e+00
8.502069234848022461e+00
8.504779815673828125e+00
8.507521390914916992e+00
8.510160923004150391e+00
8.512519359588623047e+00
8.515161991119384766e+00
8.517775058746337891e+00
8.520391464233398438e+00
8.523142337799072266e+00
8.525818824768066406e+00
8.528392076492309570e+00
8.531419515609741211e+00
8.534586668014526367e+00
8.538088321685791016e+00
8.541013956069946289e+00
8.544562339782714844e+00
8.548021793365478516e+00
8.551241397857666016e+00
8.554238080978393555e+00
8.557667732238769531e+00
8.561015367507934570e+00
8.564051866531372070e+00
8.566515207290649414e+00
8.569002151489257812e+00
8.571831464767456055e+00
8.574521780014038086e+00
8.576767921447753906e+00
8.579523324966430664e+00
8.582017898559570312e+00
8.585216760635375977e+00
8.588395833969116211e+00
8.591162919998168945e+00
8.594095945358276367e+00
8.597036361694335938e+00
8.600569963455200195e+00
8.603538751602172852e+00
8.606168270111083984e+00
8.609535932540893555e+00
8.612153530120849609e+00
8.614511013031005859e+00
8.616764068603515625e+00
8.619529962539672852e+00
8.622036457061767578e+00
8.624510288238525391e+00
8.626999378204345703e+00
8.630057334899902344e+00
8.632737636566162109e+00
8.635259389877319336e+00
8.637638807296752930e+00
8.640264034271240234e+00
8.642640113830566406e+00
8.644763231277465820e+00
8.647521495819091797e+00
8.650046110153198242e+00
8.652509212493896484e+00
8.655097246170043945e+00
8.658100128173828125e+00
8.660788059234619141e+00
8.663533926010131836e+00
8.666560411453247070e+00
8.669407367706298828e+00
8.672671079635620117e+00
8.676605224609375000e+00
8.680176973342895508e+00
8.683674573898315430e+00
8.687080621719360352e+00
8.690091371536254883e+00
8.693046092987060547e+00
8.696038961410522461e+00
8.699026107788085938e+00
8.702057123184204102e+00
8.705022573471069336e+00
8.708426713943481445e+00
8.712211370468139648e+00
8.715157032012939453e+00
8.718086957931518555e+00
8.721014022827148438e+00
8.724633932113647461e+00
8.728096961975097656e+00
8.731052160263061523e+00
8.734079360961914062e+00
8.737023830413818359e+00
8.740559101104736328e+00
8.744056463241577148e+00
8.747025251388549805e+00
8.750092506408691406e+00
8.753025054931640625e+00
8.756064176559448242e+00
8.759091138839721680e+00
8.762159824371337891e+00
8.765205383300781250e+00
8.768020153045654297e+00
8.771142482757568359e+00
8.774622201919555664e+00
8.778108596801757812e+00
8.781018972396850586e+00
8.784636259078979492e+00
8.788032770156860352e+00
8.791030645370483398e+00
8.794087648391723633e+00
8.797026157379150391e+00
8.800628423690795898e+00
8.804074525833129883e+00
8.807099103927612305e+00
8.810063362121582031e+00
8.813025236129760742e+00
8.816561698913574219e+00
8.820112705230712891e+00
8.823294878005981445e+00
8.826685905456542969e+00
8.830095291137695312e+00
8.833025932312011719e+00
8.836556911468505859e+00
8.840114355087280273e+00
8.843148469924926758e+00
8.846710920333862305e+00
8.850230455398559570e+00
8.853147029876708984e+00
8.855792760848999023e+00
8.858536005020141602e+00
8.861163377761840820e+00
8.864026784896850586e+00
8.867028951644897461e+00
8.870062589645385742e+00
8.872792243957519531e+00
8.876026153564453125e+00
8.879025459289550781e+00
8.882088184356689453e+00
8.885030746459960938e+00
8.887792348861694336e+00
8.891158342361450195e+00
8.894836664199829102e+00
8.897679567337036133e+00
8.900784730911254883e+00
8.903777599334716797e+00
8.907018899917602539e+00
8.910115003585815430e+00
8.912781476974487305e+00
8.916384458541870117e+00
8.919627189636230469e+00
8.922669172286987305e+00
8.925525665283203125e+00
8.928160905838012695e+00
8.930999994277954102e+00
8.934069156646728516e+00
8.936764478683471680e+00
8.939395904541015625e+00
8.942049264907836914e+00
8.944783449172973633e+00
8.947396755218505859e+00
8.950053215026855469e+00
8.952778577804565430e+00
8.955524206161499023e+00
8.958143234252929688e+00
8.960783481597900391e+00
8.963396072387695312e+00
8.966056585311889648e+00
8.968783617019653320e+00
8.971395492553710938e+00
8.974048137664794922e+00
8.976783752441406250e+00
8.979395151138305664e+00
8.982065916061401367e+00
8.984822511672973633e+00
8.988087415695190430e+00
8.991027116775512695e+00
8.994085788726806641e+00
8.997085809707641602e+00
9.000032186508178711e+00
9.003049850463867188e+00
9.006100177764892578e+00
9.009030103683471680e+00
9.012041807174682617e+00
9.015041112899780273e+00
9.017797470092773438e+00
9.020539522171020508e+00
9.023430109024047852e+00
9.026535511016845703e+00
9.029147624969482422e+00
9.032023191452026367e+00
9.035027027130126953e+00
9.038097381591796875e+00
9.040782928466796875e+00
9.043545484542846680e+00
9.046535730361938477e+00
9.049405574798583984e+00
9.052148342132568359e+00
9.055023670196533203e+00
9.058078050613403320e+00
9.061023473739624023e+00
9.063791275024414062e+00
9.066536426544189453e+00
9.069039821624755859e+00
9.071783304214477539e+00
9.074394464492797852e+00
9.077012777328491211e+00
9.079779148101806641e+00
9.082523584365844727e+00
9.085280418395996094e+00
9.088013172149658203e+00
9.090778589248657227e+00
9.093394041061401367e+00
9.096014499664306641e+00
9.099017858505249023e+00
9.101776361465454102e+00
9.104394912719726562e+00
9.107022285461425781e+00
9.109777450561523438e+00
9.112393856048583984e+00
9.115012645721435547e+00
9.117775678634643555e+00
9.120393514633178711e+00
9.123137712478637695e+00
9.125777482986450195e+00
9.128393650054931641e+00
9.131137609481811523e+00
9.133777856826782227e+00
9.136395215988159180e+00
9.139135122299194336e+00
9.142099142074584961e+00
9.144778728485107422e+00
9.147394418716430664e+00
9.150049924850463867e+00
9.152774572372436523e+00
9.155398368835449219e+00
9.158072948455810547e+00
9.160778999328613281e+00
9.163394689559936523e+00
9.166157722473144531e+00
9.168777465820312500e+00
9.171395063400268555e+00
9.174070119857788086e+00
9.176778316497802734e+00
9.179394721984863281e+00
9.182051658630371094e+00
9.184998750686645508e+00
9.187778472900390625e+00
9.190396308898925781e+00
9.193011522293090820e+00
9.195774793624877930e+00
9.198395013809204102e+00
9.201137781143188477e+00
9.203782796859741211e+00
9.206396341323852539e+00
9.209009647369384766e+00
9.211778402328491211e+00
9.214395523071289062e+00
9.217136383056640625e+00
9.219778537750244141e+00
9.222395420074462891e+00
9.225009441375732422e+00
9.227780818939208984e+00
9.230395793914794922e+00
9.233012676239013672e+00
9.235779285430908203e+00
9.238395214080810547e+00
9.241014242172241211e+00
9.243779420852661133e+00
9.246394872665405273e+00
9.249018192291259766e+00
9.251777410507202148e+00
9.254395484924316406e+00
9.257065773010253906e+00
9.259777069091796875e+00
9.262395143508911133e+00
9.265016317367553711e+00
9.267779827117919922e+00
9.270528316497802734e+00
9.273010730743408203e+00
9.275717735290527344e+00
9.278536796569824219e+00
9.281408071517944336e+00
9.284170389175415039e+00
9.287152051925659180e+00
9.289760351181030273e+00
9.292647838592529297e+00
9.295396566390991211e+00
9.298089027404785156e+00
9.301025152206420898e+00
9.304025650024414062e+00
9.307027578353881836e+00
9.310070753097534180e+00
9.312780857086181641e+00
9.315396547317504883e+00
9.318079471588134766e+00
9.320780754089355469e+00
9.323394775390625000e+00
9.326049327850341797e+00
9.328758001327514648e+00
9.331394672393798828e+00
9.334052801132202148e+00
9.336775541305541992e+00
9.339407205581665039e+00
9.342139720916748047e+00
9.344787120819091797e+00
9.347541570663452148e+00
9.350526094436645508e+00
9.353019714355468750e+00
9.356435537338256836e+00
9.359153509140014648e+00
9.362098693847656250e+00
9.364776611328125000e+00
9.367527484893798828e+00
9.370158672332763672e+00
9.373044967651367188e+00
9.375785112380981445e+00
9.378554821014404297e+00
9.381411075592041016e+00
9.384809017181396484e+00
9.388359785079956055e+00
9.392057657241821289e+00
9.395030975341796875e+00
9.398488283157348633e+00
9.402057409286499023e+00
9.405029296875000000e+00
9.408035755157470703e+00
9.411415815353393555e+00
9.414147138595581055e+00
9.416759014129638672e+00
9.419538021087646484e+00
9.423035383224487305e+00
9.426069736480712891e+00
9.429032087326049805e+00
9.432365894317626953e+00
9.435401439666748047e+00
9.438074588775634766e+00
9.440770387649536133e+00
9.443540096282958984e+00
9.446411132812500000e+00
9.449166297912597656e+00
9.452599287033081055e+00
9.455847501754760742e+00
9.458528995513916016e+00
9.461140155792236328e+00
9.464029550552368164e+00
9.466791152954101562e+00
9.469528675079345703e+00
9.472156286239624023e+00
9.474763154983520508e+00
9.477432489395141602e+00
9.480139255523681641e+00
9.482762575149536133e+00
9.485412359237670898e+00
9.488530874252319336e+00
9.491149425506591797e+00
9.493766784667968750e+00
9.496521949768066406e+00
9.499402046203613281e+00
9.502072811126708984e+00
9.504996061325073242e+00
9.507779836654663086e+00
9.510399818420410156e+00
9.513190507888793945e+00
9.515993118286132812e+00
9.518762111663818359e+00
9.521648883819580078e+00
9.524528264999389648e+00
9.527158975601196289e+00
9.529811143875122070e+00
9.532528162002563477e+00
9.535278320312500000e+00
9.538043975830078125e+00
9.540997266769409180e+00
9.544010639190673828e+00
9.546760082244873047e+00
9.549529552459716797e+00
9.552194356918334961e+00
9.555047750473022461e+00
9.557808160781860352e+00
9.560774564743041992e+00
9.563449144363403320e+00
9.566165924072265625e+00
9.568766355514526367e+00
9.571759700775146484e+00
9.574528455734252930e+00
9.577149629592895508e+00
9.579782485961914062e+00
9.582614421844482422e+00
9.585398435592651367e+00
9.588617324829101562e+00
9.591649532318115234e+00
9.594563007354736328e+00
9.597013235092163086e+00
9.599768161773681641e+00
9.602388620376586914e+00
9.604754209518432617e+00
9.607640504837036133e+00
9.610454082489013672e+00
9.613094091415405273e+00
9.615514993667602539e+00
9.618224620819091797e+00
9.620741844177246094e+00
9.623520135879516602e+00
9.626017332077026367e+00
9.628747701644897461e+00
9.631264686584472656e+00
9.633756160736083984e+00
9.636248111724853516e+00
9.638712644577026367e+00
9.641423463821411133e+00
9.643979549407958984e+00
9.646497488021850586e+00
9.648747444152832031e+00
9.651397705078125000e+00
9.654078245162963867e+00
9.656752824783325195e+00
9.659521579742431641e+00
9.662198781967163086e+00
9.664988517761230469e+00
9.667515993118286133e+00
9.670020341873168945e+00
9.672251939773559570e+00
9.674700498580932617e+00
9.677264213562011719e+00
9.679515123367309570e+00
9.682045698165893555e+00
9.684743881225585938e+00
9.687522888183593750e+00
9.690042018890380859e+00
9.692250013351440430e+00
9.694694280624389648e+00
9.697391748428344727e+00
9.700038909912109375e+00
9.702755212783813477e+00
9.705256700515747070e+00
9.707985877990722656e+00
9.710755586624145508e+00
9.713386535644531250e+00
9.715994834899902344e+00
9.718747854232788086e+00
9.721260547637939453e+00
9.723717927932739258e+00
9.726244926452636719e+00
9.728385686874389648e+00
9.730773925781250000e+00
9.733386754989624023e+00
9.736023187637329102e+00
9.738758802413940430e+00
9.741243362426757812e+00
9.743515253067016602e+00
9.746039628982543945e+00
9.748259782791137695e+00
9.750528573989868164e+00
9.753003358840942383e+00
9.755624532699584961e+00
9.758387804031372070e+00
9.760593891143798828e+00
9.762978792190551758e+00
9.765256404876708984e+00
9.767549276351928711e+00
9.770018815994262695e+00
9.772384643554687500e+00
9.774717569351196289e+00
9.777243137359619141e+00
9.779825925827026367e+00
9.782649040222167969e+00
9.785399675369262695e+00
9.788800954818725586e+00
9.792022705078125000e+00
9.795060873031616211e+00
9.798256635665893555e+00
9.801412343978881836e+00
9.804163694381713867e+00
9.807617187500000000e+00
9.811237573623657227e+00
9.814696550369262695e+00
9.818100452423095703e+00
9.821019172668457031e+00
9.823772192001342773e+00
9.826773166656494141e+00
9.829526662826538086e+00
9.832533597946166992e+00
9.835589170455932617e+00
9.839025497436523438e+00
9.842060089111328125e+00
9.844785213470458984e+00
9.847783565521240234e+00
9.851007223129272461e+00
9.853756904602050781e+00
9.857296943664550781e+00
9.860165119171142578e+00
9.863234758377075195e+00
9.866800069808959961e+00
9.869753837585449219e+00
9.873299121856689453e+00
9.876794815063476562e+00
9.879653215408325195e+00
9.882647514343261719e+00
9.885508060455322266e+00
9.888127803802490234e+00
9.890775442123413086e+00
9.893769264221191406e+00
9.896801948547363281e+00
9.899515867233276367e+00
9.902428388595581055e+00
9.905411481857299805e+00
9.908410787582397461e+00
9.911411046981811523e+00
9.914093732833862305e+00
9.916765689849853516e+00
9.919633388519287109e+00
9.922514438629150391e+00
9.925155162811279297e+00
9.927768945693969727e+00
9.930634498596191406e+00
9.933399438858032227e+00
9.935991525650024414e+00
9.938769340515136719e+00
9.941399812698364258e+00
9.944151878356933594e+00
9.947015762329101562e+00
9.950051784515380859e+00
9.952772140502929688e+00
9.955763339996337891e+00
9.958515644073486328e+00
9.961134195327758789e+00
9.963992834091186523e+00
9.967016220092773438e+00
9.970072746276855469e+00
9.972768068313598633e+00
9.975502729415893555e+00
9.978160858154296875e+00
9.981153726577758789e+00
9.983780860900878906e+00
9.986645936965942383e+00
9.989501476287841797e+00
9.992000102996826172e+00
9.994757413864135742e+00
9.997399330139160156e+00
1.000000309944152832e+01
1.000275874137878418e+01
1.000539946556091309e+01
1.000801992416381836e+01
1.001075935363769531e+01
1.001340150833129883e+01
1.001599097251892090e+01
1.001875710487365723e+01
1.002139878273010254e+01
1.002410054206848145e+01
1.002676415443420410e+01
1.002939939498901367e+01
1.003199052810668945e+01
1.003475856781005859e+01
1.003739881515502930e+01
1.004000020027160645e+01
1.004275798797607422e+01
1.004539990425109863e+01
1.004814052581787109e+01
1.005076313018798828e+01
1.005350184440612793e+01
1.005601668357849121e+01
1.005851197242736816e+01
1.006098866462707520e+01
1.006375789642333984e+01
1.006639957427978516e+01
1.006902170181274414e+01
1.007175946235656738e+01
1.007440018653869629e+01
1.007700943946838379e+01
1.007975769042968750e+01
1.008239936828613281e+01
1.008498978614807129e+01
1.008801174163818359e+01
1.009113645553588867e+01
1.009408044815063477e+01
1.009676218032836914e+01
1.009940075874328613e+01
1.010223126411437988e+01
1.010565066337585449e+01
1.010840034484863281e+01
1.011140465736389160e+01
1.011440324783325195e+01
1.011740326881408691e+01
1.012064695358276367e+01
1.012340116500854492e+01
1.012603068351745605e+01
1.012875294685363770e+01
1.013124370574951172e+01
1.013374686241149902e+01
1.013698148727416992e+01
1.013997459411621094e+01
1.014297604560852051e+01
1.014525651931762695e+01
1.014774394035339355e+01
1.015024518966674805e+01
1.015272140502929688e+01
1.015549683570861816e+01
1.015812945365905762e+01
1.016038751602172852e+01
1.016274881362915039e+01
1.016523551940917969e+01
1.016774439811706543e+01
1.017038774490356445e+01
1.017276144027709961e+01
1.017549681663513184e+01
1.017774963378906250e+01
1.018038845062255859e+01
1.018298602104187012e+01
1.018524074554443359e+01
1.018801450729370117e+01
1.019074344635009766e+01
1.019323921203613281e+01
1.019598817825317383e+01
1.019909143447875977e+01
1.020175457000732422e+01
1.020450568199157715e+01
1.020741605758666992e+01
1.021052002906799316e+01
1.021313071250915527e+01
1.021577811241149902e+01
1.021853184700012207e+01
1.022142958641052246e+01
1.022443389892578125e+01
1.022741270065307617e+01
1.023008918762207031e+01
1.023300671577453613e+01
1.023576927185058594e+01
1.023851633071899414e+01
1.024112677574157715e+01
1.024397945404052734e+01
1.024700236320495605e+01
1.024975895881652832e+01
1.025250577926635742e+01
1.025501179695129395e+01
1.025805282592773438e+01
1.026077127456665039e+01
1.026351785659790039e+01
1.026616001129150391e+01
1.026901102066040039e+01
1.027177023887634277e+01
1.027464151382446289e+01
1.027740216255187988e+01
1.027999639511108398e+01
1.028300595283508301e+01
1.028576827049255371e+01
1.028877115249633789e+01
1.029175209999084473e+01
1.029441404342651367e+01
1.029715418815612793e+01
1.029976415634155273e+01
1.030251717567443848e+01
1.030512881278991699e+01
1.030784535408020020e+01
1.031103587150573730e+01
1.031406497955322266e+01
1.031677651405334473e+01
1.032002425193786621e+01
1.032342147827148438e+01
1.032652139663696289e+01
1.032940292358398438e+01
1.033267307281494141e+01
1.033599805831909180e+01
1.033901166915893555e+01
1.034176063537597656e+01
1.034502434730529785e+01
1.034859561920166016e+01
1.035177326202392578e+01
1.035553288459777832e+01
1.035852813720703125e+01
1.036141610145568848e+01
1.036412620544433594e+01
1.036753034591674805e+01
1.037099480628967285e+01
1.037377142906188965e+01
1.037678170204162598e+01
1.038018012046813965e+01
1.038365650177001953e+01
1.038678336143493652e+01
1.038978791236877441e+01
1.039253497123718262e+01
1.039555501937866211e+01
1.039839363098144531e+01
1.040154981613159180e+01
1.040441226959228516e+01
1.040701341629028320e+01
1.040938949584960938e+01
1.041199040412902832e+01
1.041475987434387207e+01
1.041725158691406250e+01
1.041974949836730957e+01
1.042238974571228027e+01
1.042474770545959473e+01
1.042725372314453125e+01
1.043004989624023438e+01
1.043275022506713867e+01
1.043549871444702148e+01
1.043812298774719238e+01
1.044074678421020508e+01
1.044325590133666992e+01
1.044574809074401855e+01
1.044861769676208496e+01
1.045139455795288086e+01
1.045403456687927246e+01
1.045624899864196777e+01
1.045874547958374023e+01
1.046124243736267090e+01
1.046374559402465820e+01
1.046638989448547363e+01
1.046874547004699707e+01
1.047149872779846191e+01
1.047398161888122559e+01
1.047662401199340820e+01
1.047939538955688477e+01
1.048202776908874512e+01
1.048499870300292969e+01
1.048797631263732910e+01
1.049062871932983398e+01
1.049349951744079590e+01
1.049614071846008301e+01
1.049902033805847168e+01
1.050204539299011230e+01
1.050473475456237793e+01
1.050740337371826172e+01
1.050998377799987793e+01
1.051275968551635742e+01
1.051580500602722168e+01
1.051851749420166016e+01
1.052100777626037598e+01
1.052397608757019043e+01
1.052698230743408203e+01
1.052973675727844238e+01
1.053300762176513672e+01
1.053597164154052734e+01
1.053899836540222168e+01
1.054173874855041504e+01
1.054476737976074219e+01
1.054749870300292969e+01
1.055003881454467773e+01
1.055304670333862305e+01
1.055599546432495117e+01
1.055898737907409668e+01
1.056177759170532227e+01
1.056441497802734375e+01
1.056713199615478516e+01
1.056976628303527832e+01
1.057276678085327148e+01
1.057541418075561523e+01
1.057814931869506836e+01
1.058075499534606934e+01
1.058351778984069824e+01
1.058614277839660645e+01
1.058959698677062988e+01
1.059316754341125488e+01
1.059667444229125977e+01
1.060003614425659180e+01
1.060300612449645996e+01
1.060601019859313965e+01
1.060876274108886719e+01
1.061151933670043945e+01
1.061422228813171387e+01
1.061806893348693848e+01
1.062101054191589355e+01
1.062377786636352539e+01
1.062667441368103027e+01
1.062963986396789551e+01
1.063267087936401367e+01
1.063635206222534180e+01
1.063952136039733887e+01
1.064252758026123047e+01
1.064552164077758789e+01
1.064815616607666016e+01
1.065132522583007812e+01
1.065475606918334961e+01
1.065973567962646484e+01
1.066265463829040527e+01
1.066575169563293457e+01
1.066863226890563965e+01
1.067185497283935547e+01
1.067519307136535645e+01
1.067883729934692383e+01
1.068204879760742188e+01
1.068500709533691406e+01
1.068842363357543945e+01
1.069208502769470215e+01
1.069541764259338379e+01
1.069851684570312500e+01
1.070152282714843750e+01
1.070502996444702148e+01
1.070807266235351562e+01
1.071122860908508301e+01
1.071461462974548340e+01
1.071805548667907715e+01
1.072078204154968262e+01
1.072350668907165527e+01
1.072623562812805176e+01
1.073008418083190918e+01
1.073342299461364746e+01
1.073628115653991699e+01
1.073941850662231445e+01
1.074223875999450684e+01
1.074583721160888672e+01
1.074865627288818359e+01
1.075215363502502441e+01
1.075564694404602051e+01
1.075901675224304199e+01
1.076175594329833984e+01
1.076519274711608887e+01
1.076886820793151855e+01
1.077202129364013672e+01
1.077475857734680176e+01
1.077741861343383789e+01
1.078107571601867676e+01
1.078401613235473633e+01
1.078681635856628418e+01
1.078999900817871094e+01
1.079276299476623535e+01
1.079605793952941895e+01
1.079905295372009277e+01
1.080252408981323242e+01
1.080542016029357910e+01
1.080880784988403320e+01
1.081201744079589844e+01
1.081501793861389160e+01
1.081777334213256836e+01
1.082077598571777344e+01
1.082401514053344727e+01
1.082780337333679199e+01
1.083116507530212402e+01
1.083404541015625000e+01
1.083676385879516602e+01
1.084002804756164551e+01
1.084320664405822754e+01
1.084604454040527344e+01
1.084875869750976562e+01
1.085203218460083008e+01
1.085568070411682129e+01
1.085902023315429688e+01
1.086205887794494629e+01
1.086477303504943848e+01
1.086752414703369141e+01
1.087041902542114258e+01
1.087327432632446289e+01
1.087661170959472656e+01
1.087999534606933594e+01
1.088301181793212891e+01
1.088576364517211914e+01
1.088901472091674805e+01
1.089176487922668457e+01
1.089475727081298828e+01
1.089778041839599609e+01
1.090134024620056152e+01
1.090445470809936523e+01
1.090752315521240234e+01
1.091064023971557617e+01
1.091405606269836426e+01
1.091752195358276367e+01
1.092070937156677246e+01
1.092418241500854492e+01
1.092752408981323242e+01
1.093058514595031738e+01
1.093348026275634766e+01
1.093645381927490234e+01
1.093946862220764160e+01
1.094220685958862305e+01
1.094547748565673828e+01
1.094841837882995605e+01
1.095148086547851562e+01
1.095471811294555664e+01
1.095813941955566406e+01
1.096076488494873047e+01
1.096341848373413086e+01
1.096614861488342285e+01
1.096898150444030762e+01
1.097177839279174805e+01
1.097451019287109375e+01
1.097740554809570312e+01
1.098016858100891113e+01
1.098301124572753906e+01
1.098577165603637695e+01
1.098850965499877930e+01
1.099113535881042480e+01
1.099374294281005859e+01
1.099640727043151855e+01
1.099900054931640625e+01
1.100176548957824707e+01
1.100451040267944336e+01
1.100712585449218750e+01
1.100976467132568359e+01
1.101250767707824707e+01
1.101512956619262695e+01
1.101774001121520996e+01
1.102050876617431641e+01
1.102313160896301270e+01
1.102576494216918945e+01
1.102840447425842285e+01
1.103101515769958496e+01
1.103374505043029785e+01
1.103640556335449219e+01
1.103900861740112305e+01
1.104174327850341797e+01
1.104442572593688965e+01
1.104713273048400879e+01
1.104976511001586914e+01
1.105250787734985352e+01
1.105512571334838867e+01
1.105773949623107910e+01
1.106040644645690918e+01
1.106312441825866699e+01
1.106573963165283203e+01
1.106840586662292480e+01
1.107112717628479004e+01
1.107374095916748047e+01
1.107640600204467773e+01
1.107900381088256836e+01
1.108174610137939453e+01
1.108450865745544434e+01
1.108700060844421387e+01
1.108973813056945801e+01
1.109239363670349121e+01
1.109472799301147461e+01
1.109722971916198730e+01
1.109975004196166992e+01
1.110239410400390625e+01
1.110495996475219727e+01
1.110723257064819336e+01
1.110939192771911621e+01
1.111195230484008789e+01
1.111443257331848145e+01
1.111710953712463379e+01
1.111997795104980469e+01
1.112262058258056641e+01
1.112511229515075684e+01
1.112752151489257812e+01
1.113005661964416504e+01
1.113223719596862793e+01
1.113475131988525391e+01
1.113741254806518555e+01
1.114012217521667480e+01
1.114273095130920410e+01
1.114540982246398926e+01
1.114798736572265625e+01
1.115039420127868652e+01
1.115295958518981934e+01
1.115539360046386719e+01
1.115798473358154297e+01
1.116039633750915527e+01
1.116295933723449707e+01
1.116539311408996582e+01
1.116849613189697266e+01
1.117098331451416016e+01
1.117339396476745605e+01
1.117641782760620117e+01
1.117898035049438477e+01
1.118119645118713379e+01
1.118374466896057129e+01
1.118660688400268555e+01
1.118913698196411133e+01
1.119174265861511230e+01
1.119451022148132324e+01
1.119696617126464844e+01
1.119999122619628906e+01
1.120296502113342285e+01
1.120539546012878418e+01
1.120853114128112793e+01
1.121150565147399902e+01
1.121439981460571289e+01
1.121696734428405762e+01
1.121997857093811035e+01
1.122274374961853027e+01
1.122521066665649414e+01
1.122773551940917969e+01
1.123039293289184570e+01
1.123298883438110352e+01
1.123560690879821777e+01
1.123850226402282715e+01
1.124098730087280273e+01
1.124398136138916016e+01
1.124668288230895996e+01
1.124940061569213867e+01
1.125213956832885742e+01
1.125473594665527344e+01
1.125723147392272949e+01
1.126016306877136230e+01
1.126273632049560547e+01
1.126524353027343750e+01
1.126798677444458008e+01
1.127097010612487793e+01
1.127324390411376953e+01
1.127600836753845215e+01
1.127942585945129395e+01
1.128220796585083008e+01
1.128550553321838379e+01
1.128813695907592773e+01
1.129175829887390137e+01
1.129654955863952637e+01
1.130265688896179199e+01
1.130603146553039551e+01
1.130913448333740234e+01
1.131208467483520508e+01
1.131522202491760254e+01
1.131848359107971191e+01
1.132199048995971680e+01
1.132504701614379883e+01
1.132800793647766113e+01
1.133097481727600098e+01
1.133399486541748047e+01
1.133765435218811035e+01
1.134171152114868164e+01
1.134473538398742676e+01
1.134751319885253906e+01
1.135024452209472656e+01
1.135298633575439453e+01
1.135602712631225586e+01
1.135903501510620117e+01
1.136178827285766602e+01
1.136508560180664062e+01
1.136773967742919922e+01
1.137076449394226074e+01
1.137396168708801270e+01
1.137677192687988281e+01
1.137943434715270996e+01
1.138200020790100098e+01
1.138575458526611328e+01
1.138903903961181641e+01
1.139252853393554688e+01
1.139542484283447266e+01
1.139805507659912109e+01
1.140185880661010742e+01
1.140504264831542969e+01
1.140870547294616699e+01
1.141290688514709473e+01
1.141663932800292969e+01
1.142028117179870605e+01
1.142296195030212402e+01
1.142521977424621582e+01
1.142747330665588379e+01
1.142999434471130371e+01
1.143247461318969727e+01
1.143496227264404297e+01
1.143724250793457031e+01
1.143946313858032227e+01
1.144198155403137207e+01
1.144475531578063965e+01
1.144750428199768066e+01
1.145040941238403320e+01
1.145297050476074219e+01
1.145531797409057617e+01
1.145772862434387207e+01
1.146050477027893066e+01
1.146297693252563477e+01
1.146524190902709961e+01
1.146747231483459473e+01
1.146985888481140137e+01
1.147224164009094238e+01
1.147474193572998047e+01
1.147723221778869629e+01
1.147972559928894043e+01
1.148239612579345703e+01
1.148472952842712402e+01
1.148762607574462891e+01
1.149040102958679199e+01
1.149273610115051270e+01
1.149550533294677734e+01
1.149798297882080078e+01
1.150022935867309570e+01
1.150272917747497559e+01
1.150543260574340820e+01
1.150814580917358398e+01
1.151073336601257324e+01
1.151324701309204102e+01
1.151573276519775391e+01
1.151839542388916016e+01
1.152074694633483887e+01
1.152324175834655762e+01
1.152572774887084961e+01
1.152863740921020508e+01
1.153140187263488770e+01
1.153463625907897949e+01
1.153750681877136230e+01
1.153997755050659180e+01
1.154300856590270996e+01
1.154550313949584961e+01
1.154797959327697754e+01
1.155062031745910645e+01
1.155348443984985352e+01
1.155598974227905273e+01
1.155839729309082031e+01
1.156096339225769043e+01
1.156324529647827148e+01
1.156547331809997559e+01
1.156863141059875488e+01
1.157096457481384277e+01
1.157339644432067871e+01
1.157598733901977539e+01
1.157852506637573242e+01
1.158143281936645508e+01
1.158441233634948730e+01
1.158771085739135742e+01
1.159153914451599121e+01
1.159442162513732910e+01
1.159742259979248047e+01
1.160040855407714844e+01
1.160355758666992188e+01
1.160662031173706055e+01
1.160942125320434570e+01
1.161242246627807617e+01
1.161552286148071289e+01
1.161822843551635742e+01
1.162142205238342285e+01
1.162413334846496582e+01
1.162700343132019043e+01
1.162973713874816895e+01
1.163299679756164551e+01
1.163596796989440918e+01
1.163873529434204102e+01
1.164142203330993652e+01
1.164441037178039551e+01
1.164765524864196777e+01
1.165098690986633301e+01
1.165400695800781250e+01
1.165701723098754883e+01
1.165974640846252441e+01
1.166264367103576660e+01
1.166543340682983398e+01
1.166843652725219727e+01
1.167112946510314941e+01
1.167402791976928711e+01
1.167675995826721191e+01
1.167973637580871582e+01
1.168240666389465332e+01
1.168542146682739258e+01
1.168842029571533203e+01
1.169141936302185059e+01
1.169414210319519043e+01
1.169673800468444824e+01
1.169941949844360352e+01
1.170214104652404785e+01
1.170474410057067871e+01
1.170740699768066406e+01
1.171004295349121094e+01
1.171273517608642578e+01
1.171540689468383789e+01
1.171800994873046875e+01
1.172048449516296387e+01
1.172312664985656738e+01
1.172574067115783691e+01
1.172840809822082520e+01
1.173099946975708008e+01
1.173374104499816895e+01
1.173640704154968262e+01
1.173900175094604492e+01
1.174142861366271973e+01
1.174398493766784668e+01
1.174674105644226074e+01
1.174940657615661621e+01
1.175200080871582031e+01
1.175474143028259277e+01
1.175740742683410645e+01
1.175997233390808105e+01
1.176274371147155762e+01
1.176540780067443848e+01
1.176797199249267578e+01
1.177074337005615234e+01
1.177340793609619141e+01
1.177603507041931152e+01
1.177874040603637695e+01
1.178140783309936523e+01
1.178396844863891602e+01
1.178674197196960449e+01
1.178950190544128418e+01
1.179199981689453125e+01
1.179473900794982910e+01
1.179740786552429199e+01
1.180041050910949707e+01
1.180312585830688477e+01
1.180573964118957520e+01
1.180848670005798340e+01
1.181112670898437500e+01
1.181400060653686523e+01
1.181674337387084961e+01
1.181948995590209961e+01
1.182205224037170410e+01
1.182473778724670410e+01
1.182740879058837891e+01
1.182999753952026367e+01
1.183248543739318848e+01
1.183511638641357422e+01
1.183774113655090332e+01
1.184040832519531250e+01
1.184300518035888672e+01
1.184548497200012207e+01
1.184812045097351074e+01
1.185074114799499512e+01
1.185340762138366699e+01
1.185597014427185059e+01
1.185897564888000488e+01
1.186148476600646973e+01
1.186400198936462402e+01
1.186640858650207520e+01
1.186897945404052734e+01
1.187173891067504883e+01
1.187440896034240723e+01
1.187697172164916992e+01
1.187974023818969727e+01
1.188240766525268555e+01
1.188498163223266602e+01
1.188748431205749512e+01
1.189007520675659180e+01
1.189296960830688477e+01
1.189574003219604492e+01
1.189840865135192871e+01
1.190097260475158691e+01
1.190374398231506348e+01
1.190640711784362793e+01
1.190897130966186523e+01
1.191148686408996582e+01
1.191399788856506348e+01
1.191673731803894043e+01
1.191940760612487793e+01
1.192203927040100098e+01
1.192473983764648438e+01
1.192740797996520996e+01
1.193000626564025879e+01
1.193248534202575684e+01
1.193512487411499023e+01
1.193774032592773438e+01
1.194040942192077637e+01
1.194297480583190918e+01
1.194574308395385742e+01
1.194840860366821289e+01
1.195099949836730957e+01
1.195346212387084961e+01
1.195599937438964844e+01
